  1 1897       0.00000000       0.00000000  luse1_1
  1 1481       0.00000000       0.00000000  luse1_1
  1 1757       0.00000000       0.00000000  luse1_1
  1 1760       0.00000000       0.00000000  luse1_1
  1 1488       0.00000000       0.00000000  luse1_1
  1 3112    -495.01061640       0.00000000  luse2_1
  1 3223    -495.01061640       0.00000000  luse2_1
  1 3460    -990.02123893       0.00000000  luse3_1
  1 3769    -990.02123893       0.00000000  luse3_1
  1 3453    -990.02123893       0.00000000  luse3_1
  1 3217    -495.01061640       0.00000000  luse2_1
  1 3310    -495.01061640       0.00000000  luse2_1
  1 2837    -495.01061640       0.00000000  luse2_1
  1 3147    -495.01061640       0.00000000  luse2_1
  1 3871    -990.02123893       0.00000000  luse3_1
  1 1010    -990.02123893       0.00000000  luse3_1
  1 1014       0.00000000       0.00000000  luse1_1
  1 1469       0.00000000       0.00000000  luse1_1
  1 570       0.00000000       0.00000000  luse1_1
  1 431    -990.02123893       0.00000000  luse3_1
  1 4454    -990.02123893       0.00000000  luse3_1
  1 4226    -990.02123893       0.00000000  luse3_1
  1 584       0.00000000       0.00000000  luse1_1
  1 148    -990.02123893       0.00000000  luse3_1
  1 4117    -990.02123893       0.00000000  luse3_1
  1 4240    -990.02123893       0.00000000  luse3_1
  3 1897       0.00000000       0.00000000  luse1_3
  3 1481       0.00000000       0.00000000  luse1_3
  3 1757       0.00000000       0.00000000  luse1_3
  3 1760       0.00000000       0.00000000  luse1_3
  3 1488       0.00000000       0.00000000  luse1_3
  3 3112    -495.01061640       0.00000000  luse2_3
  3 3223    -495.01061640       0.00000000  luse2_3
  3 3460    -990.02123893       0.00000000  luse3_3
  3 3769    -990.02123893       0.00000000  luse3_3
  3 3453    -990.02123893       0.00000000  luse3_3
  3 3217    -495.01061640       0.00000000  luse2_3
  3 3310    -495.01061640       0.00000000  luse2_3
  3 2837    -495.01061640       0.00000000  luse2_3
  3 3147    -495.01061640       0.00000000  luse2_3
  3 3871    -990.02123893       0.00000000  luse3_3
  3 1010    -990.02123893       0.00000000  luse3_3
  3 1014       0.00000000       0.00000000  luse1_3
  3 1469       0.00000000       0.00000000  luse1_3
  3 570       0.00000000       0.00000000  luse1_3
  3 431    -990.02123893       0.00000000  luse3_3
  3 4454    -990.02123893       0.00000000  luse3_3
  3 4226    -990.02123893       0.00000000  luse3_3
  3 584       0.00000000       0.00000000  luse1_3
  3 148    -990.02123893       0.00000000  luse3_3
  3 4117    -990.02123893       0.00000000  luse3_3
  3 4240    -990.02123893       0.00000000  luse3_3
