milford1.cbb
1
DRAIN
10/1/1988
12:00:00
d
190080
.\observ_files\drn_obs_reaches.dat
L
1
5
6
14
15
7
13
3
4
21
22
23
24
25
31
32
33
20
30
38
39
40
41
42
43
48
49
50
47
46
56
57
58
59
60
61
64
65
66
67
68
63
74
75
76
77
78
79
81
82
83
84
85
86
93
94
95
96
97
99
100
101
102
103
104
98
92
105
111
112
113
114
115
116
117
118
119
120
121
122
123
110
128
129
130
131
132
133
134
135
136
137
138
139
140
141
145
146
147
148
149
150
151
152
153
154
155
156
157
158
159
163
164
165
166
167
168
169
170
171
172
173
174
175
176
177
182
183
184
185
186
187
188
189
190
191
192
193
194
195
196
197
200
201
202
203
204
205
206
207
211
212
213
214
215
216
218
219
220
221
222
230
231
232
233
234
239
240
249
250
251
252
267
268
269
270
286
287
288
304
305
306
moddrn.ssf
1
f
nul