  single point
       pp1_kx1     51.70801000000000         1.000000         0.000000    
       pp1_kx2     60.40164000000000         1.000000         0.000000    
       pp1_kx3     96.23994000000000         1.000000         0.000000    
       pp1_kx4     56.23839000000000         1.000000         0.000000    
       pp1_kx5     75.43776000000000         1.000000         0.000000    
       pp1_kx6     90.07544000000000         1.000000         0.000000    
       pp1_kx7     103.6592000000000         1.000000         0.000000    
       pp1_kx8     96.72291000000000         1.000000         0.000000    
       pp1_kx9     74.96630000000000         1.000000         0.000000    
      pp1_kx10     98.90343000000000         1.000000         0.000000    
      pp1_kx11     67.46192000000001         1.000000         0.000000    
      pp1_kx12     60.65509000000000         1.000000         0.000000    
      pp1_kx13     74.26172000000000         1.000000         0.000000    
      pp1_kx14     102.8726000000000         1.000000         0.000000    
      pp1_kx15     31.61470000000000         1.000000         0.000000    
      pp1_kx16     20.08251000000000         1.000000         0.000000    
      pp1_kx17     56.51874000000000         1.000000         0.000000    
      pp1_kx18     17.18644000000000         1.000000         0.000000    
      pp1_kx19     15.14394000000000         1.000000         0.000000    
      pp1_kx20     21.03898000000000         1.000000         0.000000    
      pp1_kx21     24.08707000000000         1.000000         0.000000    
      pp1_kx22     87.00081000000000         1.000000         0.000000    
      pp1_kx23     52.86904000000000         1.000000         0.000000    
      pp1_kx24     59.14324000000000         1.000000         0.000000    
      pp1_kx25     54.97516000000000         1.000000         0.000000    
      pp1_kx26     37.00686000000000         1.000000         0.000000    
      pp1_kx27     27.46692000000000         1.000000         0.000000    
      pp1_kx28     54.40977000000000         1.000000         0.000000    
      pp1_kx29     19.38629000000000         1.000000         0.000000    
      pp1_kx30     46.02134000000000         1.000000         0.000000    
      pp1_kx31     19.42290000000000         1.000000         0.000000    
      pp1_kx32     51.05685000000000         1.000000         0.000000    
      pp2_mul1     1.147107000000000         1.000000         0.000000    
      pp2_mul2     2.007356000000000         1.000000         0.000000    
      pp2_mul3     1.217843000000000         1.000000         0.000000    
      pp2_mul4     1.058336000000000         1.000000         0.000000    
      pp2_mul5    0.9889416000000000         1.000000         0.000000    
      pp2_mul6    0.8157116000000000         1.000000         0.000000    
      pp2_mul7    0.5684085000000000         1.000000         0.000000    
      pp2_mul8    0.5701950000000000         1.000000         0.000000    
      pp2_mul9    0.6981449000000000         1.000000         0.000000    
     pp2_mul10    0.7482957000000000         1.000000         0.000000    
     pp2_mul11     1.323606000000000         1.000000         0.000000    
     pp2_mul12    0.1044517000000000         1.000000         0.000000    
     pp2_mul13    7.1895136999999998E-02     1.000000         0.000000    
     pp2_mul14    0.4820554000000000         1.000000         0.000000    
     pp2_mul15    0.1893874000000000         1.000000         0.000000    
     pp2_mul16    0.3397764000000000         1.000000         0.000000    
     pp2_mul17     1.365819000000000         1.000000         0.000000    
     pp2_mul18    0.6077059000000000         1.000000         0.000000    
     pp2_mul19    0.6770680000000000         1.000000         0.000000    
     pp2_mul20     1.278535000000000         1.000000         0.000000    
     pp2_mul21    0.9573805000000000         1.000000         0.000000    
     pp2_mul22     9.379621000000000         1.000000         0.000000    
     pp2_mul23    0.9802294000000000         1.000000         0.000000    
     pp2_mul24    0.4404730000000000         1.000000         0.000000    
     pp2_mul25     1.147274000000000         1.000000         0.000000    
     pp2_mul26    0.9053951000000000         1.000000         0.000000    
     pp2_mul27     1.187139000000000         1.000000         0.000000    
     pp2_mul28     1.283807000000000         1.000000         0.000000    
     pp2_mul29     1.482640000000000         1.000000         0.000000    
     pp2_mul30     100.0000000000000         1.000000         0.000000    
     pp2_mul31    1.1810595000000000E-02     1.000000         0.000000    
     pp2_mul32    0.2555411000000000         1.000000         0.000000    
     pp2_mul33     1.155452000000000         1.000000         0.000000    
     pp2_mul34    0.2653633000000000         1.000000         0.000000    
     pp2_mul35    0.1187282000000000         1.000000         0.000000    
     pp2_mul36    0.6070408000000000         1.000000         0.000000    
     pp2_mul37    0.4500695000000000         1.000000         0.000000    
     pp2_mul38     1.204956000000000         1.000000         0.000000    
     pp2_mul39     7.805621000000000         1.000000         0.000000    
     pp2_mul40     1.037653000000000         1.000000         0.000000    
     pp2_mul41     1.301148000000000         1.000000         0.000000    
     pp2_mul42     1.821018000000000         1.000000         0.000000    
     pp2_mul43     1.370416000000000         1.000000         0.000000    
     pp2_mul44     4.194455000000000         1.000000         0.000000    
     pp2_mul45     25.43501000000000         1.000000         0.000000    
     pp2_mul46    0.3780187000000000         1.000000         0.000000    
     pp2_mul47    0.7076020000000000         1.000000         0.000000    
     pp2_mul48     1.124451000000000         1.000000         0.000000    
     pp2_mul49     1.876788000000000         1.000000         0.000000    
     pp2_mul50     2.581513000000000         1.000000         0.000000    
     pp2_mul51     2.324815000000000         1.000000         0.000000    
     pp2_mul52     1.335821000000000         1.000000         0.000000    
     pp2_mul53     1.057088000000000         1.000000         0.000000    
     pp2_mul54     6.335218000000000         1.000000         0.000000    
     pp2_mul55    0.3811903000000000         1.000000         0.000000    
     pp2_mul56    5.8161662000000003E-02     1.000000         0.000000    
     pp2_mul57    2.5282618999999999E-02     1.000000         0.000000    
     pp2_mul58     2.372591000000000         1.000000         0.000000    
     pp2_mul59    0.6097087000000000         1.000000         0.000000    
     pp2_mul60     2.926508000000000         1.000000         0.000000    
     pp2_mul61    0.3407701000000000         1.000000         0.000000    
     pp2_mul62     44.18239000000000         1.000000         0.000000    
     pp2_mul63     6.165975000000000         1.000000         0.000000    
     pp2_mul64    0.9786003000000000         1.000000         0.000000    
     pp2_mul65     1.026578000000000         1.000000         0.000000    
     pp2_mul66     1.460119000000000         1.000000         0.000000    
     pp2_mul67    0.2830057000000000         1.000000         0.000000    
     pp2_mul68    5.6865728999999997E-02     1.000000         0.000000    
     pp2_mul69    0.4239693000000000         1.000000         0.000000    
     pp2_mul70    0.1151422000000000         1.000000         0.000000    
     pp2_mul71     29.92047000000000         1.000000         0.000000    
     pp2_mul72     1.799525000000000         1.000000         0.000000    
     pp2_mul73    0.8320716000000000         1.000000         0.000000    
     pp2_mul74     1.160297000000000         1.000000         0.000000    
     pp2_mul75     1.744874000000000         1.000000         0.000000    
     pp2_mul76     1.316375000000000         1.000000         0.000000    
     pp2_mul77    0.3400086000000000         1.000000         0.000000    
     pp2_mul78    0.1110383000000000         1.000000         0.000000    
     pp2_mul79     5.272218000000000         1.000000         0.000000    
     pp2_mul80    0.2526064000000000         1.000000         0.000000    
     pp2_mul81    0.2005245000000000         1.000000         0.000000    
     pp2_mul82    0.6459749000000000         1.000000         0.000000    
     pp2_mul83     1.010101000000000         1.000000         0.000000    
     pp2_mul84     2.930394000000000         1.000000         0.000000    
     pp2_mul85    0.1539132000000000         1.000000         0.000000    
     pp2_mul86    0.5608433000000000         1.000000         0.000000    
     pp2_mul87    0.1633574000000000         1.000000         0.000000    
     pp2_mul88    0.8894691000000000         1.000000         0.000000    
     pp2_mul89     1.371608000000000         1.000000         0.000000    
     pp2_mul90    0.5564603000000000         1.000000         0.000000    
     pp2_mul91    8.5779805000000001E-02     1.000000         0.000000    
     pp2_mul92    0.4707596000000000         1.000000         0.000000    
     pp2_mul93    4.5414541000000003E-02     1.000000         0.000000    
     pp2_mul94    0.8017114000000000         1.000000         0.000000    
     pp2_mul95    0.4021779000000000         1.000000         0.000000    
     pp2_mul96    0.4095796000000000         1.000000         0.000000    
     pp2_mul97    2.4645844000000000E-02     1.000000         0.000000    
     pp2_mul98    0.7809075000000000         1.000000         0.000000    
     pp2_mul99     1.783227000000000         1.000000         0.000000    
    pp2_mul100     12.09526000000000         1.000000         0.000000    
    pp2_mul101    0.4101003000000000         1.000000         0.000000    
    pp2_mul102    0.8825990000000000         1.000000         0.000000    
    pp2_mul103    0.9673149000000000         1.000000         0.000000    
    pp2_mul104    0.4207961000000000         1.000000         0.000000    
    pp2_mul105    5.6219798000000001E-02     1.000000         0.000000    
    pp2_mul106    0.2671889000000000         1.000000         0.000000    
    pp2_mul107    0.5322082000000000         1.000000         0.000000    
    pp2_mul108    0.3950882000000000         1.000000         0.000000    
    pp2_mul109    0.6320164000000000         1.000000         0.000000    
    pp2_mul110     1.056896000000000         1.000000         0.000000    
    pp2_mul111    0.7926936999999999         1.000000         0.000000    
    pp2_mul112    0.5614579000000000         1.000000         0.000000    
    pp2_mul113    4.6844123000000001E-02     1.000000         0.000000    
    pp2_mul114     3.167278000000000         1.000000         0.000000    
    pp2_mul115    0.9336539000000000         1.000000         0.000000    
    pp2_mul116     5.018911000000000         1.000000         0.000000    
    pp2_mul117     6.808642000000000         1.000000         0.000000    
    pp2_mul118     1.551326000000000         1.000000         0.000000    
    pp2_mul119     1.229004000000000         1.000000         0.000000    
    pp2_mul120     1.203183000000000         1.000000         0.000000    
    pp2_mul121    0.8168836000000000         1.000000         0.000000    
    pp2_mul122    0.5399831000000000         1.000000         0.000000    
    pp2_mul123     1.677020000000000         1.000000         0.000000    
    pp2_mul124     1.497747000000000         1.000000         0.000000    
    pp2_mul125     9.948892000000001         1.000000         0.000000    
    pp2_mul126    0.2586124000000000         1.000000         0.000000    
    pp2_mul127     1.562281000000000         1.000000         0.000000    
    pp2_mul128     4.723898000000000         1.000000         0.000000    
    pp2_mul129    0.1144742000000000         1.000000         0.000000    
    pp2_mul130     1.099293000000000         1.000000         0.000000    
    pp2_mul131    0.5171569000000000         1.000000         0.000000    
    pp2_mul132    0.3862062000000000         1.000000         0.000000    
    pp2_mul133    0.6446580000000000         1.000000         0.000000    
    pp2_mul134     1.091195000000000         1.000000         0.000000    
    pp2_mul135     1.520021000000000         1.000000         0.000000    
    pp2_mul136    0.2792403000000000         1.000000         0.000000    
    pp2_mul137     5.505532000000000         1.000000         0.000000    
    pp2_mul138    0.6075730000000000         1.000000         0.000000    
    pp2_mul139     1.287119000000000         1.000000         0.000000    
    pp2_mul140    0.2617380000000000         1.000000         0.000000    
    pp2_mul141    0.7729120000000000         1.000000         0.000000    
    pp2_mul142    0.9045931000000000         1.000000         0.000000    
    pp2_mul143     1.001688000000000         1.000000         0.000000    
    pp2_mul144    0.6423835000000000         1.000000         0.000000    
    pp2_mul145    0.6444324000000000         1.000000         0.000000    
    pp2_mul146    0.7805486000000000         1.000000         0.000000    
    pp2_mul147    0.2782793000000000         1.000000         0.000000    
    pp2_mul148    0.6664554000000000         1.000000         0.000000    
    pp2_mul149    4.8186184000000000E-02     1.000000         0.000000    
    pp2_mul150    0.7823342000000000         1.000000         0.000000    
    pp2_mul151     28.03840000000000         1.000000         0.000000    
    pp2_mul152    0.5011776000000000         1.000000         0.000000    
    pp2_mul153    0.5037479000000000         1.000000         0.000000    
    pp2_mul154    0.5079983000000000         1.000000         0.000000    
    pp2_mul155    0.5594942000000001         1.000000         0.000000    
    pp2_mul156    0.5737097000000000         1.000000         0.000000    
    pp2_mul157    0.3518353000000000         1.000000         0.000000    
    pp2_mul158     1.127214000000000         1.000000         0.000000    
    pp2_mul159     4.030767000000000         1.000000         0.000000    
    pp2_mul160     17.12758000000000         1.000000         0.000000    
    pp2_mul161     2.357947000000000         1.000000         0.000000    
    pp2_mul162     7.422892000000000         1.000000         0.000000    
    pp2_mul163    0.2441340000000000         1.000000         0.000000    
    pp2_mul164    0.5169335000000000         1.000000         0.000000    
    pp2_mul165    0.8992445999999999         1.000000         0.000000    
    pp2_mul166     1.308616000000000         1.000000         0.000000    
    pp2_mul167    0.2734432000000000         1.000000         0.000000    
    pp2_mul168     1.169514000000000         1.000000         0.000000    
    pp2_mul169    0.7620185000000000         1.000000         0.000000    
    pp2_mul170    0.2081268000000000         1.000000         0.000000    
    pp2_mul171    0.3354041000000000         1.000000         0.000000    
    pp2_mul172     16.22442000000000         1.000000         0.000000    
    pp2_mul173    0.9358329000000000         1.000000         0.000000    
    pp2_mul174    0.3718904000000000         1.000000         0.000000    
    pp2_mul175    0.4241434000000000         1.000000         0.000000    
    pp2_mul176     2.575101000000000         1.000000         0.000000    
    pp2_mul177     36.89571000000000         1.000000         0.000000    
    pp2_mul178    6.4658555000000006E-02     1.000000         0.000000    
    pp2_mul179     1.240170000000000         1.000000         0.000000    
    pp2_mul180     2.993595000000000         1.000000         0.000000    
    pp2_mul181    0.7727358000000000         1.000000         0.000000    
    pp2_mul182    0.3438706000000000         1.000000         0.000000    
    pp2_mul183    0.6423451000000000         1.000000         0.000000    
    pp2_mul184    0.2985841000000000         1.000000         0.000000    
    pp2_mul185    0.4788428000000000         1.000000         0.000000    
    pp2_mul186     1.667187000000000         1.000000         0.000000    
    pp2_mul187    0.7818313000000000         1.000000         0.000000    
    pp2_mul188     1.172396000000000         1.000000         0.000000    
    pp2_mul189     3.478238000000000         1.000000         0.000000    
    pp2_mul190    0.2881148000000000         1.000000         0.000000    
    pp2_mul191    0.7556381000000000         1.000000         0.000000    
    pp2_mul192    5.0000000000000001E-03     1.000000         0.000000    
    pp2_mul193     1.336940000000000         1.000000         0.000000    
    pp2_mul194     3.725302000000000         1.000000         0.000000    
    pp2_mul195     6.431223000000000         1.000000         0.000000    
    pp2_mul196    0.3616829000000000         1.000000         0.000000    
    pp2_mul197     2.599921000000000         1.000000         0.000000    
    pp2_mul198    8.5167595999999998E-03     1.000000         0.000000    
    pp2_mul199    0.9943933000000000         1.000000         0.000000    
    pp2_mul200    1.3703320999999999E-02     1.000000         0.000000    
    pp2_mul201    0.1903404000000000         1.000000         0.000000    
    pp2_mul202     2.009041000000000         1.000000         0.000000    
    pp2_mul203     1.171531000000000         1.000000         0.000000    
    pp2_mul204    0.1777322000000000         1.000000         0.000000    
    pp2_mul205     1.447363000000000         1.000000         0.000000    
    pp2_mul206    0.1142618000000000         1.000000         0.000000    
    pp2_mul207    0.7161974000000000         1.000000         0.000000    
    pp2_mul208     10.51092000000000         1.000000         0.000000    
    pp2_mul209    0.7184366000000000         1.000000         0.000000    
    pp2_mul210     2.630714000000000         1.000000         0.000000    
    pp2_mul211     100.0000000000000         1.000000         0.000000    
    pp2_mul212    0.6628725000000000         1.000000         0.000000    
    pp2_mul213    0.5649712000000000         1.000000         0.000000    
    pp2_mul214    0.1565881000000000         1.000000         0.000000    
    pp2_mul215    0.2187086000000000         1.000000         0.000000    
    pp2_mul216    0.8221441000000000         1.000000         0.000000    
    pp2_mul217     1.392278000000000         1.000000         0.000000    
    pp2_mul218    0.6647375000000000         1.000000         0.000000    
    pp2_mul219    0.5133989000000000         1.000000         0.000000    
    pp2_mul220    0.1072937000000000         1.000000         0.000000    
    pp2_mul221     1.836287000000000         1.000000         0.000000    
    pp2_mul222    0.6949461000000000         1.000000         0.000000    
    pp2_mul223    0.8197844000000000         1.000000         0.000000    
    pp2_mul224    0.5229639000000000         1.000000         0.000000    
    pp2_mul225     1.428710000000000         1.000000         0.000000    
    pp2_mul226    0.2151108000000000         1.000000         0.000000    
    pp2_mul227    0.9284158000000000         1.000000         0.000000    
    pp2_mul228     1.984500000000000         1.000000         0.000000    
    pp2_mul229     7.181488000000000         1.000000         0.000000    
    pp2_mul230     1.811779000000000         1.000000         0.000000    
    pp2_mul231     2.749610000000000         1.000000         0.000000    
    pp2_mul232     5.027577000000000         1.000000         0.000000    
    pp2_mul233    6.3863949000000003E-02     1.000000         0.000000    
    pp2_mul234    0.4025804000000000         1.000000         0.000000    
    pp2_mul235    0.2944104000000000         1.000000         0.000000    
    pp2_mul236    0.8000676000000000         1.000000         0.000000    
    pp2_mul237     7.422808000000000         1.000000         0.000000    
    pp2_mul238    0.1157980000000000         1.000000         0.000000    
    pp2_mul239     2.955072000000000         1.000000         0.000000    
    pp2_mul240    9.6474631000000005E-02     1.000000         0.000000    
    pp2_mul241    0.3384795000000000         1.000000         0.000000    
    pp2_mul242    0.5542074000000000         1.000000         0.000000    
    pp2_mul243    0.2267286000000000         1.000000         0.000000    
    pp2_mul244     4.813101000000000         1.000000         0.000000    
    pp2_mul245    1.6819464999999999E-02     1.000000         0.000000    
    pp2_mul246     24.32768000000000         1.000000         0.000000    
    pp2_mul247     21.91921000000000         1.000000         0.000000    
    pp2_mul248     49.68019000000000         1.000000         0.000000    
    pp2_mul249    0.1112629000000000         1.000000         0.000000    
    pp2_mul250     1.842133000000000         1.000000         0.000000    
    pp2_mul251     28.52340000000000         1.000000         0.000000    
    pp2_mul252     2.080738000000000         1.000000         0.000000    
    pp2_mul253     2.749190000000000         1.000000         0.000000    
    pp2_mul254    0.2174018000000000         1.000000         0.000000    
    pp2_mul255    6.1554176000000000E-03     1.000000         0.000000    
    pp2_mul256    6.5373758999999997E-03     1.000000         0.000000    
    pp2_mul257    0.3809004000000000         1.000000         0.000000    
    pp2_mul258    0.3081639000000000         1.000000         0.000000    
    pp2_mul259     1.950851000000000         1.000000         0.000000    
    pp2_mul260     1.073349000000000         1.000000         0.000000    
    pp2_mul261    0.8345927000000000         1.000000         0.000000    
    pp2_mul262    0.5291766000000000         1.000000         0.000000    
    pp2_mul263     4.773303000000000         1.000000         0.000000    
    pp2_mul264    0.2986762000000000         1.000000         0.000000    
    pp2_mul265     6.266658000000000         1.000000         0.000000    
    pp2_mul266    0.1700600000000000         1.000000         0.000000    
    pp2_mul267    4.3590842999999997E-02     1.000000         0.000000    
    pp2_mul268     100.0000000000000         1.000000         0.000000    
    pp2_mul269    0.5426342000000000         1.000000         0.000000    
    pp2_mul270     2.102400000000000         1.000000         0.000000    
    pp2_mul271    0.3939073000000000         1.000000         0.000000    
    pp2_mul272     79.82531000000000         1.000000         0.000000    
    pp2_mul273    2.7612059000000001E-02     1.000000         0.000000    
    pp2_mul274    0.2217461000000000         1.000000         0.000000    
    pp2_mul275    0.1482585000000000         1.000000         0.000000    
    pp2_mul276     1.006101000000000         1.000000         0.000000    
    pp2_mul277    0.2305915000000000         1.000000         0.000000    
      pp3_mul1    0.9905268000000000         1.000000         0.000000    
      pp3_mul2     1.312220000000000         1.000000         0.000000    
      pp3_mul3     1.911435000000000         1.000000         0.000000    
      pp3_mul4     1.341720000000000         1.000000         0.000000    
      pp3_mul5     1.206060000000000         1.000000         0.000000    
      pp3_mul6     1.927466000000000         1.000000         0.000000    
      pp3_mul7    0.9391206000000000         1.000000         0.000000    
      pp3_mul8    0.8086116000000000         1.000000         0.000000    
      pp3_mul9     1.993121000000000         1.000000         0.000000    
     pp3_mul10     10.00000000000000         1.000000         0.000000    
     pp3_mul11     5.447639000000000         1.000000         0.000000    
     pp3_mul12    0.9566854000000000         1.000000         0.000000    
     pp3_mul13    0.7817053000000000         1.000000         0.000000    
     pp3_mul14    0.5704481000000000         1.000000         0.000000    
     pp3_mul15    0.7154183000000000         1.000000         0.000000    
     pp3_mul16    0.5140432000000000         1.000000         0.000000    
     pp3_mul17    0.3436991000000000         1.000000         0.000000    
     pp3_mul18    0.5419248000000000         1.000000         0.000000    
     pp3_mul19    0.7210650000000000         1.000000         0.000000    
     pp3_mul20    0.6987670000000000         1.000000         0.000000    
     pp3_mul21    0.3900882000000000         1.000000         0.000000    
     pp3_mul22    0.3834259000000000         1.000000         0.000000    
     pp3_mul23    0.3836439000000000         1.000000         0.000000    
     pp3_mul24    0.5649241000000000         1.000000         0.000000    
     pp3_mul25    0.8146561000000000         1.000000         0.000000    
     pp3_mul26    0.4129604000000000         1.000000         0.000000    
     pp3_mul27    0.2531370000000000         1.000000         0.000000    
     pp3_mul28    0.7664666999999999         1.000000         0.000000    
     pp3_mul29    0.6753690000000000         1.000000         0.000000    
     pp3_mul30    0.3696757000000000         1.000000         0.000000    
     pp3_mul31    0.6841725000000000         1.000000         0.000000    
     pp3_mul32    0.7192184000000000         1.000000         0.000000    
     pp3_mul33    0.8486466000000000         1.000000         0.000000    
     pp3_mul34    0.7844381000000000         1.000000         0.000000    
     pp3_mul35    0.7968565000000000         1.000000         0.000000    
     pp3_mul36    0.3268934000000000         1.000000         0.000000    
     pp3_mul37    0.5425295000000000         1.000000         0.000000    
     pp3_mul38    0.6721417000000000         1.000000         0.000000    
     pp3_mul39    0.7965254000000001         1.000000         0.000000    
     pp3_mul40    0.7614530000000000         1.000000         0.000000    
     pp3_mul41    0.7317334000000000         1.000000         0.000000    
     pp3_mul42    0.5432859000000000         1.000000         0.000000    
     pp3_mul43    0.3652192000000000         1.000000         0.000000    
     pp3_mul44    0.4977497000000000         1.000000         0.000000    
     pp3_mul45    0.5526065000000000         1.000000         0.000000    
     pp3_mul46    0.1000000000000000         1.000000         0.000000    
     pp3_mul47    0.8344399000000000         1.000000         0.000000    
     pp3_mul48     1.613170000000000         1.000000         0.000000    
     pp3_mul49    0.4867120000000000         1.000000         0.000000    
     pp3_mul50    0.9740112000000000         1.000000         0.000000    
     pp3_mul51     1.444449000000000         1.000000         0.000000    
     pp3_mul52    0.4619240000000000         1.000000         0.000000    
     pp3_mul53    0.7112799000000000         1.000000         0.000000    
     pp3_mul54    0.6237022000000000         1.000000         0.000000    
     pp3_mul55    0.6140833999999999         1.000000         0.000000    
     pp3_mul56    0.6464523000000000         1.000000         0.000000    
     pp3_mul57    0.4411004000000000         1.000000         0.000000    
     pp3_mul58    0.5842406000000000         1.000000         0.000000    
     pp3_mul59     1.050867000000000         1.000000         0.000000    
     pp3_mul60    0.8066409000000000         1.000000         0.000000    
     pp3_mul61     1.261923000000000         1.000000         0.000000    
     pp3_mul62     2.186189000000000         1.000000         0.000000    
     pp3_mul63    0.2894327000000000         1.000000         0.000000    
     pp3_mul64    0.6311392000000000         1.000000         0.000000    
     pp3_mul65    0.6202914000000000         1.000000         0.000000    
     pp3_mul66    0.8006846000000000         1.000000         0.000000    
     pp3_mul67     1.007338000000000         1.000000         0.000000    
    pp3_vanis1     10.01866000000000         1.000000         0.000000    
    pp3_vanis2     9.056253000000000         1.000000         0.000000    
    pp3_vanis3     8.544093999999999         1.000000         0.000000    
    pp3_vanis4     9.660417000000001         1.000000         0.000000    
    pp3_vanis5     9.983294000000001         1.000000         0.000000    
    pp3_vanis6     9.550031000000001         1.000000         0.000000    
    pp3_vanis7     10.33859000000000         1.000000         0.000000    
    pp3_vanis8     10.73200000000000         1.000000         0.000000    
    pp3_vanis9     8.252306000000001         1.000000         0.000000    
   pp3_vanis10     8.661324000000000         1.000000         0.000000    
   pp3_vanis11     9.436970000000001         1.000000         0.000000    
   pp3_vanis12     10.44493000000000         1.000000         0.000000    
   pp3_vanis13     11.03280000000000         1.000000         0.000000    
   pp3_vanis14     12.56034000000000         1.000000         0.000000    
   pp3_vanis15     11.63628000000000         1.000000         0.000000    
   pp3_vanis16     13.45441000000000         1.000000         0.000000    
   pp3_vanis17     15.62180000000000         1.000000         0.000000    
   pp3_vanis18     13.63261000000000         1.000000         0.000000    
   pp3_vanis19     11.44227000000000         1.000000         0.000000    
   pp3_vanis20     16.99476000000000         1.000000         0.000000    
   pp3_vanis21     16.55666000000000         1.000000         0.000000    
   pp3_vanis22     14.01729000000000         1.000000         0.000000    
   pp3_vanis23     25.67195000000000         1.000000         0.000000    
   pp3_vanis24     14.77092000000000         1.000000         0.000000    
   pp3_vanis25     12.39374000000000         1.000000         0.000000    
   pp3_vanis26     18.88189000000000         1.000000         0.000000    
   pp3_vanis27     13.52315000000000         1.000000         0.000000    
   pp3_vanis28     7.685260000000000         1.000000         0.000000    
   pp3_vanis29     8.941454999999999         1.000000         0.000000    
   pp3_vanis30     11.19374000000000         1.000000         0.000000    
   pp3_vanis31     11.73934000000000         1.000000         0.000000    
   pp3_vanis32     10.65575000000000         1.000000         0.000000    
   pp3_vanis33     11.08463000000000         1.000000         0.000000    
   pp3_vanis34     10.67049000000000         1.000000         0.000000    
   pp3_vanis35     10.72501000000000         1.000000         0.000000    
   pp3_vanis36     11.02305000000000         1.000000         0.000000    
   pp3_vanis37     8.587282000000000         1.000000         0.000000    
   pp3_vanis38     9.250007999999999         1.000000         0.000000    
   pp3_vanis39     10.00379000000000         1.000000         0.000000    
   pp3_vanis40     9.493489000000000         1.000000         0.000000    
   pp3_vanis41     9.705513000000000         1.000000         0.000000    
   pp3_vanis42     10.77732000000000         1.000000         0.000000    
   pp3_vanis43     9.797713999999999         1.000000         0.000000    
   pp3_vanis44     7.732225000000000         1.000000         0.000000    
   pp3_vanis45     14.83694000000000         1.000000         0.000000    
   pp3_vanis46     22.55008000000000         1.000000         0.000000    
   pp3_vanis47     10.35412000000000         1.000000         0.000000    
   pp3_vanis48     7.735834000000000         1.000000         0.000000    
   pp3_vanis49     12.89135000000000         1.000000         0.000000    
   pp3_vanis50     9.676876999999999         1.000000         0.000000    
   pp3_vanis51     9.189323999999999         1.000000         0.000000    
   pp3_vanis52     10.84366000000000         1.000000         0.000000    
   pp3_vanis53     10.60457000000000         1.000000         0.000000    
   pp3_vanis54     11.25229000000000         1.000000         0.000000    
   pp3_vanis55     10.54748000000000         1.000000         0.000000    
   pp3_vanis56     13.04030000000000         1.000000         0.000000    
   pp3_vanis57     15.86575000000000         1.000000         0.000000    
   pp3_vanis58     12.71921000000000         1.000000         0.000000    
   pp3_vanis59     10.41441000000000         1.000000         0.000000    
   pp3_vanis60     11.52541000000000         1.000000         0.000000    
   pp3_vanis61     9.820821000000000         1.000000         0.000000    
   pp3_vanis62     9.674568000000001         1.000000         0.000000    
   pp3_vanis63     15.10676000000000         1.000000         0.000000    
   pp3_vanis64     10.01686000000000         1.000000         0.000000    
   pp3_vanis65     10.95734000000000         1.000000         0.000000    
   pp3_vanis66     10.83490000000000         1.000000         0.000000    
   pp3_vanis67     9.595636000000001         1.000000         0.000000    
     pp3_rech1    3.7498001000000002E-03     1.000000         0.000000    
     pp3_rech2    3.7498001000000002E-03     1.000000         0.000000    
     pp3_rech3    3.7498001000000002E-03     1.000000         0.000000    
     pp3_rech4    3.7498001000000002E-03     1.000000         0.000000    
     pp3_rech5    3.7498001000000002E-03     1.000000         0.000000    
     pp3_rech6    3.7498001000000002E-03     1.000000         0.000000    
     pp3_rech7    3.7498001000000002E-03     1.000000         0.000000    
     pp3_rech8    3.7498001000000002E-03     1.000000         0.000000    
     pp3_rech9    3.7498001000000002E-03     1.000000         0.000000    
    pp3_rech10    3.7498001000000002E-03     1.000000         0.000000    
    pp3_rech11    3.7498001000000002E-03     1.000000         0.000000    
    pp3_rech12    3.7498001000000002E-03     1.000000         0.000000    
    pp3_rech13    3.7498001000000002E-03     1.000000         0.000000    
    pp3_rech14    3.7498001000000002E-03     1.000000         0.000000    
    pp3_rech15    3.7498001000000002E-03     1.000000         0.000000    
    pp3_rech16    3.7498001000000002E-03     1.000000         0.000000    
    pp3_rech17    3.7498001000000002E-03     1.000000         0.000000    
    pp3_rech18    3.7498001000000002E-03     1.000000         0.000000    
    pp3_rech19    3.7498001000000002E-03     1.000000         0.000000    
    pp3_rech20    3.7498001000000002E-03     1.000000         0.000000    
    pp3_rech21    3.7498001000000002E-03     1.000000         0.000000    
    pp3_rech22    3.7498001000000002E-03     1.000000         0.000000    
    pp3_rech23    3.7498001000000002E-03     1.000000         0.000000    
    pp3_rech24    3.7498001000000002E-03     1.000000         0.000000    
    pp3_rech25    3.7498001000000002E-03     1.000000         0.000000    
    pp3_rech26    3.7498001000000002E-03     1.000000         0.000000    
    pp3_rech27    3.7498001000000002E-03     1.000000         0.000000    
    pp3_rech28    3.7498001000000002E-03     1.000000         0.000000    
    pp3_rech29    3.7498001000000002E-03     1.000000         0.000000    
    pp3_rech30    3.7498001000000002E-03     1.000000         0.000000    
    pp3_rech31    3.7498001000000002E-03     1.000000         0.000000    
    pp3_rech32    3.7498001000000002E-03     1.000000         0.000000    
    pp3_rech33    3.7498001000000002E-03     1.000000         0.000000    
    pp3_rech34    3.7498001000000002E-03     1.000000         0.000000    
    pp3_rech35    3.7498001000000002E-03     1.000000         0.000000    
    pp3_rech36    3.7498001000000002E-03     1.000000         0.000000    
    pp3_rech37    3.7498001000000002E-03     1.000000         0.000000    
    pp3_rech38    3.7498001000000002E-03     1.000000         0.000000    
    pp3_rech39    3.7498001000000002E-03     1.000000         0.000000    
    pp3_rech40    3.7498001000000002E-03     1.000000         0.000000    
    pp3_rech41    3.7498001000000002E-03     1.000000         0.000000    
    pp3_rech42    3.7498001000000002E-03     1.000000         0.000000    
    pp3_rech43    3.7498001000000002E-03     1.000000         0.000000    
    pp3_rech44    3.7498001000000002E-03     1.000000         0.000000    
    pp3_rech45    3.7498001000000002E-03     1.000000         0.000000    
    pp3_rech46    3.7498001000000002E-03     1.000000         0.000000    
    pp3_rech47    3.7498001000000002E-03     1.000000         0.000000    
    pp3_rech48    3.7498001000000002E-03     1.000000         0.000000    
    pp3_rech49    3.7498001000000002E-03     1.000000         0.000000    
    pp3_rech50    3.7498001000000002E-03     1.000000         0.000000    
    pp3_rech51    3.7498001000000002E-03     1.000000         0.000000    
    pp3_rech52    3.7498001000000002E-03     1.000000         0.000000    
    pp3_rech53    3.7498001000000002E-03     1.000000         0.000000    
    pp3_rech54    3.7498001000000002E-03     1.000000         0.000000    
    pp3_rech55    3.7498001000000002E-03     1.000000         0.000000    
    pp3_rech56    3.7498001000000002E-03     1.000000         0.000000    
    pp3_rech57    3.7498001000000002E-03     1.000000         0.000000    
    pp3_rech58    3.7498001000000002E-03     1.000000         0.000000    
    pp3_rech59    3.7498001000000002E-03     1.000000         0.000000    
    pp3_rech60    3.7498001000000002E-03     1.000000         0.000000    
    pp3_rech61    3.7498001000000002E-03     1.000000         0.000000    
    pp3_rech62    3.7498001000000002E-03     1.000000         0.000000    
    pp3_rech63    3.7498001000000002E-03     1.000000         0.000000    
    pp3_rech64    3.7498001000000002E-03     1.000000         0.000000    
    pp3_rech65    3.7498001000000002E-03     1.000000         0.000000    
    pp3_rech66    3.7498001000000002E-03     1.000000         0.000000    
    pp3_rech67    3.7498001000000002E-03     1.000000         0.000000    
      ppr_mul1     2.536324000000000         1.000000         0.000000    
      ppr_mul2     6.733620000000000         1.000000         0.000000    
      ppr_mul3     3.078818000000000         1.000000         0.000000    
      ppr_mul4     1.937237000000000         1.000000         0.000000    
      ppr_mul5     4.494678000000000         1.000000         0.000000    
      ppr_mul6     8.507671000000000         1.000000         0.000000    
      ppr_mul7     2.058143000000000         1.000000         0.000000    
      ppr_mul8    0.9420023000000000         1.000000         0.000000    
      ppr_mul9     1.468404000000000         1.000000         0.000000    
     ppr_mul10    0.8509390999999999         1.000000         0.000000    
     ppr_mul11     1.050632000000000         1.000000         0.000000    
     ppr_mul12     1.065718000000000         1.000000         0.000000    
     ppr_mul13     1.053501000000000         1.000000         0.000000    
     ppr_mul14     1.177860000000000         1.000000         0.000000    
     ppr_mul15    0.8712075000000000         1.000000         0.000000    
     ppr_mul16     1.071037000000000         1.000000         0.000000    
     ppr_mul17     2.121027000000000         1.000000         0.000000    
     ppr_mul18     1.693826000000000         1.000000         0.000000    
     ppr_mul19     1.175039000000000         1.000000         0.000000    
     ppr_mul20    0.7652039000000000         1.000000         0.000000    
     ppr_mul21    0.6140641999999999         1.000000         0.000000    
     ppr_mul22    3.4651724000000002E-02     1.000000         0.000000    
     ppr_mul23    0.4155566000000000         1.000000         0.000000    
     ppr_mul24    0.7606608000000000         1.000000         0.000000    
     ppr_mul25    0.8924484000000000         1.000000         0.000000    
     ppr_mul26    0.8538517000000000         1.000000         0.000000    
     ppr_mul27    0.9977408000000000         1.000000         0.000000    
     ppr_mul28    0.8786288000000000         1.000000         0.000000    
     ppr_mul29    0.9527031000000000         1.000000         0.000000    
     ppr_mul30     1.074613000000000         1.000000         0.000000    
     ppr_mul31     1.073053000000000         1.000000         0.000000    
     ppr_mul32    0.9470801000000000         1.000000         0.000000    
     ppr_mul33     1.137949000000000         1.000000         0.000000    
     ppr_mul34     1.539320000000000         1.000000         0.000000    
     ppr_mul35     2.454585000000000         1.000000         0.000000    
     ppr_mul36     9.131542000000000         1.000000         0.000000    
     ppr_mul37     5.952321000000000         1.000000         0.000000    
     ppr_mul38     1.250262000000000         1.000000         0.000000    
     ppr_mul39    0.8919038000000000         1.000000         0.000000    
     ppr_mul40    0.5308839000000000         1.000000         0.000000    
     ppr_mul41    0.8002214000000000         1.000000         0.000000    
     ppr_mul42    0.8500196000000000         1.000000         0.000000    
     ppr_mul43    0.9263523000000000         1.000000         0.000000    
     ppr_mul44    0.8918890000000000         1.000000         0.000000    
     ppr_mul45    0.9737955000000000         1.000000         0.000000    
     ppr_mul46    0.9593836000000000         1.000000         0.000000    
     ppr_mul47    0.9855800000000000         1.000000         0.000000    
     ppr_mul48     1.030330000000000         1.000000         0.000000    
     ppr_mul49    0.9776616000000000         1.000000         0.000000    
     ppr_mul50     1.022885000000000         1.000000         0.000000    
     ppr_mul51     1.019610000000000         1.000000         0.000000    
     ppr_mul52     2.868552000000000         1.000000         0.000000    
     ppr_mul53     3.399180000000000         1.000000         0.000000    
     ppr_mul54     2.223015000000000         1.000000         0.000000    
     ppr_mul55    0.7316784000000000         1.000000         0.000000    
     ppr_mul56     1.056024000000000         1.000000         0.000000    
     ppr_mul57     1.853250000000000         1.000000         0.000000    
     ppr_mul58     1.383039000000000         1.000000         0.000000    
     ppr_mul59     1.197257000000000         1.000000         0.000000    
     ppr_mul60     1.285639000000000         1.000000         0.000000    
     ppr_mul61     1.328357000000000         1.000000         0.000000    
     ppr_mul62     1.053523000000000         1.000000         0.000000    
     ppr_mul63     13.55684000000000         1.000000         0.000000    
     ppr_mul64     37.35890000000000         1.000000         0.000000    
     ppr_mul65     50.36947000000000         1.000000         0.000000    
     ppr_mul66     6.611725000000000         1.000000         0.000000    
     ppr_mul67     3.377052000000000         1.000000         0.000000    
     ppr_mul68     3.139655000000000         1.000000         0.000000    
     ppr_mul69     1.879447000000000         1.000000         0.000000    
     ppr_mul70     1.565977000000000         1.000000         0.000000    
     ppr_mul71     1.283931000000000         1.000000         0.000000    
     ppr_mul72     2.396444000000000         1.000000         0.000000    
     ppr_mul73     1.316001000000000         1.000000         0.000000    
     ppr_mul74    0.8768535000000000         1.000000         0.000000    
     ppr_mul75    0.8788937999999999         1.000000         0.000000    
     ppr_mul76    0.8794649000000000         1.000000         0.000000    
     ppr_mul77     1.055770000000000         1.000000         0.000000    
     ppr_mul78     1.484355000000000         1.000000         0.000000    
     ppr_mul79     1.104655000000000         1.000000         0.000000    
     ppr_mul80    0.9069169000000000         1.000000         0.000000    
     ppr_mul81     3.105772000000000         1.000000         0.000000    
     ppr_mul82     4.439358000000000         1.000000         0.000000    
     ppr_mul83     2.331394000000000         1.000000         0.000000    
     ppr_mul84     1.368728000000000         1.000000         0.000000    
     ppr_mul85     1.177437000000000         1.000000         0.000000    
     ppr_mul86     1.492255000000000         1.000000         0.000000    
     ppr_mul87     1.553209000000000         1.000000         0.000000    
     ppr_mul88     1.242859000000000         1.000000         0.000000    
     ppr_mul89     1.076185000000000         1.000000         0.000000    
     ppr_mul90    0.9339537999999999         1.000000         0.000000    
     ppr_mul91     1.056713000000000         1.000000         0.000000    
     ppr_mul92     1.040860000000000         1.000000         0.000000    
     ppr_mul93     1.052100000000000         1.000000         0.000000    
     ppr_mul94     1.092254000000000         1.000000         0.000000    
     ppr_mul95    0.9736204000000001         1.000000         0.000000    
     ppr_mul96     1.199570000000000         1.000000         0.000000    
     ppr_mul97     1.022883000000000         1.000000         0.000000    
     ppr_mul98     1.082491000000000         1.000000         0.000000    
     ppr_mul99     7.857815000000000         1.000000         0.000000    
    ppr_mul100     10.87646000000000         1.000000         0.000000    
    ppr_mul101     7.214404000000000         1.000000         0.000000    
    ppr_mul102     4.303008000000000         1.000000         0.000000    
    ppr_mul103     2.729662000000000         1.000000         0.000000    
    ppr_mul104     1.817649000000000         1.000000         0.000000    
    ppr_mul105     1.779813000000000         1.000000         0.000000    
    ppr_mul106     1.569176000000000         1.000000         0.000000    
    ppr_mul107     1.725834000000000         1.000000         0.000000    
    ppr_mul108     1.645625000000000         1.000000         0.000000    
    ppr_mul109    0.9922874000000000         1.000000         0.000000    
    ppr_mul110     1.089108000000000         1.000000         0.000000    
    ppr_mul111     1.080523000000000         1.000000         0.000000    
    ppr_mul112     1.190945000000000         1.000000         0.000000    
    ppr_mul113     1.632027000000000         1.000000         0.000000    
    ppr_mul114     1.684532000000000         1.000000         0.000000    
    ppr_mul115     1.108011000000000         1.000000         0.000000    
    ppr_mul116    0.6789423000000000         1.000000         0.000000    
    ppr_mul117    0.6473897000000000         1.000000         0.000000    
    ppr_mul118     1.636708000000000         1.000000         0.000000    
    ppr_mul119     1.931309000000000         1.000000         0.000000    
    ppr_mul120     1.927801000000000         1.000000         0.000000    
    ppr_mul121     1.779812000000000         1.000000         0.000000    
    ppr_mul122     1.920799000000000         1.000000         0.000000    
    ppr_mul123     1.716944000000000         1.000000         0.000000    
    ppr_mul124    0.9677968000000000         1.000000         0.000000    
    ppr_mul125     1.079169000000000         1.000000         0.000000    
    ppr_mul126     1.162484000000000         1.000000         0.000000    
    ppr_mul127    0.9723029000000000         1.000000         0.000000    
    ppr_mul128     1.009717000000000         1.000000         0.000000    
    ppr_mul129    0.9622386000000001         1.000000         0.000000    
    ppr_mul130    0.8307851000000001         1.000000         0.000000    
    ppr_mul131     1.021758000000000         1.000000         0.000000    
    ppr_mul132     1.277013000000000         1.000000         0.000000    
    ppr_mul133     1.697591000000000         1.000000         0.000000    
    ppr_mul134     2.022330000000000         1.000000         0.000000    
    ppr_mul135     3.045226000000000         1.000000         0.000000    
    ppr_mul136     2.847065000000000         1.000000         0.000000    
    ppr_mul137     2.003047000000000         1.000000         0.000000    
    ppr_mul138    0.8507502000000000         1.000000         0.000000    
    ppr_mul139    0.6315317000000000         1.000000         0.000000    
    ppr_mul140    0.5220515999999999         1.000000         0.000000    
    ppr_mul141    0.6511032000000000         1.000000         0.000000    
    ppr_mul142    0.8142633000000000         1.000000         0.000000    
    ppr_mul143     1.218243000000000         1.000000         0.000000    
    ppr_mul144    0.7336772000000000         1.000000         0.000000    
    ppr_mul145     1.467960000000000         1.000000         0.000000    
    ppr_mul146     1.182981000000000         1.000000         0.000000    
    ppr_mul147     3.416806000000000         1.000000         0.000000    
      ppr_add1     9.999870000000000         1.000000        -10.00000    
      ppr_add2     9.999870000000000         1.000000        -10.00000    
      ppr_add3     9.999870000000000         1.000000        -10.00000    
      ppr_add4     9.999870000000000         1.000000        -10.00000    
      ppr_add5     9.999870000000000         1.000000        -10.00000    
      ppr_add6     9.999870000000000         1.000000        -10.00000    
      ppr_add7     9.999870000000000         1.000000        -10.00000    
      ppr_add8     9.999870000000000         1.000000        -10.00000    
      ppr_add9     9.999870000000000         1.000000        -10.00000    
     ppr_add10     9.999870000000000         1.000000        -10.00000    
     ppr_add11     9.999870000000000         1.000000        -10.00000    
     ppr_add12     9.999870000000000         1.000000        -10.00000    
     ppr_add13     9.999870000000000         1.000000        -10.00000    
     ppr_add14     9.999870000000000         1.000000        -10.00000    
     ppr_add15     9.999870000000000         1.000000        -10.00000    
     ppr_add16     9.999870000000000         1.000000        -10.00000    
     ppr_add17     9.999870000000000         1.000000        -10.00000    
     ppr_add18     9.999870000000000         1.000000        -10.00000    
     ppr_add19     9.999870000000000         1.000000        -10.00000    
     ppr_add20     9.999870000000000         1.000000        -10.00000    
     ppr_add21     9.999870000000000         1.000000        -10.00000    
     ppr_add22     9.999870000000000         1.000000        -10.00000    
     ppr_add23     9.999870000000000         1.000000        -10.00000    
     ppr_add24     9.999870000000000         1.000000        -10.00000    
     ppr_add25     9.999870000000000         1.000000        -10.00000    
     ppr_add26     9.999870000000000         1.000000        -10.00000    
     ppr_add27     9.999870000000000         1.000000        -10.00000    
     ppr_add28     9.999870000000000         1.000000        -10.00000    
     ppr_add29     9.999870000000000         1.000000        -10.00000    
     ppr_add30     9.999870000000000         1.000000        -10.00000    
     ppr_add31     9.999870000000000         1.000000        -10.00000    
     ppr_add32     9.999870000000000         1.000000        -10.00000    
     ppr_add33     9.999870000000000         1.000000        -10.00000    
     ppr_add34     9.999870000000000         1.000000        -10.00000    
     ppr_add35     9.999870000000000         1.000000        -10.00000    
     ppr_add36     9.999870000000000         1.000000        -10.00000    
     ppr_add37     9.999870000000000         1.000000        -10.00000    
     ppr_add38     9.999870000000000         1.000000        -10.00000    
     ppr_add39     9.999870000000000         1.000000        -10.00000    
     ppr_add40     9.999870000000000         1.000000        -10.00000    
     ppr_add41     9.999870000000000         1.000000        -10.00000    
     ppr_add42     9.999870000000000         1.000000        -10.00000    
     ppr_add43     9.999870000000000         1.000000        -10.00000    
     ppr_add44     9.999870000000000         1.000000        -10.00000    
     ppr_add45     9.999870000000000         1.000000        -10.00000    
     ppr_add46     9.999870000000000         1.000000        -10.00000    
     ppr_add47     9.999870000000000         1.000000        -10.00000    
     ppr_add48     9.999870000000000         1.000000        -10.00000    
     ppr_add49     9.999870000000000         1.000000        -10.00000    
     ppr_add50     9.999870000000000         1.000000        -10.00000    
     ppr_add51     9.999870000000000         1.000000        -10.00000    
     ppr_add52     9.999870000000000         1.000000        -10.00000    
     ppr_add53     9.999870000000000         1.000000        -10.00000    
     ppr_add54     9.999870000000000         1.000000        -10.00000    
     ppr_add55     9.999870000000000         1.000000        -10.00000    
     ppr_add56     9.999870000000000         1.000000        -10.00000    
     ppr_add57     9.999870000000000         1.000000        -10.00000    
     ppr_add58     9.999870000000000         1.000000        -10.00000    
     ppr_add59     9.999870000000000         1.000000        -10.00000    
     ppr_add60     9.999870000000000         1.000000        -10.00000    
     ppr_add61     9.999870000000000         1.000000        -10.00000    
     ppr_add62     9.999870000000000         1.000000        -10.00000    
     ppr_add63     9.999870000000000         1.000000        -10.00000    
     ppr_add64     9.999870000000000         1.000000        -10.00000    
     ppr_add65     9.999870000000000         1.000000        -10.00000    
     ppr_add66     9.999870000000000         1.000000        -10.00000    
     ppr_add67     9.999870000000000         1.000000        -10.00000    
     ppr_add68     9.999870000000000         1.000000        -10.00000    
     ppr_add69     9.999870000000000         1.000000        -10.00000    
     ppr_add70     9.999870000000000         1.000000        -10.00000    
     ppr_add71     9.999870000000000         1.000000        -10.00000    
     ppr_add72     9.999870000000000         1.000000        -10.00000    
     ppr_add73     9.999870000000000         1.000000        -10.00000    
     ppr_add74     9.999870000000000         1.000000        -10.00000    
     ppr_add75     9.999870000000000         1.000000        -10.00000    
     ppr_add76     9.999870000000000         1.000000        -10.00000    
     ppr_add77     9.999870000000000         1.000000        -10.00000    
     ppr_add78     9.999870000000000         1.000000        -10.00000    
     ppr_add79     9.999870000000000         1.000000        -10.00000    
     ppr_add80     9.999870000000000         1.000000        -10.00000    
     ppr_add81     9.999870000000000         1.000000        -10.00000    
     ppr_add82     9.999870000000000         1.000000        -10.00000    
     ppr_add83     9.999870000000000         1.000000        -10.00000    
     ppr_add84     9.999870000000000         1.000000        -10.00000    
     ppr_add85     9.999870000000000         1.000000        -10.00000    
     ppr_add86     9.999870000000000         1.000000        -10.00000    
     ppr_add87     9.999870000000000         1.000000        -10.00000    
     ppr_add88     9.999870000000000         1.000000        -10.00000    
     ppr_add89     9.999870000000000         1.000000        -10.00000    
     ppr_add90     9.999870000000000         1.000000        -10.00000    
     ppr_add91     9.999870000000000         1.000000        -10.00000    
     ppr_add92     9.999870000000000         1.000000        -10.00000    
     ppr_add93     9.999870000000000         1.000000        -10.00000    
     ppr_add94     9.999870000000000         1.000000        -10.00000    
     ppr_add95     9.999870000000000         1.000000        -10.00000    
     ppr_add96     9.999870000000000         1.000000        -10.00000    
     ppr_add97     9.999870000000000         1.000000        -10.00000    
     ppr_add98     9.999870000000000         1.000000        -10.00000    
     ppr_add99     9.999870000000000         1.000000        -10.00000    
    ppr_add100     9.999870000000000         1.000000        -10.00000    
    ppr_add101     9.999870000000000         1.000000        -10.00000    
    ppr_add102     9.999870000000000         1.000000        -10.00000    
    ppr_add103     9.999870000000000         1.000000        -10.00000    
    ppr_add104     9.999870000000000         1.000000        -10.00000    
    ppr_add105     9.999870000000000         1.000000        -10.00000    
    ppr_add106     9.999870000000000         1.000000        -10.00000    
    ppr_add107     9.999870000000000         1.000000        -10.00000    
    ppr_add108     9.999870000000000         1.000000        -10.00000    
    ppr_add109     9.999870000000000         1.000000        -10.00000    
    ppr_add110     9.999870000000000         1.000000        -10.00000    
    ppr_add111     9.999870000000000         1.000000        -10.00000    
    ppr_add112     9.999870000000000         1.000000        -10.00000    
    ppr_add113     9.999870000000000         1.000000        -10.00000    
    ppr_add114     9.999870000000000         1.000000        -10.00000    
    ppr_add115     9.999870000000000         1.000000        -10.00000    
    ppr_add116     9.999870000000000         1.000000        -10.00000    
    ppr_add117     9.999870000000000         1.000000        -10.00000    
    ppr_add118     9.999870000000000         1.000000        -10.00000    
    ppr_add119     9.999870000000000         1.000000        -10.00000    
    ppr_add120     9.999870000000000         1.000000        -10.00000    
    ppr_add121     9.999870000000000         1.000000        -10.00000    
    ppr_add122     9.999870000000000         1.000000        -10.00000    
    ppr_add123     9.999870000000000         1.000000        -10.00000    
    ppr_add124     9.999870000000000         1.000000        -10.00000    
    ppr_add125     9.999870000000000         1.000000        -10.00000    
    ppr_add126     9.999870000000000         1.000000        -10.00000    
    ppr_add127     9.999870000000000         1.000000        -10.00000    
    ppr_add128     9.999870000000000         1.000000        -10.00000    
    ppr_add129     9.999870000000000         1.000000        -10.00000    
    ppr_add130     9.999870000000000         1.000000        -10.00000    
    ppr_add131     9.999870000000000         1.000000        -10.00000    
    ppr_add132     9.999870000000000         1.000000        -10.00000    
    ppr_add133     9.999870000000000         1.000000        -10.00000    
    ppr_add134     9.999870000000000         1.000000        -10.00000    
    ppr_add135     9.999870000000000         1.000000        -10.00000    
    ppr_add136     9.999870000000000         1.000000        -10.00000    
    ppr_add137     9.999870000000000         1.000000        -10.00000    
    ppr_add138     9.999870000000000         1.000000        -10.00000    
    ppr_add139     9.999870000000000         1.000000        -10.00000    
    ppr_add140     9.999870000000000         1.000000        -10.00000    
    ppr_add141     9.999870000000000         1.000000        -10.00000    
    ppr_add142     9.999870000000000         1.000000        -10.00000    
    ppr_add143     9.999870000000000         1.000000        -10.00000    
    ppr_add144     9.999870000000000         1.000000        -10.00000    
    ppr_add145     9.999870000000000         1.000000        -10.00000    
    ppr_add146     9.999870000000000         1.000000        -10.00000    
    ppr_add147     9.999870000000000         1.000000        -10.00000    
      ppw_mul1     20.00000000000000         1.000000         0.000000    
      ppw_mul2     20.00000000000000         1.000000         0.000000    
      ppw_mul3     20.00000000000000         1.000000         0.000000    
      ppw_mul4     18.03158000000000         1.000000         0.000000    
      ppw_mul5     10.06997000000000         1.000000         0.000000    
      ppw_mul6     7.347809000000000         1.000000         0.000000    
      ppw_mul7     7.237459000000000         1.000000         0.000000    
      ppw_mul8     6.403978000000000         1.000000         0.000000    
      ppw_mul9     4.874964000000000         1.000000         0.000000    
     ppw_mul10     3.319256000000000         1.000000         0.000000    
     ppw_mul11     2.414163000000000         1.000000         0.000000    
     ppw_mul12     2.707124000000000         1.000000         0.000000    
     ppw_mul13     1.614836000000000         1.000000         0.000000    
     ppw_mul14     1.010487000000000         1.000000         0.000000    
     ppw_mul15    0.4706060000000000         1.000000         0.000000    
     ppw_mul16    0.3416413000000000         1.000000         0.000000    
     ppw_mul17    0.3510710000000000         1.000000         0.000000    
     ppw_mul18    0.3045590000000000         1.000000         0.000000    
     ppw_mul19    0.2545057000000000         1.000000         0.000000    
     ppw_mul20    0.2591602000000000         1.000000         0.000000    
     ppw_mul21    0.2839920000000000         1.000000         0.000000    
     ppw_mul22    0.2968942000000000         1.000000         0.000000    
     ppw_mul23    0.3413784000000000         1.000000         0.000000    
     ppw_mul24    0.3572671000000000         1.000000         0.000000    
     ppw_mul25    0.3255789000000000         1.000000         0.000000    
     ppw_mul26    0.3751998000000000         1.000000         0.000000    
     ppw_mul27    0.4401113000000000         1.000000         0.000000    
     ppw_mul28    0.5499501999999999         1.000000         0.000000    
     ppw_mul29    0.6685677000000000         1.000000         0.000000    
     ppw_mul30    0.7032741000000000         1.000000         0.000000    
     ppw_mul31    0.7297760000000000         1.000000         0.000000    
     ppw_mul32    0.7257123000000000         1.000000         0.000000    
     ppw_mul33    0.8540877000000000         1.000000         0.000000    
     ppw_mul34     1.202829000000000         1.000000         0.000000    
     ppw_mul35     1.320879000000000         1.000000         0.000000    
     ppw_mul36    0.9674974000000000         1.000000         0.000000    
     ppw_mul37    0.9818232000000000         1.000000         0.000000    
     ppw_mul38     9.347398000000000         1.000000         0.000000    
     ppw_mul39     8.056718999999999         1.000000         0.000000    
     ppw_mul40     6.360588000000000         1.000000         0.000000    
     ppw_mul41     3.063217000000000         1.000000         0.000000    
     ppw_mul42     2.309134000000000         1.000000         0.000000    
     ppw_mul43     1.962651000000000         1.000000         0.000000    
     ppw_mul44    0.9692717000000000         1.000000         0.000000    
     ppw_mul45    0.4754512000000000         1.000000         0.000000    
     ppw_mul46    0.3623111000000000         1.000000         0.000000    
     ppw_mul47    0.4578595000000000         1.000000         0.000000    
     ppw_mul48    0.4667757000000000         1.000000         0.000000    
     ppw_mul49    0.5277119000000000         1.000000         0.000000    
     ppw_mul50    0.4375843000000000         1.000000         0.000000    
     ppw_mul51    0.3774359000000000         1.000000         0.000000    
     ppw_mul52    0.3626467000000000         1.000000         0.000000    
     ppw_mul53    0.5482691000000000         1.000000         0.000000    
     ppw_mul54    0.5379269000000000         1.000000         0.000000    
     ppw_mul55    0.7196742000000000         1.000000         0.000000    
     ppw_mul56    0.8253654000000000         1.000000         0.000000    
     ppw_mul57    0.9462355000000000         1.000000         0.000000    
     ppw_mul58    0.7600648000000000         1.000000         0.000000    
     ppw_mul59    0.8413496000000000         1.000000         0.000000    
     ppw_mul60     1.012836000000000         1.000000         0.000000    
     ppw_mul61     1.055091000000000         1.000000         0.000000    
