  single point
  ghbcond1pp01     1.000000000000000         1.000000         0.000000    
  ghbcond3pp01     1.000000000000000         1.000000         0.000000    
  ghbcond1pp02     1.000000000000000         1.000000         0.000000    
  ghbcond3pp02     1.000000000000000         1.000000         0.000000    
  ghbcond1pp03     1.000000000000000         1.000000         0.000000    
  ghbcond3pp03     1.000000000000000         1.000000         0.000000    
  ghbcond1pp04     1.000000000000000         1.000000         0.000000    
  ghbcond3pp04     1.000000000000000         1.000000         0.000000    
  ghbcond1pp05     1.000000000000000         1.000000         0.000000    
  ghbcond3pp05     1.000000000000000         1.000000         0.000000    
  ghbcond1pp06     1.000000000000000         1.000000         0.000000    
  ghbcond3pp06     1.000000000000000         1.000000         0.000000    
  ghbcond1pp07     1.000000000000000         1.000000         0.000000    
  ghbcond3pp07     1.000000000000000         1.000000         0.000000    
  ghbcond1pp08     1.000000000000000         1.000000         0.000000    
  ghbcond3pp08     1.000000000000000         1.000000         0.000000    
  ghbcond1pp09     1.000000000000000         1.000000         0.000000    
  ghbcond3pp09     1.000000000000000         1.000000         0.000000    
  ghbcond1pp10     1.000000000000000         1.000000         0.000000    
  ghbcond3pp10     1.000000000000000         1.000000         0.000000    
  ghbcond1pp11     1.000000000000000         1.000000         0.000000    
  ghbcond3pp11     1.000000000000000         1.000000         0.000000    
  ghbcond1pp12     1.000000000000000         1.000000         0.000000    
  ghbcond3pp12     1.000000000000000         1.000000         0.000000    
  ghbcond1pp13     1.000000000000000         1.000000         0.000000    
  ghbcond3pp13     1.000000000000000         1.000000         0.000000    
  ghbcond1pp14     1.000000000000000         1.000000         0.000000    
  ghbcond3pp14     1.000000000000000         1.000000         0.000000    
  ghbcond1pp15     1.000000000000000         1.000000         0.000000    
  ghbcond3pp15     1.000000000000000         1.000000         0.000000    
  ghbcond1pp16     1.000000000000000         1.000000         0.000000    
  ghbcond3pp16     1.000000000000000         1.000000         0.000000    
  ghbcond1pp17     1.000000000000000         1.000000         0.000000    
  ghbcond3pp17     1.000000000000000         1.000000         0.000000    
  ghbcond1pp18     1.000000000000000         1.000000         0.000000    
  ghbcond3pp18     1.000000000000000         1.000000         0.000000    
  ghbcond1pp19     1.000000000000000         1.000000         0.000000    
  ghbcond3pp19     1.000000000000000         1.000000         0.000000    
  ghbcond1pp20     1.000000000000000         1.000000         0.000000    
  ghbcond3pp20     1.000000000000000         1.000000         0.000000    
  ghbcond1pp21     1.000000000000000         1.000000         0.000000    
  ghbcond3pp21     1.000000000000000         1.000000         0.000000    
  ghbcond1pp22     1.000000000000000         1.000000         0.000000    
  ghbcond3pp22     1.000000000000000         1.000000         0.000000    
  ghbcond1pp23     1.000000000000000         1.000000         0.000000    
  ghbcond3pp23     1.000000000000000         1.000000         0.000000    
  ghbcond1pp24     1.000000000000000         1.000000         0.000000    
  ghbcond3pp24     1.000000000000000         1.000000         0.000000    
  ghbcond1pp25     1.000000000000000         1.000000         0.000000    
  ghbcond3pp25     1.000000000000000         1.000000         0.000000    
  ghbcond1pp26     1.000000000000000         1.000000         0.000000    
  ghbcond3pp26     1.000000000000000         1.000000         0.000000    
  ghbcond1pp27     1.000000000000000         1.000000         0.000000    
  ghbcond3pp27     1.000000000000000         1.000000         0.000000    
  ghbcond1pp28     1.000000000000000         1.000000         0.000000    
  ghbcond3pp28     1.000000000000000         1.000000         0.000000    
  ghbcond1pp29     1.000000000000000         1.000000         0.000000    
  ghbcond3pp29     1.000000000000000         1.000000         0.000000    
  ghbcond1pp30     1.000000000000000         1.000000         0.000000    
  ghbcond3pp30     1.000000000000000         1.000000         0.000000    
  ghbcond1pp31     1.000000000000000         1.000000         0.000000    
  ghbcond3pp31     1.000000000000000         1.000000         0.000000    
  ghbcond1pp32     1.000000000000000         1.000000         0.000000    
  ghbcond3pp32     1.000000000000000         1.000000         0.000000    
  ghbcond1pp33     1.000000000000000         1.000000         0.000000    
  ghbcond3pp33     1.000000000000000         1.000000         0.000000    
  ghbcond1pp34     1.000000000000000         1.000000         0.000000    
  ghbcond3pp34     1.000000000000000         1.000000         0.000000    
  ghbcond1pp35     1.000000000000000         1.000000         0.000000    
  ghbcond3pp35     1.000000000000000         1.000000         0.000000    
  ghbcond1pp36     1.000000000000000         1.000000         0.000000    
  ghbcond3pp36     1.000000000000000         1.000000         0.000000    
  ghbcond1pp37     1.000000000000000         1.000000         0.000000    
  ghbcond3pp37     1.000000000000000         1.000000         0.000000    
  ghbcond1pp38     1.000000000000000         1.000000         0.000000    
  ghbcond3pp38     1.000000000000000         1.000000         0.000000    
  ghbcond1pp39     1.000000000000000         1.000000         0.000000    
  ghbcond3pp39     1.000000000000000         1.000000         0.000000    
  ghbcond1pp40     1.000000000000000         1.000000         0.000000    
  ghbcond3pp40     1.000000000000000         1.000000         0.000000    
  ghbcond1pp41     1.000000000000000         1.000000         0.000000    
  ghbcond3pp41     1.000000000000000         1.000000         0.000000    
