  1 2918      89.34897614     100.00000000      88.84897614  trib
  1 2929      89.11705017     100.00000000      88.61705017  trib
  1 2921      89.12804413     100.00000000      88.62804413  trib
  1 2926      89.21537781     100.00000000      88.71537781  trib
  1 2922      89.17655945     100.00000000      88.67655945  trib
  1 2928      89.27370453     100.00000000      88.77370453  trib
  1 2927      89.22554779     100.00000000      88.72554779  trib
  1 2929      89.11705017     100.00000000      88.61705017  trib
  1 2948      88.84173584     100.00000000      88.34173584  trib
  1 2930      89.06112671     100.00000000      88.56112671  trib
  1 2947      88.89721680     100.00000000      88.39721680  trib
  1 2943      89.01013947     100.00000000      88.51013947  trib
  1 2944      88.95871735     100.00000000      88.45871735  trib
  1 2948      88.84173584     100.00000000      88.34173584  trib
  1 2971      88.96420288     100.00000000      88.46420288  trib
  1 2953      88.85750580     100.00000000      88.35750580  trib
  1 2958      88.93949890     100.00000000      88.43949890  trib
  1 2954      88.88145447     100.00000000      88.38145447  trib
  1 2957      88.91268158     100.00000000      88.41268158  trib
  1 2971      88.96420288     100.00000000      88.46420288  trib
  1 2984      88.53314209     100.00000000      88.03314209  trib
  1 2972      89.02203369     100.00000000      88.52203369  trib
  1 2983      88.61707306     100.00000000      88.11707306  trib
  1 2974      88.89952087     100.00000000      88.39952087  trib
  1 2978      88.70965576     100.00000000      88.20965576  trib
  1 2977      88.79860687     100.00000000      88.29860687  trib
  1 2984      88.53314209     100.00000000      88.03314209  trib
  1 3008      88.49993134     100.00000000      87.99993134  trib
  1 2987      88.51068115     100.00000000      88.01068115  trib
  1 3005      88.45278931     100.00000000      87.95278931  trib
  1 2988      88.49143982     100.00000000      87.99143982  trib
  1 3004      88.47212982     100.00000000      87.97212982  trib
  1 3008      88.49993134     100.00000000      87.99993134  trib
  1 3016      88.31338501     100.00000000      87.81338501  trib
  1 3009      88.65008545     100.00000000      88.15008545  trib
  1 3013      88.24088287     100.00000000      87.74088287  trib
  1 3007      88.57695770     100.00000000      88.07695770  trib
  1 3012      88.40661621     100.00000000      87.90661621  trib
  1 3016      88.31338501     100.00000000      87.81338501  trib
  1 3032      88.25861359     100.00000000      87.75861359  trib
  1 3017      88.53892517     100.00000000      88.03892517  trib
  1 3031      88.09890747     100.00000000      87.59890747  trib
  1 3001      88.39733124     100.00000000      87.89733124  trib
  1 3028      88.42524719     100.00000000      87.92524719  trib
  1 3029      88.12102509     100.00000000      87.62102509  trib
  1 3030      88.36991882     100.00000000      87.86991882  trib
  1 3032      88.25861359     100.00000000      87.75861359  trib
  1 2497      88.11518097     100.00000000      87.61518097  trib
  1 3026      88.47016907     100.00000000      87.97016907  trib
  1 3040      88.31459045     100.00000000      87.81459045  trib
  1 3037      88.10694885     100.00000000      87.60694885  trib
  1 3039      87.98637390     100.00000000      87.48637390  trib
  1 3038      88.20810699     100.00000000      87.70810699  trib
  1 3036      88.32836914     100.00000000      87.82836914  trib
  1 2497      88.11518097     100.00000000      87.61518097  trib
  1 2510      87.98574066     100.00000000      87.48574066  trib
  1 2513      88.00934601     100.00000000      87.50934601  trib
  1 2509      88.40969849     100.00000000      87.90969849  trib
  1 2514      88.30551147     100.00000000      87.80551147  trib
  1 2515      88.04326630     100.00000000      87.54326630  trib
  1 2512      88.02616119     100.00000000      87.52616119  trib
  1 2510      87.98574066     100.00000000      87.48574066  trib
  1 2537      87.66908264     100.00000000      87.16908264  trib
  1 2521      87.80211639     100.00000000      87.30211639  trib
  1 2524      87.83576965     100.00000000      87.33576965  trib
  1 2522      87.93521881     100.00000000      87.43521881  trib
  1 2523      88.06157684     100.00000000      87.56157684  trib
  1 2525      88.09647369     100.00000000      87.59647369  trib
  1 2537      87.66908264     100.00000000      87.16908264  trib
  1 2548      87.54245758     100.00000000      87.04245758  trib
  1 2538      87.65438080     100.00000000      87.15438080  trib
  1 2547      87.57325745     100.00000000      87.07325745  trib
  1 2541      87.62480927     100.00000000      87.12480927  trib
  1 2542      87.59920502     100.00000000      87.09920502  trib
  1 2548      87.54245758     100.00000000      87.04245758  trib
  1 2569      87.93149567     100.00000000      87.43149567  trib
  1 2551      87.52877045     100.00000000      87.02877045  trib
  1 2566      87.81334686     100.00000000      87.31334686  trib
  1 2552      87.61884308     100.00000000      87.11884308  trib
  1 2565      87.71546173     100.00000000      87.21546173  trib
  1 2569      87.93149567     100.00000000      87.43149567  trib
  1 2582      87.37967682     100.00000000      86.87967682  trib
  1 2571      87.67417145     100.00000000      87.17417145  trib
  1 2581      87.28063965     100.00000000      86.78063965  trib
  1 2572      87.55956268     100.00000000      87.05956268  trib
  1 2578      87.33186340     100.00000000      86.83186340  trib
  1 2577      87.44569397     100.00000000      86.94569397  trib
  1 2582      87.37967682     100.00000000      86.87967682  trib
  1 2600      87.34889984     100.00000000      86.84889984  trib
  1 2592      87.47370148     100.00000000      86.97370148  trib
  1 2599      87.46025085     100.00000000      86.96025085  trib
  1 2593      87.56431580     100.00000000      87.06431580  trib
  1 2596      87.66797638     100.00000000      87.16797638  trib
  1 2600      87.34889984     100.00000000      86.84889984  trib
  1 2617      87.23015594     100.00000000      86.73015594  trib
  1 2605      87.23394012     100.00000000      86.73394012  trib
  1 2610      87.12398529     100.00000000      86.62398529  trib
  1 2606      87.11841583     100.00000000      86.61841583  trib
  1 2609      87.01667023     100.00000000      86.51667023  trib
  1 2617      87.23015594     100.00000000      86.73015594  trib
  1 2630      86.95930481     100.00000000      86.45930481  trib
  1 2618      87.34841919     100.00000000      86.84841919  trib
  1 2629      86.84636688     100.00000000      86.34636688  trib
  1 2620      87.19529724     100.00000000      86.69529724  trib
  1 2624      86.93322754     100.00000000      86.43322754  trib
  1 2623      87.05381775     100.00000000      86.55381775  trib
  1 2630      86.95930481     100.00000000      86.45930481  trib
  1 3092      86.78874207     100.00000000      86.28874207  trib
  1 2633      87.09291077     100.00000000      86.59291077  trib
  1 3089      86.69227600     100.00000000      86.19227600  trib
  1 3080      87.08844757     100.00000000      86.58844757  trib
  1 3088      86.82700348     100.00000000      86.32700348  trib
  1 3081      86.95906830     100.00000000      86.45906830  trib
  1 3092      86.78874207     100.00000000      86.28874207  trib
  1 3105      86.64228821     100.00000000      86.14228821  trib
  1 3093      86.89029694     100.00000000      86.39029694  trib
  1 3104      86.54386902     100.00000000      86.04386902  trib
  1 3098      86.98741913     100.00000000      86.48741913  trib
  1 3101      86.68838501     100.00000000      86.18838501  trib
  1 3100      86.82968140     100.00000000      86.32968140  trib
  1 3105      86.64228821     100.00000000      86.14228821  trib
  1 3120      86.47900391     100.00000000      85.97900391  trib
  1 3112      86.73769379     100.00000000      86.23769379  trib
  1 3119      86.62375641     100.00000000      86.12375641  trib
  1 3113      86.83784485     100.00000000      86.33784485  trib
  1 3116      86.79100800     100.00000000      86.29100800  trib
  1 3120      86.47900391     100.00000000      85.97900391  trib
  1 3145      86.37895966     100.00000000      85.87895966  trib
  1 3125      86.38088226     100.00000000      85.88088226  trib
  1 3132      86.51440430     100.00000000      86.01440430  trib
  1 3126      86.48143005     100.00000000      85.98143005  trib
  1 3131      86.65035248     100.00000000      86.15035248  trib
  1 3129      86.60608673     100.00000000      86.10608673  trib
  1 3145      86.37895966     100.00000000      85.87895966  trib
  1 3163      86.38815308     100.00000000      85.88815308  trib
  1 3146      86.26003265     100.00000000      85.76003265  trib
  1 3156      86.51942444     100.00000000      86.01942444  trib
  1 3149      86.25946808     100.00000000      85.75946808  trib
  1 3155      86.43636322     100.00000000      85.93636322  trib
  1 3150      86.34911346     100.00000000      85.84911346  trib
  1 3163      86.38815308     100.00000000      85.88815308  trib
  1 3184      85.97940826     100.00000000      85.47940826  trib
  1 3166      86.28792572     100.00000000      85.78792572  trib
  1 3181      86.01469421     100.00000000      85.51469421  trib
  1 3167      86.19991302     100.00000000      85.69991302  trib
  1 3180      86.10900116     100.00000000      85.60900116  trib
  1 3184      85.97940826     100.00000000      85.47940826  trib
  1 3195      85.89282990     100.00000000      85.39282990  trib
  1 3185      85.97369385     100.00000000      85.47369385  trib
  1 3194      85.95401764     100.00000000      85.45401764  trib
  1 3190      85.96764374     100.00000000      85.46764374  trib
  1 3191      85.96141815     100.00000000      85.46141815  trib
  1 3195      85.89282990     100.00000000      85.39282990  trib
  1 3225      85.99452972     100.00000000      85.49452972  trib
  1 3220      85.78411865     100.00000000      85.28411865  trib
  1 3224      85.93639374     100.00000000      85.43639374  trib
  1 3221      85.85834503     100.00000000      85.35834503  trib
  1 3225      85.99452972     100.00000000      85.49452972  trib
  1 3236      85.54716492     100.00000000      85.04716492  trib
  1 3206      86.09227753     100.00000000      85.59227753  trib
  1 3211      86.00368500     100.00000000      85.50368500  trib
  1 3214      85.76104736     100.00000000      85.26104736  trib
  1 3217      85.82223511     100.00000000      85.32223511  trib
  1 3215      85.83549500     100.00000000      85.33549500  trib
  1 3216      85.61785889     100.00000000      85.11785889  trib
  1 3213      86.06681824     100.00000000      85.56681824  trib
  1 3236      85.54716492     100.00000000      85.04716492  trib
  1 2687      85.58670044     100.00000000      85.08670044  trib
  1 3237      85.75383759     100.00000000      85.25383759  trib
  1 2689      85.66537476     100.00000000      85.16537476  trib
  1 3235      85.75299835     100.00000000      85.25299835  trib
  1 2678      85.49839783     100.00000000      84.99839783  trib
  1 3238      85.63348389     100.00000000      85.13348389  trib
  1 2677      85.89208221     100.00000000      85.39208221  trib
  1 2687      85.58670044     100.00000000      85.08670044  trib
  1 2709      85.35066986     100.00000000      84.85066986  trib
  1 2688      85.50791931     100.00000000      85.00791931  trib
  1 2684      85.68371582     100.00000000      85.18371582  trib
  1 2682      85.98100281     100.00000000      85.48100281  trib
  1 2686      85.46174622     100.00000000      84.96174622  trib
  1 2685      85.47966766     100.00000000      84.97966766  trib
  1 2709      85.35066986     100.00000000      84.85066986  trib
  1 2703      85.21954346     100.00000000      84.71954346  trib
  1 2710      85.36672974     100.00000000      84.86672974  trib
  1 2698      85.27600098     100.00000000      84.77600098  trib
  1 2713      85.48509979     100.00000000      84.98509979  trib
  1 2697      85.40013123     100.00000000      84.90013123  trib
  1 2703      85.21954346     100.00000000      84.71954346  trib
  1 2729      85.01241302     100.00000000      84.51241302  trib
  1 2704      85.29264069     100.00000000      84.79264069  trib
  1 2731      85.37181854     100.00000000      84.87181854  trib
  1 2707      85.31747437     100.00000000      84.81747437  trib
  1 2730      85.36208344     100.00000000      84.86208344  trib
  1 2708      85.33985901     100.00000000      84.83985901  trib
  1 2729      85.01241302     100.00000000      84.51241302  trib
  1 2748      84.90248108     100.00000000      84.40248108  trib
  1 2732      85.09963226     100.00000000      84.59963226  trib
  1 2745      85.02469635     100.00000000      84.52469635  trib
  1 2733      85.20551300     100.00000000      84.70551300  trib
  1 2744      85.07384491     100.00000000      84.57384491  trib
  1 1036      89.20024872     100.00000000      88.70024872  trib
  1 1028      89.09767151     100.00000000      88.59767151  trib
  1 1037      89.13773346     100.00000000      88.63773346  trib
  1 1041      89.30284882     100.00000000      88.80284882  trib
  1 1035      89.34814453     100.00000000      88.84814453  trib
  1 1040      88.94460297     100.00000000      88.44460297  trib
  1 1028      89.09767151     100.00000000      88.59767151  trib
  1 1050      88.90097046     100.00000000      88.40097046  trib
  1 1031      89.00456238     100.00000000      88.50456238  trib
  1 1049      88.90486145     100.00000000      88.40486145  trib
  1 1032      89.19697571     100.00000000      88.69697571  trib
  1 1030      89.15467072     100.00000000      88.65467072  trib
  1 1050      88.90097046     100.00000000      88.40097046  trib
  1 1060      88.66432190     100.00000000      88.16432190  trib
  1 1053      88.87533569     100.00000000      88.37533569  trib
  1 1059      88.73322296     100.00000000      88.23322296  trib
  1 1054      88.80366516     100.00000000      88.30366516  trib
  1 1060      88.66432190     100.00000000      88.16432190  trib
  1 1080      88.89749908     100.00000000      88.39749908  trib
  1 1063      88.90224457     100.00000000      88.40224457  trib
  1 1079      88.68834686     100.00000000      88.18834686  trib
  1 1065      88.98019409     100.00000000      88.48019409  trib
  1 1066      88.72453308     100.00000000      88.22453308  trib
  1 1080      88.89749908     100.00000000      88.39749908  trib
  1 1101      88.77751923     100.00000000      88.27751923  trib
  1 1087      88.75408173     100.00000000      88.25408173  trib
  1 1098      88.75673676     100.00000000      88.25673676  trib
  1 1090      88.69688416     100.00000000      88.19688416  trib
  1 1093      88.51177979     100.00000000      88.01177979  trib
  1 1092      88.87142944     100.00000000      88.37142944  trib
  1 1101      88.77751923     100.00000000      88.27751923  trib
  1 1203      88.66567230     100.00000000      88.16567230  trib
  1 1102      88.45587158     100.00000000      87.95587158  trib
  1 1108      88.59467316     100.00000000      88.09467316  trib
  1 1105      88.79930878     100.00000000      88.29930878  trib
  1 1107      88.50132751     100.00000000      88.00132751  trib
  1 1203      88.66567230     100.00000000      88.16567230  trib
  1 1217      88.35835266     100.00000000      87.85835266  trib
  1 1210      88.41123199     100.00000000      87.91123199  trib
  1 1216      88.56638336     100.00000000      88.06638336  trib
  1 1211      88.41719818     100.00000000      87.91719818  trib
  1 1214      88.58060455     100.00000000      88.08060455  trib
  1 1217      88.35835266     100.00000000      87.85835266  trib
  1 1227      88.39045715     100.00000000      87.89045715  trib
  1 1222      88.35260773     100.00000000      87.85260773  trib
  1 1226      88.38011932     100.00000000      87.88011932  trib
  1 1223      88.36630249     100.00000000      87.86630249  trib
  1 1227      88.39045715     100.00000000      87.89045715  trib
  1 1239      88.04065704     100.00000000      87.54065704  trib
  1 1234      88.30893707     100.00000000      87.80893707  trib
  1 1238      88.13732910     100.00000000      87.63732910  trib
  1 1235      88.22876740     100.00000000      87.72876740  trib
  1 1239      88.04065704     100.00000000      87.54065704  trib
  1 1257      88.07058716     100.00000000      87.57058716  trib
  1 1244      88.51267242     100.00000000      88.01267242  trib
  1 1253      88.42263794     100.00000000      87.92263794  trib
  1 1247      88.07194519     100.00000000      87.57194519  trib
  1 1250      88.04279327     100.00000000      87.54279327  trib
  1 1248      88.38167572     100.00000000      87.88167572  trib
  1 1257      88.07058716     100.00000000      87.57058716  trib
  1 1265      87.92478180     100.00000000      87.42478180  trib
  1 1259      88.02757263     100.00000000      87.52757263  trib
  1 1263      88.12450409     100.00000000      87.62450409  trib
  1 1262      88.27678680     100.00000000      87.77678680  trib
  1 1265      87.92478180     100.00000000      87.42478180  trib
  1 1384      88.29434967     100.00000000      87.79434967  trib
  1 1369      88.22489929     100.00000000      87.72489929  trib
  1 1382      87.86414337     100.00000000      87.36414337  trib
  1 1376      88.08245850     100.00000000      87.58245850  trib
  1 1379      88.24560547     100.00000000      87.74560547  trib
  1 1378      88.02307129     100.00000000      87.52307129  trib
  1 1384      88.29434967     100.00000000      87.79434967  trib
  1 1401      87.76239014     100.00000000      87.26239014  trib
  1 1387      87.93321991     100.00000000      87.43321991  trib
  1 1400      88.12203979     100.00000000      87.62203979  trib
  1 1388      87.90824890     100.00000000      87.40824890  trib
  1 1393      88.07864380     100.00000000      87.57864380  trib
  1 1401      87.76239014     100.00000000      87.26239014  trib
  1 1431      88.03483582     100.00000000      87.53483582  trib
  1 1404      87.85140991     100.00000000      87.35140991  trib
  1 1430      87.98225403     100.00000000      87.48225403  trib
  1 1405      87.92095184     100.00000000      87.42095184  trib
  1 1431      88.03483582     100.00000000      87.53483582  trib
  1 1425      87.71547699     100.00000000      87.21547699  trib
  1 1415      87.94287109     100.00000000      87.44287109  trib
  1 1424      87.60007477     100.00000000      87.10007477  trib
  1 1418      87.77522278     100.00000000      87.27522278  trib
  1 1419      87.62200928     100.00000000      87.12200928  trib
  1 1425      87.71547699     100.00000000      87.21547699  trib
  1 1444      87.50585938     100.00000000      87.00585938  trib
  1 1428      87.80493164     100.00000000      87.30493164  trib
  1 1443      87.59600830     100.00000000      87.09600830  trib
  1 1429      87.87754059     100.00000000      87.37754059  trib
  1 1427      87.72649384     100.00000000      87.22649384  trib
  1 1444      87.50585938     100.00000000      87.00585938  trib
  1 1454      87.55094910     100.00000000      87.05094910  trib
  1 1447      87.49858093     100.00000000      86.99858093  trib
  1 1453      87.48895264     100.00000000      86.98895264  trib
  1 1448      87.49311066     100.00000000      86.99311066  trib
  1 1454      87.55094910     100.00000000      87.05094910  trib
  1 1473      87.35189819     100.00000000      86.85189819  trib
  1 1456      87.68618774     100.00000000      87.18618774  trib
  1 1460      87.23372650     100.00000000      86.73372650  trib
  1 1459      87.44259644     100.00000000      86.94259644  trib
  1 1473      87.35189819     100.00000000      86.85189819  trib
  1 1492      87.38317871     100.00000000      86.88317871  trib
  1 1474      87.56316376     100.00000000      87.06316376  trib
  1 1490      87.48377228     100.00000000      86.98377228  trib
  1 1481      87.46709442     100.00000000      86.96709442  trib
  1 1485      87.25391388     100.00000000      86.75391388  trib
  1 1484      87.19042206     100.00000000      86.69042206  trib
  1 1492      87.38317871     100.00000000      86.88317871  trib
  1 1510      87.23470306     100.00000000      86.73470306  trib
  1 1493      87.21559143     100.00000000      86.71559143  trib
  1 1497      87.10993195     100.00000000      86.60993195  trib
  1 1496      87.01791382     100.00000000      86.51791382  trib
  1 1510      87.23470306     100.00000000      86.73470306  trib
  1 1520      87.12251282     100.00000000      86.62251282  trib
  1 1511      87.21799469     100.00000000      86.71799469  trib
  1 1515      87.16538239     100.00000000      86.66538239  trib
  1 1514      87.19071198     100.00000000      86.69071198  trib
  1 1520      87.12251282     100.00000000      86.62251282  trib
  1 1547      87.05761719     100.00000000      86.55761719  trib
  1 1521      86.94769287     100.00000000      86.44769287  trib
  1 1525      86.91736603     100.00000000      86.41736603  trib
  1 1524      86.78276825     100.00000000      86.28276825  trib
  1 1547      87.05761719     100.00000000      86.55761719  trib
  1 1534      86.92029572     100.00000000      86.42029572  trib
  1 1545      87.05513000     100.00000000      86.55513000  trib
  1 1550      86.99007416     100.00000000      86.49007416  trib
  1 1546      86.80690765     100.00000000      86.30690765  trib
  1 1549      86.79204559     100.00000000      86.29204559  trib
  1 1534      86.92029572     100.00000000      86.42029572  trib
  1 1542      86.52817535     100.00000000      86.02817535  trib
  1 1539      86.66794586     100.00000000      86.16794586  trib
  1 1541      86.78847504     100.00000000      86.28847504  trib
  1 1540      86.70662689     100.00000000      86.20662689  trib
  1 1543      86.90538025     100.00000000      86.40538025  trib
  1 1542      86.52817535     100.00000000      86.02817535  trib
  1 1563      86.59162140     100.00000000      86.09162140  trib
  1 1564      86.59259796     100.00000000      86.09259796  trib
  1 1562      86.76445770     100.00000000      86.26445770  trib
  1 1565      86.68310547     100.00000000      86.18310547  trib
  1 1568      86.78376007     100.00000000      86.28376007  trib
  1 1563      86.59162140     100.00000000      86.09162140  trib
  1 1579      86.50765228     100.00000000      86.00765228  trib
  1 1574      86.56633759     100.00000000      86.06633759  trib
  1 1578      86.52288818     100.00000000      86.02288818  trib
  1 1575      86.54528809     100.00000000      86.04528809  trib
  1 1579      86.50765228     100.00000000      86.00765228  trib
  1 1597      86.49817657     100.00000000      85.99817657  trib
  1 1589      86.67023468     100.00000000      86.17023468  trib
  1 1596      86.27587891     100.00000000      85.77587891  trib
  1 1592      86.51689911     100.00000000      86.01689911  trib
  1 1593      86.32843018     100.00000000      85.82843018  trib
  1 1597      86.49817657     100.00000000      85.99817657  trib
  1 1617      86.18573761     100.00000000      85.68573761  trib
  1 1599      86.36013794     100.00000000      85.86013794  trib
  1 1615      86.50600433     100.00000000      86.00600433  trib
  1 1604      86.25942230     100.00000000      85.75942230  trib
  1 1612      86.15574646     100.00000000      85.65574646  trib
  1 1611      86.47255707     100.00000000      85.97255707  trib
  1 1617      86.18573761     100.00000000      85.68573761  trib
  1 1631      86.33850861     100.00000000      85.83850861  trib
  1 1618      86.43575287     100.00000000      85.93575287  trib
  1 1630      86.12330627     100.00000000      85.62330627  trib
  1 1621      86.18585968     100.00000000      85.68585968  trib
  1 1628      86.34644318     100.00000000      85.84644318  trib
  1 1631      86.33850861     100.00000000      85.83850861  trib
  1 1748      86.12784576     100.00000000      85.62784576  trib
  1 1737      86.02960968     100.00000000      85.52960968  trib
  1 1746      86.09858704     100.00000000      85.59858704  trib
  1 1739      86.40016174     100.00000000      85.90016174  trib
  1 1745      86.24851990     100.00000000      85.74851990  trib
  1 1742      86.08754730     100.00000000      85.58754730  trib
  1 1748      86.12784576     100.00000000      85.62784576  trib
  1 1769      86.25950623     100.00000000      85.75950623  trib
  1 1753      86.12291718     100.00000000      85.62291718  trib
  1 1766      86.13503265     100.00000000      85.63503265  trib
  1 1760      86.05541229     100.00000000      85.55541229  trib
  1 1763      85.98744965     100.00000000      85.48744965  trib
  1 1761      86.12748718     100.00000000      85.62748718  trib
  1 1769      86.25950623     100.00000000      85.75950623  trib
  1 1796      85.80576324     100.00000000      85.30576324  trib
  1 1770      86.30300903     100.00000000      85.80300903  trib
  1 1793      85.93222046     100.00000000      85.43222046  trib
  1 1767      86.06529236     100.00000000      85.56529236  trib
  1 1792      85.99727631     100.00000000      85.49727631  trib
  1 1796      85.80576324     100.00000000      85.30576324  trib
  1 1782      85.98588562     100.00000000      85.48588562  trib
  1 1794      86.02994537     100.00000000      85.52994537  trib
  1 1784      85.72969055     100.00000000      85.22969055  trib
  1 1795      85.76696014     100.00000000      85.26696014  trib
  1 1779      86.01010132     100.00000000      85.51010132  trib
  1 1782      85.98588562     100.00000000      85.48588562  trib
  1 1806      85.70838928     100.00000000      85.20838928  trib
  1 1783      85.78897858     100.00000000      85.28897858  trib
  1 1787      85.63243103     100.00000000      85.13243103  trib
  1 1786      85.63480377     100.00000000      85.13480377  trib
  1 1806      85.70838928     100.00000000      85.20838928  trib
  1 1818      85.46082306     100.00000000      84.96082306  trib
  1 1807      85.51714325     100.00000000      85.01714325  trib
  1 1813      85.56238556     100.00000000      85.06238556  trib
  1 1810      85.65015411     100.00000000      85.15015411  trib
  1 1812      85.74568939     100.00000000      85.24568939  trib
  1 1818      85.46082306     100.00000000      84.96082306  trib
  1 1832      85.41863251     100.00000000      84.91863251  trib
  1 1819      85.63792419     100.00000000      85.13792419  trib
  1 1831      85.51228333     100.00000000      85.01228333  trib
  1 1826      85.49089050     100.00000000      84.99089050  trib
  1 1829      85.54278564     100.00000000      85.04278564  trib
  1 1832      85.41863251     100.00000000      84.91863251  trib
  1 2077      85.28012085     100.00000000      84.78012085  trib
  1 1835      85.62293243     100.00000000      85.12293243  trib
  1 1848      85.49201965     100.00000000      84.99201965  trib
  1 1842      85.33376312     100.00000000      84.83376312  trib
  1 1845      85.32962799     100.00000000      84.82962799  trib
  1 1843      85.50656128     100.00000000      85.00656128  trib
  1 2077      85.28012085     100.00000000      84.78012085  trib
  1 2091      85.23211670     100.00000000      84.73211670  trib
  1 2078      85.44244385     100.00000000      84.94244385  trib
  1 2089      85.30310059     100.00000000      84.80310059  trib
  1 2080      85.26119995     100.00000000      84.76119995  trib
  1 2088      85.25527954     100.00000000      84.75527954  trib
  1 2085      85.39897156     100.00000000      84.89897156  trib
  1 2091      85.23211670     100.00000000      84.73211670  trib
  1 2114      85.07020569     100.00000000      84.57020569  trib
  1 2094      85.35296631     100.00000000      84.85296631  trib
  1 2104      85.17659760     100.00000000      84.67659760  trib
  1 2098      85.14219666     100.00000000      84.64219666  trib
  1 2101      85.14942169     100.00000000      84.64942169  trib
  1 2099      85.41950989     100.00000000      84.91950989  trib
  1 2114      85.07020569     100.00000000      84.57020569  main
  1 2120      85.00152588     100.00000000      84.50152588  main
  1 2115      85.18247223     100.00000000      84.68247223  main
  1 2117      85.00019836     100.00000000      84.50019836  main
  1 2120      85.00152588     100.00000000      84.50152588  main
  1 2737      85.32451630     100.00000000      84.82451630  main
  1 2121      85.16510773     100.00000000      84.66510773  main
  1 2736      84.96147156     100.00000000      84.46147156  main
  1 2725      84.97257233     100.00000000      84.47257233  main
  1 2737      85.32451630     100.00000000      84.82451630  main
  1 2751      85.11299896     100.00000000      84.61299896  main
  1 2739      84.93705750     100.00000000      84.43705750  main
  1 2750      84.99680328     100.00000000      84.49680328  main
  1 2742      85.53229523     100.00000000      85.03229523  main
  1 2748      84.90248108     100.00000000      84.40248108  main
  1 2751      85.11299896     100.00000000      84.61299896  main
  1 2779      84.89052582     100.00000000      84.39052582  main
  1 2758      84.90494537     100.00000000      84.40494537  main
  1 2776      85.11736298     100.00000000      84.61736298  main
  1 2760      85.05165863     100.00000000      84.55165863  main
  1 2779      84.89052582     100.00000000      84.39052582  main
  1 3264      85.16188812     100.00000000      84.66188812  main
  1 2781      85.10980225     100.00000000      84.60980225  main
  1 3262      84.86863708     100.00000000      84.36863708  main
  1 2782      85.13858795     100.00000000      84.63858795  main
  1 3264      85.16188812     100.00000000      84.66188812  main
  1 3270      84.95479584     100.00000000      84.45479584  main
  1 3267      85.17307281     100.00000000      84.67307281  main
  1 3270      84.95479584     100.00000000      84.45479584  main
  1 3276      84.74198914     100.00000000      84.24198914  main
  1 3271      85.13034058     100.00000000      84.63034058  main
  1 3279      85.68383026     100.00000000      85.18383026  main
  1 3276      84.74198914     100.00000000      84.24198914  main
  1 2792      84.84146881     100.00000000      84.34146881  main
  1 3274      85.01107788     100.00000000      84.51107788  main
  1 3275      85.06616974     100.00000000      84.56616974  main
  1 2792      84.84146881     100.00000000      84.34146881  main
  1 2786      84.96808624     100.00000000      84.46808624  main
  1 2790      85.08685303     100.00000000      84.58685303  main
  1 2785      85.06414032     100.00000000      84.56414032  main
  1 2793      85.06549835     100.00000000      84.56549835  main
  1 2787      84.75691986     100.00000000      84.25691986  main
  1 2786      84.96808624     100.00000000      84.46808624  main
  1 2799      84.69898987     100.00000000      84.19898987  main
  1 2773      84.65396881     100.00000000      84.15396881  main
  1 2802      85.05069733     100.00000000      84.55069733  main
  1 2771      85.00704956     100.00000000      84.50704956  main
  1 2799      84.69898987     100.00000000      84.19898987  main
  1 2156      84.60462952     100.00000000      84.10462952  main
  1 2797      84.88646698     100.00000000      84.38646698  main
  1 2158      84.86491394     100.00000000      84.36491394  main
  1 2157      85.28092957     100.00000000      84.78092957  main
  1 2156      84.60462952     100.00000000      84.10462952  main
  1 2141      84.76502228     100.00000000      84.26502228  main
  1 2150      84.91580963     100.00000000      84.41580963  main
  1 2151      85.00827789     100.00000000      84.50827789  main
  1 2148      85.16352844     100.00000000      84.66352844  main
  1 2141      84.76502228     100.00000000      84.26502228  main
  1 2136      84.75897217     100.00000000      84.25897217  main
  1 2139      84.56172943     100.00000000      84.06172943  main
  1 2136      84.75897217     100.00000000      84.25897217  main
  1 1886      84.56578827     100.00000000      84.06578827  main
  1 2134      84.93353271     100.00000000      84.43353271  main
  1 1889      84.64152527     100.00000000      84.14152527  main
  1 2135      84.91958618     100.00000000      84.41958618  main
  1 1891      84.76831818     100.00000000      84.26831818  main
  1 1886      84.56578827     100.00000000      84.06578827  main
  1 1877      84.50668335     100.00000000      84.00668335  main
  1 1884      84.80839539     100.00000000      84.30839539  main
  1 1879      84.68967438     100.00000000      84.18967438  main
  1 1868      85.05914307     100.00000000      84.55914307  main
  1 1877      84.50668335     100.00000000      84.00668335  main
  1 1870      84.82701111     100.00000000      84.32701111  main
  1 1871      85.07329559     100.00000000      84.57329559  main
  1 1872      84.53472137     100.00000000      84.03472137  main
  1 1870      84.82701111     100.00000000      84.32701111  main
  1 1896      84.46315765     100.00000000      83.96315765  main
  1 1873      84.57030487     100.00000000      84.07030487  main
  1 1874      84.49620056     100.00000000      83.99620056  main
  1 1896      84.46315765     100.00000000      83.96315765  main
  1 1905      84.68131256     100.00000000      84.18131256  main
  1 1897      84.71395111     100.00000000      84.21395111  main
  1 1902      84.50605011     100.00000000      84.00605011  main
  1 1899      84.48660278     100.00000000      83.98660278  main
  1 1905      84.68131256     100.00000000      84.18131256  main
  1 1920      84.26019287     100.00000000      83.76019287  main
  1 1906      84.39450073     100.00000000      83.89450073  main
  1 1913      84.56326294     100.00000000      84.06326294  main
  1 1908      84.49186707     100.00000000      83.99186707  main
  1 1920      84.26019287     100.00000000      83.76019287  main
  1 1928      84.45742798     100.00000000      83.95742798  main
  1 1922      84.37822723     100.00000000      83.87822723  main
  1 1926      84.56307983     100.00000000      84.06307983  main
  1 1925      84.53495026     100.00000000      84.03495026  main
  1 1928      84.45742798     100.00000000      83.95742798  main
  1 2171      84.30181885     100.00000000      83.80181885  main
  1 2169      84.37610626     100.00000000      83.87610626  main
  1 2171      84.30181885     100.00000000      83.80181885  main
  1 2186      84.41754913     100.00000000      83.91754913  main
  1 2174      84.32952881     100.00000000      83.82952881  main
  1 2183      84.86466217     100.00000000      84.36466217  main
  1 2176      84.59412384     100.00000000      84.09412384  main
  1 2186      84.41754913     100.00000000      83.91754913  main
  1 2194      84.39281464     100.00000000      83.89281464  main
  1 2188      84.21095276     100.00000000      83.71095276  main
  1 2192      84.30281067     100.00000000      83.80281067  main
  1 2191      84.71315002     100.00000000      84.21315002  main
  1 2194      84.39281464     100.00000000      83.89281464  main
  1 2826      84.28476715     100.00000000      83.78476715  main
  1 2201      84.35061646     100.00000000      83.85061646  main
  1 2823      84.63369751     100.00000000      84.13369751  main
  1 2820      84.47266388     100.00000000      83.97266388  main
  1 2821      84.20997620     100.00000000      83.70997620  main
  1 2826      84.28476715     100.00000000      83.78476715  main
  1 2832      84.08177948     100.00000000      83.58177948  main
  1 2827      84.17971039     100.00000000      83.67971039  main
  1 2832      84.08177948     100.00000000      83.58177948  main
  1 2835      84.06781769     100.00000000      83.56781769  main
  1 2833      84.19373322     100.00000000      83.69373322  main
  1 2834      84.07859802     100.00000000      83.57859802  main
  1 2831      84.35355377     100.00000000      83.85355377  main
  1 2835      84.06781769     100.00000000      83.56781769  main
  1 2237      84.06877899     100.00000000      83.56877899  main
  1 2210      84.26016998     100.00000000      83.76016998  main
  1 2236      84.19748688     100.00000000      83.69748688  main
  1 2238      84.04500580     100.00000000      83.54500580  main
  1 2237      84.06877899     100.00000000      83.56877899  main
  1 2219      83.88592529     100.00000000      83.38592529  main
  1 2231      84.09290314     100.00000000      83.59290314  main
  1 2232      84.06934357     100.00000000      83.56934357  main
  1 2229      84.40489197     100.00000000      83.90489197  main
  1 2219      83.88592529     100.00000000      83.38592529  main
  1 2213      84.11485291     100.00000000      83.61485291  main
  1 2217      84.17588806     100.00000000      83.67588806  main
  1 2215      83.87438202     100.00000000      83.37438202  main
  1 2218      84.07693481     100.00000000      83.57693481  main
  1 2213      84.11485291     100.00000000      83.61485291  main
  1 1945      83.77024078     100.00000000      83.27024078  main
  1 2221      83.92701721     100.00000000      83.42701721  main
  1 1944      84.25128174     100.00000000      83.75128174  main
  1 1945      83.77024078     100.00000000      83.27024078  main
  1 1956      83.78330231     100.00000000      83.28330231  main
  1 1948      83.85047150     100.00000000      83.35047150  main
  1 1949      83.81576538     100.00000000      83.31576538  main
  1 1956      83.78330231     100.00000000      83.28330231  main
  1 2247      83.65610504     100.00000000      83.15610504  main
  1 1957      83.67632294     100.00000000      83.17632294  main
  1 2246      83.85755920     100.00000000      83.35755920  main
  1 1960      83.86862183     100.00000000      83.36862183  main
  1 2247      83.65610504     100.00000000      83.15610504  main
  1 2261      83.55397034     100.00000000      83.05397034  main
  1 2252      83.73493958     100.00000000      83.23493958  main
  1 2258      83.96514130     100.00000000      83.46514130  main
  1 2254      83.77251434     100.00000000      83.27251434  main
  1 2255      83.59729767     100.00000000      83.09729767  main
  1 2261      83.55397034     100.00000000      83.05397034  main
  1 2274      83.50661469     100.00000000      83.00661469  main
  1 2262      83.61456299     100.00000000      83.11456299  main
  1 2264      83.65650940     100.00000000      83.15650940  main
  1 2274      83.50661469     100.00000000      83.00661469  main
  1 2288      83.39716339     100.00000000      82.89716339  main
  1 2275      83.57492065     100.00000000      83.07492065  main
  1 2285      83.62260437     100.00000000      83.12260437  main
  1 2288      83.39716339     100.00000000      82.89716339  main
  1 2295      83.37290955     100.00000000      82.87290955  main
  1 2289      83.37416077     100.00000000      82.87416077  main
  1 2294      83.37348938     100.00000000      82.87348938  main
  1 2295      83.37290955     100.00000000      82.87290955  main
  1 2311      83.26395416     100.00000000      82.76395416  main
  1 2298      83.48626709     100.00000000      82.98626709  main
  1 2283      83.29083252     100.00000000      82.79083252  main
  1 2282      83.40170288     100.00000000      82.90170288  main
  1 2311      83.26395416     100.00000000      82.76395416  main
  1 2314      83.29330444     100.00000000      82.79330444  main
  1 2312      83.39842987     100.00000000      82.89842987  main
  1 2313      83.16883850     100.00000000      82.66883850  main
  1 2310      83.30380249     100.00000000      82.80380249  main
  1 2314      83.29330444     100.00000000      82.79330444  main
  1 2320      83.12659454     100.00000000      82.62659454  main
  1 2308      83.32151031     100.00000000      82.82151031  main
  1 2319      83.16933441     100.00000000      82.66933441  main
  1 2320      83.12659454     100.00000000      82.62659454  main
  1 2332      83.02519989     100.00000000      82.52519989  main
  1 2323      83.22901154     100.00000000      82.72901154  main
  1 2322      83.04640198     100.00000000      82.54640198  main
  1 2321      83.17182159     100.00000000      82.67182159  main
  1 2332      83.02519989     100.00000000      82.52519989  main
  1 2336      83.00000000     100.00000000      82.50000000  main
  1 2333      83.00665283     100.00000000      82.50665283  main
  1 2336      83.00000000     100.00000000      82.50000000  main
  1 2343      83.00000000     100.00000000      82.50000000  main
  1 2337      83.00000000     100.00000000      82.50000000  main
  1 2342      83.00000000     100.00000000      82.50000000  main
  1 2343      83.00000000     100.00000000      82.50000000  main
  1 2356      83.00000000     100.00000000      82.50000000  main
  1 2345      83.05023193     100.00000000      82.55023193  main
  1 2349      83.00000000     100.00000000      82.50000000  main
  1 2348      83.00000000     100.00000000      82.50000000  main
  1 2356      83.00000000     100.00000000      82.50000000  main
  1 2366      83.00000000     100.00000000      82.50000000  main
  1 2359      83.00000000     100.00000000      82.50000000  main
  1 2365      83.02560425     100.00000000      82.52560425  main
  1 2360      83.00000000     100.00000000      82.50000000  main
  1 2363      83.00000000     100.00000000      82.50000000  main
  1 2366      83.00000000     100.00000000      82.50000000  main
  1 2372      83.00000000     100.00000000      82.50000000  main
  1 2371      83.00000000     100.00000000      82.50000000  main
  1 2372      83.00000000     100.00000000      82.50000000  main
  1 2411      83.00000000     100.00000000      82.50000000  main
  1 2375      83.00000000     100.00000000      82.50000000  main
  1 2383      83.00000000     100.00000000      82.50000000  main
  1 2382      83.00000000     100.00000000      82.50000000  main
  1 2411      83.00000000     100.00000000      82.50000000  main
  1 2397      83.00000000     100.00000000      82.50000000  main
  1 2412      83.00000000     100.00000000      82.50000000  main
  1 2396      83.00000000     100.00000000      82.50000000  main
  1 2393      83.00000000     100.00000000      82.50000000  main
  1 2397      83.00000000     100.00000000      82.50000000  main
  1 2404      83.00000000     100.00000000      82.50000000  main
  1 2405      83.00000000     100.00000000      82.50000000  main
  1 2403      83.00000000     100.00000000      82.50000000  main
  1 2404      83.00000000     100.00000000      82.50000000  main
  1 2424      83.00000000     100.00000000      82.50000000  main
  1 2407      83.00000000     100.00000000      82.50000000  main
  1 2402      83.00000000     100.00000000      82.50000000  main
  1 2408      83.00000000     100.00000000      82.50000000  main
  1 2424      83.00000000     100.00000000      82.50000000  main
  1 2427      83.00000000     100.00000000      82.50000000  main
  1 2425      83.00000000     100.00000000      82.50000000  main
  1 2426      83.00000000     100.00000000      82.50000000  main
  1 2423      83.00000000     100.00000000      82.50000000  main
  1 2427      83.00000000     100.00000000      82.50000000  main
  1 2436      83.00000000     100.00000000      82.50000000  main
  1 2432      83.00000000     100.00000000      82.50000000  main
  1 2433      83.00000000     100.00000000      82.50000000  main
  1 2436      83.00000000     100.00000000      82.50000000  main
  1 2447      83.00000000     100.00000000      82.50000000  main
  1 2437      83.00000000     100.00000000      82.50000000  main
  1 2447      83.00000000     100.00000000      82.50000000  main
  1 2448      83.00000000     100.00000000      82.50000000  main
