ppname	easting	northing	zone	kx1	kx2	kx3	rch
pp001	1319.291	8763.846	1	  4.8545880E+00	  9.9839748E-02	  4.4877130E+00	  2.5202257E-04
pp002	2061.07	8712.688	1	  4.9023290E+00	  9.9514668E-02	  4.6410790E+00	  2.4077760E-04
pp003	1677.391	9147.524	1	  4.9336090E+00	  9.9770373E-02	  4.7030860E+00	  2.4857463E-04
pp004	1677.391	8226.696	1	  4.7981120E+00	  9.9790290E-02	  4.3372930E+00	  2.4513724E-04
pp005	1319.291	3136.562	1	  5.2991230E+00	  9.5260368E-02	  1.1397400E+01	  1.7628086E-04
pp006	603.092	3724.869	1	  2.7397140E+00	  8.9020259E-02	  1.0332250E+00	  1.9001378E-04
pp007	603.092	3059.826	1	  2.6364590E+00	  9.0956773E-02	  9.3220920E-01	  1.9529932E-04
pp008	1268.134	3750.447	1	  5.4073330E+00	  9.7203663E-02	  8.9981810E+00	  1.7531536E-04
pp009	1779.706	3750.447	1	  5.1119550E+00	  1.0014930E-01	  5.9581620E+00	  1.9254486E-04
pp010	2316.855	3520.24	1	  5.0593970E+00	  9.9985379E-02	  5.2366180E+00	  1.9320382E-04
pp011	2572.641	3929.497	1	  5.0880430E+00	  1.0045680E-01	  4.9346300E+00	  1.9229861E-04
pp012	2035.491	4185.283	1	  4.9629560E+00	  1.0537820E-01	  4.8309310E+00	  2.4470463E-04
pp013	3825.991	4313.176	1	  7.2437540E+00	  1.9308070E-01	  8.4089390E+00	  1.7627285E-04
pp014	3595.784	4082.969	1	  5.4196790E+00	  1.0801570E-01	  1.5063960E+00	  1.6278658E-04
pp015	4158.512	4082.969	1	  6.3110320E+00	  1.2957180E-01	  1.1269260E+01	  1.7308525E-04
pp016	3928.305	3776.026	1	  4.8511540E+00	  1.0094810E-01	  2.5173000E+00	  1.6251372E-04
pp017	3928.305	3110.983	1	  4.9204200E+00	  9.9956306E-02	  4.2867180E+00	  1.8371555E-04
pp018	4772.397	3008.669	1	  4.9522630E+00	  1.0012510E-01	  4.4693100E+00	  2.1845835E-04
pp019	4158.512	3366.769	1	  4.8534740E+00	  9.9064119E-02	  3.8270510E+00	  1.7749596E-04
pp020	4337.562	2676.148	1	  5.0623210E+00	  1.0483010E-01	  4.4527780E+00	  2.2810713E-04
pp021	5974.59	9019.631	1	  4.3635550E+00	  8.9558673E-02	  2.4232020E+00	  2.0853014E-04
pp022	5590.911	9607.938	1	  4.3116690E+00	  9.3932431E-02	  2.7973850E+00	  2.2791330E-04
pp023	6383.847	8456.903	1	  4.9046370E+00	  7.9718493E-02	  9.2137180E+00	  1.5749048E-04
pp024	6562.897	8994.053	1	  4.9859730E+00	  8.5886526E-02	  5.3545730E+00	  1.8752586E-04
pp025	6204.797	7843.017	1	  4.7276730E+00	  9.6233734E-02	  3.7336490E+00	  1.5813086E-04
pp026	6716.368	7919.753	1	  5.0496240E+00	  9.6683099E-02	  6.1476470E+00	  1.8453853E-04
pp027	5846.697	8354.589	1	  4.4259520E+00	  9.5608559E-02	  2.6027190E+00	  2.0119977E-04
pp028	8711.496	8789.424	1	  5.5148390E+00	  1.0936990E-01	  6.0687420E+00	  2.2201437E-04
pp029	8327.818	8188.328	1	  5.1087250E+00	  8.8300300E-02	  7.4948370E+00	  2.1004538E-04
pp030	7163.993	7344.235	1	  6.0831950E+00	  9.7465335E-02	  5.4805610E+00	  1.7331131E-04
pp031	7586.039	7408.182	1	  5.0554810E+00	  9.2027279E-02	  5.1320840E+00	  1.7196560E-04
pp032	8020.875	7139.607	1	  4.9412890E+00	  8.9873935E-02	  4.4973300E+00	  1.7632473E-04
pp033	7624.407	6691.982	1	  4.7351190E+00	  9.7362958E-02	  2.9969340E+00	  1.3481440E-04
pp034	8148.768	6743.139	1	  4.9711250E+00	  9.5983008E-02	  5.5548470E+00	  1.5853224E-04
pp035	8481.289	7472.128	1	  5.0449550E+00	  8.9869713E-02	  4.6546450E+00	  2.0930301E-04
pp036	7074.468	6628.036	1	  4.7284820E+00	  9.9076070E-02	  3.0074240E+00	  1.5014871E-04
pp037	7586.039	6244.357	1	  4.6901200E+00	  9.5583827E-02	  3.0093120E+00	  1.1725465E-04
pp038	8289.45	6078.096	1	  5.4624160E+00	  9.6924135E-02	  7.2497050E+00	  1.6108344E-04
pp039	7790.668	7868.596	1	  5.2317280E+00	  8.5964056E-02	  7.6431390E+00	  1.9907362E-04
pp040	8903.335	7958.121	1	  5.1931800E+00	  1.0083450E-01	  5.2155030E+00	  2.3507172E-04
pp041	8864.967	9812.567	1	  5.3651270E+00	  1.2165380E-01	  5.2868930E+00	  1.5290822E-04
pp042	9261.435	9467.256	1	  2.3727340E+01	  2.6433040E-01	  9.7890220E+00	  1.5857963E-04
pp043	8353.396	9480.045	1	  3.8232710E+00	  9.9623949E-02	  3.2615910E+00	  1.9858668E-04
pp044	9146.332	8840.581	1	  9.5347380E+00	  1.7879950E-01	  7.5472690E+00	  2.1041331E-04
pp045	7681.959	5489.79	4	  6.6938770E+00	  1.0135130E-01	  5.4835680E+00	  2.0833375E-04
pp046	7234.334	4140.52	1	  4.8717020E+00	  1.0010770E-01	  3.9376170E+00	  2.1671657E-04
pp047	8206.319	4984.613	4	  5.2284240E+00	  1.6380440E-01	  6.9690200E+00	  2.0567980E-04
pp048	8462.105	5470.606	4	  6.1216870E+00	  1.0849320E-01	  5.9131380E+00	  2.3760836E-04
pp049	7963.323	5585.709	1	  5.0045960E+00	  9.8476859E-02	  7.8288750E+00	  2.2042283E-04
pp050	7726.721	5125.295	4	  1.4726700E+01	  1.7937800E-01	  7.8426190E+00	  2.0435583E-04
pp051	7061.679	5208.425	4	  1.2714520E+01	  1.5325920E-01	  2.0424540E+00	  1.7788794E-04
pp052	7061.679	4824.747	4	  1.9411680E+01	  2.0543710E-01	  1.7534520E+00	  1.9137290E-04
pp053	6588.475	1710.557	1	  5.0814820E+00	  1.0251070E-01	  7.0426140E+00	  2.9505759E-04
pp054	7074.468	1697.768	1	  4.7648650E+00	  1.0125970E-01	  3.0673590E+00	  2.8308576E-04
pp055	6850.656	1972.737	1	  4.9730700E+00	  1.0189730E-01	  4.6664400E+00	  2.8481535E-04
pp056	6844.261	1429.193	1	  4.8363450E+00	  1.0408080E-01	  5.0714480E+00	  2.9272955E-04
pp057	2457.537	2893.565	1	  4.9469300E+00	  1.0022080E-01	  5.3653120E+00	  1.6431209E-04
pp058	2802.848	2778.462	1	  4.8893820E+00	  9.9675361E-02	  4.8287820E+00	  1.8327760E-04
pp059	2917.952	3417.926	1	  5.0475430E+00	  1.0019340E-01	  4.6734860E+00	  1.6699214E-04
pp060	2035.491	2241.312	1	  5.1362300E+00	  1.0000850E-01	  4.5474380E+00	  1.8597957E-04
pp061	2559.852	2484.308	1	  4.8998300E+00	  9.9446036E-02	  4.4096790E+00	  1.8967260E-04
pp062	3154.553	2260.496	1	  4.9361750E+00	  9.3142631E-02	  4.1062670E+00	  1.7612801E-04
pp063	3458.299	1883.212	1	  5.0555830E+00	  9.9932870E-02	  1.0260020E+01	  1.8901055E-04
pp064	4238.445	1653.005	1	  4.3181010E+00	  2.3178950E-01	  7.3789390E+00	  1.6044863E-04
pp065	4251.234	1256.537	1	  5.0063320E+00	  1.1495580E-01	  8.7468800E+00	  2.4836675E-04
pp066	4558.177	1358.852	1	  5.1498250E+00	  1.2777430E-01	  4.7421210E+00	  2.4073141E-04
pp067	3381.563	1435.587	1	  5.1710600E+00	  1.0234650E-01	  8.2270720E+00	  2.0687938E-04
pp068	2217.738	1525.112	1	  4.8596810E+00	  9.9968478E-02	  5.6390720E+00	  1.8324289E-04
pp069	1552.696	1665.794	1	  4.7050450E+00	  9.9091454E-02	  4.7407660E+00	  2.1124622E-04
pp070	913.232	1218.17	1	  3.8416900E+00	  9.8001642E-02	  2.1090400E+00	  2.1025557E-04
pp071	1539.907	1103.066	1	  4.7294860E+00	  9.8619337E-02	  4.5952980E+00	  1.9730464E-04
pp072	1028.335	1729.741	1	  3.8106360E+00	  9.7933647E-02	  2.2077150E+00	  1.9679559E-04
pp073	2831.624	1013.541	1	  5.1821090E+00	  1.0026650E-01	  5.8489480E+00	  2.1294175E-04
pp074	2869.992	489.18	1	  5.2479680E+00	  1.0014880E-01	  6.6236890E+00	  2.2106320E-04
pp075	2946.727	1896.001	1	  4.9013500E+00	  9.7622917E-02	  3.7898200E+00	  1.9329310E-04
pp076	2946.727	1678.584	1	  5.0204510E+00	  9.9736892E-02	  5.4337450E+00	  2.1405399E-04
pp077	388.871	335.709	1	  3.6179450E+00	  9.6784673E-02	  2.6602790E+00	  2.3108275E-04
pp078	1284.121	284.552	1	  4.3595700E+00	  9.9549184E-02	  3.2248240E+00	  1.9176161E-04
pp079	2383.999	335.709	1	  5.2600520E+00	  1.0011650E-01	  6.5320370E+00	  2.0155598E-04
pp080	4097.763	386.866	1	  5.2722900E+00	  1.0060450E-01	  7.7765570E+00	  2.4496975E-04
pp081	5172.062	310.131	1	  5.0754890E+00	  1.0007240E-01	  5.5010640E+00	  2.7581207E-04
pp082	6911.405	514.759	1	  4.8614280E+00	  9.9700822E-02	  4.7152150E+00	  2.8265216E-04
pp083	8215.911	3763.237	1	  5.4921900E+00	  1.0622070E-01	  4.7637100E+00	  1.9885780E-04
pp084	7960.126	2535.466	1	  5.0121880E+00	  1.0247300E-01	  4.8699190E+00	  2.7088024E-04
pp085	7550.869	1384.43	1	  4.9619540E+00	  9.3570347E-02	  4.0242050E+00	  2.7456665E-04
pp086	5683.634	2126.209	1	  4.9868440E+00	  1.0042940E-01	  4.6525690E+00	  2.5536798E-04
pp087	5939.419	3302.822	1	  4.9312570E+00	  1.0002060E-01	  4.3606330E+00	  2.1222062E-04
pp088	7218.347	3021.458	1	  5.0626490E+00	  9.9695133E-02	  4.7393020E+00	  2.3524957E-04
pp089	9290.211	8392.956	1	  8.5033140E+00	  1.7691290E-01	  6.0677900E+00	  2.2587654E-04
pp090	9290.211	7600.021	1	  6.6327110E+00	  1.3457840E-01	  5.2922720E+00	  2.3818880E-04
pp091	9060.004	6500.143	1	  9.1448500E+00	  1.7408650E-01	  5.8558440E+00	  2.0311578E-04
pp092	8753.061	5809.522	1	  7.2359960E+00	  1.3679700E-01	  6.5087050E+00	  2.1401989E-04
pp093	286.557	9723.042	1	  4.8883290E+00	  9.9405436E-02	  4.7764680E+00	  2.6560000E-04
pp094	2639.785	9671.885	1	  5.3216440E+00	  9.8500255E-02	  5.4116480E+00	  2.5821303E-04
pp095	4276.813	9646.306	1	  4.9866290E+00	  1.0071000E-01	  4.1210400E+00	  2.7375079E-04
pp096	7064.876	9825.356	1	  5.0422580E+00	  9.6654795E-02	  5.2775760E+00	  2.0698541E-04
pp097	7781.076	8827.792	1	  4.9728920E+00	  9.0158797E-02	  6.7946270E+00	  2.1678283E-04
pp098	7064.876	8444.114	1	  5.2680900E+00	  8.8690412E-02	  8.8858320E+00	  2.0016090E-04
pp099	7013.719	5962.993	1	  4.6417120E+00	  9.9250455E-02	  2.6070710E+00	  1.4308502E-04
pp100	7320.662	5758.364	1	  4.7833460E+00	  9.8428181E-02	  2.8458790E+00	  1.3365645E-04
pp101	6502.148	7088.45	1	  4.8743820E+00	  9.9773354E-02	  4.1313340E+00	  1.8117514E-04
pp102	2946.727	4249.229	1	  5.5813250E+00	  1.0728710E-01	  4.0693410E+00	  2.0630794E-04
pp103	3560.613	3047.037	1	  4.9939800E+00	  1.0005240E-01	  5.0775040E+00	  1.8130242E-04
pp104	3381.563	3507.451	1	  4.8893730E+00	  9.9833900E-02	  4.1116080E+00	  1.9922877E-04
pp105	1463.171	2381.994	1	  4.7483140E+00	  9.9164264E-02	  4.0511460E+00	  1.6495310E-04
pp106	4021.027	2356.416	1	  5.1457210E+00	  1.0984160E-01	  7.1878800E+00	  2.1302265E-04
pp107	4660.491	4198.072	1	  5.2395760E+00	  1.2272790E-01	  7.0073860E+00	  2.0123250E-04
pp108	5530.162	4479.436	4	  5.7934190E+00	  1.1312630E-01	  4.9413780E+00	  2.0542618E-04
pp109	6655.619	4786.379	4	  8.1107530E+00	  1.3170120E-01	  3.8794580E+00	  2.1503510E-04
pp110	1284.121	5937.414	1	  5.7889930E+00	  1.1042980E-01	  3.3259180E+00	  2.5654331E-04
pp111	2281.685	5681.629	4	  3.1280760E-01	  9.8036533E-02	  3.3783640E+00	  2.3756824E-04
pp112	3151.356	5400.265	4	  3.7883450E+00	  1.0196960E-01	  3.7761610E+00	  2.2032429E-04
pp113	3995.449	5349.107	4	  5.9001610E+00	  1.1080430E-01	  4.2054860E+00	  2.2598924E-04
pp114	4941.855	5272.372	4	  6.2484780E+00	  1.1428300E-01	  4.8531760E+00	  2.1527193E-04
pp115	6016.155	5246.793	4	  6.3846580E+00	  1.1501630E-01	  4.3354800E+00	  1.9153820E-04
pp116	5146.484	4505.015	4	  7.0500980E+00	  1.2640600E-01	  5.7788930E+00	  1.9910121E-04
pp117	5376.691	4888.693	4	  6.3322040E+00	  1.2521650E-01	  5.1306240E+00	  2.0804288E-04
pp118	5913.841	4505.015	4	  5.6561740E+00	  1.1125840E-01	  4.5081830E+00	  2.0495871E-04
pp119	6118.469	4888.693	4	  6.0484150E+00	  1.1446570E-01	  4.6901410E+00	  2.2933704E-04
pp120	6425.412	4991.008	4	  7.1439010E+00	  1.4499210E-01	  3.8223610E+00	  1.8849918E-04
pp121	2869.992	4607.329	4	  6.8675270E+00	  1.2503950E-01	  4.0391120E+00	  2.0920602E-04
pp122	1667.799	4351.543	4	  3.2974640E+00	  1.3222650E-01	  3.2794840E+00	  1.9864659E-04
pp123	977.178	4249.229	4	  5.0138930E+00	  1.3572980E-01	  2.0786550E+00	  2.2155860E-04
pp124	798.128	6116.464	4	  8.3102940E-01	  1.0028220E-01	  3.7936680E+00	  2.6236184E-04
pp125	5542.952	5899.047	4	  4.7813230E+00	  9.9811678E-02	  3.8870510E+00	  1.7337209E-04
pp126	5542.952	5361.897	4	  5.4294740E+00	  1.0054080E-01	  4.6413980E+00	  2.0467116E-04
pp127	5696.423	3891.129	4	  4.9613750E+00	  1.0002040E-01	  4.7449110E+00	  2.3672092E-04
pp128	6297.519	4351.543	4	  5.1579350E+00	  1.0318050E-01	  4.0763040E+00	  2.0712734E-04
pp129	4174.498	5029.375	4	  6.5888680E+00	  1.0620460E-01	  4.6987300E+00	  2.0986100E-04
pp130	4404.706	5630.472	4	  5.3011200E+00	  1.0365250E-01	  4.4696160E+00	  2.3534945E-04
pp131	5184.852	5477	4	  5.3207490E+00	  1.0204130E-01	  4.6189560E+00	  2.0719645E-04
pp132	5056.959	4927.061	4	  6.0915640E+00	  1.2029590E-01	  5.3312780E+00	  1.9970081E-04
pp133	4698.859	4466.647	4	  1.2296040E+01	  1.2966290E-01	  6.2976830E+00	  2.1952088E-04
pp134	3688.506	4543.383	4	  1.6458510E+01	  1.8071810E-01	  4.1558400E+00	  2.0798141E-04
pp135	7819.444	4786.379	4	  1.2816690E+01	  1.3689360E-01	  5.7915980E+00	  2.1756754E-04
pp136	8510.065	4671.276	4	  7.2765800E+00	  1.5312530E-01	  5.5022030E+00	  2.2547050E-04
pp137	8650.747	5170.057	4	  6.8848750E+00	  1.6073980E-01	  6.0268290E+00	  2.3729617E-04
pp138	8676.326	4274.808	4	  9.6399670E+00	  1.5558430E-01	  5.0708180E+00	  2.3717232E-04
pp139	6514.937	5349.107	4	  6.7238550E+00	  1.1330890E-01	  3.5782660E+00	  1.8135771E-04
pp140	3790.82	5643.261	4	  4.8488840E+00	  1.0367620E-01	  4.0157060E+00	  2.2894586E-04
pp141	4136.131	6135.648	4	  4.7487690E+00	  9.9858030E-02	  4.1605740E+00	  2.2890749E-04
pp142	4948.25	6359.461	4	  4.5830900E+00	  9.9736079E-02	  3.2269300E+00	  1.5984077E-04
pp143	337.714	8974.869	1	  4.8258900E+00	  9.9242864E-02	  4.6341080E+00	  2.6158984E-04
pp144	286.557	8002.883	1	  4.8039280E+00	  9.9234108E-02	  4.5942700E+00	  2.6297265E-04
pp145	286.557	6903.005	1	  4.7799610E+00	  9.8716834E-02	  4.5008630E+00	  2.6578192E-04
pp146	260.978	6058.913	1	  4.9205890E+00	  9.8239470E-02	  4.0519370E+00	  2.6857718E-04
pp147	235.4	4575.356	1	  4.2063370E+00	  9.5897527E-02	  2.1689690E+00	  2.4528341E-04
pp148	286.557	5317.134	1	  4.5557280E+00	  9.8203905E-02	  3.2975160E+00	  2.5811327E-04
pp149	286.557	3603.371	1	  2.5049530E+00	  9.6327102E-02	  9.2083740E-01	  2.2310017E-04
pp150	286.557	2068.657	1	  2.8086310E+00	  9.4317100E-02	  1.7109120E+00	  2.2489784E-04
pp151	286.557	1198.986	1	  3.1139000E+00	  9.5640856E-02	  2.0210000E+00	  2.2269410E-04
pp152	1130.65	5214.82	1	  4.5665980E+00	  1.0271950E-01	  3.0478280E+00	  2.4727758E-04
pp153	1770.114	5163.663	1	  4.5338790E+00	  9.9831293E-02	  3.0443980E+00	  2.2424452E-04
pp154	2665.363	4984.613	1	  4.8284190E+00	  1.0102520E-01	  3.5240580E+00	  2.0449064E-04
pp155	3893.134	4805.563	1	  5.1267970E+00	  1.2032700E-01	  4.9111770E+00	  2.1041616E-04
pp156	1258.542	7465.733	1	  4.6439340E+00	  9.9865598E-02	  3.9499680E+00	  2.4348066E-04
pp157	1718.956	6596.062	1	  4.9169590E+00	  1.0077140E-01	  3.5381460E+00	  2.4184877E-04
pp158	3023.463	8054.04	1	  4.6769140E+00	  9.9564402E-02	  3.8643260E+00	  2.3082655E-04
pp159	2511.892	7235.526	1	  4.5196040E+00	  9.9821812E-02	  3.4618410E+00	  2.2660799E-04
pp160	3944.291	8744.662	1	  4.9776670E+00	  9.8942282E-02	  4.2192320E+00	  2.6475275E-04
pp161	5274.377	7414.576	1	  4.6451170E+00	  9.9664356E-02	  3.4554790E+00	  1.9799408E-04
pp162	6220.784	6621.641	1	  4.7767240E+00	  9.9853751E-02	  3.6262100E+00	  1.7017237E-04
pp163	4097.763	7593.626	1	  4.4095800E+00	  9.9529440E-02	  2.9877700E+00	  2.0495430E-04
pp164	4558.177	6749.534	1	  4.6687910E+00	  9.9812513E-02	  3.5300580E+00	  1.9766587E-04
pp165	6144.048	5956.598	1	  4.8716300E+00	  9.9973432E-02	  3.9096670E+00	  1.9251253E-04
pp166	2869.992	5841.495	1	  4.5104030E+00	  9.9667252E-02	  3.1600740E+00	  2.1640501E-04
pp167	3279.249	5854.284	1	  4.6853150E+00	  9.9907873E-02	  3.6012970E+00	  2.2395458E-04
pp168	3573.402	5854.284	1	  4.9026630E+00	  1.0006620E-01	  3.7777690E+00	  2.2432360E-04
pp169	3893.134	5854.284	1	  4.9663950E+00	  1.0007010E-01	  3.8725640E+00	  2.2152564E-04
pp170	4302.391	5879.863	4	  4.8250600E+00	  9.9967773E-02	  4.2377850E+00	  2.2821675E-04
pp171	3381.563	5624.077	1	  4.8768020E+00	  1.0183900E-01	  3.8209530E+00	  2.2747554E-04
pp172	3547.824	5457.816	4	  4.9090330E+00	  1.0264520E-01	  4.3390380E+00	  2.4513941E-04
pp173	4187.288	5662.445	4	  5.2883600E+00	  1.0206170E-01	  4.4804880E+00	  2.4307152E-04
pp174	4583.755	5419.448	4	  5.9566750E+00	  1.0965750E-01	  4.6009110E+00	  2.2965525E-04
pp175	4583.755	5048.559	4	  7.1136780E+00	  1.1852750E-01	  5.0697910E+00	  2.0776865E-04
pp176	4174.498	5202.031	4	  5.5530020E+00	  1.0333430E-01	  4.6571980E+00	  2.4083489E-04
pp177	3176.935	5048.559	1	  5.0261300E+00	  1.0437550E-01	  3.8165570E+00	  2.1117916E-04
pp178	3739.663	5099.716	4	  6.3187180E+00	  1.0951490E-01	  3.7381380E+00	  1.9828482E-04
pp179	2933.938	6110.07	1	  4.6568910E+00	  9.9724538E-02	  3.6635750E+00	  2.3150432E-04
pp180	3240.881	6135.648	1	  4.7083130E+00	  9.9809020E-02	  3.7487250E+00	  2.2934807E-04
pp181	3611.77	6148.437	1	  4.7390740E+00	  9.9798924E-02	  3.7098620E+00	  2.2093876E-04
pp182	3969.87	6148.437	1	  4.8629280E+00	  9.9872464E-02	  4.2307470E+00	  2.3749118E-04
pp183	4647.702	5649.656	1	  4.9746540E+00	  1.0038420E-01	  4.3572180E+00	  2.1682663E-04
pp184	4558.177	5918.23	1	  4.8958820E+00	  9.9926364E-02	  4.1380550E+00	  2.1260587E-04
pp185	4404.706	6199.595	1	  4.8747210E+00	  9.9874523E-02	  4.2156360E+00	  2.2573302E-04
pp186	4404.706	6378.645	1	  4.8166630E+00	  9.9866487E-02	  3.9505840E+00	  2.1432383E-04
pp187	4123.341	6404.223	4	  4.5357930E+00	  9.9850438E-02	  3.9660860E+00	  2.2303864E-04
pp188	3854.766	6455.38	1	  4.8093250E+00	  9.9819343E-02	  3.8212960E+00	  2.2248960E-04
pp189	3535.034	6404.223	1	  4.7788960E+00	  9.9864614E-02	  3.9866790E+00	  2.3363124E-04
pp190	3304.827	6429.802	1	  4.7535520E+00	  9.9859686E-02	  3.9770710E+00	  2.3675630E-04
pp191	2946.727	6442.591	1	  4.6803800E+00	  9.9784123E-02	  3.7709400E+00	  2.3522038E-04
pp192	3087.41	6634.43	1	  4.6107670E+00	  9.9799849E-02	  3.5589460E+00	  2.2607136E-04
pp193	3394.352	7069.266	1	  4.3916850E+00	  9.9742079E-02	  2.9477080E+00	  2.0184101E-04
pp194	3483.877	6711.166	1	  4.6544980E+00	  9.9800125E-02	  3.5918930E+00	  2.2176483E-04
pp195	3905.924	6851.848	1	  4.7413660E+00	  9.9728978E-02	  3.1359850E+00	  1.9833780E-04
pp196	4327.97	6749.534	1	  4.7628590E+00	  9.9805529E-02	  3.6318650E+00	  2.1064595E-04
pp197	4941.855	5943.809	1	  4.8880540E+00	  9.9801176E-02	  3.9801350E+00	  1.8890754E-04
pp198	2690.942	6225.173	1	  4.5758320E+00	  9.9566475E-02	  3.3891220E+00	  2.2854703E-04
pp199	2396.788	5982.177	1	  5.0756760E+00	  1.0242550E-01	  3.4123050E+00	  2.3994122E-04
pp200	2652.574	5675.234	1	  4.7020050E+00	  9.5768146E-02	  3.3669370E+00	  2.2609354E-04
pp201	2626.995	5432.238	4	  3.1232140E+00	  9.2015053E-02	  3.3099320E+00	  2.0981744E-04
pp202	4993.012	5675.234	4	  4.9615130E+00	  1.0017240E-01	  4.4392650E+00	  2.0767096E-04
pp203	6412.623	2618.596	1	  4.9660890E+00	  1.0006020E-01	  4.6524520E+00	  2.3636305E-04
pp204	5875.473	1109.461	1	  5.0746520E+00	  1.0019640E-01	  5.4394660E+00	  2.9089628E-04
pp205	6821.88	3437.11	1	  4.8442290E+00	  9.9908078E-02	  3.7853200E+00	  1.8555639E-04
pp206	4724.438	8373.772	1	  3.8849310E+00	  9.5589685E-02	  2.2012270E+00	  2.0870709E-04
pp207	1757.324	2925.539	1	  5.1572040E+00	  9.9328779E-02	  6.4135110E+00	  1.7954811E-04
pp208	1092.282	2746.489	1	  4.5949820E+00	  9.8105069E-02	  4.0290960E+00	  2.1116104E-04
pp209	1936.374	3309.217	1	  5.2087640E+00	  9.9670969E-02	  6.9323190E+00	  1.7307803E-04
pp210	715.2287082	9766.392871	1	  4.9087380E+00	  9.9843747E-02	  4.7597470E+00	  2.6256829E-04
pp211	698.6210675	9317.986573	1	  4.8737180E+00	  9.9756867E-02	  4.6736570E+00	  2.6068482E-04
pp212	1612.041304	9633.531746	1	  4.9678900E+00	  9.9920183E-02	  4.8635100E+00	  2.5619892E-04
pp213	1147.027365	9583.708824	1	  4.9147680E+00	  9.9892915E-02	  4.7291490E+00	  2.5626836E-04
pp214	1147.027365	9068.871963	1	  4.8981010E+00	  9.9885312E-02	  4.6776810E+00	  2.5796462E-04
pp215	947.7356775	8670.288587	1	  4.8063930E+00	  9.9818880E-02	  4.4499160E+00	  2.5407047E-04
pp216	432.8988168	8437.781618	1	  4.7805410E+00	  9.9390106E-02	  4.5033450E+00	  2.5867680E-04
pp217	1296.496131	8022.590601	1	  4.7144810E+00	  9.9882979E-02	  4.1362360E+00	  2.4430569E-04
pp218	765.0516302	7839.906554	1	  4.6978710E+00	  9.9753197E-02	  4.2066130E+00	  2.5110518E-04
pp219	366.4682542	7125.778005	1	  4.7485990E+00	  9.9267888E-02	  4.4600290E+00	  2.6329088E-04
pp220	200.3918475	7590.791944	1	  4.7973270E+00	  9.8984265E-02	  4.6039690E+00	  2.6454408E-04
pp221	715.2287082	7325.069693	1	  4.6579650E+00	  9.9624726E-02	  4.1218300E+00	  2.5300985E-04
pp222	814.8745522	6777.017551	1	  4.6633930E+00	  9.9586747E-02	  3.9654320E+00	  2.5312126E-04
pp223	1163.635006	6561.118223	1	  4.9448430E+00	  1.0148330E-01	  3.4651460E+00	  2.4527668E-04
pp224	1445.964897	7125.778005	1	  4.5923090E+00	  9.9777131E-02	  3.6707440E+00	  2.3902562E-04
pp225	549.1523015	6561.118223	1	  4.7691430E+00	  9.8649100E-02	  4.0638630E+00	  2.6064495E-04
pp226	1844.548273	7291.854412	1	  4.5180880E+00	  9.9803889E-02	  3.5120120E+00	  2.2875742E-04
pp227	2093.662883	8055.805883	1	  4.8378830E+00	  9.9872209E-02	  4.4665780E+00	  2.4811780E-04
pp228	2375.992775	7922.944757	1	  4.7663370E+00	  9.9884512E-02	  4.2040820E+00	  2.4185315E-04
pp229	2542.069181	8819.757353	1	  5.1357160E+00	  9.8780305E-02	  4.9415070E+00	  2.8067217E-04
pp230	3123.336605	8587.250384	1	  5.0186230E+00	  9.7971900E-02	  4.4749880E+00	  2.4815868E-04
pp231	3272.805371	9019.049041	1	  5.1997090E+00	  9.8152976E-02	  4.9298800E+00	  2.6561793E-04
pp232	2425.815697	9317.986573	1	  5.2051340E+00	  9.8947624E-02	  5.1770140E+00	  2.8514683E-04
pp233	1927.586477	9650.139386	1	  5.0483080E+00	  9.9723057E-02	  5.0404720E+00	  2.5359782E-04
pp234	3472.097059	9600.316464	1	  5.1344200E+00	  9.9967385E-02	  5.0480360E+00	  2.7143944E-04
pp235	3920.503357	9151.910167	1	  5.0105120E+00	  1.0173810E-01	  4.4942050E+00	  2.7249089E-04
pp236	4833.923593	9401.024777	1	  4.7352170E+00	  9.7475472E-02	  3.0729620E+00	  2.6823311E-04
pp237	5083.038203	9666.747027	1	  4.4245200E+00	  9.4374680E-02	  2.7436010E+00	  2.6018299E-04
pp238	5564.659783	9301.378933	1	  4.1379190E+00	  9.2517850E-02	  2.1638130E+00	  2.2752421E-04
pp239	4601.416624	9052.264323	1	  4.7433900E+00	  9.8979862E-02	  3.1947010E+00	  2.6853231E-04
pp240	5249.11461	8686.896228	1	  3.6424990E+00	  9.1632104E-02	  1.5380220E+00	  1.9686563E-04
pp241	5780.559111	8221.882289	1	  4.2573510E+00	  9.6585072E-02	  2.3977480E+00	  1.7552826E-04
pp242	5215.899329	7756.868351	1	  4.1354330E+00	  9.8222880E-02	  2.2936430E+00	  1.7125067E-04
pp243	4352.302014	7939.552398	1	  4.4543630E+00	  9.9214968E-02	  3.1561170E+00	  2.1745893E-04
pp244	4153.010326	8437.781618	1	  4.6780130E+00	  9.7510045E-02	  3.5013490E+00	  2.4458973E-04
pp245	3671.388747	7856.514195	1	  4.5893540E+00	  9.9559558E-02	  3.5895150E+00	  2.2739976E-04
pp246	2890.829635	7258.639131	1	  4.4913120E+00	  9.9830450E-02	  3.3217500E+00	  2.1919690E-04
pp247	3372.451215	7740.26071	1	  4.5410010E+00	  9.9747226E-02	  3.4658150E+00	  2.2107087E-04
pp248	3937.110997	7341.677334	1	  4.4552640E+00	  9.9726780E-02	  3.0465870E+00	  2.0201724E-04
pp249	4618.024265	7158.993287	1	  4.5973360E+00	  9.9782682E-02	  3.3836910E+00	  2.0083772E-04
pp250	5132.861125	7524.361381	1	  4.5743960E+00	  9.9554930E-02	  3.3735610E+00	  2.0969362E-04
pp251	4667.847187	7308.462053	1	  4.4679860E+00	  9.9571967E-02	  3.0480040E+00	  1.9730500E-04
pp252	5531.444501	6610.941145	1	  4.8767100E+00	  9.9894342E-02	  4.0265520E+00	  2.0241764E-04
pp253	5548.052142	6710.586989	1	  4.8219700E+00	  9.9867695E-02	  4.0430950E+00	  2.0840240E-04
pp254	5730.736189	7408.107897	1	  4.5387530E+00	  9.9300791E-02	  2.9627900E+00	  1.5972371E-04
pp255	6096.104284	7142.385646	1	  4.8074940E+00	  9.9788763E-02	  3.8713480E+00	  1.7625518E-04
pp256	5880.204955	6943.093958	1	  4.7660300E+00	  9.9821412E-02	  3.7337120E+00	  1.8117068E-04
pp257	5166.076407	6959.701599	1	  4.5286710E+00	  9.9700729E-02	  2.9904060E+00	  1.6559277E-04
pp258	5747.34383	6527.902941	1	  4.8438270E+00	  9.9877595E-02	  3.8171310E+00	  1.8300522E-04
pp259	6046.281362	6129.319565	1	  4.8451140E+00	  9.9857592E-02	  3.7854530E+00	  1.8054303E-04
pp260	6029.673721	5747.34383	1	  4.9440010E+00	  1.0073590E-01	  4.0507730E+00	  1.8960914E-04
pp261	6511.295301	5597.875064	1	  4.9541770E+00	  1.0131900E-01	  3.7585210E+00	  1.9044036E-04
pp262	6660.764067	5747.34383	1	  4.8174820E+00	  9.9879507E-02	  3.3377840E+00	  1.7699331E-04
pp263	6909.878677	5564.659783	1	  4.8475020E+00	  1.0048380E-01	  3.6148860E+00	  1.9982994E-04
pp264	7042.739802	5431.798657	1	  4.9497620E+00	  1.0399570E-01	  3.1188930E+00	  1.8740093E-04
pp265	7707.045429	5581.267423	1	  4.9746820E+00	  9.8488560E-02	  5.0407270E+00	  1.8288851E-04
pp266	7989.37532	5763.951471	1	  5.1065910E+00	  9.2878931E-02	  7.2118270E+00	  1.6677377E-04
pp267	8321.528133	5747.34383	1	  5.2814800E+00	  1.0092920E-01	  7.9423640E+00	  2.0183492E-04
pp268	8670.288587	5564.659783	1	  6.9508810E+00	  1.4999510E-01	  6.2740570E+00	  2.2484389E-04
pp269	8936.010838	5979.850799	1	  1.0551600E+01	  2.0437810E-01	  6.2041800E+00	  2.1923309E-04
pp270	8470.996899	6295.395972	1	  5.7269820E+00	  1.0710200E-01	  6.9280530E+00	  1.7241335E-04
pp271	8703.503869	6644.156426	1	  5.6578300E+00	  1.0781580E-01	  5.6111580E+00	  1.8473116E-04
pp272	8869.580275	7158.993287	1	  5.2335630E+00	  1.0121580E-01	  4.8653060E+00	  2.2257423E-04
pp273	8720.111509	7225.423849	1	  5.2449700E+00	  1.0228990E-01	  4.5788060E+00	  2.3404016E-04
pp274	8454.389259	6976.309239	1	  5.1016280E+00	  9.6945380E-02	  4.3989010E+00	  1.9699136E-04
pp275	9234.94837	7026.132161	1	  7.6559800E+00	  1.5222910E-01	  5.2643060E+00	  2.1485547E-04
pp276	9168.517807	7408.107897	1	  5.5871660E+00	  1.0815970E-01	  5.0940210E+00	  2.3449298E-04
pp277	9002.441401	7806.691273	1	  5.0800950E+00	  9.9443586E-02	  4.9999170E+00	  2.4975238E-04
pp278	9168.517807	7956.160039	1	  5.9082370E+00	  1.1954610E-01	  5.3473780E+00	  2.4019241E-04
pp279	8537.427462	8437.781618	1	  5.2916470E+00	  9.9724758E-02	  6.2871350E+00	  2.1513250E-04
pp280	8155.451727	8936.010838	1	  4.8151230E+00	  9.4209882E-02	  5.5106520E+00	  2.1587826E-04
pp281	8803.149713	9234.94837	1	  5.0924220E+00	  9.8234933E-02	  5.1005170E+00	  1.3743667E-04
pp282	8172.059367	9301.378933	1	  4.7763920E+00	  9.7286592E-02	  4.2542890E+00	  2.4099083E-04
pp283	7839.906554	9284.771292	1	  5.0572610E+00	  9.3112590E-02	  4.9874260E+00	  2.3588317E-04
pp284	7590.791944	9567.101183	1	  5.0760530E+00	  9.5428646E-02	  5.0559530E+00	  2.3148782E-04
pp285	7142.385646	9052.264323	1	  5.2859050E+00	  9.2108025E-02	  6.5790100E+00	  2.1094816E-04
pp286	6594.333504	9533.885902	1	  4.9179430E+00	  9.5303931E-02	  4.5448450E+00	  2.0707286E-04
pp287	5996.45844	9600.316464	1	  4.4709360E+00	  9.2795537E-02	  3.1297960E+00	  1.9878650E-04
pp288	6743.80227	9650.139386	1	  4.9803070E+00	  9.6417948E-02	  4.9228040E+00	  2.1312832E-04
pp289	7208.816209	9450.847699	1	  5.1620070E+00	  9.5176672E-02	  5.6251800E+00	  2.1481447E-04
pp290	7491.1461	9417.632417	1	  5.1424470E+00	  9.5166979E-02	  5.4020100E+00	  2.3935010E-04
pp291	7906.337117	9749.78523	1	  5.1515120E+00	  9.6788161E-02	  4.6539020E+00	  2.2755394E-04
pp292	8188.667008	9733.17759	1	  5.0120370E+00	  9.7746657E-02	  4.0824270E+00	  2.2540901E-04
pp293	6328.611253	9168.517807	1	  4.6863780E+00	  9.0631015E-02	  3.0608600E+00	  2.0033491E-04
pp294	6046.281362	8653.680947	1	  4.3995790E+00	  8.7476647E-02	  1.6817320E+00	  1.9557418E-04
pp295	5747.34383	8703.503869	1	  4.1356250E+00	  9.2821949E-02	  2.1678420E+00	  2.1205635E-04
pp296	7175.600927	8819.757353	1	  5.2462860E+00	  9.0102356E-02	  7.4424370E+00	  2.1625552E-04
pp297	7507.753741	8487.60454	1	  5.1034650E+00	  9.2801423E-02	  8.3813530E+00	  2.0288308E-04
pp298	7258.639131	7673.830147	1	  5.0356970E+00	  9.6466064E-02	  5.3245870E+00	  1.9635775E-04
pp299	6810.232833	8138.844086	1	  5.1220700E+00	  9.2647765E-02	  7.4741480E+00	  1.9559465E-04
pp300	7109.170365	8105.628805	1	  5.1569320E+00	  9.2578002E-02	  6.4780090E+00	  2.0182073E-04
pp301	7474.538459	7922.944757	1	  5.1264240E+00	  9.1985694E-02	  6.1634490E+00	  2.0858661E-04
pp302	6411.649457	7557.576663	1	  4.9218540E+00	  9.9180133E-02	  4.5895340E+00	  1.7878499E-04
pp303	6727.194629	7408.107897	1	  4.9789760E+00	  9.9193978E-02	  5.1021350E+00	  1.8672240E-04
pp304	6876.663395	7092.562724	1	  4.8931440E+00	  9.8748727E-02	  4.1224140E+00	  1.7191700E-04
pp305	6428.257097	6245.57305	1	  4.7231120E+00	  9.9791153E-02	  3.2075150E+00	  1.6026179E-04
pp306	6826.840473	6494.68766	1	  4.7665590E+00	  9.9730745E-02	  3.3608010E+00	  1.7522288E-04
pp307	6627.548785	6677.371707	1	  4.8240900E+00	  9.9789618E-02	  3.8177080E+00	  1.7994983E-04
pp308	2757.96851	6777.017551	1	  4.4438460E+00	  9.9688094E-02	  3.1431840E+00	  2.1734910E-04
pp309	2292.954571	6544.510582	1	  4.6153840E+00	  1.0012020E-01	  3.1235870E+00	  2.2434569E-04
pp310	2010.62468	6710.586989	1	  4.6644730E+00	  1.0036690E-01	  3.3530440E+00	  2.3145274E-04
pp311	2259.73929	6145.927206	1	  5.4833910E+00	  1.0426570E-01	  3.0789170E+00	  2.3466129E-04
pp312	1612.041304	6295.395972	1	  6.3207030E+00	  1.0863050E-01	  2.8737950E+00	  2.4034157E-04
pp313	914.5203961	6029.673721	1	  5.0877430E+00	  1.0191860E-01	  4.0724260E+00	  2.6717932E-04
pp314	200.3918475	5730.736189	1	  5.0764860E+00	  9.9948449E-02	  4.0555260E+00	  2.6964631E-04
pp315	831.4821928	5597.875064	1	  5.0094800E+00	  1.0729370E-01	  2.9308540E+00	  2.6218356E-04
pp316	1429.357257	5415.191017	1	  4.9539240E+00	  1.0625480E-01	  2.6616250E+00	  2.3759634E-04
pp317	1827.940633	5381.975735	1	  5.0424780E+00	  1.0178180E-01	  2.9271200E+00	  2.2877132E-04
pp318	2326.169853	5298.937532	1	  4.6606400E+00	  9.6424817E-02	  3.1719200E+00	  2.1393011E-04
pp319	2176.701087	5000	1	  4.6354070E+00	  1.0111720E-01	  2.8364140E+00	  1.9788841E-04
pp320	2708.145588	4767.493031	1	  5.1690350E+00	  1.0674880E-01	  4.0635740E+00	  2.2355253E-04
pp321	3040.298401	4966.784719	1	  5.1462660E+00	  1.0648290E-01	  3.8415100E+00	  2.1104346E-04
pp322	3389.058855	4833.923593	1	  5.3226690E+00	  1.2072600E-01	  3.4980560E+00	  1.9443445E-04
pp323	3804.249872	4800.708312	1	  5.1446080E+00	  1.1303590E-01	  4.3480730E+00	  2.2391874E-04
pp324	4302.479092	4717.670109	1	  5.1890610E+00	  1.3693120E-01	  6.5619290E+00	  1.8686959E-04
pp325	4717.670109	4800.708312	1	  5.0194550E+00	  1.1058930E-01	  5.5637610E+00	  2.0977962E-04
pp326	1994.017039	4568.201343	1	  4.4841460E+00	  1.0913880E-01	  3.0767470E+00	  1.9539919E-04
pp327	1379.534335	4983.392359	1	  4.1367500E+00	  1.0563450E-01	  2.3820990E+00	  2.2388614E-04
pp328	1578.826023	4750.88539	1	  4.4489860E+00	  1.0286170E-01	  3.1657830E+00	  2.3194776E-04
pp329	1578.826023	4651.239546	1	  4.0577980E+00	  1.1770110E-01	  3.0338750E+00	  2.2870253E-04
pp330	947.7356775	5066.430563	1	  4.4572460E+00	  1.0243710E-01	  2.5781050E+00	  2.3949400E-04
pp331	598.9752235	5000	1	  4.1617980E+00	  9.8393002E-02	  2.4503570E+00	  2.4139983E-04
pp332	748.4439895	4534.986061	1	  4.4913460E+00	  1.0528830E-01	  1.7182530E+00	  2.2658417E-04
pp333	549.1523015	4202.833248	1	  3.9657100E+00	  9.7202457E-02	  1.8060550E+00	  2.3205254E-04
pp334	399.6835355	4020.149201	1	  3.3497740E+00	  1.0064750E-01	  1.5840260E+00	  2.3681638E-04
pp335	1014.16624	4003.54156	1	  4.6949690E+00	  1.0423830E-01	  3.0879850E+00	  1.9692572E-04
pp336	1578.826023	3920.503357	1	  5.2734250E+00	  1.1219180E-01	  5.2952820E+00	  1.9187005E-04
pp337	2027.232321	4169.617967	1	  5.0088270E+00	  1.0237720E-01	  4.9348840E+00	  2.3510083E-04
pp338	2060.447602	3870.680435	1	  5.1658200E+00	  1.0159990E-01	  5.2585560E+00	  1.8673836E-04
pp339	2459.030978	4153.010326	1	  5.4310990E+00	  1.0505910E-01	  4.8772650E+00	  2.0690949E-04
pp340	2741.360869	4285.871451	1	  5.5240610E+00	  1.0576050E-01	  4.5627740E+00	  2.1742603E-04
pp341	2824.399073	3920.503357	1	  4.9879570E+00	  1.0026390E-01	  4.4738390E+00	  2.0573659E-04
pp342	3289.413011	4153.010326	1	  5.3588340E+00	  1.0655350E-01	  2.8680310E+00	  1.8552321E-04
pp343	3339.235933	3687.996387	1	  4.7700250E+00	  9.9743309E-02	  3.3127540E+00	  1.8877771E-04
pp344	3040.298401	3953.718638	1	  4.9276050E+00	  1.0040270E-01	  3.9520500E+00	  2.0767460E-04
pp345	3007.08312	3671.388747	1	  4.9369850E+00	  9.9947789E-02	  4.3420320E+00	  2.0164256E-04
pp346	3306.020652	3189.767167	1	  4.9730280E+00	  9.9954421E-02	  4.8238950E+00	  1.8375551E-04
pp347	3073.513683	2841.006713	1	  5.0021290E+00	  9.9527792E-02	  5.2579400E+00	  1.7223985E-04
pp348	2326.169853	3372.451215	1	  5.0794220E+00	  1.0019950E-01	  5.3991160E+00	  1.8007018E-04
pp349	1794.725351	3040.298401	1	  5.1622600E+00	  9.9632893E-02	  6.6293220E+00	  2.0200393E-04
pp350	1479.180179	3422.274137	1	  5.4721040E+00	  9.5519870E-02	  1.3250000E+01	  1.7209629E-04
pp351	682.0134268	3339.235933	1	  2.4539260E+00	  7.5031493E-02	  7.0734670E-01	  1.7475515E-04
pp352	1047.381521	3139.944245	1	  4.5019700E+00	  8.2487528E-02	  1.1029550E+01	  1.7944927E-04
pp353	1063.989162	2890.829635	1	  4.4154240E+00	  9.5859943E-02	  3.6810540E+00	  2.0546523E-04
pp354	266.8224102	3173.159527	1	  2.2752090E+00	  9.3224029E-02	  1.0542080E+00	  2.2189092E-04
pp355	349.8606135	2841.006713	1	  2.0950450E+00	  9.2738012E-02	  9.5353260E-01	  2.0656849E-04
pp356	980.9509588	2608.499744	1	  3.9277360E+00	  9.6806957E-02	  2.5601900E+00	  2.0035201E-04
pp357	632.1905048	2475.638619	1	  2.8202230E+00	  9.6029229E-02	  1.3642090E+00	  2.0075987E-04
pp358	615.5828642	2193.308727	1	  3.3236470E+00	  9.7954627E-02	  1.9709720E+00	  2.1954596E-04
pp359	848.0898335	1944.194117	1	  3.8278220E+00	  9.8676124E-02	  2.4983230E+00	  2.2124262E-04
pp360	383.0758948	1728.294789	1	  2.9320740E+00	  9.6027166E-02	  1.7289090E+00	  2.1841686E-04
pp361	798.2669115	1313.103772	1	  3.5421480E+00	  9.8165232E-02	  1.9868330E+00	  2.1456556E-04
pp362	665.4057862	615.5828642	1	  3.7389260E+00	  9.8558541E-02	  2.5471740E+00	  2.2370230E-04
pp363	-15.50748115	831.4821928	1	  3.9618850E+00	  9.6014882E-02	  3.3141750E+00	  2.4751786E-04
pp364	881.3051148	682.0134268	1	  3.9072300E+00	  9.8759772E-02	  2.4578470E+00	  2.0786823E-04
pp365	715.2287082	167.1765662	1	  4.0267680E+00	  9.8926069E-02	  2.8868370E+00	  2.2225293E-04
pp366	1761.51007	582.3675828	1	  4.8984710E+00	  9.9695874E-02	  4.6857660E+00	  1.9497042E-04
pp367	2176.701087	366.4682542	1	  5.1204810E+00	  1.0002760E-01	  5.5995440E+00	  2.0912829E-04
pp368	2359.385134	1047.381521	1	  5.1243090E+00	  9.9976006E-02	  6.0251630E+00	  2.0074429E-04
pp369	1661.864226	1512.39546	1	  4.8204720E+00	  9.9158472E-02	  6.1640760E+00	  2.0232293E-04
pp370	2475.638619	1994.017039	1	  4.9361990E+00	  9.9710325E-02	  4.5443090E+00	  2.0713179E-04
pp371	2492.246259	2209.916368	1	  4.9344110E+00	  9.9465184E-02	  4.2622460E+00	  2.0618564E-04
pp372	2176.701087	2542.069181	1	  5.0413090E+00	  9.9748926E-02	  5.0611070E+00	  1.7541734E-04
pp373	3422.274137	2425.815697	1	  5.1201860E+00	  9.6558846E-02	  7.3975350E+00	  1.8830944E-04
pp374	3671.388747	2525.461541	1	  5.1425740E+00	  1.0121470E-01	  6.8626930E+00	  1.9415118E-04
pp375	4269.263811	2940.652557	1	  4.9469830E+00	  9.9697886E-02	  4.2660620E+00	  2.0518952E-04
pp376	4601.416624	3704.604028	1	  5.0403740E+00	  1.0000160E-01	  5.1364110E+00	  2.0139478E-04
pp377	5365.368095	4119.795045	1	  5.0063590E+00	  1.0164960E-01	  5.0372470E+00	  1.8553493E-04
pp378	4800.708312	3887.288075	1	  5.1466520E+00	  1.0301960E-01	  5.7237460E+00	  1.8157404E-04
pp379	5315.545173	3571.742903	1	  4.9813150E+00	  9.9925669E-02	  4.5996130E+00	  1.9069913E-04
pp380	4734.277749	3173.159527	1	  4.9506250E+00	  9.9549034E-02	  4.6796850E+00	  2.0863171E-04
pp381	5631.090345	3106.728964	1	  4.9173240E+00	  1.0001350E-01	  4.2952970E+00	  2.0107308E-04
pp382	4900.354156	3422.274137	1	  4.9593680E+00	  9.9742913E-02	  4.7206380E+00	  2.0035313E-04
pp383	5116.253485	3472.097059	1	  4.9647440E+00	  9.9914601E-02	  4.7161530E+00	  2.0752778E-04
pp384	5398.583376	2874.221995	1	  4.9211150E+00	  1.0004930E-01	  4.3596470E+00	  2.1401677E-04
pp385	4568.201343	2442.423337	1	  5.2429490E+00	  1.1565490E-01	  3.9718290E+00	  2.1944872E-04
pp386	5249.11461	2641.715025	1	  4.9549580E+00	  1.0041670E-01	  4.4408680E+00	  2.4136653E-04
pp387	4900.354156	2724.753229	1	  4.9648140E+00	  1.0092160E-01	  4.2891030E+00	  2.2699624E-04
pp388	4701.062468	2077.055243	1	  6.1713150E+00	  1.6340670E-01	  2.7428120E+00	  1.8841480E-04
pp389	4219.440889	2027.232321	1	  4.7649630E+00	  2.2881420E-01	  7.3809220E+00	  1.4490819E-04
pp390	3787.642231	1445.964897	1	  5.0084090E+00	  1.1765530E-01	  1.4379230E+01	  2.2514937E-04
pp391	3903.895716	864.6974742	1	  5.2354490E+00	  1.0220750E-01	  8.2102900E+00	  2.5217814E-04
pp392	3920.503357	1977.409399	1	  4.5077570E+00	  1.2781930E-01	  1.6234410E+01	  2.0663071E-04
pp393	4153.010326	2691.537947	1	  5.0508290E+00	  1.0362810E-01	  5.1755770E+00	  2.1766479E-04
pp394	3737.819309	3538.527621	1	  4.7325790E+00	  9.9319307E-02	  3.0957530E+00	  1.7491392E-04
pp395	5000	2508.8539	1	  5.0060520E+00	  1.0200870E-01	  4.2139500E+00	  2.4678010E-04
pp396	4385.517295	3588.350543	1	  4.9582240E+00	  9.9334167E-02	  4.5726790E+00	  1.8258552E-04
pp397	4402.124936	3970.326279	1	  5.4369900E+00	  1.0467940E-01	  6.4480210E+00	  1.9386670E-04
pp398	3721.211669	980.9509588	1	  5.2123100E+00	  1.0191620E-01	  7.8014900E+00	  2.4255920E-04
pp399	3272.805371	980.9509588	1	  5.2845670E+00	  1.0084540E-01	  7.2846660E+00	  2.1530172E-04
pp400	2841.006713	1445.964897	1	  5.0724750E+00	  1.0013950E-01	  5.5785620E+00	  2.1355429E-04
pp401	2591.892103	1329.711413	1	  5.0704550E+00	  1.0004840E-01	  5.9780360E+00	  2.0695502E-04
pp402	2243.131649	1927.586477	1	  4.9065420E+00	  1.0008830E-01	  4.7879040E+00	  2.0197531E-04
pp403	1794.725351	1894.371195	1	  4.9297500E+00	  1.0075940E-01	  4.9462670E+00	  1.8965233E-04
pp404	914.5203961	2126.878165	1	  4.2330160E+00	  9.9003113E-02	  3.1369020E+00	  2.2915885E-04
pp405	1047.381521	2176.701087	1	  4.3129610E+00	  9.9095980E-02	  3.2301410E+00	  2.1247244E-04
pp406	1412.749616	1994.017039	1	  4.5646260E+00	  9.9362881E-02	  3.8071750E+00	  1.9222630E-04
pp407	3073.513683	515.9370202	1	  5.2009790E+00	  1.0020280E-01	  6.4552800E+00	  2.3780313E-04
pp408	2093.662883	665.4057862	1	  5.0973520E+00	  9.9969659E-02	  5.5321680E+00	  2.2037713E-04
pp409	2093.662883	864.6974742	1	  5.0484170E+00	  9.9778965E-02	  5.6648410E+00	  2.0108150E-04
pp410	2874.221995	715.2287082	1	  5.2006330E+00	  1.0018380E-01	  6.2753840E+00	  2.2672670E-04
pp411	3754.42695	682.0134268	1	  5.2756060E+00	  1.0051530E-01	  7.6307170E+00	  2.3893976E-04
pp412	3721.211669	-65.33040315	1	  5.1801600E+00	  1.0013780E-01	  6.4755480E+00	  2.4871668E-04
pp413	3322.628293	333.2529728	1	  5.2721770E+00	  1.0024760E-01	  7.2305020E+00	  2.3327690E-04
pp414	3222.982449	183.7842068	1	  5.2257700E+00	  1.0014590E-01	  6.6521340E+00	  2.3516662E-04
pp415	4368.909655	216.9994882	1	  5.1544820E+00	  1.0016130E-01	  6.3899550E+00	  2.5778422E-04
pp416	4534.986061	582.3675828	1	  5.1799900E+00	  1.0118820E-01	  7.1478510E+00	  2.6170002E-04
pp417	4734.277749	914.5203961	1	  5.1286820E+00	  1.0305610E-01	  5.6388270E+00	  2.7040839E-04
pp418	4916.961797	449.5064575	1	  5.0847600E+00	  1.0016870E-01	  5.6866860E+00	  2.7044728E-04
pp419	5697.520908	283.4300508	1	  5.0727210E+00	  9.9986602E-02	  5.3806260E+00	  2.8606469E-04
pp420	5448.406298	748.4439895	1	  5.0323570E+00	  1.0006480E-01	  5.1820670E+00	  2.7860409E-04
pp421	5166.076407	980.9509588	1	  5.0567830E+00	  1.0130000E-01	  5.0125540E+00	  2.8016830E-04
pp422	5481.621579	798.2669115	1	  5.0310570E+00	  1.0010780E-01	  5.1424820E+00	  2.8069614E-04
pp423	5481.621579	1346.319053	1	  5.0418690E+00	  1.0114860E-01	  4.8251230E+00	  2.8250739E-04
pp424	4867.138875	1628.648945	1	  5.5964090E+00	  1.3206360E-01	  3.2204890E+00	  2.3620897E-04
pp425	5415.191017	2010.62468	1	  5.0147100E+00	  1.0139750E-01	  4.4165020E+00	  2.6434376E-04
pp426	5680.913267	1595.433663	1	  5.0135910E+00	  1.0039770E-01	  4.8934300E+00	  2.7698506E-04
pp427	5763.951471	1628.648945	1	  5.0302670E+00	  1.0022820E-01	  5.1405480E+00	  2.7756032E-04
pp428	5249.11461	1811.332992	1	  5.1033850E+00	  1.0501510E-01	  4.1588570E+00	  2.6801843E-04
pp429	4983.392359	2110.270524	1	  5.2068330E+00	  1.0782320E-01	  3.6301890E+00	  2.5227090E-04
pp430	5548.052142	2459.030978	1	  4.9477450E+00	  1.0038390E-01	  4.3938680E+00	  2.3731707E-04
pp431	6145.927206	2874.221995	1	  4.9190150E+00	  1.0006930E-01	  4.3173160E+00	  2.1024402E-04
pp432	6179.142487	3322.628293	1	  4.8984420E+00	  1.0000940E-01	  4.1834580E+00	  2.0588560E-04
pp433	6610.941145	3953.718638	1	  4.8058480E+00	  9.9876470E-02	  3.5531050E+00	  1.8812551E-04
pp434	6777.017551	4368.909655	1	  4.9068840E+00	  1.0380460E-01	  3.2515970E+00	  2.0090698E-04
pp435	6444.864738	4219.440889	1	  4.9548480E+00	  1.0037970E-01	  4.1917080E+00	  2.2428785E-04
pp436	6312.003613	3787.642231	1	  4.9117790E+00	  9.9940896E-02	  4.1014850E+00	  2.0869559E-04
pp437	6212.357769	3687.996387	1	  4.9315210E+00	  9.9972780E-02	  4.2216700E+00	  2.1093950E-04
pp438	7075.955083	3870.680435	1	  4.7894190E+00	  9.9793709E-02	  3.4452820E+00	  1.8309307E-04
pp439	7225.423849	4319.086733	1	  4.7693820E+00	  1.0236760E-01	  2.9417490E+00	  1.9592754E-04
pp440	7624.007225	4119.795045	1	  4.7858780E+00	  9.9856801E-02	  3.2381310E+00	  1.6287863E-04
pp441	8039.198242	4036.756841	1	  5.1779490E+00	  1.0348860E-01	  4.5020860E+00	  1.8671514E-04
pp442	8836.364994	3937.110997	1	  7.0535350E+00	  1.5328230E-01	  5.0352780E+00	  2.5131606E-04
pp443	8554.035103	3555.135262	1	  7.9617660E+00	  1.5705900E-01	  4.9535920E+00	  2.2907510E-04
pp444	8155.451727	3206.374808	1	  5.9092280E+00	  1.2137830E-01	  4.8381890E+00	  2.3265910E-04
pp445	7889.729476	2741.360869	1	  5.2703090E+00	  1.0607810E-01	  4.8877060E+00	  2.5944230E-04
pp446	8072.413523	2558.676822	1	  5.6050250E+00	  1.2235290E-01	  4.8194480E+00	  2.6528227E-04
pp447	7673.830147	1811.332992	1	  4.9781920E+00	  9.8905688E-02	  4.3278950E+00	  2.7428828E-04
pp448	7242.03149	2425.815697	1	  5.0509550E+00	  9.9822519E-02	  4.8103730E+00	  2.6967202E-04
pp449	7956.160039	3189.767167	1	  5.2078120E+00	  1.0280450E-01	  4.8374370E+00	  2.3299971E-04
pp450	7491.1461	3604.958184	1	  4.9557510E+00	  1.0011200E-01	  4.0785610E+00	  1.9039524E-04
pp451	7474.538459	3339.235933	1	  5.0094240E+00	  9.9983165E-02	  4.6145190E+00	  2.2679102E-04
pp452	7540.969022	3156.551886	1	  5.1150610E+00	  9.9413702E-02	  4.8424060E+00	  2.3580679E-04
pp453	7026.132161	3123.336605	1	  4.9548770E+00	  9.9715998E-02	  4.4061940E+00	  2.1556367E-04
pp454	6743.80227	2591.892103	1	  5.0098170E+00	  9.9882427E-02	  4.6668120E+00	  2.3912021E-04
pp455	7208.816209	2459.030978	1	  5.0800080E+00	  9.9589872E-02	  4.8168560E+00	  2.6047681E-04
pp456	6295.395972	2309.562212	1	  4.9999050E+00	  1.0016570E-01	  4.8981640E+00	  2.5461917E-04
pp457	6228.965409	1695.079507	1	  5.0896310E+00	  1.0060850E-01	  5.9562320E+00	  2.8482430E-04
pp458	6461.472379	1279.888491	1	  5.0342900E+00	  1.0121280E-01	  6.1245030E+00	  2.9801051E-04
pp459	5963.243159	499.3293795	1	  5.0681320E+00	  9.9993573E-02	  5.3322640E+00	  2.9022273E-04
pp460	6361.826535	449.5064575	1	  5.0643370E+00	  9.9965064E-02	  5.2016850E+00	  2.9715752E-04
pp461	6262.180691	964.3433181	1	  5.0775350E+00	  1.0016680E-01	  5.4458780E+00	  2.9381436E-04
pp462	6627.548785	831.4821928	1	  4.9255530E+00	  1.0065510E-01	  5.0647340E+00	  2.9635784E-04
pp463	7059.347443	914.5203961	1	  4.8657680E+00	  9.9075962E-02	  4.5246910E+00	  2.7936393E-04
pp464	7225.423849	1246.673209	1	  4.9121910E+00	  9.6951229E-02	  3.8545650E+00	  2.7587311E-04
pp465	7358.284975	682.0134268	1	  4.9568800E+00	  9.4651817E-02	  4.6011870E+00	  2.7490610E-04
pp466	7391.500256	300.0376915	1	  4.9433470E+00	  9.4955089E-02	  4.7220450E+00	  2.7522515E-04
pp467	7756.868351	316.6453322	1	  4.8572440E+00	  9.0248440E-02	  4.8753000E+00	  2.7528640E-04
pp468	7756.868351	1014.16624	1	  4.8813160E+00	  8.8356249E-02	  4.6915460E+00	  2.7514351E-04
pp469	7424.715537	2143.485805	1	  5.0120890E+00	  1.0136130E-01	  4.4707780E+00	  3.7831670E-04
pp470	8039.198242	2160.093446	1	  5.3474540E+00	  1.2249780E-01	  4.9360740E+00	  2.8646537E-04
pp471	6295.395972	2060.447602	1	  5.0391960E+00	  1.0034270E-01	  5.2459970E+00	  2.6977222E-04
pp472	6793.625192	200.3918475	1	  4.9002600E+00	  9.9686993E-02	  4.7969130E+00	  2.8817520E-04
pp473	1379.534335	731.8363488	1	  4.3857560E+00	  9.8924292E-02	  3.1691660E+00	  1.9629561E-04
pp474	1379.534335	1263.28085	1	  4.3143110E+00	  9.5905951E-02	  3.1736690E+00	  2.0154794E-04
pp475	2186.468586	4223.414406	1	  5.2876830E+00	  1.1050090E-01	  4.8055700E+00	  2.1575944E-04
pp476	2542.934104	4554.418102	1	  5.3220150E+00	  1.1789200E-01	  3.9864050E+00	  2.0452883E-04
pp477	3421.366989	4452.570811	1	  6.4483920E+00	  1.4755300E-01	  3.2573280E+00	  1.9659019E-04
pp478	4401.647165	4337.992608	1	  5.6993220E+00	  1.8425400E-01	  1.0152680E+01	  1.9865706E-04
pp479	4668.996304	4605.341747	1	  5.0229900E+00	  1.1236170E-01	  5.8729550E+00	  2.2276369E-04
pp480	5280.08005	4299.799874	1	  5.0099380E+00	  1.0637000E-01	  5.3362970E+00	  2.1791498E-04
pp481	5687.469214	3917.872533	1	  4.9965620E+00	  1.0012560E-01	  4.6634060E+00	  2.2051303E-04
pp482	5789.316505	3739.639774	1	  4.9789910E+00	  9.9943457E-02	  4.2967740E+00	  1.9916762E-04
pp483	6655.018479	4401.647165	1	  4.9725620E+00	  1.0455980E-01	  3.6802600E+00	  2.0611791E-04
pp484	6082.127467	4783.574507	1	  5.0000000E+00	  1.0931710E-01	  4.6081170E+00	  2.2231887E-04
pp485	5700.200126	5089.11638	1	  4.9988260E+00	  1.0513160E-01	  4.7664630E+00	  2.0644132E-04
pp486	5916.625619	5496.505544	1	  4.9863330E+00	  1.0164260E-01	  4.2795920E+00	  1.8989701E-04
pp487	5471.043721	5725.661948	1	  4.9708700E+00	  9.9964744E-02	  4.4039280E+00	  1.9997348E-04
pp488	5381.927341	5241.887316	1	  4.9966890E+00	  1.0750060E-01	  4.8752430E+00	  2.1572781E-04
pp489	4758.112684	5369.19643	1	  4.9935400E+00	  1.0633210E-01	  4.7460950E+00	  2.3027597E-04
pp490	4057.912558	5662.007392	1	  4.9935460E+00	  1.0201820E-01	  4.4165620E+00	  2.4310180E-04
pp491	3561.407014	5432.850987	1	  4.9938770E+00	  1.0800410E-01	  4.1078240E+00	  2.3074202E-04
pp492	4287.068963	5241.887316	1	  5.0038090E+00	  1.1008430E-01	  4.6747030E+00	  2.3155985E-04
pp493	4134.298026	5458.31281	1	  4.9982200E+00	  1.0923050E-01	  4.4873310E+00	  2.4098292E-04
pp494	3204.941496	5432.850987	1	  4.9444230E+00	  1.0343430E-01	  4.0499630E+00	  2.3431115E-04
pp495	2084.621295	5623.814657	1	  5.6349870E+00	  1.0317930E-01	  3.0201490E+00	  2.3374870E-04
pp496	1231.650232	5763.854683	1	  5.2511500E+00	  1.1879370E-01	  3.4365640E+00	  2.6273677E-04
pp497	1078.879296	5891.163796	1	  5.0382840E+00	  1.1028420E-01	  4.1647370E+00	  2.7140487E-04
pp498	7100.600377	4185.221672	1	  4.8423770E+00	  1.0058620E-01	  3.6299330E+00	  2.1218381E-04
pp499	6145.782024	4834.498152	1	  5.0000000E+00	  1.0750380E-01	  4.6033190E+00	  2.3950406E-04
pp500	6820.520327	5432.850987	1	  4.9946520E+00	  1.0406970E-01	  3.5969310E+00	  2.0571892E-04
pp501	6909.636707	4961.807266	1	  4.9822590E+00	  1.8838300E-01	  2.8473790E+00	  2.0284147E-04
pp502	6731.403947	4719.91995	1	  4.9773960E+00	  1.2298110E-01	  3.5209030E+00	  2.1648227E-04
pp503	7329.756782	4936.345443	1	  4.9808590E+00	  7.8656120E-01	  3.1887700E+00	  1.7645282E-04
pp504	7571.644098	5254.618228	1	  4.9900410E+00	  1.3307950E-01	  5.0899970E+00	  1.7200120E-04
pp505	7991.764174	5267.349139	1	  5.0085180E+00	  1.2280850E-01	  7.8056660E+00	  2.2337617E-04
pp506	7673.491389	4809.036329	1	  4.9827180E+00	  2.1101940E-01	  5.9285430E+00	  2.0089448E-04
pp507	8284.575135	4694.458127	1	  5.0174530E+00	  1.2103670E-01	  5.5506490E+00	  2.1025453E-04
pp508	8742.887945	5114.578202	1	  5.5127430E+00	  2.3184420E-01	  5.7581090E+00	  2.5179180E-04
pp509	8322.767869	5369.19643	1	  5.1173030E+00	  1.1261580E-01	  6.6487930E+00	  2.3935257E-04
pp510	8271.844224	5534.698278	1	  5.0753220E+00	  1.0109190E-01	  6.5350690E+00	  2.4701481E-04
pp511	8551.924274	4439.839899	1	  5.3284530E+00	  1.2440180E-01	  5.1261830E+00	  2.2459252E-04
pp512	8080.880553	4427.108988	1	  5.0537420E+00	  1.0621460E-01	  4.8057300E+00	  1.8923877E-04
pp513	7355.218605	4618.072659	1	  4.8267730E+00	  1.5630950E-01	  2.1817700E+00	  1.7363634E-04
pp514	7864.45506	4579.879925	1	  4.9667880E+00	  1.0691700E-01	  4.4579170E+00	  1.8745265E-04
pp515	6285.822049	4197.952583	1	  4.9851960E+00	  1.0017240E-01	  4.3166910E+00	  2.2214383E-04
pp516	5878.432885	4261.60714	1	  5.0000000E+00	  1.0221230E-01	  4.3509380E+00	  1.9898342E-04
pp517	5674.738303	4809.036329	1	  5.0000000E+00	  1.1592560E-01	  4.8546840E+00	  2.0742472E-04
pp518	1855.601646	7858.543958	1	  4.7293520E+00	  9.9927324E-02	  4.1419060E+00	  2.4321664E-04
pp519	2332.025639	7591.746522	1	  4.6696990E+00	  9.9902474E-02	  3.9270350E+00	  2.3807241E-04
pp520	2732.221794	7572.689562	1	  4.6391970E+00	  9.9877463E-02	  3.7879370E+00	  2.3208235E-04
pp521	2655.993955	8373.08187	1	  4.8533780E+00	  9.9490340E-02	  4.3786380E+00	  2.3906764E-04
pp522	3570.728021	8163.455313	1	  4.7184360E+00	  9.8709314E-02	  3.8352630E+00	  2.3620237E-04
pp523	4294.89249	8049.113555	1	  4.6292570E+00	  9.8972079E-02	  3.7203830E+00	  2.3907379E-04
