ppname	easting	northing	zone	kx1	kx2	kx3	rch
pp001	1319.291	8763.846	1	  4.3279100E+00	  9.9405919E-02	  3.5539490E+00	  2.2387534E-04
pp002	2061.07	8712.688	1	  4.3779670E+00	  9.9363740E-02	  3.6628090E+00	  2.1675026E-04
pp003	1677.391	9147.524	1	  4.5064560E+00	  9.9577492E-02	  3.9273070E+00	  2.2625944E-04
pp004	1677.391	8226.696	1	  4.0933590E+00	  9.8946194E-02	  3.0818530E+00	  2.1049929E-04
pp005	1319.291	3136.562	1	  2.7948590E+00	  8.1073777E-02	  6.9594390E+00	  1.3544991E-04
pp006	603.092	3724.869	1	  2.1493920E+00	  7.6071037E-02	  1.5254300E+00	  1.5026259E-04
pp007	603.092	3059.826	1	  2.0980630E+00	  7.6975632E-02	  1.5953530E+00	  1.4904492E-04
pp008	1268.134	3750.447	1	  2.7832570E+00	  7.8085909E-02	  6.3002130E+00	  1.3795364E-04
pp009	1779.706	3750.447	1	  3.4784060E+00	  8.4570913E-02	  9.2648450E+00	  1.4397003E-04
pp010	2316.855	3520.24	1	  4.2020700E+00	  9.7968433E-02	  6.0797340E+00	  1.5028183E-04
pp011	2572.641	3929.497	1	  4.4697610E+00	  1.0248370E-01	  4.3995170E+00	  1.5195231E-04
pp012	2035.491	4185.283	1	  3.8169140E+00	  8.7974409E-02	  7.1199260E+00	  1.5249150E-04
pp013	3825.991	4313.176	1	  5.3218610E+00	  1.4845580E-01	  2.6237780E+00	  1.3824701E-04
pp014	3595.784	4082.969	1	  5.1025210E+00	  1.4065520E-01	  2.2788820E+00	  1.3504732E-04
pp015	4158.512	4082.969	1	  5.4255820E+00	  1.5653600E-01	  3.2278990E+00	  1.3853378E-04
pp016	3928.305	3776.026	1	  5.2094760E+00	  1.5169180E-01	  2.6609270E+00	  1.3126099E-04
pp017	3928.305	3110.983	1	  5.0265080E+00	  1.6308620E-01	  2.8939680E+00	  1.3321210E-04
pp018	4772.397	3008.669	1	  5.0898460E+00	  1.7637990E-01	  3.2449640E+00	  1.7025271E-04
pp019	4158.512	3366.769	1	  5.1605080E+00	  1.6215870E-01	  3.0039670E+00	  1.3430767E-04
pp020	4337.562	2676.148	1	  5.0625900E+00	  1.8780560E-01	  3.5318750E+00	  1.5221873E-04
pp021	5974.59	9019.631	1	  4.0570600E+00	  1.0893470E-01	  2.5347300E+00	  2.0425996E-04
pp022	5590.911	9607.938	1	  4.1938170E+00	  1.0790740E-01	  2.6071810E+00	  2.2944144E-04
pp023	6383.847	8456.903	1	  4.1977710E+00	  1.1022060E-01	  4.5993180E+00	  1.8098496E-04
pp024	6562.897	8994.053	1	  4.3625430E+00	  1.1809030E-01	  3.6266130E+00	  1.8325488E-04
pp025	6204.797	7843.017	1	  4.2223750E+00	  1.0581770E-01	  5.3798510E+00	  1.7722624E-04
pp026	6716.368	7919.753	1	  4.4101680E+00	  1.1349110E-01	  7.0685710E+00	  1.6951098E-04
pp027	5846.697	8354.589	1	  4.0859840E+00	  1.0277810E-01	  3.1522980E+00	  1.9631130E-04
pp028	8711.496	8789.424	1	  7.6048780E+00	  1.7052880E-01	  8.2060700E+00	  1.4593350E-04
pp029	8327.818	8188.328	1	  6.4709380E+00	  1.4901560E-01	  7.8541820E+00	  1.6385462E-04
pp030	7163.993	7344.235	1	  4.6433660E+00	  1.2482420E-01	  5.8501580E+00	  1.6517976E-04
pp031	7586.039	7408.182	1	  5.0565120E+00	  1.3061640E-01	  5.6798470E+00	  1.7046205E-04
pp032	8020.875	7139.607	1	  5.4296670E+00	  1.3717300E-01	  4.2498620E+00	  1.8181660E-04
pp033	7624.407	6691.982	1	  4.8462890E+00	  1.4193350E-01	  3.1816140E+00	  1.6828041E-04
pp034	8148.768	6743.139	1	  5.4096560E+00	  1.4183910E-01	  3.6117350E+00	  1.9045084E-04
pp035	8481.289	7472.128	1	  6.1448520E+00	  1.4034230E-01	  4.8920090E+00	  1.8702725E-04
pp036	7074.468	6628.036	1	  4.5063200E+00	  1.4086240E-01	  3.0614360E+00	  1.5401561E-04
pp037	7586.039	6244.357	1	  4.7686730E+00	  1.5743710E-01	  2.7737230E+00	  1.6201228E-04
pp038	8289.45	6078.096	1	  5.3872270E+00	  1.5508220E-01	  3.9724220E+00	  2.0692468E-04
pp039	7790.668	7868.596	1	  5.5147710E+00	  1.3468820E-01	  7.7132910E+00	  1.6873671E-04
pp040	8903.335	7958.121	1	  7.0170410E+00	  1.5031040E-01	  6.0073140E+00	  1.7629462E-04
pp041	8864.967	9812.567	1	  8.0415540E+00	  1.7410730E-01	  5.9610540E+00	  1.3868665E-04
pp042	9261.435	9467.256	1	  8.7456280E+00	  1.8252720E-01	  7.1838100E+00	  1.4961986E-04
pp043	8353.396	9480.045	1	  7.0483250E+00	  1.6766370E-01	  6.0637470E+00	  1.3777074E-04
pp044	9146.332	8840.581	1	  8.3341360E+00	  1.7682600E-01	  7.8896610E+00	  1.5289411E-04
pp045	7681.959	5489.79	4	  8.7910570E+00	  1.3212660E-01	  4.9430880E+00	  2.6439891E-04
pp046	7234.334	4140.52	1	  4.8721290E+00	  2.2053490E-01	  3.1301590E+00	  1.5697391E-04
pp047	8206.319	4984.613	4	  7.2072100E+00	  1.2923240E-01	  5.4167820E+00	  2.8002869E-04
pp048	8462.105	5470.606	4	  6.1497610E+00	  1.1797680E-01	  5.3967890E+00	  2.8066435E-04
pp049	7963.323	5585.709	1	  5.0869570E+00	  1.8206690E-01	  3.9487810E+00	  1.9120873E-04
pp050	7726.721	5125.295	4	  9.5942510E+00	  1.4216370E-01	  5.0644400E+00	  2.6532386E-04
pp051	7061.679	5208.425	4	  1.2215770E+01	  1.5283630E-01	  4.1007360E+00	  2.4974058E-04
pp052	7061.679	4824.747	4	  1.2850570E+01	  1.5809460E-01	  4.1432370E+00	  2.5095785E-04
pp053	6588.475	1710.557	1	  4.6674230E+00	  1.3573010E-01	  3.2753630E+00	  2.9116633E-04
pp054	7074.468	1697.768	1	  4.7829440E+00	  1.2406360E-01	  3.2797240E+00	  2.6580538E-04
pp055	6850.656	1972.737	1	  4.7234450E+00	  1.3414310E-01	  3.1906880E+00	  2.6270200E-04
pp056	6844.261	1429.193	1	  4.7147300E+00	  1.2498370E-01	  3.3307870E+00	  2.8833907E-04
pp057	2457.537	2893.565	1	  4.3224290E+00	  1.1098330E-01	  4.9809350E+00	  1.5150505E-04
pp058	2802.848	2778.462	1	  4.6311720E+00	  1.2578760E-01	  3.7156990E+00	  1.5086766E-04
pp059	2917.952	3417.926	1	  4.7166800E+00	  1.1919250E-01	  3.1281480E+00	  1.4506276E-04
pp060	2035.491	2241.312	1	  3.7078390E+00	  1.0721520E-01	  5.6832780E+00	  1.5386281E-04
pp061	2559.852	2484.308	1	  4.3762730E+00	  1.2171650E-01	  4.5253990E+00	  1.5593057E-04
pp062	3154.553	2260.496	1	  4.7467630E+00	  1.5290200E-01	  3.6866470E+00	  1.5641872E-04
pp063	3458.299	1883.212	1	  4.8101620E+00	  1.7550440E-01	  4.6167300E+00	  1.6784971E-04
pp064	4238.445	1653.005	1	  4.9109850E+00	  2.1287840E-01	  5.5375990E+00	  1.9002270E-04
pp065	4251.234	1256.537	1	  4.9125140E+00	  1.9225240E-01	  6.3280020E+00	  2.2022415E-04
pp066	4558.177	1358.852	1	  4.9315660E+00	  1.9750800E-01	  5.6351650E+00	  2.3762524E-04
pp067	3381.563	1435.587	1	  4.7951360E+00	  1.6806370E-01	  5.7025400E+00	  1.8851170E-04
pp068	2217.738	1525.112	1	  3.9071470E+00	  1.1955070E-01	  5.1689300E+00	  1.7409603E-04
pp069	1552.696	1665.794	1	  3.1490770E+00	  1.0122940E-01	  4.1308060E+00	  1.5989029E-04
pp070	913.232	1218.17	1	  2.8901770E+00	  9.4974526E-02	  2.4073390E+00	  1.7860041E-04
pp071	1539.907	1103.066	1	  3.3279530E+00	  1.0400000E-01	  3.5590040E+00	  1.7754635E-04
pp072	1028.335	1729.741	1	  2.6914740E+00	  9.2324582E-02	  2.7245100E+00	  1.6036226E-04
pp073	2831.624	1013.541	1	  4.5197710E+00	  1.3769910E-01	  5.9596780E+00	  2.0220003E-04
pp074	2869.992	489.18	1	  4.5895330E+00	  1.2852530E-01	  6.4394260E+00	  2.2372768E-04
pp075	2946.727	1896.001	1	  4.6266080E+00	  1.4740900E-01	  4.4082820E+00	  1.6901535E-04
pp076	2946.727	1678.584	1	  4.6136350E+00	  1.4838700E-01	  4.8302460E+00	  1.7669721E-04
pp077	388.871	335.709	1	  3.3910550E+00	  9.6364082E-02	  2.2770600E+00	  2.2141853E-04
pp078	1284.121	284.552	1	  3.6039360E+00	  1.0083960E-01	  3.0497020E+00	  2.0691246E-04
pp079	2383.999	335.709	1	  4.2904390E+00	  1.1614630E-01	  5.4030530E+00	  2.1871702E-04
pp080	4097.763	386.866	1	  4.9725780E+00	  1.4542210E-01	  7.0048490E+00	  2.6438546E-04
pp081	5172.062	310.131	1	  4.8968610E+00	  1.3655570E-01	  4.8922710E+00	  3.4484003E-04
pp082	6911.405	514.759	1	  4.7447650E+00	  1.1088360E-01	  3.7108860E+00	  3.0641536E-04
pp083	8215.911	3763.237	1	  5.4357000E+00	  1.7288320E-01	  4.3705500E+00	  2.1132761E-04
pp084	7960.126	2535.466	1	  5.2606380E+00	  1.2881130E-01	  3.6621600E+00	  2.2842155E-04
pp085	7550.869	1384.43	1	  4.9184160E+00	  1.1116810E-01	  3.5093540E+00	  2.6238035E-04
pp086	5683.634	2126.209	1	  4.7150810E+00	  1.6976350E-01	  3.3227030E+00	  2.8498919E-04
pp087	5939.419	3302.822	1	  4.7162870E+00	  1.7403680E-01	  2.6245780E+00	  2.1667551E-04
pp088	7218.347	3021.458	1	  4.8966770E+00	  1.5868500E-01	  3.1257670E+00	  1.9734747E-04
pp089	9290.211	8392.956	1	  7.8257960E+00	  1.6494230E-01	  6.9151820E+00	  1.6963062E-04
pp090	9290.211	7600.021	1	  6.8497570E+00	  1.4315400E-01	  4.8276850E+00	  1.9627289E-04
pp091	9060.004	6500.143	1	  6.0117650E+00	  1.3833290E-01	  4.3925410E+00	  2.2783476E-04
pp092	8753.061	5809.522	1	  5.6489940E+00	  1.5224960E-01	  4.8471340E+00	  2.3575215E-04
pp093	286.557	9723.042	1	  4.7052310E+00	  9.9571477E-02	  4.3618140E+00	  2.5313474E-04
pp094	2639.785	9671.885	1	  4.8094390E+00	  9.9329215E-02	  4.6257770E+00	  2.3723054E-04
pp095	4276.813	9646.306	1	  4.6139300E+00	  9.9316989E-02	  3.7598240E+00	  2.5280281E-04
pp096	7064.876	9825.356	1	  5.0761790E+00	  1.3231500E-01	  3.2169190E+00	  1.7158138E-04
pp097	7781.076	8827.792	1	  5.8484540E+00	  1.4676560E-01	  7.5404030E+00	  1.5330484E-04
pp098	7064.876	8444.114	1	  4.7894760E+00	  1.2367960E-01	  7.2261770E+00	  1.6749044E-04
pp099	7013.719	5962.993	1	  4.5792200E+00	  1.7520220E-01	  2.2945110E+00	  1.4401761E-04
pp100	7320.662	5758.364	1	  4.7017270E+00	  1.8914030E-01	  2.5952220E+00	  1.4691273E-04
pp101	6502.148	7088.45	1	  4.4112730E+00	  1.2006610E-01	  5.1995600E+00	  1.6203673E-04
pp102	2946.727	4249.229	1	  4.6922530E+00	  1.1526470E-01	  2.9479240E+00	  1.4860594E-04
pp103	3560.613	3047.037	1	  4.8939490E+00	  1.5190730E-01	  2.6849440E+00	  1.3520641E-04
pp104	3381.563	3507.451	1	  4.8702750E+00	  1.3621240E-01	  2.3829420E+00	  1.3486916E-04
pp105	1463.171	2381.994	1	  2.9646620E+00	  9.1596896E-02	  5.3420730E+00	  1.4334936E-04
pp106	4021.027	2356.416	1	  4.9636180E+00	  1.9473590E-01	  3.9682310E+00	  1.5145572E-04
pp107	4660.491	4198.072	1	  5.3752560E+00	  1.6510040E-01	  3.9645800E+00	  1.5845392E-04
pp108	5530.162	4479.436	4	  7.5731860E+00	  1.1988200E-01	  5.2009810E+00	  2.5489077E-04
pp109	6655.619	4786.379	4	  1.2262140E+01	  1.5450300E-01	  4.0412310E+00	  2.5371502E-04
pp110	1284.121	5937.414	1	  3.1286210E+00	  9.0802498E-02	  2.2123230E+00	  1.7620788E-04
pp111	2281.685	5681.629	4	  4.2025570E+00	  9.8777311E-02	  4.9982920E+00	  2.6305453E-04
pp112	3151.356	5400.265	4	  5.2990410E+00	  1.0454650E-01	  4.5527830E+00	  2.5992795E-04
pp113	3995.449	5349.107	4	  6.3785800E+00	  1.0874250E-01	  4.5748300E+00	  2.4679345E-04
pp114	4941.855	5272.372	4	  6.3172130E+00	  1.0887620E-01	  5.0450600E+00	  2.4584292E-04
pp115	6016.155	5246.793	4	  8.6240680E+00	  1.3038920E-01	  4.7494610E+00	  2.5878499E-04
pp116	5146.484	4505.015	4	  7.1729250E+00	  1.1480110E-01	  5.4266470E+00	  2.5025904E-04
pp117	5376.691	4888.693	4	  7.1594870E+00	  1.1746030E-01	  5.3105150E+00	  2.4862187E-04
pp118	5913.841	4505.015	4	  8.6139450E+00	  1.2918570E-01	  4.7285260E+00	  2.5987044E-04
pp119	6118.469	4888.693	4	  9.7507930E+00	  1.4018910E-01	  4.4761470E+00	  2.5887000E-04
pp120	6425.412	4991.008	4	  1.1318070E+01	  1.5086900E-01	  4.1253280E+00	  2.5503091E-04
pp121	2869.992	4607.329	4	  5.2159140E+00	  1.0514380E-01	  4.6604400E+00	  2.6197556E-04
pp122	1667.799	4351.543	4	  4.2252250E+00	  9.8600994E-02	  5.6310470E+00	  2.6343567E-04
pp123	977.178	4249.229	4	  4.3627330E+00	  9.9247030E-02	  5.4933810E+00	  2.6429567E-04
pp124	798.128	6116.464	4	  4.1949120E+00	  9.9203428E-02	  4.9581470E+00	  2.6863250E-04
pp125	5542.952	5899.047	4	  5.7782980E+00	  1.0507000E-01	  4.8674970E+00	  2.5518069E-04
pp126	5542.952	5361.897	4	  6.7112440E+00	  1.1385580E-01	  5.0574300E+00	  2.5187935E-04
pp127	5696.423	3891.129	4	  6.6441750E+00	  1.0958480E-01	  4.8904800E+00	  2.6443616E-04
pp128	6297.519	4351.543	4	  9.2934410E+00	  1.3124840E-01	  4.3954970E+00	  2.5990074E-04
pp129	4174.498	5029.375	4	  6.9315230E+00	  1.1133700E-01	  4.8257210E+00	  2.4807998E-04
pp130	4404.706	5630.472	4	  5.8896270E+00	  1.0549030E-01	  4.6336730E+00	  2.4871950E-04
pp131	5184.852	5477	4	  6.0742130E+00	  1.0772160E-01	  4.9799950E+00	  2.4592436E-04
pp132	5056.959	4927.061	4	  6.8543910E+00	  1.1307840E-01	  5.3175510E+00	  2.4551208E-04
pp133	4698.859	4466.647	4	  7.2435240E+00	  1.1239960E-01	  5.3913080E+00	  2.5584084E-04
pp134	3688.506	4543.383	4	  6.8702910E+00	  1.1271490E-01	  4.8017680E+00	  2.5614799E-04
pp135	7819.444	4786.379	4	  9.1054760E+00	  1.3866960E-01	  5.2107050E+00	  2.6900820E-04
pp136	8510.065	4671.276	4	  6.3069450E+00	  1.2041490E-01	  5.4626850E+00	  2.7957696E-04
pp137	8650.747	5170.057	4	  5.9185800E+00	  1.1776320E-01	  5.4602130E+00	  2.8103702E-04
pp138	8676.326	4274.808	4	  5.7895590E+00	  1.1358510E-01	  5.3102030E+00	  2.7787700E-04
pp139	6514.937	5349.107	4	  1.0503980E+01	  1.4087010E-01	  4.2306520E+00	  2.5441516E-04
pp140	3790.82	5643.261	4	  5.7634030E+00	  1.0547950E-01	  4.5137700E+00	  2.5103266E-04
pp141	4136.131	6135.648	4	  5.2705270E+00	  1.0193780E-01	  4.5889170E+00	  2.5249529E-04
pp142	4948.25	6359.461	4	  5.0810610E+00	  1.0061770E-01	  4.7161780E+00	  2.5557163E-04
pp143	337.714	8974.869	1	  4.5089340E+00	  9.9439897E-02	  3.9679870E+00	  2.4590976E-04
pp144	286.557	8002.883	1	  4.1474440E+00	  9.9000790E-02	  3.1870360E+00	  2.3821860E-04
pp145	286.557	6903.005	1	  3.5293450E+00	  9.7002035E-02	  1.9971560E+00	  2.2381801E-04
pp146	260.978	6058.913	1	  3.0685130E+00	  9.2598134E-02	  1.4416660E+00	  2.0956830E-04
pp147	235.4	4575.356	1	  2.3983890E+00	  8.2102673E-02	  1.0752810E+00	  1.8170431E-04
pp148	286.557	5317.134	1	  2.7002900E+00	  8.7164106E-02	  1.2181430E+00	  1.9323331E-04
pp149	286.557	3603.371	1	  2.0906120E+00	  7.7244385E-02	  1.0096770E+00	  1.6657860E-04
pp150	286.557	2068.657	1	  2.3735610E+00	  8.5053519E-02	  1.4630340E+00	  1.7995127E-04
pp151	286.557	1198.986	1	  2.8404770E+00	  9.1673430E-02	  1.8210570E+00	  2.0093925E-04
pp152	1130.65	5214.82	1	  2.8777050E+00	  8.5779621E-02	  2.4371780E+00	  1.6366111E-04
pp153	1770.114	5163.663	1	  3.4242540E+00	  8.9663341E-02	  4.0060890E+00	  1.6280931E-04
pp154	2665.363	4984.613	1	  4.3199160E+00	  1.0621840E-01	  3.4928860E+00	  1.6037416E-04
pp155	3893.134	4805.563	1	  5.2382360E+00	  1.4365560E-01	  2.6789690E+00	  1.4941529E-04
pp156	1258.542	7465.733	1	  3.6713110E+00	  9.7743517E-02	  2.3116840E+00	  2.0413157E-04
pp157	1718.956	6596.062	1	  3.4686580E+00	  9.4845793E-02	  2.3555800E+00	  1.8379489E-04
pp158	3023.463	8054.04	1	  4.3076630E+00	  9.8803911E-02	  3.2401110E+00	  2.0600234E-04
pp159	2511.892	7235.526	1	  3.9076670E+00	  9.7906010E-02	  2.5997450E+00	  1.8921338E-04
pp160	3944.291	8744.662	1	  4.5186750E+00	  9.7954313E-02	  3.2844770E+00	  2.3062000E-04
pp161	5274.377	7414.576	1	  4.3220330E+00	  1.0240520E-01	  3.3545040E+00	  1.9781915E-04
pp162	6220.784	6621.641	1	  4.4820020E+00	  1.3038330E-01	  3.9150620E+00	  1.6543744E-04
pp163	4097.763	7593.626	1	  4.3514290E+00	  9.9385960E-02	  2.4501200E+00	  2.0367919E-04
pp164	4558.177	6749.534	1	  4.5348920E+00	  1.0738680E-01	  2.8036780E+00	  1.9230564E-04
pp165	6144.048	5956.598	1	  4.5893620E+00	  1.6023530E-01	  2.8120780E+00	  1.6719799E-04
pp166	2869.992	5841.495	1	  4.1254140E+00	  1.0526340E-01	  2.5120170E+00	  1.6837327E-04
pp167	3279.249	5854.284	1	  4.3847870E+00	  1.1145970E-01	  2.2403010E+00	  1.6583365E-04
pp168	3573.402	5854.284	1	  4.5780180E+00	  1.1565010E-01	  2.2361980E+00	  1.6581254E-04
pp169	3893.134	5854.284	1	  4.7527090E+00	  1.1978740E-01	  2.4389410E+00	  1.6875310E-04
pp170	4302.391	5879.863	4	  5.5460700E+00	  1.0343240E-01	  4.5665590E+00	  2.4952044E-04
pp171	3381.563	5624.077	1	  4.5506590E+00	  1.1696380E-01	  2.2528210E+00	  1.6191375E-04
pp172	3547.824	5457.816	4	  5.7988570E+00	  1.0645210E-01	  4.5095700E+00	  2.5507674E-04
pp173	4187.288	5662.445	4	  5.8774560E+00	  1.0542940E-01	  4.5617600E+00	  2.4772197E-04
pp174	4583.755	5419.448	4	  6.1769820E+00	  1.0728060E-01	  4.8033200E+00	  2.4878158E-04
pp175	4583.755	5048.559	4	  6.8086300E+00	  1.1081790E-01	  5.0458810E+00	  2.4955238E-04
pp176	4174.498	5202.031	4	  6.6662460E+00	  1.0999830E-01	  4.7261790E+00	  2.4704150E-04
pp177	3176.935	5048.559	1	  4.6448630E+00	  1.2075320E-01	  2.4952310E+00	  1.5488683E-04
pp178	3739.663	5099.716	4	  6.5197580E+00	  1.1026930E-01	  4.5675600E+00	  2.5006326E-04
pp179	2933.938	6110.07	1	  4.0875710E+00	  1.0357220E-01	  2.3694120E+00	  1.7141910E-04
pp180	3240.881	6135.648	1	  4.2652050E+00	  1.0690340E-01	  2.2235090E+00	  1.7045242E-04
pp181	3611.77	6148.437	1	  4.4810290E+00	  1.1075060E-01	  2.2249220E+00	  1.7107940E-04
pp182	3969.87	6148.437	1	  4.6516930E+00	  1.1424560E-01	  2.4369030E+00	  1.7481207E-04
pp183	4647.702	5649.656	1	  5.0008850E+00	  1.3698950E-01	  3.6334870E+00	  1.7986668E-04
pp184	4558.177	5918.23	1	  4.8818750E+00	  1.2706280E-01	  3.3521400E+00	  1.8085432E-04
pp185	4404.706	6199.595	1	  4.7398940E+00	  1.1742510E-01	  2.9400930E+00	  1.8190961E-04
pp186	4404.706	6378.645	1	  4.6638330E+00	  1.1332360E-01	  2.8308680E+00	  1.8463406E-04
pp187	4123.341	6404.223	4	  5.0801520E+00	  1.0083520E-01	  4.6738820E+00	  2.5729901E-04
pp188	3854.766	6455.38	1	  4.4929660E+00	  1.0779030E-01	  2.3134670E+00	  1.7899558E-04
pp189	3535.034	6404.223	1	  4.3589730E+00	  1.0615390E-01	  2.2220550E+00	  1.7548645E-04
pp190	3304.827	6429.802	1	  4.2298050E+00	  1.0400390E-01	  2.2324730E+00	  1.7545823E-04
pp191	2946.727	6442.591	1	  4.0352740E+00	  1.0100380E-01	  2.3356580E+00	  1.7617658E-04
pp192	3087.41	6634.43	1	  4.0883660E+00	  1.0073130E-01	  2.3249100E+00	  1.7907326E-04
pp193	3394.352	7069.266	1	  4.2107180E+00	  9.9919049E-02	  2.4453980E+00	  1.8780635E-04
pp194	3483.877	6711.166	1	  4.2715150E+00	  1.0242080E-01	  2.2861810E+00	  1.8121799E-04
pp195	3905.924	6851.848	1	  4.4077420E+00	  1.0302140E-01	  2.3367670E+00	  1.8715512E-04
pp196	4327.97	6749.534	1	  4.5177220E+00	  1.0605190E-01	  2.5599080E+00	  1.8993933E-04
pp197	4941.855	5943.809	1	  4.8534580E+00	  1.3300150E-01	  3.8472410E+00	  1.8828469E-04
pp198	2690.942	6225.173	1	  3.9321190E+00	  1.0008260E-01	  2.4932680E+00	  1.7439395E-04
pp199	2396.788	5982.177	1	  3.8101400E+00	  9.7946622E-02	  2.7953800E+00	  1.7316438E-04
pp200	2652.574	5675.234	1	  4.0517980E+00	  1.0297250E-01	  2.8484330E+00	  1.6821580E-04
pp201	2626.995	5432.238	4	  4.5789880E+00	  1.0091850E-01	  4.8042540E+00	  2.6094188E-04
pp202	4993.012	5675.234	4	  5.7348660E+00	  1.0477850E-01	  4.8285540E+00	  2.4686875E-04
pp203	6412.623	2618.596	1	  4.6476920E+00	  1.5875910E-01	  2.8638230E+00	  2.4285113E-04
pp204	5875.473	1109.461	1	  4.7157310E+00	  1.4625030E-01	  3.8100520E+00	  3.5058017E-04
pp205	6821.88	3437.11	1	  4.7250180E+00	  1.8128580E-01	  2.8040680E+00	  1.8362661E-04
pp206	4724.438	8373.772	1	  4.3322490E+00	  9.7659599E-02	  2.4577880E+00	  2.2301004E-04
pp207	1757.324	2925.539	1	  3.3855850E+00	  9.0945493E-02	  7.9350390E+00	  1.4130320E-04
pp208	1092.282	2746.489	1	  2.5099970E+00	  8.2042627E-02	  4.1452700E+00	  1.3850365E-04
pp209	1936.374	3309.217	1	  3.6802150E+00	  9.0740816E-02	  8.5377690E+00	  1.4427418E-04
pp210	715.2287082	9766.392871	1	  4.6798560E+00	  9.9598651E-02	  4.2894790E+00	  2.4662508E-04
pp211	698.6210675	9317.986573	1	  4.5610170E+00	  9.9514162E-02	  4.0536330E+00	  2.4194367E-04
pp212	1612.041304	9633.531746	1	  4.6632820E+00	  9.9700595E-02	  4.2485660E+00	  2.3474686E-04
pp213	1147.027365	9583.708824	1	  4.6229690E+00	  9.9634205E-02	  4.1602010E+00	  2.3827900E-04
pp214	1147.027365	9068.871963	1	  4.4519190E+00	  9.9509152E-02	  3.8110010E+00	  2.3101342E-04
pp215	947.7356775	8670.288587	1	  4.3045200E+00	  9.9327095E-02	  3.5129160E+00	  2.2921586E-04
pp216	432.8988168	8437.781618	1	  4.2976470E+00	  9.9244668E-02	  3.5103910E+00	  2.3857488E-04
pp217	1296.496131	8022.590601	1	  3.9678320E+00	  9.8710020E-02	  2.8380920E+00	  2.1274754E-04
pp218	765.0516302	7839.906554	1	  3.9217390E+00	  9.8600465E-02	  2.7304540E+00	  2.2234827E-04
pp219	366.4682542	7125.778005	1	  3.6260810E+00	  9.7592635E-02	  2.1609840E+00	  2.2434028E-04
pp220	200.3918475	7590.791944	1	  3.9675150E+00	  9.8646170E-02	  2.8002570E+00	  2.3642581E-04
pp221	715.2287082	7325.069693	1	  3.6320520E+00	  9.7727512E-02	  2.2026320E+00	  2.1563618E-04
pp222	814.8745522	6777.017551	1	  3.3250360E+00	  9.5623647E-02	  1.8200870E+00	  2.0248302E-04
pp223	1163.635006	6561.118223	1	  3.2715460E+00	  9.4222369E-02	  1.9545230E+00	  1.8965991E-04
pp224	1445.964897	7125.778005	1	  3.5481560E+00	  9.6764764E-02	  2.2034310E+00	  1.9501370E-04
pp225	549.1523015	6561.118223	1	  3.2479900E+00	  9.4924851E-02	  1.6754330E+00	  2.0734424E-04
pp226	1844.548273	7291.854412	1	  3.7136510E+00	  9.7366317E-02	  2.4339940E+00	  1.9339019E-04
pp227	2093.662883	8055.805883	1	  4.0830820E+00	  9.8710039E-02	  3.0283320E+00	  2.0459508E-04
pp228	2375.992775	7922.944757	1	  4.0937280E+00	  9.8602331E-02	  3.0010780E+00	  2.0137842E-04
pp229	2542.069181	8819.757353	1	  4.5147060E+00	  9.9263038E-02	  3.9444760E+00	  2.1960262E-04
pp230	3123.336605	8587.250384	1	  4.5081620E+00	  9.8829224E-02	  3.7351200E+00	  2.1882319E-04
pp231	3272.805371	9019.049041	1	  4.6525160E+00	  9.8661260E-02	  4.0668700E+00	  2.3047263E-04
pp232	2425.815697	9317.986573	1	  4.6786740E+00	  9.9422823E-02	  4.3304850E+00	  2.2905843E-04
pp233	1927.586477	9650.139386	1	  4.7050620E+00	  9.9674947E-02	  4.3530790E+00	  2.3400541E-04
pp234	3472.097059	9600.316464	1	  4.7828990E+00	  9.8557100E-02	  4.4213720E+00	  2.4530545E-04
pp235	3920.503357	9151.910167	1	  4.6070570E+00	  9.8004381E-02	  3.6668910E+00	  2.4041682E-04
pp236	4833.923593	9401.024777	1	  4.4244890E+00	  1.0078900E-01	  3.0214220E+00	  2.4487696E-04
pp237	5083.038203	9666.747027	1	  4.3735040E+00	  1.0355740E-01	  3.0099660E+00	  2.4548848E-04
pp238	5564.659783	9301.378933	1	  4.1528700E+00	  1.0608030E-01	  2.4697850E+00	  2.2509495E-04
pp239	4601.416624	9052.264323	1	  4.4393310E+00	  9.8536242E-02	  2.9377970E+00	  2.3968158E-04
pp240	5249.11461	8686.896228	1	  4.2145490E+00	  1.0006920E-01	  2.3889350E+00	  2.2184001E-04
pp241	5780.559111	8221.882289	1	  4.1148110E+00	  1.0151820E-01	  3.2530840E+00	  1.9618624E-04
pp242	5215.899329	7756.868351	1	  4.2651280E+00	  9.9199999E-02	  2.8704560E+00	  2.0377497E-04
pp243	4352.302014	7939.552398	1	  4.3576290E+00	  9.8531574E-02	  2.4579930E+00	  2.1306114E-04
pp244	4153.010326	8437.781618	1	  4.4341830E+00	  9.7966407E-02	  2.8440560E+00	  2.2412796E-04
pp245	3671.388747	7856.514195	1	  4.3507280E+00	  9.8884884E-02	  2.8007430E+00	  2.0618323E-04
pp246	2890.829635	7258.639131	1	  4.0465820E+00	  9.8547194E-02	  2.6312290E+00	  1.8976623E-04
pp247	3372.451215	7740.26071	1	  4.2867380E+00	  9.8895457E-02	  2.8694200E+00	  2.0143137E-04
pp248	3937.110997	7341.677334	1	  4.3446890E+00	  1.0001210E-01	  2.4269540E+00	  1.9707146E-04
pp249	4618.024265	7158.993287	1	  4.4083880E+00	  1.0249910E-01	  2.6263790E+00	  1.9892960E-04
pp250	5132.861125	7524.361381	1	  4.3101090E+00	  1.0080540E-01	  2.9795640E+00	  2.0163610E-04
pp251	4667.847187	7308.462053	1	  4.3751070E+00	  1.0136000E-01	  2.5924100E+00	  2.0152911E-04
pp252	5531.444501	6610.941145	1	  4.5310060E+00	  1.2041550E-01	  4.2300110E+00	  1.8732422E-04
pp253	5548.052142	6710.586989	1	  4.5000870E+00	  1.1784460E-01	  4.2888680E+00	  1.8719875E-04
pp254	5730.736189	7408.107897	1	  4.3084980E+00	  1.0531540E-01	  4.4386770E+00	  1.8657221E-04
pp255	6096.104284	7142.385646	1	  4.3828510E+00	  1.1365120E-01	  5.1348230E+00	  1.7291180E-04
pp256	5880.204955	6943.093958	1	  4.4254860E+00	  1.1576100E-01	  4.6893890E+00	  1.7861191E-04
pp257	5166.076407	6959.701599	1	  4.4458490E+00	  1.0832290E-01	  3.6081270E+00	  1.9519128E-04
pp258	5747.34383	6527.902941	1	  4.5332240E+00	  1.2631190E-01	  4.1425190E+00	  1.8172412E-04
pp259	6046.281362	6129.319565	1	  4.5779640E+00	  1.4873890E-01	  3.1498780E+00	  1.7095241E-04
pp260	6029.673721	5747.34383	1	  4.6421020E+00	  1.6912270E-01	  2.8405190E+00	  1.7288472E-04
pp261	6511.295301	5597.875064	1	  4.5879960E+00	  1.9345260E-01	  2.3608730E+00	  1.5295777E-04
pp262	6660.764067	5747.34383	1	  4.5737530E+00	  1.8623720E-01	  2.2831280E+00	  1.4792626E-04
pp263	6909.878677	5564.659783	1	  4.6266630E+00	  2.0497720E-01	  2.3619400E+00	  1.4256159E-04
pp264	7042.739802	5431.798657	1	  4.6788850E+00	  2.1776540E-01	  2.5405060E+00	  1.4176336E-04
pp265	7707.045429	5581.267423	1	  4.9248740E+00	  1.9259380E-01	  3.4357520E+00	  1.6780673E-04
pp266	7989.37532	5763.951471	1	  5.1026660E+00	  1.7251470E-01	  3.8107600E+00	  1.9094938E-04
pp267	8321.528133	5747.34383	1	  5.3618880E+00	  1.6405030E-01	  4.4056800E+00	  2.1660232E-04
pp268	8670.288587	5564.659783	1	  5.5463740E+00	  1.5934380E-01	  4.9707070E+00	  2.3740550E-04
pp269	8936.010838	5979.850799	1	  5.7781140E+00	  1.4560210E-01	  4.8115490E+00	  2.3813887E-04
pp270	8470.996899	6295.395972	1	  5.5898240E+00	  1.4773840E-01	  4.0193240E+00	  2.1237715E-04
pp271	8703.503869	6644.156426	1	  5.8835120E+00	  1.4076590E-01	  4.0415410E+00	  2.1410243E-04
pp272	8869.580275	7158.993287	1	  6.2700530E+00	  1.3878270E-01	  4.2317730E+00	  2.0398488E-04
pp273	8720.111509	7225.423849	1	  6.2030450E+00	  1.3931670E-01	  4.2914150E+00	  1.9883258E-04
pp274	8454.389259	6976.309239	1	  5.8215500E+00	  1.3955080E-01	  3.9721260E+00	  1.9836886E-04
pp275	9234.94837	7026.132161	1	  6.3541640E+00	  1.3651690E-01	  4.2850420E+00	  2.1502472E-04
pp276	9168.517807	7408.107897	1	  6.6242550E+00	  1.4028680E-01	  4.5364330E+00	  2.0094947E-04
pp277	9002.441401	7806.691273	1	  6.9308000E+00	  1.4720310E-01	  5.4446680E+00	  1.8353478E-04
pp278	9168.517807	7956.160039	1	  7.2047570E+00	  1.5134810E-01	  5.7396090E+00	  1.8108718E-04
pp279	8537.427462	8437.781618	1	  7.0063860E+00	  1.5857500E-01	  8.1451650E+00	  1.5613931E-04
pp280	8155.451727	8936.010838	1	  6.5351970E+00	  1.5898970E-01	  7.7060890E+00	  1.4604707E-04
pp281	8803.149713	9234.94837	1	  8.0218080E+00	  1.7946890E-01	  7.4574150E+00	  1.3720996E-04
pp282	8172.059367	9301.378933	1	  6.6569690E+00	  1.6233150E-01	  6.3482730E+00	  1.4120062E-04
pp283	7839.906554	9284.771292	1	  6.0514320E+00	  1.5204960E-01	  5.7762370E+00	  1.4765776E-04
pp284	7590.791944	9567.101183	1	  5.7139200E+00	  1.4510600E-01	  4.4248330E+00	  1.5321502E-04
pp285	7142.385646	9052.264323	1	  4.9866560E+00	  1.3140760E-01	  4.9990780E+00	  1.6556051E-04
pp286	6594.333504	9533.885902	1	  4.5077010E+00	  1.2191220E-01	  2.8803940E+00	  1.8811896E-04
pp287	5996.45844	9600.316464	1	  4.1920450E+00	  1.1272790E-01	  2.5221660E+00	  2.1337191E-04
pp288	6743.80227	9650.139386	1	  4.6779750E+00	  1.2523690E-01	  2.9687180E+00	  1.8307328E-04
pp289	7208.816209	9450.847699	1	  5.1527800E+00	  1.3497300E-01	  3.9858320E+00	  1.6428432E-04
pp290	7491.1461	9417.632417	1	  5.5320220E+00	  1.4224930E-01	  4.6274010E+00	  1.5589585E-04
pp291	7906.337117	9749.78523	1	  6.2579210E+00	  1.5328970E-01	  4.5670380E+00	  1.4584807E-04
pp292	8188.667008	9733.17759	1	  6.7508580E+00	  1.6098680E-01	  5.0839910E+00	  1.4021762E-04
pp293	6328.611253	9168.517807	1	  4.2189820E+00	  1.1515290E-01	  2.8527190E+00	  1.9388108E-04
pp294	6046.281362	8653.680947	1	  4.0552310E+00	  1.0701020E-01	  3.0402520E+00	  1.9471757E-04
pp295	5747.34383	8703.503869	1	  4.0636960E+00	  1.0407530E-01	  2.5463000E+00	  2.0669851E-04
pp296	7175.600927	8819.757353	1	  4.9864750E+00	  1.3030910E-01	  6.0368060E+00	  1.6485332E-04
pp297	7507.753741	8487.60454	1	  5.3519410E+00	  1.3498130E-01	  8.2083880E+00	  1.6133336E-04
pp298	7258.639131	7673.830147	1	  4.8129440E+00	  1.2398700E-01	  7.3072100E+00	  1.6737226E-04
pp299	6810.232833	8138.844086	1	  4.4950520E+00	  1.1574270E-01	  7.1550250E+00	  1.7019731E-04
pp300	7109.170365	8105.628805	1	  4.7706850E+00	  1.2176280E-01	  8.0386790E+00	  1.6725009E-04
pp301	7474.538459	7922.944757	1	  5.1312380E+00	  1.2865450E-01	  8.1312090E+00	  1.6683385E-04
pp302	6411.649457	7557.576663	1	  4.3183490E+00	  1.1072970E-01	  6.1618730E+00	  1.6904359E-04
pp303	6727.194629	7408.107897	1	  4.4127040E+00	  1.1726140E-01	  6.3134460E+00	  1.6384437E-04
pp304	6876.663395	7092.562724	1	  4.4596660E+00	  1.2513720E-01	  4.9989310E+00	  1.5977892E-04
pp305	6428.257097	6245.57305	1	  4.5211480E+00	  1.5043560E-01	  2.7958070E+00	  1.5659918E-04
pp306	6826.840473	6494.68766	1	  4.4862590E+00	  1.4419980E-01	  2.8980190E+00	  1.5101603E-04
pp307	6627.548785	6677.371707	1	  4.4669710E+00	  1.3424830E-01	  3.6071030E+00	  1.5536489E-04
pp308	2757.96851	6777.017551	1	  3.9351910E+00	  9.8501954E-02	  2.4412800E+00	  1.8170852E-04
pp309	2292.954571	6544.510582	1	  3.7213600E+00	  9.6596445E-02	  2.5298170E+00	  1.8024057E-04
pp310	2010.62468	6710.586989	1	  3.6174660E+00	  9.5894624E-02	  2.4606160E+00	  1.8387675E-04
pp311	2259.73929	6145.927206	1	  3.7070730E+00	  9.6368341E-02	  2.7171230E+00	  1.7562323E-04
pp312	1612.041304	6295.395972	1	  3.3528660E+00	  9.3240675E-02	  2.3832870E+00	  1.7991384E-04
pp313	914.5203961	6029.673721	1	  3.0289810E+00	  9.1171331E-02	  1.7564020E+00	  1.8474290E-04
pp314	200.3918475	5730.736189	1	  2.9245380E+00	  9.0538722E-02	  1.3146430E+00	  2.0599528E-04
pp315	831.4821928	5597.875064	1	  2.8500900E+00	  8.8205381E-02	  1.7062510E+00	  1.7766029E-04
pp316	1429.357257	5415.191017	1	  3.1286320E+00	  8.8279366E-02	  2.9038170E+00	  1.6562967E-04
pp317	1827.940633	5381.975735	1	  3.4667180E+00	  9.1171864E-02	  3.6020510E+00	  1.6644044E-04
pp318	2326.169853	5298.937532	1	  3.9454030E+00	  9.8251464E-02	  3.6977840E+00	  1.6625190E-04
pp319	2176.701087	5000	1	  3.8791450E+00	  9.4858624E-02	  4.4644770E+00	  1.6297718E-04
pp320	2708.145588	4767.493031	1	  4.4248660E+00	  1.0732480E-01	  3.5521190E+00	  1.5756904E-04
pp321	3040.298401	4966.784719	1	  4.5769070E+00	  1.1736270E-01	  2.7038870E+00	  1.5557252E-04
pp322	3389.058855	4833.923593	1	  4.8873190E+00	  1.2941280E-01	  2.3478910E+00	  1.4934268E-04
pp323	3804.249872	4800.708312	1	  5.1931650E+00	  1.4160570E-01	  2.5545470E+00	  1.4854580E-04
pp324	4302.479092	4717.670109	1	  5.3749560E+00	  1.5421970E-01	  3.5127090E+00	  1.5545489E-04
pp325	4717.670109	4800.708312	1	  5.2829900E+00	  1.6161320E-01	  4.1413630E+00	  1.7112025E-04
pp326	1994.017039	4568.201343	1	  3.7301050E+00	  8.8927472E-02	  5.9166080E+00	  1.5652662E-04
pp327	1379.534335	4983.392359	1	  3.0330830E+00	  8.5246712E-02	  3.4706670E+00	  1.5767043E-04
pp328	1578.826023	4750.88539	1	  3.2183840E+00	  8.5089139E-02	  4.7310560E+00	  1.5454915E-04
pp329	1578.826023	4651.239546	1	  3.2145500E+00	  8.4372693E-02	  5.0596600E+00	  1.5293883E-04
pp330	947.7356775	5066.430563	1	  2.7248310E+00	  8.4315746E-02	  2.0913440E+00	  1.6346887E-04
pp331	598.9752235	5000	1	  2.5605250E+00	  8.3879307E-02	  1.4436850E+00	  1.7212564E-04
pp332	748.4439895	4534.986061	1	  2.4520310E+00	  8.0291930E-02	  1.8059830E+00	  1.5737706E-04
pp333	549.1523015	4202.833248	1	  2.2629930E+00	  7.8479243E-02	  1.3844790E+00	  1.5880823E-04
pp334	399.6835355	4020.149201	1	  2.1820230E+00	  7.8103577E-02	  1.1448150E+00	  1.6362420E-04
pp335	1014.16624	4003.54156	1	  2.5240580E+00	  7.7234702E-02	  3.4408520E+00	  1.4274622E-04
pp336	1578.826023	3920.503357	1	  3.2024440E+00	  8.1336783E-02	  8.2962560E+00	  1.4246862E-04
pp337	2027.232321	4169.617967	1	  3.8069070E+00	  8.7817234E-02	  7.2028570E+00	  1.5221396E-04
pp338	2060.447602	3870.680435	1	  3.8656970E+00	  8.9120600E-02	  7.8007310E+00	  1.4975064E-04
pp339	2459.030978	4153.010326	1	  4.3377480E+00	  9.8290983E-02	  4.9133540E+00	  1.5429022E-04
pp340	2741.360869	4285.871451	1	  4.5624040E+00	  1.0759950E-01	  3.6120640E+00	  1.5241985E-04
pp341	2824.399073	3920.503357	1	  4.6501280E+00	  1.1129220E-01	  3.3256100E+00	  1.4835303E-04
pp342	3289.413011	4153.010326	1	  4.8971850E+00	  1.2892310E-01	  2.3155550E+00	  1.4067560E-04
pp343	3339.235933	3687.996387	1	  4.8695300E+00	  1.3266390E-01	  2.3318970E+00	  1.3596573E-04
pp344	3040.298401	3953.718638	1	  4.7519680E+00	  1.1941250E-01	  2.6946680E+00	  1.4412272E-04
pp345	3007.08312	3671.388747	1	  4.7439870E+00	  1.1984580E-01	  2.8162040E+00	  1.4337904E-04
pp346	3306.020652	3189.767167	1	  4.8284390E+00	  1.3837010E-01	  2.6025210E+00	  1.3773422E-04
pp347	3073.513683	2841.006713	1	  4.7585550E+00	  1.3588620E-01	  3.1063810E+00	  1.4600319E-04
pp348	2326.169853	3372.451215	1	  4.2066400E+00	  9.9836169E-02	  5.9689040E+00	  1.4993340E-04
pp349	1794.725351	3040.298401	1	  3.4507280E+00	  9.0484991E-02	  8.3129210E+00	  1.4153846E-04
pp350	1479.180179	3422.274137	1	  3.0383950E+00	  8.1407577E-02	  8.7514930E+00	  1.3691222E-04
pp351	682.0134268	3339.235933	1	  2.1338240E+00	  7.5679829E-02	  1.7958050E+00	  1.4509417E-04
pp352	1047.381521	3139.944245	1	  2.4580290E+00	  7.8090010E-02	  4.3365420E+00	  1.3644822E-04
pp353	1063.989162	2890.829635	1	  2.4738500E+00	  8.0324653E-02	  4.1679100E+00	  1.3741757E-04
pp354	266.8224102	3173.159527	1	  2.0691570E+00	  7.7565667E-02	  1.0399050E+00	  1.6734812E-04
pp355	349.8606135	2841.006713	1	  2.0953530E+00	  7.8837192E-02	  1.2032190E+00	  1.6418682E-04
pp356	980.9509588	2608.499744	1	  2.4138080E+00	  8.2458994E-02	  3.2511270E+00	  1.4185630E-04
pp357	632.1905048	2475.638619	1	  2.2228820E+00	  8.1859963E-02	  1.8067630E+00	  1.5461348E-04
pp358	615.5828642	2193.308727	1	  2.3157700E+00	  8.4538952E-02	  1.8202050E+00	  1.6077939E-04
pp359	848.0898335	1944.194117	1	  2.5016060E+00	  8.8442829E-02	  2.3420000E+00	  1.5853445E-04
pp360	383.0758948	1728.294789	1	  2.5205900E+00	  8.8032044E-02	  1.6692960E+00	  1.8250546E-04
pp361	798.2669115	1313.103772	1	  2.7964560E+00	  9.3379572E-02	  2.2431650E+00	  1.7836790E-04
pp362	665.4057862	615.5828642	1	  3.2001790E+00	  9.6042473E-02	  2.2817480E+00	  2.0471713E-04
pp363	-15.50748115	831.4821928	1	  3.1734160E+00	  9.3705015E-02	  1.9414850E+00	  2.2384389E-04
pp364	881.3051148	682.0134268	1	  3.2009830E+00	  9.7057575E-02	  2.4507470E+00	  1.9746811E-04
pp365	715.2287082	167.1765662	1	  3.5068250E+00	  9.7701837E-02	  2.5274250E+00	  2.1805460E-04
pp366	1761.51007	582.3675828	1	  3.7357930E+00	  1.0732050E-01	  3.8897010E+00	  1.9802163E-04
pp367	2176.701087	366.4682542	1	  4.1303800E+00	  1.1284590E-01	  4.8842770E+00	  2.1289416E-04
pp368	2359.385134	1047.381521	1	  4.0966190E+00	  1.2315440E-01	  5.3958390E+00	  1.9257342E-04
pp369	1661.864226	1512.39546	1	  3.2936870E+00	  1.0467330E-01	  4.2196040E+00	  1.6523754E-04
pp370	2475.638619	1994.017039	1	  4.2221500E+00	  1.2547530E-01	  4.8910350E+00	  1.6527618E-04
pp371	2492.246259	2209.916368	1	  4.2643820E+00	  1.2346240E-01	  4.7685460E+00	  1.6049557E-04
pp372	2176.701087	2542.069181	1	  3.9215020E+00	  1.0740030E-01	  5.8207990E+00	  1.5200285E-04
pp373	3422.274137	2425.815697	1	  4.8241780E+00	  1.6301050E-01	  3.4383410E+00	  1.4920463E-04
pp374	3671.388747	2525.461541	1	  4.8879800E+00	  1.7263090E-01	  3.4140980E+00	  1.4484248E-04
pp375	4269.263811	2940.652557	1	  5.0883210E+00	  1.7617890E-01	  3.2814790E+00	  1.4314365E-04
pp376	4601.416624	3704.604028	1	  5.2967720E+00	  1.6401200E-01	  3.4908150E+00	  1.5091278E-04
pp377	5365.368095	4119.795045	1	  5.0369440E+00	  1.7841890E-01	  3.4281410E+00	  1.8862617E-04
pp378	4800.708312	3887.288075	1	  5.2816300E+00	  1.6631580E-01	  3.6839810E+00	  1.6219612E-04
pp379	5315.545173	3571.742903	1	  4.9972160E+00	  1.7209770E-01	  3.0488910E+00	  1.9301722E-04
pp380	4734.277749	3173.159527	1	  5.1288910E+00	  1.7234530E-01	  3.2535650E+00	  1.6356562E-04
pp381	5631.090345	3106.728964	1	  4.7960220E+00	  1.7184500E-01	  2.7419020E+00	  2.2231087E-04
pp382	4900.354156	3422.274137	1	  5.1390890E+00	  1.6906960E-01	  3.2659330E+00	  1.7027410E-04
pp383	5116.253485	3472.097059	1	  5.0674560E+00	  1.7022340E-01	  3.1515850E+00	  1.8369259E-04
pp384	5398.583376	2874.221995	1	  4.8566760E+00	  1.7402730E-01	  2.9099710E+00	  2.2272934E-04
pp385	4568.201343	2442.423337	1	  5.0556590E+00	  1.9880770E-01	  3.7316160E+00	  1.7406537E-04
pp386	5249.11461	2641.715025	1	  4.8894730E+00	  1.7940700E-01	  3.1079720E+00	  2.2465341E-04
pp387	4900.354156	2724.753229	1	  5.0186900E+00	  1.8363490E-01	  3.2797320E+00	  1.9048633E-04
pp388	4701.062468	2077.055243	1	  5.0159540E+00	  2.0953430E-01	  4.1540630E+00	  2.0225429E-04
pp389	4219.440889	2027.232321	1	  4.9700130E+00	  2.1500450E-01	  4.6623710E+00	  1.6789574E-04
pp390	3787.642231	1445.964897	1	  4.8664600E+00	  1.8800400E-01	  6.1634400E+00	  1.9240850E-04
pp391	3903.895716	864.6974742	1	  4.9187130E+00	  1.6533530E-01	  7.1781650E+00	  2.3060381E-04
pp392	3920.503357	1977.409399	1	  4.8984640E+00	  2.0245830E-01	  4.8183760E+00	  1.6512651E-04
pp393	4153.010326	2691.537947	1	  5.0297450E+00	  1.8399370E-01	  3.4768030E+00	  1.4482153E-04
pp394	3737.819309	3538.527621	1	  5.0371700E+00	  1.4849940E-01	  2.4701450E+00	  1.3036578E-04
pp395	5000	2508.8539	1	  4.9673340E+00	  1.8803190E-01	  3.3670660E+00	  2.0984949E-04
pp396	4385.517295	3588.350543	1	  5.2763670E+00	  1.6218510E-01	  3.2660590E+00	  1.4081301E-04
pp397	4402.124936	3970.326279	1	  5.4067380E+00	  1.6065420E-01	  3.5421980E+00	  1.4404544E-04
pp398	3721.211669	980.9509588	1	  4.8851510E+00	  1.6642750E-01	  7.0516910E+00	  2.1827610E-04
pp399	3272.805371	980.9509588	1	  4.7745580E+00	  1.5216310E-01	  6.5526540E+00	  2.0966135E-04
pp400	2841.006713	1445.964897	1	  4.5277460E+00	  1.4301180E-01	  5.2724300E+00	  1.8513428E-04
pp401	2591.892103	1329.711413	1	  4.3077730E+00	  1.3248720E-01	  5.4122910E+00	  1.8675874E-04
pp402	2243.131649	1927.586477	1	  3.9463300E+00	  1.1759310E-01	  5.1981270E+00	  1.6391175E-04
pp403	1794.725351	1894.371195	1	  3.3933810E+00	  1.0458760E-01	  5.0424090E+00	  1.5681974E-04
pp404	914.5203961	2126.878165	1	  2.4718600E+00	  8.7130938E-02	  2.5955960E+00	  1.5236081E-04
pp405	1047.381521	2176.701087	1	  2.5547940E+00	  8.7927369E-02	  3.1099920E+00	  1.4866871E-04
pp406	1412.749616	1994.017039	1	  2.9437590E+00	  9.5278198E-02	  4.2493780E+00	  1.5079355E-04
pp407	3073.513683	515.9370202	1	  4.7072860E+00	  1.3371960E-01	  6.7673070E+00	  2.2668127E-04
pp408	2093.662883	665.4057862	1	  3.9588980E+00	  1.1384910E-01	  4.7422950E+00	  2.0048659E-04
pp409	2093.662883	864.6974742	1	  3.8868950E+00	  1.1510360E-01	  4.8244230E+00	  1.9335823E-04
pp410	2874.221995	715.2287082	1	  4.5706550E+00	  1.3341470E-01	  6.3096730E+00	  2.1501029E-04
pp411	3754.42695	682.0134268	1	  4.9157550E+00	  1.5415510E-01	  7.3456520E+00	  2.3534124E-04
pp412	3721.211669	-65.33040315	1	  4.9502160E+00	  1.2627580E-01	  7.0814270E+00	  2.6437652E-04
pp413	3322.628293	333.2529728	1	  4.8299710E+00	  1.3360560E-01	  7.1988800E+00	  2.3903135E-04
pp414	3222.982449	183.7842068	1	  4.8036840E+00	  1.2777560E-01	  7.0784420E+00	  2.4227178E-04
pp415	4368.909655	216.9994882	1	  4.9846880E+00	  1.3902050E-01	  6.4182440E+00	  2.8755814E-04
pp416	4534.986061	582.3675828	1	  4.9620490E+00	  1.5497000E-01	  6.2164320E+00	  2.8535146E-04
pp417	4734.277749	914.5203961	1	  4.9340140E+00	  1.7013410E-01	  5.7002130E+00	  2.8608515E-04
pp418	4916.961797	449.5064575	1	  4.9328120E+00	  1.4543720E-01	  5.3645230E+00	  3.2330679E-04
pp419	5697.520908	283.4300508	1	  4.8010330E+00	  1.2732470E-01	  4.2258400E+00	  3.6328389E-04
pp420	5448.406298	748.4439895	1	  4.8216140E+00	  1.4739350E-01	  4.4112540E+00	  3.5332100E-04
pp421	5166.076407	980.9509588	1	  4.8680640E+00	  1.6381590E-01	  4.7989980E+00	  3.2494706E-04
pp422	5481.621579	798.2669115	1	  4.8118560E+00	  1.4832520E-01	  4.3525500E+00	  3.5354077E-04
pp423	5481.621579	1346.319053	1	  4.7804390E+00	  1.6615660E-01	  4.1215500E+00	  3.2922308E-04
pp424	4867.138875	1628.648945	1	  4.9331050E+00	  1.9982900E-01	  4.7020880E+00	  2.5038904E-04
pp425	5415.191017	2010.62468	1	  4.7903040E+00	  1.7936580E-01	  3.6037870E+00	  2.7867880E-04
pp426	5680.913267	1595.433663	1	  4.7227010E+00	  1.6371720E-01	  3.7468120E+00	  3.2234138E-04
pp427	5763.951471	1628.648945	1	  4.7039630E+00	  1.6098600E-01	  3.6556200E+00	  3.2210007E-04
pp428	5249.11461	1811.332992	1	  4.8388440E+00	  1.8561790E-01	  3.9761290E+00	  2.7888692E-04
pp429	4983.392359	2110.270524	1	  4.9436290E+00	  1.9763260E-01	  3.8460510E+00	  2.3092823E-04
pp430	5548.052142	2459.030978	1	  4.7674070E+00	  1.7421760E-01	  3.1039040E+00	  2.5593239E-04
pp431	6145.927206	2874.221995	1	  4.6556720E+00	  1.6690300E-01	  2.7337220E+00	  2.3583352E-04
pp432	6179.142487	3322.628293	1	  4.6699870E+00	  1.7547200E-01	  2.5994310E+00	  2.1065411E-04
pp433	6610.941145	3953.718638	1	  4.6693150E+00	  2.0419710E-01	  2.6792700E+00	  1.7114862E-04
pp434	6777.017551	4368.909655	1	  4.6883580E+00	  2.3131900E-01	  2.7679590E+00	  1.5617767E-04
pp435	6444.864738	4219.440889	1	  4.6572090E+00	  2.1353690E-01	  2.6949850E+00	  1.7100111E-04
pp436	6312.003613	3787.642231	1	  4.6671290E+00	  1.9126440E-01	  2.6152110E+00	  1.8793513E-04
pp437	6212.357769	3687.996387	1	  4.6784450E+00	  1.8608990E-01	  2.6043510E+00	  1.9488233E-04
pp438	7075.955083	3870.680435	1	  4.8081860E+00	  2.0365950E-01	  2.9728380E+00	  1.6387083E-04
pp439	7225.423849	4319.086733	1	  4.8560180E+00	  2.3291260E-01	  3.1124050E+00	  1.5301494E-04
pp440	7624.007225	4119.795045	1	  5.0958540E+00	  2.1100810E-01	  3.6653070E+00	  1.6903685E-04
pp441	8039.198242	4036.756841	1	  5.3309050E+00	  1.9168240E-01	  4.2794450E+00	  1.9602399E-04
pp442	8836.364994	3937.110997	1	  5.5276710E+00	  1.5690780E-01	  5.0694630E+00	  2.5078832E-04
pp443	8554.035103	3555.135262	1	  5.5353640E+00	  1.5470790E-01	  4.5379230E+00	  2.3553495E-04
pp444	8155.451727	3206.374808	1	  5.4192970E+00	  1.4978370E-01	  3.9845000E+00	  2.1738963E-04
pp445	7889.729476	2741.360869	1	  5.2567110E+00	  1.3637460E-01	  3.6330100E+00	  2.1969772E-04
pp446	8072.413523	2558.676822	1	  5.3107190E+00	  1.2798190E-01	  3.7401930E+00	  2.3098020E-04
pp447	7673.830147	1811.332992	1	  5.0176630E+00	  1.1562990E-01	  3.4928210E+00	  2.4880509E-04
pp448	7242.03149	2425.815697	1	  4.8891230E+00	  1.3711220E-01	  3.2110890E+00	  2.2708117E-04
pp449	7956.160039	3189.767167	1	  5.3268660E+00	  1.5266070E-01	  3.7995910E+00	  2.0829301E-04
pp450	7491.1461	3604.958184	1	  5.0485780E+00	  1.8260840E-01	  3.4146910E+00	  1.7704566E-04
pp451	7474.538459	3339.235933	1	  5.0438530E+00	  1.6876180E-01	  3.3655770E+00	  1.8602728E-04
pp452	7540.969022	3156.551886	1	  5.0833620E+00	  1.5874330E-01	  3.4023910E+00	  1.9482983E-04
pp453	7026.132161	3123.336605	1	  4.8049470E+00	  1.6611120E-01	  2.9795690E+00	  1.9407441E-04
pp454	6743.80227	2591.892103	1	  4.7059670E+00	  1.5204280E-01	  2.9494830E+00	  2.3073559E-04
pp455	7208.816209	2459.030978	1	  4.8755240E+00	  1.3871420E-01	  3.1866480E+00	  2.2582966E-04
pp456	6295.395972	2309.562212	1	  4.6386110E+00	  1.5485490E-01	  3.0181250E+00	  2.6855188E-04
pp457	6228.965409	1695.079507	1	  4.6482650E+00	  1.4575250E-01	  3.3615360E+00	  3.1157691E-04
pp458	6461.472379	1279.888491	1	  4.6678460E+00	  1.3235240E-01	  3.4278040E+00	  3.1923474E-04
pp459	5963.243159	499.3293795	1	  4.7443860E+00	  1.2811520E-01	  3.9391610E+00	  3.6069326E-04
pp460	6361.826535	449.5064575	1	  4.7129680E+00	  1.1920260E-01	  3.7737680E+00	  3.4122437E-04
pp461	6262.180691	964.3433181	1	  4.6844590E+00	  1.3195460E-01	  3.6009660E+00	  3.4161271E-04
pp462	6627.548785	831.4821928	1	  4.6982050E+00	  1.2086360E-01	  3.5493400E+00	  3.2052871E-04
pp463	7059.347443	914.5203961	1	  4.7627060E+00	  1.1358400E-01	  3.5330270E+00	  2.9204293E-04
pp464	7225.423849	1246.673209	1	  4.8099570E+00	  1.1469740E-01	  3.4374130E+00	  2.7554302E-04
pp465	7358.284975	682.0134268	1	  4.8278020E+00	  1.0657160E-01	  3.7310420E+00	  2.8292475E-04
pp466	7391.500256	300.0376915	1	  4.8322230E+00	  1.0297710E-01	  3.9540180E+00	  2.8620036E-04
pp467	7756.868351	316.6453322	1	  4.9006700E+00	  1.0059430E-01	  4.0719320E+00	  2.7642603E-04
pp468	7756.868351	1014.16624	1	  4.9420170E+00	  1.0514550E-01	  3.7367770E+00	  2.6668112E-04
pp469	7424.715537	2143.485805	1	  4.9523400E+00	  1.2640070E-01	  3.3428100E+00	  2.3820557E-04
pp470	8039.198242	2160.093446	1	  5.2196570E+00	  1.1803180E-01	  3.6877380E+00	  2.4129928E-04
pp471	6295.395972	2060.447602	1	  4.6400400E+00	  1.5005950E-01	  3.1562320E+00	  2.8552492E-04
pp472	6793.625192	200.3918475	1	  4.7471690E+00	  1.0848740E-01	  3.8799550E+00	  3.1414769E-04
pp473	1379.534335	731.8363488	1	  3.4013860E+00	  1.0194670E-01	  3.1079880E+00	  1.9045557E-04
pp474	1379.534335	1263.28085	1	  3.1355370E+00	  1.0070450E-01	  3.2818890E+00	  1.7187819E-04
pp475	2186.468586	4223.414406	1	  4.0092310E+00	  9.1093077E-02	  6.3054750E+00	  1.5453202E-04
pp476	2542.934104	4554.418102	1	  4.3569790E+00	  1.0160650E-01	  4.2441900E+00	  1.5710109E-04
pp477	3421.366989	4452.570811	1	  5.0074130E+00	  1.3376110E-01	  2.2964590E+00	  1.4273207E-04
pp478	4401.647165	4337.992608	1	  5.4489490E+00	  1.6104040E-01	  3.7758980E+00	  1.5029982E-04
pp479	4668.996304	4605.341747	1	  5.3400590E+00	  1.6325870E-01	  4.1297310E+00	  1.6589667E-04
pp480	5280.08005	4299.799874	1	  5.0879670E+00	  1.7823510E-01	  3.6648370E+00	  1.8605158E-04
pp481	5687.469214	3917.872533	1	  4.8631710E+00	  1.8252380E-01	  2.9431520E+00	  1.9732438E-04
pp482	5789.316505	3739.639774	1	  4.8047570E+00	  1.8073840E-01	  2.7713430E+00	  2.0162026E-04
pp483	6655.018479	4401.647165	1	  4.6646690E+00	  2.2946280E-01	  2.7329250E+00	  1.5911982E-04
pp484	6082.127467	4783.574507	1	  4.7099220E+00	  2.1341560E-01	  2.8891360E+00	  1.7844943E-04
pp485	5700.200126	5089.11638	1	  4.8350630E+00	  1.8914090E-01	  3.2692790E+00	  1.8679753E-04
pp486	5916.625619	5496.505544	1	  4.7077480E+00	  1.7947430E-01	  2.9418670E+00	  1.7881749E-04
pp487	5471.043721	5725.661948	1	  4.8076530E+00	  1.5385870E-01	  3.6431780E+00	  1.8868920E-04
pp488	5381.927341	5241.887316	1	  4.9468620E+00	  1.7145550E-01	  3.7162770E+00	  1.8935167E-04
pp489	4758.112684	5369.19643	1	  5.0995980E+00	  1.4855660E-01	  3.9177470E+00	  1.7994391E-04
pp490	4057.912558	5662.007392	1	  4.9126120E+00	  1.2662680E-01	  2.6897190E+00	  1.6812148E-04
pp491	3561.407014	5432.850987	1	  4.7645220E+00	  1.2390640E-01	  2.2959750E+00	  1.5901268E-04
pp492	4287.068963	5241.887316	1	  5.1679050E+00	  1.4175310E-01	  3.2303870E+00	  1.6596667E-04
pp493	4134.298026	5458.31281	1	  5.0364660E+00	  1.3320780E-01	  2.8747270E+00	  1.6628332E-04
pp494	3204.941496	5432.850987	1	  4.5065890E+00	  1.1660180E-01	  2.3771890E+00	  1.6020786E-04
pp495	2084.621295	5623.814657	1	  3.6601820E+00	  9.4492930E-02	  3.2982290E+00	  1.7026688E-04
pp496	1231.650232	5763.854683	1	  3.0671890E+00	  8.9758120E-02	  2.2323210E+00	  1.7347483E-04
pp497	1078.879296	5891.163796	1	  3.0341520E+00	  9.0338267E-02	  1.9654480E+00	  1.7837349E-04
pp498	7100.600377	4185.221672	1	  4.8052350E+00	  2.2406540E-01	  2.9869120E+00	  1.5547129E-04
pp499	6145.782024	4834.498152	1	  4.6899110E+00	  2.1600350E-01	  2.8364060E+00	  1.7524092E-04
pp500	6820.520327	5432.850987	1	  4.6276420E+00	  2.1448150E-01	  2.4049380E+00	  1.4413004E-04
pp501	6909.636707	4961.807266	1	  4.6933810E+00	  2.5147750E-01	  2.7498810E+00	  1.4542663E-04
pp502	6731.403947	4719.91995	1	  4.6661950E+00	  2.4454160E-01	  2.7460020E+00	  1.5196435E-04
pp503	7329.756782	4936.345443	1	  4.8528560E+00	  2.6010450E-01	  3.1829090E+00	  1.4736193E-04
pp504	7571.644098	5254.618228	1	  4.9115980E+00	  2.2378640E-01	  3.4268420E+00	  1.5761566E-04
pp505	7991.764174	5267.349139	1	  5.1300130E+00	  1.9817650E-01	  4.1630950E+00	  1.9633657E-04
pp506	7673.491389	4809.036329	1	  5.0350770E+00	  2.4112880E-01	  3.7600120E+00	  1.6532285E-04
pp507	8284.575135	4694.458127	1	  5.3382580E+00	  1.9741010E-01	  4.8196060E+00	  2.1650786E-04
pp508	8742.887945	5114.578202	1	  5.4983130E+00	  1.6649840E-01	  5.3045030E+00	  2.4596148E-04
pp509	8322.767869	5369.19643	1	  5.3232580E+00	  1.7679610E-01	  4.6287630E+00	  2.2418407E-04
pp510	8271.844224	5534.698278	1	  5.3022880E+00	  1.7256250E-01	  4.4896120E+00	  2.1834837E-04
pp511	8551.924274	4439.839899	1	  5.4524490E+00	  1.7997770E-01	  5.1582610E+00	  2.3470972E-04
pp512	8080.880553	4427.108988	1	  5.2917310E+00	  2.0586830E-01	  4.4736540E+00	  1.9767564E-04
pp513	7355.218605	4618.072659	1	  4.8987210E+00	  2.5078640E-01	  3.2603630E+00	  1.5086526E-04
pp514	7864.45506	4579.879925	1	  5.1659060E+00	  2.2344030E-01	  4.1076950E+00	  1.8004356E-04
pp515	6285.822049	4197.952583	1	  4.6726920E+00	  2.0753520E-01	  2.7143520E+00	  1.7843293E-04
pp516	5878.432885	4261.60714	1	  4.7933630E+00	  1.9617860E-01	  2.9623660E+00	  1.9046375E-04
pp517	5674.738303	4809.036329	1	  4.8696350E+00	  1.9448840E-01	  3.3193590E+00	  1.8853428E-04
pp518	1855.601646	7858.543958	1	  3.9436350E+00	  9.8429398E-02	  2.7769550E+00	  2.0557525E-04
pp519	2332.025639	7591.746522	1	  3.9563070E+00	  9.8200688E-02	  2.7374370E+00	  1.9557046E-04
pp520	2732.221794	7572.689562	1	  4.0699120E+00	  9.8454859E-02	  2.8127860E+00	  1.9505538E-04
pp521	2655.993955	8373.08187	1	  4.3521440E+00	  9.8971719E-02	  3.5306950E+00	  2.1087570E-04
pp522	3570.728021	8163.455313	1	  4.4092950E+00	  9.8693659E-02	  3.1019960E+00	  2.1260172E-04
pp523	4294.89249	8049.113555	1	  4.3705520E+00	  9.8345529E-02	  2.5195790E+00	  2.1529436E-04
