  1 1     102.00000000      99.9950526  west-boundary1
  1 4259     102.00000000      99.9719517  west-boundary1
  1 69     102.00000000      99.9944501  west-boundary1
  1 4205     102.00000000      99.9668387  west-boundary1
  1 128     102.00000000      99.9937751  west-boundary1
  1 4149     102.00000000      99.9604086  west-boundary1
  1 188     102.00000000      99.9930584  west-boundary1
  1 4098     102.00000000      99.9528041  west-boundary1
  1 248     102.00000000      99.9923128  west-boundary1
  1 4040     102.00000000      99.9440802  west-boundary1
  1 307     102.00000000      99.9915488  west-boundary1
  1 3984     102.00000000      99.9344086  west-boundary1
  1 368     102.00000000      99.9907773  west-boundary1
  1 3930     102.00000000      99.9240957  west-boundary1
  1 429     102.00000000      99.9900061  west-boundary1
  1 3876     102.00000000      99.9135340  west-boundary1
  1 489     102.00000000      99.9892138  west-boundary1
  1 3817     102.00000000      99.9031835  west-boundary1
  1 554     102.00000000      99.9883466  west-boundary1
  1 3757     102.00000000      99.8936228  west-boundary1
  1 615     102.00000000      99.9872169  west-boundary1
  1 3695     102.00000000      99.8855236  west-boundary1
  1 680     102.00000000      99.9857733  west-boundary1
  1 3634     102.00000000      99.8798193  west-boundary1
  1 741     102.00000000      99.9838650  west-boundary1
  1 3578     102.00000000      99.8773413  west-boundary1
  1 803     102.00000000      99.9813635  west-boundary1
  1 3519     102.00000000      99.8787861  west-boundary1
  1 871     102.00000000      99.9781445  west-boundary1
  1 3462     102.00000000      99.8843624  west-boundary1
  1 937     102.00000000      99.9740255  west-boundary1
  1 3410     102.00000000      99.8930864  west-boundary1
  1 1011     102.00000000      99.9687650  west-boundary1
  1 3325     102.00000000      99.9031046  west-boundary1
  1 1187     102.00000000      99.9621768  west-boundary1
  1 2896     102.00000000      99.9134225  west-boundary1
  1 1357     102.00000000      99.9542264  west-boundary1
  1 2464     102.00000000      99.9240670  west-boundary1
  1 1691     102.00000000      99.9450143  west-boundary1
  1 2028     102.00000000      99.9348008  west-boundary1
  3 1     102.00000000     99.9879289  west-boundary3
  3 4259     102.00000000     99.9203187  west-boundary3
  3 69     102.00000000     99.9865697  west-boundary3
  3 4205     102.00000000     99.9047762  west-boundary3
  3 128     102.00000000     99.9850675  west-boundary3
  3 4149     102.00000000     99.8848746  west-boundary3
  3 188     102.00000000     99.9835031  west-boundary3
  3 4098     102.00000000     99.8609505  west-boundary3
  3 248     102.00000000     99.9818861  west-boundary3
  3 4040     102.00000000     99.8329938  west-boundary3
  3 307     102.00000000     99.9801990  west-boundary3
  3 3984     102.00000000     99.8012095  west-boundary3
  3 368     102.00000000     99.9784091  west-boundary3
  3 3930     102.00000000     99.7661738  west-boundary3
  3 429     102.00000000     99.9764577  west-boundary3
  3 3876     102.00000000     99.7289437  west-boundary3
  3 489     102.00000000     99.9742462  west-boundary3
  3 3817     102.00000000     99.6911257  west-boundary3
  3 554     102.00000000     99.9716325  west-boundary3
  3 3757     102.00000000     99.6548959  west-boundary3
  3 615     102.00000000     99.9680422  west-boundary3
  3 3695     102.00000000     99.6227695  west-boundary3
  3 680     102.00000000     99.9633601  west-boundary3
  3 3634     102.00000000     99.5981128  west-boundary3
  3 741     102.00000000     99.9570835  west-boundary3
  3 3578     102.00000000     99.5838124  west-boundary3
  3 803     102.00000000     99.9485503  west-boundary3
  3 3519     102.00000000     99.5822870  west-boundary3
  3 871     102.00000000     99.9369698  west-boundary3
  3 3462     102.00000000     99.5945645  west-boundary3
  3 937     102.00000000     99.9218395  west-boundary3
  3 3410     102.00000000     99.6195614  west-boundary3
  3 1011     102.00000000     99.9029472  west-boundary3
  3 3325     102.00000000     99.6544050  west-boundary3
  3 1187     102.00000000     99.8797920  west-boundary3
  3 2896     102.00000000     99.6952705  west-boundary3
  3 1357     102.00000000     99.8516912  west-boundary3
  3 2464     102.00000000     99.7382545  west-boundary3
  3 1691     102.00000000     99.8183163  west-boundary3
  3 2028     102.00000000     99.7800581  west-boundary3
