   4.6653104548    
   4.6746639188    
   4.6718956964    
   4.6439388469    
   4.6328944537    
   4.6427236363    
   4.6666375531    
   4.6895130292    
   4.7021560795    
   4.7148515055    
   4.7604609238    
   4.7502512898    
   4.7310842165    
   4.7334817878    
   4.7159729609    
   4.6551119342    
   4.6064190204    
   4.5504462606    
   4.4906830470    
   4.4036662751    
   4.3562136424    
   4.2754889833    
   4.2262766776    
   4.2588331583    
   4.3433030834    
   4.4987204563    
   4.6357615741    
   4.9471080532    
   5.1537871944    
   5.4238754051    
   5.7917601004    
   6.1380400477    
   6.6296601389    
   7.0136232805    
   7.4855347227    
   7.9300627850    
   8.0699112473    
   8.0537879216    
   8.0525918282    
   8.1861669477    
   8.2479125640    
   7.9558214231    
   7.8671183998    
   7.8212989926    
   7.8190192983    
   7.8653666268    
   7.8227180076    
   7.9515702074    
   7.8693256498    
   7.8668710368    
   7.9015428064    
   7.8705048678    
   8.1133810343    
   8.0963056569    
   8.2523792326    
   8.2082792587    
   8.0432225011    
   8.0410105065    
   8.0469683582    
   8.0447018460    
   8.0388715943    
   8.0425150477    
   8.0989143418    
   8.0964548355    
   8.1813687384    
   8.1001189139    
   7.7893789806    
   7.7934377928    
   4.6494847578    
   4.6661546069    
   4.6483960896    
   4.6301875349    
   4.6251348001    
   4.6236626767    
   4.6612946457    
   4.6866820953    
   4.6863197324    
   4.7232753441    
   4.7882150133    
   4.7458809926    
   4.7304730253    
   4.7598150169    
   4.7220377649    
   4.6455828896    
   4.6182404407    
   4.5742589077    
   4.4755129990    
   4.4084464012    
   4.3537051446    
   4.2584790651    
   4.1955010483    
   4.1983381493    
   4.2622073567    
   4.3994148739    
   4.5747443201    
   4.8162052944    
   5.0958829493    
   5.3972356075    
   5.7710321730    
   6.1867408777    
   6.6283805975    
   7.0338298079    
   7.5459801291    
   8.0222424445    
   8.3096717324    
   8.2953050333    
   8.3118604246    
   8.4918220449    
   8.3686609058    
   8.4234838506    
   8.4213641470    
   8.4511821709    
   8.4276629077    
   8.4272566112    
   8.4371173138    
   8.4306660859    
   8.1848608358    
   8.2144901641    
   8.3456295036    
   8.4089204759    
   8.4470970855    
   8.4336402210    
   8.4559078546    
   8.4398189458    
   8.3107012628    
   8.4631673547    
   8.3966586269    
   4.5759136821    
   4.5880688054    
   4.5822826037    
   4.5666385322    
   4.5601324805    
   4.5652928484    
   4.5842418514    
   4.6092389530    
   4.6343327647    
   4.6810393197    
   4.6988456919    
   4.6911840321    
   4.6956262436    
   4.7084860805    
   4.6838094953    
   4.6333287260    
   4.5869574078    
   4.5344599253    
   4.4636355426    
   4.4086976562    
   4.3206982477    
   4.2289206677    
   4.1634283438    
   4.1661684062    
   4.2087647758    
   4.3417813090    
   4.5136484508    
   4.7634989207    
   5.0451317993    
   5.3664325411    
   5.7337908301    
   6.1316910295    
   6.5898931127    
   7.0360392076    
   7.5575597556    
   8.0638319177    
   8.4353591130    
   8.6040306214    
   8.4578830274    
   8.4133179810    
   8.4242689282    
   8.4072377449    
   8.4434835084    
   8.3960307136    
   8.3790442312    
   8.3989731895    
   8.3389707134    
   8.3440439400    
   8.3877177602    
   8.3471597286    
   8.3894388049    
   8.3581041219    
   8.3453760617    
   8.3876722651    
   8.3390444797    
   8.3826275177    
   8.3288210506    
   8.3910726831    
   8.3768555788    
   8.3615048392    
   4.5133294657    
   4.5289948866    
   4.5074426597    
   4.4858780117    
   4.4722909975    
   4.4747470457    
   4.4928580795    
   4.5164943050    
   4.5478651403    
   4.5876897351    
   4.6162571724    
   4.6293457953    
   4.6489777186    
   4.6566949558    
   4.6301275771    
   4.6042773641    
   4.5516580682    
   4.4959635434    
   4.4395539070    
   4.3741471340    
   4.2922059289    
   4.2069893052    
   4.1427188298    
   4.1061597668    
   4.1471635873    
   4.2515039380    
   4.4567558081    
   4.7330583527    
   5.0063389801    
   5.3054561239    
   5.6848925616    
   6.0896962598    
   6.5215041808    
   6.9986718108    
   7.5402294179    
   8.0144936940    
   8.2440126268    
   8.3119110103    
   8.3440519164    
   8.3201425104    
   8.3655494999    
   8.2981610689    
   8.3476261149    
   8.2555381610    
   8.3456741636    
   8.3303602034    
   8.3320204923    
   8.2089419568    
   8.2358643619    
   8.2652126025    
   8.1948586030    
   8.1848003034    
   8.2075665133    
   8.1631143313    
   8.1994073517    
   8.2208735910    
   8.1811913342    
   8.2037157350    
   8.1562325294    
   8.3456521246    
   4.4395119075    
   4.4590428167    
   4.4228691499    
   4.3914693104    
   4.3767366554    
   4.3768728865    
   4.3930860836    
   4.4169501918    
   4.4514983824    
   4.4970950663    
   4.5363048117    
   4.5538984057    
   4.5860522763    
   4.5946536045    
   4.5665947630    
   4.5477607393    
   4.5126791775    
   4.4576879642    
   4.4068311814    
   4.3449308253    
   4.2641623626    
   4.1927504898    
   4.1144414412    
   4.0706900413    
   4.1140489998    
   4.2551009730    
   4.4346290281    
   4.6926300614    
   4.9699160836    
   5.2411687998    
   5.6229249328    
   6.0128726957    
   6.4567557393    
   6.9149096593    
   7.4558184857    
   7.8676040855    
   8.2886474182    
   8.1988444537    
   8.1755535574    
   8.1485866258    
   8.1332760540    
   8.1363084003    
   8.1629287526    
   8.1369260784    
   8.1238533545    
   8.0988952366    
   8.0886329501    
   8.0860540975    
   8.1602145969    
   8.1046878360    
   8.0749497808    
   8.0725847616    
   8.0601764941    
   8.0374102661    
   8.0568090814    
   8.0442865700    
   8.0226592546    
   8.0131540149    
   8.0071925563    
   4.3507670320    
   4.3581642423    
   4.3312018889    
   4.2960908600    
   4.2770947613    
   4.2737853677    
   4.2915343354    
   4.3119868612    
   4.3524232519    
   4.3995915298    
   4.4404956005    
   4.4765150456    
   4.5168201457    
   4.5165494861    
   4.5059276658    
   4.4949499318    
   4.4689974393    
   4.4222305371    
   4.3793338626    
   4.3145769745    
   4.2512845757    
   4.1841226672    
   4.1051423072    
   4.0682021665    
   4.0980766176    
   4.2319296507    
   4.4182427480    
   4.6565480191    
   4.9060010990    
   5.2031590154    
   5.5403834152    
   5.9211451933    
   6.3497042247    
   6.8191010572    
   7.2741601291    
   7.6357164377    
   7.9126562936    
   7.9968697738    
   8.0160596092    
   7.9957458635    
   7.9760513263    
   7.9779466041    
   7.9676522870    
   7.9443414432    
   7.9432857157    
   7.9000821062    
   7.9067329251    
   7.8730625531    
   7.8729684634    
   7.8412625048    
   7.9811608531    
   7.9231728636    
   7.9324787036    
   7.9118634465    
   7.8535876397    
   7.8387920659    
   7.8214547465    
   7.8237638831    
   7.8070733231    
   7.8082364397    
   7.7921662817    
   4.2593679696    
   4.2610245038    
   4.2260774403    
   4.1836685614    
   4.1653136565    
   4.1515335780    
   4.1579168010    
   4.1903752712    
   4.2397533233    
   4.2936191564    
   4.3458820280    
   4.3860279064    
   4.4224502200    
   4.4404630029    
   4.4463868890    
   4.4413481880    
   4.4258800195    
   4.3942858693    
   4.3507739364    
   4.3058533769    
   4.2535000916    
   4.1880412770    
   4.1235039280    
   4.0833959390    
   4.1469297582    
   4.2229096636    
   4.4016219536    
   4.6088050421    
   4.8406818192    
   5.1444733406    
   5.4567164103    
   5.8278875017    
   6.2586598114    
   6.6770395820    
   7.0411401720    
   7.3354588782    
   7.6287908422    
   7.8270271536    
   7.8019768811    
   7.7854361094    
   7.7625962579    
   7.7456413945    
   7.6819586169    
   7.6095150877    
   7.7918765754    
   7.7707288573    
   7.7743462969    
   7.6399064672    
   7.6509654413    
   7.6255232923    
   7.6060211224    
   7.6090753048    
   7.6363358977    
   7.6211678431    
   7.5622522491    
   7.6046097588    
   7.5868444431    
   7.5416966038    
   7.5287347205    
   7.5086252975    
   7.5044820434    
   4.1507197413    
   4.1591509714    
   4.1066129551    
   4.0543774907    
   4.0297485873    
   4.0243970136    
   4.0441715370    
   4.0750308754    
   4.1169978796    
   4.1743212939    
   4.2406394148    
   4.2977952811    
   4.3432552665    
   4.3753617525    
   4.4010302350    
   4.3955566471    
   4.3880997082    
   4.3706417741    
   4.3413324110    
   4.3061229494    
   4.2635245566    
   4.2183223908    
   4.1619705270    
   4.1306478619    
   4.1934681714    
   4.2680633952    
   4.3877102983    
   4.5541629730    
   4.7885667093    
   5.0474479291    
   5.3282542437    
   5.6987596751    
   6.1272584020    
   6.4847053263    
   6.8149229871    
   7.1073139875    
   7.3099348245    
   7.4859830905    
   7.4709669441    
   7.3543985714    
   7.3728414725    
   7.4932782229    
   7.4909730221    
   7.4890738689    
   7.4767256206    
   7.4452217537    
   7.4519153780    
   7.4312676276    
   7.4298319885    
   7.4142291329    
   7.3473089137    
   7.3163386922    
   7.3041891120    
   7.2359136191    
   7.2419742118    
   7.1940450708    
   7.2370283470    
   7.2261480280    
   7.2091639387    
   7.1857647443    
   4.0702618567    
   4.0527275082    
   3.9787328352    
   3.9260468197    
   3.9024613795    
   3.9089988972    
   3.9334941379    
   3.9560306637    
   4.0196609040    
   4.0762502451    
   4.1436194148    
   4.2119410543    
   4.2690330462    
   4.3154876002    
   4.3489905497    
   4.3651880424    
   4.3652438905    
   4.3577481062    
   4.3470918539    
   4.3113720495    
   4.2789992001    
   4.2502483747    
   4.2296130328    
   4.2227996148    
   4.2216811175    
   4.2868954927    
   4.3891153640    
   4.5353821332    
   4.7475045837    
   4.9992168046    
   5.2911397977    
   5.5869619671    
   5.9239784895    
   6.2483874072    
   6.6152062838    
   6.8999291334    
   7.0764768788    
   7.1767099484    
   7.1773727786    
   7.0648962984    
   7.0885547423    
   7.2088024788    
   7.1674095185    
   7.1462327320    
   7.1257503791    
   7.1635348546    
   7.1661598483    
   7.1423919731    
   7.1455015385    
   7.1222125186    
   7.1239753643    
   7.0960660477    
   7.0980932944    
   7.0067128070    
   7.1087945303    
   7.0096040793    
   6.9623175654    
   7.0831758421    
   7.0735771938    
   7.0694469912    
   7.0638102457    
   7.0468509077    
   7.0533249938    
   6.9597500082    
   7.0330288563    
   3.9506743706    
   3.9172829878    
   3.8414564476    
   3.7921732864    
   3.7718633634    
   3.7732492253    
   3.8102614465    
   3.8611707991    
   3.9254036299    
   3.9809198602    
   4.0552030766    
   4.1316846313    
   4.2067823974    
   4.2658960183    
   4.3107440750    
   4.3448016689    
   4.3540469061    
   4.3564824730    
   4.3576579717    
   4.3347973881    
   4.3014585584    
   4.2884609949    
   4.2799007776    
   4.2781740255    
   4.2812485395    
   4.3091190286    
   4.3945624312    
   4.5235547958    
   4.6981255256    
   4.9150097501    
   5.1801710468    
   5.4527633098    
   5.7844033679    
   6.1129367712    
   6.4006825494    
   6.6328404476    
   6.7871281089    
   6.9102406783    
   6.9449539601    
   6.8008205464    
   6.7702902257    
   6.9714243061    
   6.9426524363    
   6.9416786085    
   6.9095776618    
   6.9396188059    
   6.9456056140    
   6.9211955899    
   6.9276172942    
   7.0213548558    
   7.0041903820    
   6.8999179032    
   6.8785188669    
   6.8629584591    
   6.7452436983    
   6.8713269268    
   6.8485288720    
   6.8350461650    
   6.8455710633    
   6.7554156098    
   6.7431325510    
   3.7893930576    
   3.7583977487    
   3.6891562037    
   3.6547616669    
   3.6439034750    
   3.6524212063    
   3.6993323529    
   3.7555537110    
   3.8368027629    
   3.9099787126    
   3.9849307315    
   4.0664784302    
   4.1539105468    
   4.2260953969    
   4.2915563825    
   4.3393633739    
   4.3636138761    
   4.3804920587    
   4.3694154876    
   4.3685160891    
   4.3386528721    
   4.3380502881    
   4.3226541530    
   4.3253430408    
   4.3393847109    
   4.3603931775    
   4.3978080195    
   4.4905188251    
   4.6312061228    
   4.8470743058    
   5.0874002745    
   5.3721739941    
   5.6549220538    
   5.9680311643    
   6.2039136219    
   6.4115582504    
   6.5748799249    
   6.6865703514    
   6.6872018140    
   6.5926694171    
   6.6183772330    
   6.7150988871    
   6.8086046187    
   6.6705878719    
   6.7120759611    
   6.7456473442    
   6.7312492326    
   6.6943351603    
   6.6985623533    
   6.6781502266    
   6.6623856371    
   6.6479096071    
   6.6635428338    
   6.5883396163    
   6.6386778247    
   6.5853396443    
   6.5989048463    
   6.6326527625    
   6.6382470380    
   6.6228081563    
   6.6283378731    
   6.6125445645    
   6.6181242518    
   6.5995767087    
   6.5583572365    
   3.6268068636    
   3.6229689965    
   3.5639063273    
   3.5344146125    
   3.5345480890    
   3.5458788124    
   3.6058685260    
   3.6822132960    
   3.7667489278    
   3.8505179129    
   3.9374130807    
   4.0269246180    
   4.1267551292    
   4.2090702422    
   4.2897139820    
   4.3554481780    
   4.3969576242    
   4.4272887035    
   4.4206528659    
   4.4067905050    
   4.4058884137    
   4.3953005045    
   4.3872173348    
   4.3848121121    
   4.3877063382    
   4.4008364100    
   4.4224762670    
   4.4651242095    
   4.6121935235    
   4.8035382297    
   5.0259219624    
   5.2711155583    
   5.5343080264    
   5.8092143842    
   6.0562375845    
   6.2508053131    
   6.3731685936    
   6.4518602539    
   6.4975277778    
   6.3890281739    
   6.4210540178    
   6.5052405290    
   6.5647476872    
   6.4953519389    
   6.4844596338    
   6.5831377550    
   6.5899544849    
   6.5679241906    
   6.5539235127    
   6.4449676177    
   6.4383871884    
   6.4535168607    
   6.4690923938    
   6.4428463620    
   6.4587549435    
   6.3832026654    
   6.4331022616    
   6.4373479779    
   6.4240697915    
   6.4281795307    
   6.4328961515    
   3.5017091759    
   3.4989501022    
   3.4194424702    
   3.3915888069    
   3.4116340934    
   3.4551663367    
   3.5298722153    
   3.6129684530    
   3.7093507372    
   3.8020259455    
   3.9019900004    
   3.9973373707    
   4.1130468708    
   4.2142910959    
   4.3071633869    
   5.3476392112    
   5.2726154037    
   4.4899842083    
   4.4946222496    
   4.4721882948    
   4.4701599389    
   4.4477617218    
   4.4518582499    
   4.4421910405    
   4.4381474463    
   4.4416819017    
   4.4504300193    
   4.4898016718    
   4.5779264941    
   4.7483242676    
   4.9420298565    
   5.1895682344    
   5.4401640039    
   5.6924612741    
   5.9147773493    
   6.0851399890    
   6.2092169370    
   6.3109448238    
   6.3376358811    
   6.3332434772    
   6.2866728502    
   6.3118503787    
   6.2104159683    
   6.2852038770    
   6.2923748036    
   6.2196674577    
   6.2770289943    
   6.2306162483    
   6.2186621155    
   6.2022661163    
   6.3310988499    
   6.3782406252    
   6.3699985530    
   6.3176215544    
   6.3209194640    
   6.3092293977    
   6.3132516446    
   6.3619662537    
   6.3015772298    
   6.3056533585    
   6.2417703190    
   6.2131823715    
   3.3305824622    
   3.3137895380    
   3.2815895035    
   3.2813086577    
   3.2956424351    
   3.3688085274    
   3.4452488671    
   3.5492055388    
   3.6597364759    
   3.7703792242    
   3.8933134589    
   3.9949799742    
   4.1094457299    
   4.2370581468    
   4.3502603163    
   5.3094614512    
   5.1522687182    
   4.5583654927    
   4.5718409379    
   4.5624658012    
   4.5490513536    
   4.4965763318    
   4.5166392440    
   4.5010087434    
   4.4849871632    
   4.4774373014    
   4.4732422948    
   4.4896794931    
   4.5354211102    
   4.7085000466    
   4.8500813448    
   5.1062944668    
   5.3641259226    
   5.5961075039    
   5.8139140621    
   5.9650975303    
   6.0706709492    
   6.1166671502    
   6.0252283100    
   6.0480948809    
   6.1453576889    
   6.1522153896    
   6.1200351973    
   6.1279632064    
   6.1588777730    
   6.1672182800    
   6.1705804049    
   6.1470492946    
   6.1775196322    
   6.1314719952    
   6.1373718541    
   6.1177236271    
   6.1239029537    
   6.1661691216    
   6.1558818676    
   6.0612946317    
   6.0859071113    
   6.0412409635    
   6.0566025609    
   6.0730316078    
   6.0476090851    
   6.0469327281    
   6.1053490386    
   6.1116622512    
   6.0599567402    
   6.1006074519    
   6.0611759890    
   6.0521686684    
   3.2031087348    
   3.1857802070    
   4.3410707237    
   4.3008690873    
   3.2232422056    
   3.2975301885    
   3.3826072632    
   3.5121263463    
   3.6581439055    
   3.7644222821    
   3.8976231191    
   4.0164839522    
   4.1464972506    
   4.2809597234    
   4.4108860755    
   4.5235010800    
   5.1105543333    
   4.6614975414    
   5.2824934826    
   5.1602020444    
   5.3535221158    
   5.5138031183    
   6.1632225199    
   4.5517064918    
   4.5251943478    
   4.5104188683    
   4.5059369360    
   4.5229849578    
   4.5824379994    
   4.7020056185    
   4.8294177263    
   5.0643926341    
   5.3039241801    
   5.5264345311    
   5.7133129617    
   5.8555754635    
   5.9710309532    
   5.9907523799    
   6.0189252501    
   5.9717624496    
   5.9777880651    
   5.8953472399    
   5.9250062555    
   5.9600368936    
   5.9021929126    
   5.9269322925    
   5.9127298138    
   5.9017407613    
   5.9023891954    
   6.0316551209    
   6.0375791102    
   6.0017996249    
   5.9948708994    
   5.9932101325    
   5.9872559691    
   5.9867790948    
   5.9772846077    
   5.9775333420    
   5.9859818626    
   5.9774045210    
   5.9676975451    
   5.9686586627    
   5.9585919881    
   5.9415615317    
   5.9323573312    
   5.9040577447    
   3.0802332240    
   3.0841853447    
   4.2685759991    
   4.2097317190    
   4.2656871591    
   3.2062067152    
   3.2622498417    
   3.1637531789    
   3.2303541731    
   3.3295582254    
   3.3866879729    
   3.3158620835    
   3.3812347010    
   3.4538715087    
   3.5345206178    
   3.4580563256    
   3.5377391280    
   3.6724531757    
   3.7770354689    
   3.9195156388    
   4.0555529245    
   4.2032133902    
   4.3512983916    
   4.4954005541    
   4.6198772971    
   5.2915087350    
   4.7544486091    
   4.7962969241    
   5.3710924899    
   5.4995347032    
   5.6845288469    
   6.1118608854    
   4.5969782393    
   4.5714312222    
   4.5460109718    
   4.5427851518    
   4.5581386719    
   4.6128933158    
   4.7136157216    
   4.8284794285    
   5.0381886759    
   5.2784090978    
   5.4606409559    
   5.6218815528    
   5.7421717904    
   5.7902412639    
   5.7190069771    
   5.7690864045    
   5.8426264291    
   5.8604530479    
   5.7936452021    
   5.8023013594    
   5.8656449597    
   5.8915589353    
   5.8954689220    
   5.8688433407    
   5.8771068850    
   5.8494300561    
   5.8534540220    
   5.7948520929    
   5.8117137818    
   5.8490970640    
   5.7783612345    
   5.7852046609    
   5.7679622680    
   5.7664738862    
   5.7737231563    
   5.7602526385    
   5.7671007790    
   5.7862950704    
   5.8036951733    
   5.7971539835    
   5.7901868232    
   5.7836217200    
   2.9794919486    
   2.9749122814    
   2.9692848910    
   4.2358885786    
   4.2448678600    
   4.2856852182    
   4.2710881654    
   4.2960700829    
   4.3096466962    
   3.1490186298    
   4.3150724340    
   4.3128874505    
   4.3317282255    
   4.3185299105    
   4.3280327438    
   4.3388229485    
   4.3301516373    
   4.3093968418    
   4.3157598301    
   4.3464455822    
   4.3172400470    
   4.3420110224    
   4.2993615546    
   4.3123367510    
   4.3226185369    
   4.3163548167    
   4.3262960530    
   4.3095640372    
   4.3281248114    
   4.3328960459    
   4.3116165993    
   4.3067629092    
   4.3142632691    
   4.3396469668    
   4.3154493312    
   3.1877975696    
   4.3404625999    
   4.3579992647    
   4.3379296433    
   4.3432272206    
   4.3335045457    
   4.3437899567    
   4.3536536575    
   4.3487480426    
   4.3399663957    
   4.3496550599    
   4.3618391273    
   4.3393309731    
   4.3585071493    
   4.3684499298    
   4.3595892291    
   4.3697300474    
   4.3377640352    
   4.3515132160    
   4.3392850390    
   4.3535580401    
   4.3395758854    
   4.3461341469    
   3.2461566502    
   3.2981924513    
   3.3452162005    
   4.3520401597    
   3.3402222960    
   3.3835185472    
   3.4336531025    
   3.4729155530    
   4.3143605018    
   4.3201212511    
   4.3154066715    
   4.3212930427    
   4.3704658209    
   3.5104692529    
   3.5581761320    
   3.5196139657    
   3.5628029459    
   4.3164653563    
   4.3224673267    
   3.4161377247    
   4.3229757236    
   4.3680465807    
   4.3665590339    
   4.3226975489    
   4.3648165476    
   3.4294382280    
   4.3205744669    
   4.3643149007    
   3.5363314892    
   4.3620448337    
   4.3584621459    
   4.3534824888    
   4.3603459839    
   4.3562211783    
   4.3172018501    
   4.3547088831    
   4.3512097922    
   4.3453164784    
   4.3491635422    
   4.3426379123    
   3.6169019097    
   3.7211535834    
   3.6049621636    
   3.6469301835    
   4.3327639263    
   4.3850785950    
   3.7110349008    
   3.7389366683    
   4.3496758567    
   4.3179294718    
   3.7947583369    
   3.8467467537    
   3.7889812733    
   3.8170430511    
   4.3067154477    
   4.3793336972    
   3.8487977773    
   3.8908555120    
   4.4319358307    
   3.8983355596    
   3.9248181157    
   3.9991806816    
   3.9607391659    
   4.0330740223    
   4.1205047275    
   4.2802934139    
   4.4385720403    
   5.6411116374    
   5.6367350675    
   5.6041057815    
   5.5859111326    
   4.8996500202    
   4.8778790736    
   4.8315201774    
   5.8128722738    
   6.0630026925    
   6.8333608324    
   4.6078570669    
   4.5790500295    
   4.5715407510    
   4.5835212440    
   4.6323746882    
   4.7277798907    
   4.8684725808    
   5.0478136082    
   5.2306024826    
   5.4055072456    
   5.5792950125    
   5.6985885276    
   5.7578972104    
   5.7672128056    
   5.7289519403    
   5.7372563913    
   5.6630706866    
   5.6935719171    
   5.6992411565    
   5.6674543850    
   5.6768485266    
   5.6769444428    
   5.6646692775    
   5.6652227941    
   5.7564989332    
   5.7538438528    
   5.7581888052    
   5.7468919193    
   5.7515411361    
   5.7452985984    
   5.7423545830    
   5.7283545049    
   5.7254395043    
   5.7304311380    
   5.7221003657    
   5.7088632361    
   5.7059393371    
   5.6906195208    
   5.6953970489    
   5.6790903993    
   5.6646404703    
   2.8700245896    
   2.8662360841    
   2.8584421360    
   2.8802317875    
   2.9994273872    
   3.0941446503    
   3.1649548045    
   3.0844542557    
   3.1537189754    
   3.2615957824    
   3.3537712514    
   3.2411637321    
   3.3537376065    
   3.4446043478    
   4.3148211924    
   4.3480638375    
   4.3410575197    
   4.3089770173    
   4.3407099077    
   3.5222131348    
   3.5679198413    
   3.4479173548    
   3.5506449398    
   4.3329494312    
   4.3237001091    
   4.3322580437    
   4.3225799477    
   4.3825257146    
   4.3625898922    
   4.3786976751    
   4.3576915553    
   4.3804510302    
   4.4151434540    
   4.3408089848    
   4.3180810171    
   4.3342308135    
   4.3386919559    
   4.2953819565    
   4.2933548605    
   4.3048772940    
   4.2700053121    
   4.3555813135    
   4.2886748261    
   3.6503166051    
   3.7454414939    
   4.2750164529    
   4.2902283417    
   4.2386110222    
   4.2449234073    
   4.3113795928    
   4.3432938306    
   4.2808421067    
   4.3215877813    
   4.2404631788    
   4.2981039248    
   4.3785517591    
   4.4143274651    
   4.3615952615    
   4.4000681943    
   4.4602970108    
   4.3552513685    
   4.3936967742    
   4.3601506020    
   4.3955619871    
   4.4303225484    
   4.4654279891    
   4.4299135186    
   4.4631747271    
   4.3672054443    
   4.3973504655    
   4.4352082150    
   4.4654227910    
   4.4452283150    
   4.4716079542    
   4.4386971477    
   4.4589439303    
   4.4811337042    
   4.4755549885    
   4.4935587021    
   4.5437775052    
   4.0078520023    
   4.5247781454    
   4.5919551851    
   4.0691132727    
   4.5189707691    
   4.5918953238    
   4.5244243208    
   4.5788696059    
   4.6865760211    
   4.1435223007    
   4.2250045852    
   4.8599014725    
   5.0229062556    
   4.3118280842    
   4.3972948218    
   5.1734281926    
   5.3209943105    
   4.4787138082    
   4.5573001306    
   5.4560621778    
   5.6330227179    
   4.6275567117    
   5.7300342933    
   5.7339072208    
   5.8261166143    
   5.7505635104    
   5.8015202224    
   5.8805828968    
   5.9619808905    
   5.8397326829    
   5.8428284460    
   5.9661563224    
   5.9758495914    
   6.0557405407    
   6.0672747185    
   5.9754943437    
   5.9687603663    
   6.0677269649    
   6.0612442229    
   5.8277157372    
   5.8420534267    
   5.9593831963    
   5.9499125494    
   6.0509366638    
   6.0431357989    
   5.9940912700    
   5.9209499664    
   5.8588664850    
   5.8915200218    
   6.1256310641    
   6.5362116054    
   7.2646821418    
   4.6490488385    
   9.3251564720    
   10.451484508    
   4.6171971342    
   4.6771096370    
   4.7605161683    
   8.9239978191    
   8.2365105016    
   7.3259908550    
   6.7244797607    
   5.5012967241    
   5.5684861667    
   6.4398432146    
   5.5461222569    
   5.6070665535    
   5.6443886559    
   5.6533819615    
   5.6543454172    
   5.6429203922    
   5.6442606474    
   5.6021082260    
   5.6066193834    
   5.6047546091    
   5.5963929988    
   5.5724802050    
   5.5793062290    
   5.5528372124    
   5.5584427875    
   5.5866302677    
   5.5872305145    
   5.5733573303    
   5.5735971878    
   5.5888423078    
   5.5747176784    
   5.5647216678    
   5.5651926804    
   5.5568118218    
   5.5637228412    
   2.7419679837    
   2.7340055035    
   2.7587427493    
   2.8146333083    
   2.9340926557    
   3.0889149506    
   3.2857956651    
   3.5023271235    
   3.7334915015    
   4.4474271314    
   4.4876780676    
   4.4945749596    
   4.5087260668    
   4.5157557258    
   4.5267449890    
   4.4964433185    
   4.5551250571    
   3.9274016789    
   4.5699909900    
   4.5232312824    
   4.5515611583    
   4.5531269518    
   4.5621736020    
   4.5709170942    
   4.5739468058    
   4.5804821828    
   4.5999148033    
   4.6067340882    
   4.5837187232    
   4.5864286121    
   4.6120269360    
   4.6218393530    
   4.6244086173    
   4.7163323545    
   4.6090398238    
   4.6570314230    
   4.6447464451    
   4.6819427653    
   4.7369533337    
   4.6486198842    
   4.6706909805    
   4.6597906762    
   4.7418259970    
   4.6820622524    
   4.7131870103    
   4.7182515516    
   4.7457696510    
   4.7501226732    
   4.8129745305    
   4.7995593408    
   4.8409872174    
   4.8079109738    
   4.8695187782    
   4.8140854257    
   4.9041751201    
   4.8030201261    
   4.8686692832    
   4.8360438085    
   4.8822656549    
   4.9155158544    
   4.9607411161    
   4.9276815623    
   4.9717640892    
   5.0159482780    
   5.0955402508    
   5.0041778419    
   5.0456930803    
   5.0143335045    
   5.0552252789    
   5.0851788298    
   5.1225897535    
   5.0943025727    
   5.1314881392    
   4.8565400716    
   4.9001556331    
   4.8806196341    
   4.9212442578    
   4.9733107851    
   4.9381614730    
   5.0121502711    
   5.0545637010    
   5.1310555294    
   5.0872544276    
   5.1676257802    
   5.1746142852    
   5.2401219709    
   5.1644221744    
   5.1975334575    
   5.1726969454    
   5.2086918130    
   5.2314775841    
   5.2603410497    
   5.2392322245    
   5.2677753167    
   5.3100357437    
   5.3877647734    
   5.2892406107    
   5.3271918303    
   5.2949487875    
   5.3343233248    
   5.3717487127    
   5.4164796723    
   5.3808771541    
   5.4267685146    
   5.2106326615    
   5.2752762791    
   5.2420652398    
   5.3115204442    
   5.3436363265    
   5.4275527842    
   5.3851461757    
   5.4663189000    
   5.4621288818    
   5.5661437807    
   5.4604900738    
   5.5036732653    
   5.4717986258    
   5.5160079343    
   5.5944746285    
   5.6524186602    
   5.7187377360    
   5.6740352873    
   5.7561764475    
   5.4861774223    
   5.5307235915    
   5.5030244925    
   5.5474753059    
   5.5923001094    
   5.6373729294    
   5.6091983764    
   5.6547545084    
   5.5530292316    
   5.6614286756    
   5.6809604442    
   5.7228122007    
   5.6992116567    
   5.7424958445    
   5.7605775928    
   5.8001738929    
   5.7842945754    
   5.8233727775    
   5.7522960293    
   5.8408536879    
   5.7769695667    
   5.8390237309    
   5.8244854392    
   5.8968043617    
   5.8952913826    
   5.9411313990    
   5.9619079289    
   6.0221001872    
   5.8505833149    
   5.8865959877    
   5.8643142877    
   5.9176837673    
   5.9200523729    
   5.9672502251    
   5.9557009418    
   6.0093465265    
   5.9265424401    
   6.0509689632    
   6.0023380294    
   6.0361332773    
   6.0422778243    
   6.0777006820    
   6.0688742916    
   6.1024618093    
   6.1142183624    
   6.1468232137    
   6.1307810116    
   6.1991617228    
   5.9880271970    
   6.0378692435    
   6.0806145468    
   6.0948792185    
   6.1216312146    
   6.1409737897    
   6.1695491089    
   6.0851841544    
   6.1309678406    
   6.1486684867    
   6.1752947687    
   6.1986010595    
   6.2281622989    
   6.2002102304    
   6.2245313164    
   6.2574325702    
   6.2851733183    
   6.1327672221    
   6.1621573137    
   6.1779666337    
   6.2077787978    
   6.1910619054    
   6.2205336770    
   6.2399282644    
   6.2693965002    
   6.2653300600    
   6.3216056796    
   6.2853651757    
   6.3567722192    
   6.3763149362    
   6.4328054570    
   6.1581757512    
   6.1407052933    
   6.1427895834    
   6.1939353212    
   6.1951598228    
   6.2387309375    
   6.2461713531    
   6.2994992831    
   6.3040335220    
   6.2490116545    
   6.2490137640    
   6.3045930245    
   6.3033368740    
   6.1424454084    
   6.1402141288    
   6.1940926919    
   6.1914442783    
   6.1365852253    
   6.1326114824    
   6.1882369284    
   6.1831989615    
   6.2721356082    
   6.2637069608    
   6.3870202594    
   6.3889006520    
   6.4651609181    
   6.4887255523    
   6.4408693516    
   6.1260269983    
   6.1207479572    
   6.1761014075    
   6.1705066343    
   6.1392853410    
   6.2269691855    
   6.2209470188    
   6.2802283973    
   6.2717709238    
   6.2150067836    
   6.2110752629    
   6.2653447125    
   6.2609790602    
   6.1319312445    
   6.1291794934    
   6.2062441110    
   6.2049337110    
   6.2594686316    
   6.2534007708    
   6.2207015724    
   6.3612496630    
   6.3458605258    
   6.4713287418    
   6.4459663532    
   6.3142634145    
   6.3025778397    
   6.3646131058    
   6.3574469264    
   6.2961505007    
   6.2934014437    
   6.3504466423    
   6.3435602381    
   6.4361479294    
   6.4010746924    
   6.3988812468    
   6.4574492236    
   6.4504728819    
   6.1584643473    
   6.1593939004    
   6.3077351460    
   6.2967180832    
   6.3914488766    
   6.3841506860    
   6.4435750399    
   6.4366244142    
   6.4013528782    
   6.3330589879    
   6.1289822916    
   6.0938920280    
   6.2976762263    
   6.2679359741    
   6.1009768481    
   6.1522250255    
   6.2967979392    
   6.3777318963    
   6.4863083995    
   6.9397196998    
   7.8078203579    
   8.4181451887    
   8.9541766939    
   8.6796128178    
   9.0120506213    
   9.2721225402    
   9.1424685638    
   9.4063963504    
   9.4492428690    
   9.9191977804    
   9.5529151630    
   9.8078528891    
   9.7020594923    
   9.9692495286    
   10.285565742    
   10.627022685    
   11.198592487    
   11.107739978    
   10.113753056    
   9.2029777754    
   8.4419761667    
   7.4704566301    
   6.4873402910    
   6.2377566249    
   6.3705762818    
   6.1630569169    
   6.1626029421    
   5.5256345521    
   5.5433364147    
   6.3478829919    
   6.1443572373    
   5.5553080809    
   5.5569519323    
   5.5489556855    
   5.5432587411    
   5.5382127589    
   6.2097310720    
   6.0559971486    
   6.0630853321    
   6.0460714494    
   6.0545244856    
   6.2073423047    
   6.0368439562    
   6.0467692890    
   6.0289444091    
   6.0403180396    
   6.0707123713    
   2.6527315145    
   2.6284583953    
   2.6386470031    
   2.7233561304    
   2.8648296245    
   3.0533912762    
   3.2839204161    
   3.5141116722    
   3.7880365693    
   4.0137062244    
   4.7835056644    
   4.9283567160    
   4.2035905889    
   4.3001057229    
   4.3401763810    
   4.4308282034    
   4.3806184551    
   4.4843327065    
   4.5211196771    
   4.5977966860    
   4.5812201235    
   4.6458727796    
   5.6796996240    
   5.8677174740    
   4.7200949930    
   4.8023542378    
   6.0650928869    
   6.3077348303    
   6.1791204883    
   6.4301802124    
   6.4299912972    
   6.5060535294    
   6.5570771994    
   6.6121985157    
   6.5993584600    
   6.6778571903    
   6.7280319099    
   6.8644454671    
   6.6029163815    
   6.5418236774    
   6.5307270842    
   6.6329828037    
   6.6288124639    
   6.7774852638    
   6.7456599182    
   6.4963556041    
   6.4924061355    
   6.5521697600    
   6.5470090789    
   6.4858863313    
   6.4770712092    
   6.5392391022    
   6.5307076594    
   6.6284334141    
   6.5928464865    
   6.5838565582    
   6.6468954344    
   6.6373307612    
   6.4909080369    
   6.4685051693    
   6.5738533011    
   6.5606487843    
   6.6253251570    
   6.6100707335    
   6.5641748625    
   6.7272442626    
   6.7253467857    
   6.7976667391    
   6.8093882866    
   6.6755935043    
   6.6576361854    
   6.7224206408    
   6.7015571542    
   6.6405367004    
   6.6251693578    
   6.6830276633    
   6.6700649057    
   6.7660979838    
   6.7240276455    
   6.7085937772    
   6.7575721582    
   6.7435123477    
   6.4462459117    
   6.4263238688    
   6.5390274713    
   6.5011218100    
   6.4961995509    
   6.5502096280    
   6.5428406163    
   6.4096898164    
   6.4121910101    
   6.4903298410    
   6.4845287018    
   6.5379666725    
   6.5360064275    
   6.4860166380    
   6.4932100028    
   6.5370063222    
   6.5421202246    
   6.6151942622    
   6.6037845613    
   6.6570650138    
   6.6458085640    
   6.5946215424    
   6.5878785248    
   6.6370930957    
   6.6309930717    
   6.7090351532    
   6.6980715403    
   6.6086090509    
   6.6128717708    
   6.6930927674    
   6.7016420844    
   6.4330872692    
   6.4725758468    
   6.5018249168    
   6.5237171937    
   6.5522449191    
   6.5724996036    
   6.5384018651    
   6.5552135801    
   6.5865402096    
   6.6029429772    
   6.5099258652    
   6.5726162305    
   6.5740931824    
   6.6080011405    
   6.6215451318    
   6.6584775248    
   6.6734045637    
   6.6274572612    
   6.6634149866    
   6.7176125817    
   6.7525645564    
   6.6740042852    
   6.7032353418    
   6.7176408158    
   6.7459073295    
   6.7277145829    
   6.7548074465    
   6.7702017047    
   6.7971905450    
   6.7945878304    
   6.8105256403    
   6.8415254599    
   6.8522286958    
   6.8791931495    
   6.7190961991    
   6.8987043827    
   6.8269892674    
   6.8994017937    
   6.8714743411    
   6.9044306086    
   6.9088904068    
   6.9414568399    
   6.9406056614    
   6.9804417146    
   6.9774089967    
   7.0172238903    
   6.9966588615    
   7.0980661190    
   7.0756712573    
   7.1797884656    
   7.1370935933    
   7.4989198495    
   7.3427971946    
   7.6946959554    
   7.9182105832    
   8.4006234632    
   8.1056295703    
   8.6039047036    
   8.7389017520    
   9.0023746664    
   8.8599604516    
   9.0323292110    
   9.1715940373    
   9.0962690463    
   9.2372411429    
   9.1755878843    
   9.3113467523    
   9.2427319271    
   9.3811674164    
   9.4479783279    
   9.6015473717    
   9.5205339241    
   9.6754692013    
   9.3104550245    
   9.4513230787    
   9.3780182618    
   9.5205722874    
   9.7137636113    
   8.9823405405    
   9.1592266881    
   9.3020500875    
   9.2205570090    
   9.3649026337    
   9.0844319607    
   9.2798997423    
   9.4261986214    
   9.3377912333    
   9.4943543463    
   9.5487229751    
   9.8843732735    
   9.6979466657    
   10.001470901    
   9.7402231595    
   9.8856924532    
   9.8172943099    
   9.9588465302    
   10.022952882    
   10.157972694    
   10.105050857    
   10.297191185    
   10.054709867    
   10.240874205    
   10.376414374    
   10.319404366    
   10.461539564    
   10.452212644    
   10.662484342    
   10.516003881    
   10.634014370    
   10.606329719    
   10.728356496    
   10.837250436    
   10.197821317    
   10.516679974    
   10.326275397    
   10.682999764    
   10.704377562    
   10.831772656    
   10.808615292    
   10.943901006    
   11.043945945    
   10.916063105    
   11.064779987    
   11.016078807    
   11.194080358    
   11.266307310    
   11.001679877    
   11.301967635    
   11.386514065    
   11.646675965    
   11.597532679    
   11.918415422    
   11.761553250    
   11.908481879    
   11.905909675    
   12.031300769    
   12.047487402    
   12.154746222    
   12.104390226    
   12.160739955    
   12.162029808    
   12.215812548    
   12.205556320    
   12.232796569    
   12.258030085    
   12.282582791    
   12.184429392    
   11.535614336    
   12.182101065    
   12.059279501    
   12.235502361    
   12.208065199    
   12.282922290    
   12.253395511    
   12.147581534    
   12.046266920    
   12.190959956    
   12.087315112    
   11.829906555    
   11.524306549    
   11.888621772    
   11.599629289    
   10.914761161    
   10.293266146    
   11.106881122    
   10.458167114    
   9.8239560289    
   9.4998280694    
   10.036220242    
   9.8430870714    
   10.071562756    
   9.8573606893    
   9.7137639442    
   9.5734469164    
   9.6959413378    
   9.4995941960    
   9.0011619269    
   8.3931763825    
   9.2778775264    
   8.9395751293    
   9.2481204314    
   8.9488400492    
   8.6139408133    
   8.2767904418    
   8.6175519293    
   8.3028405594    
   7.7880861391    
   7.2634479155    
   7.9723118530    
   7.6816695642    
   7.9945803182    
   7.6984701467    
   7.2868710622    
   6.7813968751    
   6.4163620636    
   6.8363877927    
   6.5506254952    
   6.3937199199    
   6.5829159517    
   6.4363449624    
   6.1184283122    
   6.0026471284    
   6.2539306849    
   6.1384791315    
   6.3153246578    
   6.2263905380    
   6.0851072552    
   6.1077402544    
   6.1866352099    
   6.1802395524    
   6.1661644495    
   6.0231633937    
   6.0357318590    
   6.1575348004    
   6.0335357409    
   6.1561422077    
   6.1546912093    
   6.2313761950    
   6.1828615601    
   6.2381502192    
   6.2487270209    
   6.2250034310    
   6.2614107696    
   6.2746406213    
   2.5227243205    
   2.5271508408    
   2.5536568842    
   4.2998222295    
   2.8463055439    
   3.0420498010    
   3.2681069303    
   4.4269552213    
   4.5627833201    
   4.0789878346    
   4.2497377670    
   4.3468751410    
   4.2891714551    
   4.3943387011    
   4.4278345755    
   4.5166524820    
   4.4632253282    
   4.5501486044    
   4.5881389240    
   4.6868992485    
   4.6262151218    
   4.7272613762    
   4.7751740022    
   4.8567490499    
   4.8275490107    
   4.9155660938    
   5.0137987165    
   6.6799771565    
   6.8226416884    
   6.8671822375    
   6.8515693643    
   6.8182080756    
   6.7949708454    
   6.8647826185    
   6.8519961555    
   6.9138058467    
   6.9297136298    
   6.8072900912    
   6.8096867163    
   6.9252959112    
   6.9442213768    
   6.8463111089    
   6.8687874170    
   6.9180727868    
   6.9377192273    
   6.9854700064    
   6.9755088935    
   7.0492256277    
   6.9761093956    
   7.0115235625    
   7.0510749970    
   7.0430782712    
   7.0819913354    
   7.0405205310    
   7.1045241581    
   7.0952898581    
   7.1504853678    
   7.1261541267    
   7.1802239146    
   7.2480924153    
   7.1540328997    
   7.2075346652    
   7.1801163261    
   7.2354688656    
   7.2657443643    
   7.3256305174    
   7.2904153606    
   7.3527351929    
   7.1570995957    
   7.2550341496    
   7.3222365422    
   7.3854468903    
   7.3527094123    
   7.4118616765    
   7.3118550305    
   7.3787836490    
   7.4362765412    
   7.4021525377    
   7.4581239467    
   7.3818153699    
   7.5332891018    
   7.4358212568    
   7.5868510743    
   7.8266210140    
   7.4957024836    
   7.6373573791    
   7.4978834097    
   7.5639957546    
   7.5185557245    
   7.5835023167    
   7.6345315245    
   7.7355772591    
   7.6610417593    
   7.7517813611    
   7.8116715962    
   8.0002908388    
   7.8682298095    
   8.0439306879    
   8.2413837459    
   8.7483440748    
   8.3346393227    
   8.6727701335    
   8.9421382517    
   8.6850241144    
   8.9298128609    
   9.1912556420    
   9.4000482525    
   9.5597910672    
   9.4490344242    
   9.6115438085    
   9.2545355552    
   9.4966852516    
   9.6596377522    
   9.5197741680    
   9.6969247763    
   9.8017834779    
   10.087572511    
   9.8724741954    
   10.119635699    
   9.1634752803    
   9.3430121066    
   9.1811736004    
   9.3257842073    
   9.5037745621    
   9.6679992288    
   9.4728247213    
   9.6212241440    
   9.1638435122    
   9.2989149258    
   9.1406267172    
   9.2670936917    
   9.4788490857    
   9.8411572896    
   10.081637524    
   9.7394250759    
   9.9766380572    
   10.402232823    
   10.765211600    
   10.404794444    
   10.730203786    
   11.069695481    
   11.286812321    
   11.055158734    
   11.228756248    
   11.386208265    
   11.010445570    
   11.167334802    
   10.956610817    
   11.108563778    
   11.356970118    
   10.344860185    
   10.634229550    
   10.242510879    
   10.511280737    
   10.897549018    
   11.068317422    
   10.833354639    
   11.008141472    
   11.213398246    
   11.367487946    
   11.157005546    
   11.322913361    
   10.834704439    
   11.093616058    
   11.267120162    
   11.020769667    
   11.173625225    
   11.649516474    
   11.949888638    
   11.566304856    
   11.867262637    
   11.427255432    
   11.594703859    
   11.359169113    
   11.528070213    
   11.839085527    
   12.111280756    
   12.175833826    
   12.231563007    
   12.203457172    
   12.179704202    
   12.139964593    
   12.122156115    
   12.031933813    
   12.088309520    
   12.150090370    
   12.139534682    
   12.199935765    
   12.137065435    
   12.180260875    
   12.239475587    
   12.206270107    
   12.263787405    
   12.210215885    
   12.271495271    
   12.260960137    
   12.325381274    
   12.362252325    
   12.351524587    
   12.480348592    
   12.171998532    
   12.185546568    
   12.180365781    
   12.180870112    
   12.223414049    
   12.267437277    
   12.208174653    
   12.245696252    
   12.156768261    
   12.146675891    
   12.115563011    
   12.080892317    
   12.155289245    
   12.359078375    
   12.529789996    
   12.245786952    
   12.384154772    
   12.368202852    
   12.249540965    
   12.141674401    
   12.322881788    
   12.216709715    
   12.542053329    
   12.402709831    
   12.025992896    
   11.879063408    
   12.080872836    
   11.923864519    
   11.652248866    
   12.138670295    
   11.965400717    
   12.191628959    
   11.997551604    
   11.784521555    
   11.601502153    
   11.802784905    
   11.611896951    
   12.754708756    
   12.112942615    
   11.694643083    
   11.985387534    
   11.599595860    
   11.354031707    
   11.035314793    
   11.466550194    
   11.297258201    
   11.437711959    
   11.303508180    
   11.057810071    
   10.738865115    
   10.375328771    
   10.756870634    
   10.441215317    
   10.314057046    
   10.435074749    
   10.307478957    
   11.430576873    
   11.299799299    
   11.408532361    
   11.233559577    
   11.134773153    
   10.977686018    
   11.121870710    
   10.966849964    
   11.262111414    
   11.010383056    
   10.827909007    
   10.557273318    
   10.819112266    
   10.538061931    
   10.430633499    
   10.295801923    
   10.405337436    
   10.279360839    
   10.564409727    
   10.307862923    
   10.075381719    
   9.8937541409    
   9.8018792848    
   9.9085998503    
   9.7878051036    
   10.125470970    
   9.9983568741    
   10.186607590    
   9.9815158206    
   9.8948797372    
   9.7703004612    
   9.8772378578    
   9.7497048416    
   9.7122734654    
   9.6210763556    
   9.6945555340    
   9.6001413679    
   9.5233927814    
   9.4028383806    
   9.5015442223    
   9.3813298709    
   9.6183726261    
   9.4253950556    
   10.095591056    
   9.7937255702    
   10.056440755    
   9.8392702917    
   9.4642881398    
   9.2853634921    
   9.1564917445    
   9.2692108450    
   9.1471506411    
   9.0183134790    
   8.8565610491    
   8.9995354446    
   8.8586736576    
   9.2000142341    
   8.9371798873    
   8.7053227924    
   8.5509249003    
   8.7106000923    
   8.5579787701    
   8.3952665101    
   8.2397679890    
   8.4032071760    
   8.2481387109    
   8.6447415066    
   8.3354979505    
   9.1067502290    
   8.4898041035    
   8.0854600063    
   7.9334031196    
   8.0941064672    
   7.9422645054    
   7.7158063425    
   8.1016088622    
   7.9502914343    
   8.1073917029    
   7.9570622452    
   7.8027845795    
   7.6592540106    
   7.8107087354    
   7.6691430881    
   7.4314801680    
   7.1764399586    
   7.5204919532    
   7.3880330524    
   7.5328467894    
   7.4029742735    
   7.2645892787    
   7.1521781680    
   7.2808862343    
   7.1673191589    
   8.0363413357    
   7.7485959598    
   8.0288380656    
   7.7516220513    
   7.4818957688    
   7.2931402090    
   7.1788485974    
   7.3015986054    
   7.1751194601    
   7.4918784853    
   7.2354241260    
   6.9609248782    
   6.7735933510    
   7.0430546195    
   6.9221938319    
   7.0539428500    
   6.9260899524    
   6.8284981651    
   6.7406709514    
   6.8320275932    
   6.7443435440    
   6.6091045812    
   6.4960775056    
   6.4328799317    
   6.5090990931    
   6.4478887583    
   6.6597046027    
   6.5854895770    
   6.6636069058    
   6.5895912659    
   6.5181855904    
   6.4583456161    
   6.5227638433    
   6.4637258438    
   7.0619152421    
   6.9268276166    
   7.0666530487    
   6.9241875662    
   6.7868124803    
   7.0169063274    
   6.7741497315    
   6.6239444084    
   6.4899039468    
   6.6077386481    
   6.4702744089    
   6.3771282465    
   6.3296621035    
   6.3944521131    
   6.3494837506    
   6.2914273047    
   6.2633523760    
   6.3136282749    
   6.2873855992    
   6.3882167482    
   6.3215330477    
   6.2460838032    
   6.2396816567    
   6.2709725593    
   6.2641788512    
   6.2198488139    
   6.2282982953    
   6.2419578454    
   6.2479719115    
   6.2909703971    
   6.2660944455    
   6.3503928981    
   6.3029655111    
   6.2792145159    
   6.2958875772    
   6.2767368168    
   6.2433998070    
   6.2635076678    
   6.2601927893    
   6.2773295615    
   6.2871883748    
   6.2733177094    
   6.2883428168    
   6.2827023678    
   6.2963240408    
   6.2884399644    
   6.3012322060    
   6.2907256511    
   6.3031388306    
   6.2898172384    
   6.3021964567    
   6.2860058838    
   6.2985827897    
   2.4346512880    
   4.2863486742    
   2.4686037578    
   4.3181878160    
   4.3391983687    
   2.9657787705    
   3.2247324611    
   2.9785602968    
   3.2580940489    
   3.2074249921    
   3.3016905814    
   3.2656924805    
   3.3790075421    
   3.4912671523    
   4.4634600596    
   3.5340453802    
   3.6654026978    
   4.6120758759    
   4.6693696285    
   3.8028195045    
   4.7037678109    
   4.7691050293    
   4.8537286282    
   4.7489591785    
   4.8102389414    
   4.7532847925    
   4.8154490751    
   4.8466584358    
   4.8877325147    
   4.8535288946    
   4.8797936363    
   4.9117784571    
   4.8838210896    
   4.9030059724    
   4.2862268322    
   4.3397818996    
   4.9354070429    
   4.9697099726    
   4.3852070565    
   4.4324731091    
   5.0169988225    
   5.0690937753    
   4.9457894302    
   4.9688669329    
   4.9877652168    
   4.9748738500    
   4.9936505849    
   4.9448969042    
   4.9632905422    
   4.9509221257    
   4.9697463685    
   4.9813137696    
   5.0003810672    
   4.9881116593    
   5.0074839710    
   5.0075756258    
   5.0488921088    
   5.0140634221    
   5.0576635784    
   5.0671791393    
   5.0939655868    
   5.0769221425    
   5.1022142030    
   5.0355657870    
   5.1036849645    
   4.4693364036    
   4.5157884470    
   5.1248978386    
   5.1854920302    
   4.5539697442    
   4.5926910829    
   5.2605808356    
   5.3522059169    
   5.1211937316    
   5.1488729797    
   5.1295343408    
   5.1574464941    
   5.1770155859    
   5.2056520730    
   5.1862550472    
   5.2173387006    
   5.1579553211    
   5.2194108704    
   5.2445378972    
   5.2892606555    
   5.2547962292    
   5.2975095213    
   5.3348716207    
   5.3814151557    
   5.3422029532    
   5.3881273152    
   4.5988004921    
   4.6376246321    
   4.6349742248    
   4.6848299199    
   5.4495634576    
   5.5442186457    
   4.7334079977    
   4.7810863214    
   5.6442700770    
   4.7981788135    
   5.4341740904    
   5.4833283427    
   5.4414561273    
   5.4899117747    
   5.5305649564    
   5.5798643552    
   5.5366357880    
   5.5857320933    
   4.6916600976    
   4.7330735752    
   5.6296016872    
   5.6785234889    
   5.6351554512    
   5.6834578363    
   5.7289394394    
   5.8230354702    
   5.7335642470    
   5.8312451864    
   4.7781569888    
   5.8160241729    
   4.8263111504    
   4.8739851818    
   4.8397888875    
   4.8868996661    
   4.9435894353    
   5.8788111700    
   5.9680534637    
   5.9191904209    
   5.9775091533    
   6.0276335186    
   6.0881353019    
   6.0365641649    
   6.0966728988    
   5.9617284079    
   6.0442549006    
   6.1035010801    
   6.0561438862    
   6.1085186858    
   6.1858212300    
   6.3141839309    
   6.1642786114    
   6.2270028406    
   6.1679662132    
   6.2293457312    
   6.2920888747    
   6.3568298466    
   6.2930394801    
   6.3573093567    
   6.4647634331    
   6.6681639058    
   6.4553984296    
   6.6013038080    
   6.4279588829    
   6.5002845581    
   6.4254635917    
   6.4959164612    
   6.5755662944    
   6.6541598748    
   6.5687001502    
   6.6437709197    
   6.7418677772    
   6.8113055428    
   6.7364249325    
   6.8225039488    
   6.7198313829    
   6.7896716262    
   6.8590682214    
   6.8459221858    
   6.8247635361    
   6.8350415311    
   6.7539567228    
   5.2276733079    
   6.8196089938    
   6.8044204912    
   6.8265341074    
   6.8077311101    
   6.7821832104    
   6.7435592067    
   6.7786681271    
   6.7493060537    
   5.2906210758    
   5.3359005432    
   6.8076161927    
   6.7963676869    
   6.8252879754    
   6.8405031583    
   6.8469404538    
   5.3749367156    
   5.3524231670    
   6.9246723935    
   7.0123565216    
   5.3321595624    
   7.0312924878    
   7.0775224415    
   7.1448662140    
   7.0333547639    
   7.0489191835    
   7.1353608934    
   7.1030243165    
   7.1015697073    
   7.1301820544    
   7.1295831228    
   7.0774290735    
   7.0992622823    
   7.1407294465    
   7.1350410008    
   7.1750703439    
   7.1098751533    
   7.1338400488    
   7.1340067929    
   7.1475862152    
   7.1551002446    
   7.1563655787    
   7.1619479866    
   7.1473552707    
   7.1632397846    
   7.1574975222    
   7.1744445190    
   7.1826579891    
   7.2084564793    
   7.1939746746    
   7.2199127504    
   7.1654345221    
   7.1808857106    
   7.1699631707    
   7.1856823974    
   7.2173184196    
   7.1948760003    
   7.2664066764    
   7.2316908389    
   7.2735484059    
   7.3130263689    
   7.2867423896    
   7.3311821272    
   7.3582728195    
   7.4646496313    
   7.3600311845    
   7.4108897674    
   7.3719747444    
   7.4218853594    
   7.4593057782    
   7.5118507801    
   7.4690687507    
   7.5202350556    
   7.2346578445    
   7.2677366686    
   7.2463911490    
   7.2758003183    
   7.3007821533    
   7.3407700809    
   7.3118490023    
   7.3474697030    
   7.2730543393    
   7.3353921373    
   7.4111319573    
   7.5011854472    
   7.4168875056    
   7.4989934975    
   7.5823804122    
   7.6870387879    
   7.7600459050    
   7.6976078058    
   7.7693308397    
   7.5686737505    
   7.6298939898    
   7.5755898954    
   7.6353439072    
   7.7043804528    
   7.7748066414    
   7.7071929304    
   7.7763064282    
   7.8453608393    
   7.9272326067    
   7.8529716815    
   7.9337841937    
   8.0134731427    
   8.1040532188    
   8.0190076396    
   8.1085544935    
   7.8567140900    
   7.9365020308    
   7.8526345682    
   7.9352290218    
   8.0207549554    
   8.1093715104    
   8.0185482222    
   8.1063061804    
   7.6068382207    
   7.7366202889    
   7.5958280824    
   7.7177100969    
   7.8827294356    
   8.0121679776    
   8.0990704240    
   8.0013928448    
   8.0872845515    
   7.8562000961    
   8.0134266780    
   8.2524429609    
   8.4564387701    
   8.2484023906    
   8.4493179797    
   8.6765913712    
   8.9114090246    
   8.6581162624    
   8.8301930638    
   8.9503598496    
   8.8114127165    
   8.9242310125    
   8.1904087112    
   8.2858026559    
   8.1778420757    
   8.2728588243    
   8.4326889228    
   8.1599429696    
   8.2543172934    
   8.1360055090    
   8.2366750281    
   8.4002918248    
   8.6376287068    
   8.7912437676    
   8.8962744136    
   8.7695276920    
   8.8662420598    
   8.5650163500    
   8.6603137502    
   8.5433404357    
   8.6411000785    
   8.7451408590    
   8.8329591683    
   8.7137345832    
   8.7941106999    
   9.1142397131    
   9.2326946186    
   9.0861216174    
   9.1981794898    
   9.3878770253    
   9.0563864181    
   9.1626633472    
   9.0250357546    
   9.1258467149    
   9.3001693620    
   9.6835167287    
   9.0203354087    
   9.2081648997    
   8.9370989425    
   9.1082905275    
   9.4482405676    
   10.145392585    
   10.681235099    
   10.966634232    
   10.441476549    
   10.768075572    
   9.8407745662    
   10.289428053    
   11.272686119    
   11.435112292    
   11.137063978    
   11.324427803    
   11.600762104    
   11.763195255    
   11.474527869    
   11.615360522    
   11.030469836    
   11.336513251    
   11.902727759    
   11.986252741    
   11.734173100    
   11.818168402    
   12.014635197    
   12.021574652    
   11.867617991    
   11.895822082    
   11.542760080    
   11.669544944    
   10.783235595    
   11.217606737    
   11.981465128    
   11.968513886    
   11.746065616    
   11.720889563    
   11.913789908    
   11.314277607    
   11.442864026    
   11.957130324    
   11.461374386    
   4.7839620355    
   4.8372178794    
   10.942445276    
   10.359851385    
   4.8857221317    
   4.9430830725    
   9.8763108650    
   9.2523208880    
   9.7689890211    
   9.1663672318    
   8.5067590475    
   7.8575284205    
   7.3406943554    
   7.7299968176    
   7.3075530857    
   6.8294534120    
   6.4866993061    
   6.7704275472    
   6.4589298738    
   6.2882729034    
   6.2612008753    
   6.2624032830    
   6.2372089896    
   6.2391854456    
   6.2468793511    
   6.2069836198    
   6.2071190038    
   6.1667410517    
   6.1629937913    
   6.2795667477    
   6.2924777272    
   6.2707167100    
   6.2840258857    
   6.2595750067    
   6.2733076264    
   6.2461375085    
   6.2603251066    
   6.2302688006    
   6.2450134266    
   6.2117434422    
   6.2272631325    
   6.1903100063    
   6.2069825072    
   6.1657780813    
   6.1841680425    
   2.3495888133    
   4.2912474854    
   4.3116691051    
   4.3637601106    
   4.3434589625    
   4.3272775083    
   4.3480472357    
   4.3333190124    
   4.3241009276    
   4.3362772492    
   4.3271223724    
   2.9120979194    
   2.9889846467    
   4.3130281169    
   4.3020550755    
   3.0508579795    
   3.1963937878    
   3.0412470634    
   3.1352620046    
   4.3161789204    
   4.3108663811    
   4.3172471429    
   4.3119402510    
   4.3052260409    
   4.2992322162    
   4.3063142817    
   4.3003436415    
   4.3172821639    
   4.3064188622    
   4.2928810526    
   4.2861849651    
   4.2940245835    
   4.2873696273    
   4.2791739892    
   4.2780326084    
   4.2804124361    
   4.2797959425    
   4.2944166924    
   4.2815409169    
   3.3231598250    
   3.3430560323    
   3.2317069970    
   4.2543237758    
   3.3925612420    
   3.4514616718    
   4.2483310083    
   4.2801835762    
   4.2699486618    
   4.2616507535    
   4.2718198531    
   4.2637035679    
   4.2529238530    
   4.2437785633    
   4.2552865718    
   4.2467797317    
   4.2756108895    
   4.2634253439    
   4.2343505635    
   4.2301179192    
   4.2391352098    
   4.2385941283    
   4.2565675101    
   4.2834479054    
   4.2681228674    
   4.2963274286    
   4.2641863191    
   4.3085152274    
   3.5195107531    
   3.5972381242    
   4.3252720901    
   4.3925727637    
   3.6527146056    
   3.7224631022    
   4.4491355911    
   4.5054200533    
   4.3206252701    
   4.3494874024    
   4.3251646241    
   4.3536806660    
   4.3776408437    
   4.4062292962    
   4.3816579969    
   4.4101750765    
   4.3558132818    
   4.4083717762    
   4.4353163824    
   4.4642301049    
   4.4391202449    
   4.4679084868    
   4.4928659554    
   4.5211052371    
   4.4964273666    
   4.5245576991    
   4.4639349345    
   4.5193537937    
   3.7850913588    
   3.8481746324    
   4.5602052749    
   4.6125933808    
   3.9311851648    
   3.9946370671    
   4.6621355371    
   3.9869384756    
   4.7407396868    
   4.6984047507    
   4.7452621601    
   4.5488361919    
   4.5759600264    
   4.5521885657    
   4.5792199852    
   4.6024013833    
   4.6281107962    
   4.6055772809    
   4.6312108124    
   4.5733790685    
   4.6251263064    
   4.6530660617    
   4.6772743669    
   4.6560973357    
   4.6802412825    
   4.7007663138    
   4.7452578461    
   4.7036725704    
   4.7489542932    
   4.6741343427    
   4.7192175679    
   4.0683074371    
   4.8057650879    
   4.8296695441    
   4.8058126887    
   4.8329516245    
   4.7505613433    
   4.7726332734    
   4.7552567129    
   4.7728743235    
   4.8055453737    
   4.8364248774    
   4.8051341633    
   4.8374909580    
   4.8492412866    
   4.8685980726    
   4.8528339162    
   4.8724789217    
   4.8879137570    
   4.9073771957    
   4.8920588348    
   4.2993253779    
   4.8684883114    
   4.2881908774    
   4.7675687639    
   4.8201670071    
   4.7755378380    
   4.1855600350    
   4.2782124657    
   4.9695149150    
   4.3894440464    
   4.3433376996    
   4.3972192417    
   4.4580211050    
   4.3892081649    
   4.5062498296    
   4.5595276562    
   4.6402233269    
   4.5929699338    
   4.6684042312    
   4.7204285628    
   4.8146904738    
   4.7446587856    
   4.8284835503    
   4.8835134490    
   6.0912033461    
   4.8921304018    
   4.9441512175    
   6.2039957775    
   6.3182476434    
   4.9924873760    
   5.0332531783    
   4.9172586622    
   5.0083363946    
   6.4431703319    
   6.5720665023    
   5.0693633614    
   5.1116513990    
   6.6882876657    
   6.7714673292    
   6.8043238806    
   6.7528949635    
   6.7688501175    
   5.1551836942    
   5.2040744195    
   5.0895066053    
   5.1925656929    
   6.8027313408    
   6.7981193954    
   6.7751890580    
   6.7741901032    
   6.7923804629    
   6.7843062845    
   6.7722971588    
   6.7632460388    
   6.7322728326    
   6.7303194389    
   6.7691491668    
   6.7562097647    
   6.7530695552    
   6.7400109539    
   6.7418076319    
   6.7570770302    
   6.7302458385    
   6.7535015627    
   6.7173422882    
   6.7483100035    
   5.3082804476    
   6.7138435824    
   6.7678787606    
   6.8499259449    
   6.7590901529    
   6.8478476041    
   6.7592432084    
   6.7483609403    
   6.8447135557    
   6.7360322863    
   6.8871240265    
   6.7582414910    
   6.7639709009    
   6.7530787449    
   6.7571775587    
   6.8247696619    
   6.8357114394    
   6.8103034355    
   6.8217025835    
   6.8038467800    
   6.8137454752    
   6.8246073322    
   6.8611625302    
   6.8198195624    
   6.8526750384    
   6.9141463925    
   6.7334988376    
   5.3508061694    
   5.3706720213    
   6.8087741939    
   6.8444591751    
   5.3869131617    
   5.4019699935    
   6.9377091542    
   6.9573831848    
   6.9355537496    
   6.9450589317    
   6.9327349244    
   6.9660777807    
   6.9503146294    
   6.9631304697    
   6.9488492605    
   6.9598574992    
   7.0034738387    
   7.0620185201    
   6.9934335201    
   7.0352577499    
   6.9904577750    
   7.0334872915    
   7.0613567552    
   6.9712889403    
   6.9457496669    
   5.4178119897    
   6.9621930154    
   6.9859684532    
   7.0300988534    
   6.9801966660    
   7.0253612063    
   7.0462948279    
   7.0636230616    
   7.0404470151    
   7.0564252334    
   7.0353109150    
   7.0457362601    
   7.0919843929    
   7.1320811069    
   7.1019640370    
   7.1425189444    
   7.1914596176    
   7.2286938242    
   7.1657130047    
   7.1986991641    
   7.0819090222    
   7.1008274976    
   7.0730777366    
   7.0900427014    
   7.1015317784    
   7.1190695226    
   7.0866297990    
   7.1023250405    
   7.0732190555    
   7.0741350567    
   7.1349383315    
   7.1473451190    
   7.1153956150    
   7.1298632899    
   7.1577837656    
   7.1772560383    
   7.1434743754    
   7.1754598592    
   7.1057722371    
   7.1559373807    
   7.1913570640    
   7.1670940644    
   7.1874411774    
   7.1735722351    
   7.1636954685    
   7.1684878590    
   7.1599184882    
   7.1504158304    
   7.1410341867    
   7.1397414928    
   7.1446818264    
   7.1429519633    
   7.1564997011    
   7.1498209187    
   7.1538893661    
   7.1477466224    
   7.1454703267    
   7.1434976765    
   7.1436136829    
   7.1415912593    
   7.1734916923    
   7.1674139720    
   7.1732442904    
   7.1553278813    
   7.1605052336    
   7.1530813381    
   7.1497399976    
   7.1580692384    
   7.1540998454    
   7.1473832475    
   7.1427761131    
   7.1384922148    
   7.1702143593    
   7.1647930433    
   7.1409636129    
   7.1447380320    
   7.1436642793    
   7.1479534364    
   7.1636997345    
   7.1686909787    
   7.1700037507    
   7.1749851678    
   7.1456627964    
   7.1785926289    
   7.1859153005    
   7.2336492680    
   7.2015438981    
   7.2414977331    
   7.1675339792    
   7.2496443140    
   7.3067669709    
   7.4408877602    
   7.2896186411    
   7.3676253301    
   7.6058510280    
   7.8134935049    
   7.9597194791    
   7.7605164121    
   7.9009551914    
   7.5055002972    
   7.7067009804    
   8.1091948274    
   8.2047610010    
   8.0746861405    
   8.1659029471    
   8.2987328356    
   8.3994047271    
   8.2550553434    
   8.3502068861    
   8.0496643284    
   8.1982733895    
   8.2949491038    
   8.1423717745    
   8.2281374665    
   8.5004073887    
   8.5929143497    
   8.4420861988    
   8.5285145424    
   8.6747503020    
   8.3805061132    
   8.4633499517    
   8.3174810877    
   8.3976035190    
   8.5482015971    
   7.9443036806    
   8.0898291187    
   7.8230549874    
   7.9572490620    
   8.2485458684    
   8.4132103204    
   8.1096998285    
   8.2603391154    
   8.8587571981    
   9.1977225233    
   8.6179483473    
   8.9469525991    
   9.5531967594    
   10.164396409    
   10.451607199    
   4.8191353940    
   4.9250943216    
   5.0606734513    
   8.1815196948    
   7.4702433946    
   6.5139731681    
   6.1693638350    
   6.1091579925    
   6.1030756059    
   6.0324302053    
   6.0279728708    
   6.0785925404    
   5.9365687767    
   5.9188567925    
   5.8434437628    
   5.8613463420    
   6.1381331432    
   6.1015561288    
   6.1076299559    
   6.0769040135    
   6.0749981009    
   6.0020029993    
   5.9735608983    
   5.9495278368    
   5.9353706908    
   5.9369464149    
   2.2458926374    
   2.2314223014    
   2.2832699664    
   4.3381887997    
   4.3551854491    
   4.3387278275    
   2.5889910098    
   2.7257708179    
   4.3315714898    
   3.0463998683    
   2.8822706757    
   3.0973270039    
   3.2479757555    
   3.3763662825    
   3.2232583213    
   4.3502120101    
   4.4288999779    
   4.5230905532    
   4.3818964807    
   4.4268374673    
   4.6210052051    
   4.0029552355    
   3.9050031770    
   3.9923092708    
   4.1534313207    
   4.3037296704    
   4.1484579491    
   4.3088785420    
   4.4783257818    
   4.6525835728    
   4.7949354457    
   4.9508636829    
   5.1255351708    
   5.2734903613    
   5.3659907531    
   5.4077076237    
   5.3569532975    
   5.4151537237    
   5.4209366234    
   5.4165224375    
   5.4112948656    
   5.4032410504    
   7.0953296166    
   7.0763976838    
   5.3729377827    
   5.3356815507    
   7.1628705686    
   7.1527160083    
   5.2864109534    
   5.2234156740    
   7.1328877407    
   7.2169754410    
   7.2533654204    
   7.6731800851    
   7.9916220313    
   7.3521603158    
   7.7034485039    
   8.4493761703    
   9.1137181164    
   4.6810308074    
   4.7394985370    
   4.8269347598    
   4.9475082150    
   5.0956465751    
   5.2227401622    
   5.3362008084    
   6.5823792672    
   6.1734940578    
   5.9277787469    
   5.9314490844    
   6.0458938322    
   6.0396354016    
   5.4530672723    
   5.4699097573    
   5.4824230435    
   5.4766369734    
   5.4916527301    
   5.9695932317    
   6.0037606373    
   6.0450812879    
   6.0891367358    
   6.1342000983    
   5.4910974526    
   5.4953976894    
   5.5023830607    
   2.1922446436    
   2.1692230604    
   2.2255644725    
   2.4075737896    
   2.6302872609    
   2.9346108502    
   4.4411998212    
   4.4924121943    
   3.9296824848    
   4.2384112027    
   4.4943089360    
   4.6723837632    
   4.7897406328    
   4.9156761586    
   5.0613603981    
   5.2034534567    
   5.3071862808    
   5.3597467919    
   5.3197254922    
   5.2432294005    
   7.1277603087    
   7.1443815098    
   6.7866700562    
   7.2836508543    
   8.0417472002    
   4.6677712090    
   4.6844942630    
   4.7527509742    
   4.8310130363    
   4.9642487326    
   5.1014111236    
   5.2385757590    
   5.3738132004    
   5.4384463631    
   5.4680074494    
   5.4856733314    
   5.5020897388    
   5.4919379998    
   5.5061108192    
   5.4870950588    
   5.4985606377    
   5.5044544003    
   5.5015956023    
   5.5061229776    
   5.5090713910    
   5.5139358494    
   5.5161278909    
   5.5156059604    
   5.5118948903    
   5.5100497122    
   5.5093500044    
   5.5066553834    
   2.1097122222    
   2.1104273040    
   2.1733268408    
   2.3701227059    
   2.6241435166    
   2.9141375285    
   3.2457600972    
   3.5869260449    
   3.9106374065    
   4.2120172505    
   4.4631450647    
   4.6695264718    
   4.7871814925    
   4.8794701134    
   5.0058669618    
   5.1259640917    
   5.2168948855    
   5.2803062716    
   5.2616198374    
   5.1821098421    
   5.0721140598    
   7.1923520450    
   7.1097139421    
   7.5629543675    
   4.6995485180    
   4.6821677663    
   4.7063806951    
   4.7600605371    
   4.8613519273    
   4.9871946370    
   5.1020230153    
   5.2505799793    
   5.3782351865    
   5.4654504304    
   5.5048835020    
   5.5063439277    
   5.5060071474    
   5.5059478525    
   5.5064270892    
   5.5051278318    
   5.5115909132    
   5.5070243768    
   5.5045008720    
   5.5075437507    
   5.5078896632    
   5.5320498073    
   5.5154112398    
   5.5076054611    
   5.5071958334    
   5.5105808745    
   5.5059286499    
   5.5123992134    
   5.5088182874    
   5.5038723324    
   5.5058100086    
   5.5009468151    
   5.5053756692    
   2.0928425147    
   2.1030744370    
   2.1365310322    
   2.3232526338    
   2.6054240156    
   2.8964873748    
   3.2263496303    
   3.5888083211    
   3.9087991961    
   4.1874426909    
   4.4563640609    
   4.6742352596    
   4.7825671097    
   4.8635427587    
   4.9608269166    
   5.0630654766    
   5.1515199281    
   5.1885685613    
   5.1777493979    
   5.1385372423    
   5.0532364728    
   7.3103574173    
   4.8348409399    
   4.7443175650    
   4.6862626369    
   4.6903630918    
   4.7118447075    
   4.7517279712    
   4.8618577803    
   4.9961915745    
   5.1020270213    
   5.2694176133    
   5.3729551847    
   5.4276532151    
   5.4693690798    
   5.4337740830    
   5.4483436441    
   5.4953502959    
   5.5054774830    
   5.5016991375    
   5.4972209190    
   5.4956541604    
   5.4914306098    
   5.4901764914    
   5.4845614906    
   5.4637184782    
   5.4668325668    
   5.4532746184    
   5.4781786024    
   5.4823425350    
   5.4809539616    
   5.4860474485    
   5.4857831933    
   5.4894170298    
   5.4850631741    
   5.4813985101    
   5.4814115770    
   5.4777915310    
   5.4604343282    
   2.1043455010    
   2.0827772141    
   2.1221003709    
   2.3167806495    
   2.5511864078    
   2.8587945968    
   3.2001520971    
   3.5147329477    
   3.8740671991    
   4.1923429403    
   4.4307492183    
   4.6397004213    
   4.7727417845    
   4.8479273655    
   4.9245632254    
   5.0123653291    
   5.0831266333    
   5.1204370220    
   5.1227288457    
   5.0880231971    
   4.9965751488    
   4.9004193528    
   4.8010581776    
   4.7372886222    
   4.6874091809    
   4.6867886840    
   4.7183065611    
   4.7789393336    
   4.8552512408    
   4.9944239325    
   5.1201872617    
   5.2678830859    
   5.3780849157    
   5.4153350603    
   5.4213481504    
   5.3936553298    
   5.3847181497    
   5.4256490091    
   5.4408146054    
   5.4024123382    
   5.4038251323    
   5.4484240054    
   5.4427181274    
   5.4403898255    
   5.4086018347    
   5.4021114410    
   5.3917635844    
   5.4006634861    
   5.4059166120    
   5.3956697680    
   5.3911922131    
   5.3834390676    
   5.3911734301    
   5.3865218839    
   5.3742775070    
   5.4053312944    
   2.1308690700    
   2.0998748361    
   2.1867517945    
   2.3435167008    
   2.5062014203    
   2.8122581750    
   3.1506617570    
   3.5796133306    
   3.8656322355    
   4.2080192363    
   4.4484942883    
   4.6497557365    
   4.7665854128    
   4.8385529802    
   4.9042832352    
   4.9775105695    
   5.0486010225    
   5.0816949543    
   5.0731083879    
   5.0410668921    
   4.9600879433    
   4.8650657640    
   4.7983963184    
   4.7265960093    
   4.6611839102    
   4.6759062049    
   4.7102775348    
   4.7703307330    
   4.8557982607    
   4.9843302596    
   5.1167889611    
   5.2412131719    
   5.3137402113    
   5.3461941574    
   5.3578029600    
   5.3694605506    
   5.3584062404    
   5.3418176189    
   5.3325081167    
   5.3267542525    
   5.3307341270    
   5.3334433095    
   5.3275073784    
   5.3311492760    
   5.3193670418    
   5.3184961274    
   5.3224179203    
   5.3089366656    
   5.3142000840    
   5.3764324395    
   5.3671560534    
   5.3607556259    
   5.3529111950    
   5.3592545187    
   5.3471606441    
   5.3432652923    
   5.3416052259    
   5.3370321797    
   5.3401590204    
   5.3361777520    
   5.3280094576    
   2.2153385534    
   2.2011021978    
   2.2345549436    
   2.3694495443    
   2.5229722266    
   2.8200554773    
   3.1590514929    
   3.4973645757    
   3.8578778333    
   4.1641497769    
   4.4321984303    
   4.6167295846    
   4.7295668378    
   4.8179104561    
   4.8863989859    
   4.9520160720    
   5.0156717694    
   5.0536566449    
   5.0469932790    
   5.0075779655    
   4.9319817670    
   4.8484289311    
   4.7770014327    
   4.7185616979    
   4.6743618290    
   4.6508262299    
   4.6899303368    
   4.7529200392    
   4.8456228720    
   4.9586345090    
   5.0997816153    
   5.2623670029    
   5.2935158911    
   5.3043083023    
   5.3054040810    
   5.2826349716    
   5.3105357195    
   5.3233475911    
   5.3057941807    
   5.3084577469    
   5.3340286200    
   5.3107926970    
   5.3262391815    
   5.3326703812    
   5.2990858867    
   5.3013388307    
   5.3220854811    
   5.3252860841    
   5.3384175049    
   5.3214475779    
   5.3043993047    
   5.3046916650    
   5.3057055316    
   5.3028130488    
   5.3036303726    
   5.2726168659    
   5.3009280707    
   5.3015847276    
   5.2989093492    
   5.2994744457    
   5.3358533743    
   5.3045431574    
   2.2874996900    
   2.2759914039    
   2.2728230195    
   2.4023252179    
   2.5843346207    
   2.8705764951    
   3.1482355785    
   3.5282563204    
   3.8324932561    
   4.1399162143    
   4.3931014193    
   4.5661192471    
   4.7185107976    
   4.8060247401    
   4.8679577220    
   4.9297502653    
   4.9830329021    
   5.0212379105    
   5.0346688402    
   4.9833199753    
   4.9135318023    
   4.8245320942    
   4.7505551986    
   4.7096286031    
   4.6638346519    
   4.6495404957    
   4.6941299764    
   4.7580110094    
   4.8993173632    
   4.9110369276    
   5.0585316146    
   5.1791362572    
   5.2716795101    
   5.2778077543    
   5.2735230981    
   5.2680780151    
   5.2667898654    
   5.2250180396    
   5.2364765307    
   5.2611869589    
   5.2613909599    
   5.2309932154    
   5.2283827319    
   5.2184954563    
   5.2122149281    
   5.2251801073    
   5.2102826355    
   5.2049754557    
   5.2715054110    
   5.2700022360    
   5.2693081459    
   5.2683643158    
   5.2966646672    
   5.2941439082    
   5.2669570486    
   5.2663770221    
   5.2643738885    
   5.2893739620    
   5.2309763672    
   5.2277748898    
   2.3488868377    
   2.3613297735    
   2.3591652353    
   2.4587712102    
   2.6252596801    
   2.8884035245    
   3.1733053506    
   3.4924828952    
   3.8099521753    
   4.1193046340    
   4.3449318301    
   4.5530475093    
   4.7053984837    
   4.7870412065    
   4.8519926689    
   4.9057560456    
   4.9575824893    
   4.9912470956    
   5.0099641898    
   4.9703964257    
   4.8946574962    
   4.8106385846    
   4.7333169520    
   4.6978541947    
   4.6619650186    
   4.6492899396    
   4.6929003094    
   4.7484110320    
   4.8322502881    
   4.9321246698    
   5.0279636573    
   5.1209640643    
   5.1786508146    
   5.0933554129    
   5.1390330951    
   5.2172043472    
   5.2202109057    
   5.2150860567    
   5.2126427157    
   5.2097548743    
   5.2132399718    
   5.2062755349    
   5.2103238285    
   5.2079621613    
   5.2049962063    
   5.1954920416    
   5.2062997523    
   5.1883991481    
   5.2010674984    
   5.1796949714    
   5.1822030620    
   5.1525773875    
   5.1620497418    
   5.1616014271    
   5.1499655971    
   5.1580251706    
   5.1788904511    
   5.1693299020    
   5.1668567446    
   2.4848922996    
   2.4649657680    
   2.4963807828    
   2.5509531463    
   2.7210060777    
   2.9433910552    
   3.1965126398    
   3.4841667558    
   3.7983383064    
   4.0881717610    
   4.3340145403    
   4.5696696720    
   4.6864731223    
   4.7842475184    
   4.8414269443    
   4.8871040179    
   4.9277598452    
   4.9559775132    
   4.9674982523    
   4.9401904990    
   4.8767995832    
   4.8068923263    
   4.7421691293    
   4.6984854376    
   4.6650229334    
   4.6561027887    
   4.6841664341    
   4.7327613950    
   4.8122806679    
   4.9129565798    
   5.0056381622    
   5.0621039189    
   5.0948429577    
   5.0356171213    
   5.0590387687    
   5.0697893521    
   5.0453897579    
   5.0509429176    
   5.1290621200    
   5.1379583770    
   5.1479411334    
   5.1371739593    
   5.1195549305    
   5.1285012656    
   5.1207099532    
   5.0962972417    
   5.0996714664    
   5.0679893696    
   5.0802736232    
   5.1022651123    
   5.0612394026    
   5.0648476114    
   5.0540754101    
   5.0588215180    
   2.6396908854    
   2.5895325610    
   2.6145086517    
   2.6948244705    
   2.8168762293    
   3.0150270549    
   3.2247005844    
   3.5128308504    
   3.8028986874    
   4.0630824833    
   4.3355333638    
   4.5509696961    
   4.6750726918    
   4.7763895205    
   4.8368940783    
   4.8756955368    
   4.9040070566    
   4.9255471859    
   4.9371155739    
   4.9310207832    
   4.8680812791    
   4.8018219020    
   4.7299361749    
   4.7023362758    
   4.6682982513    
   4.6610407386    
   4.6800602127    
   4.7299532122    
   4.7978204148    
   4.8848062461    
   4.9588111879    
   5.0041854718    
   5.0327759313    
   5.0376279183    
   5.0208765025    
   5.0276499394    
   5.0327535073    
   5.0232223693    
   5.0284610465    
   4.9750471274    
   5.0057271653    
   5.0194461394    
   5.0191240936    
   5.0090513497    
   5.0010206242    
   4.9885874193    
   4.9937118253    
   4.9971445825    
   4.9863779246    
   4.9940687639    
   5.0477468903    
   5.0421147364    
   5.0370449424    
   5.0324219613    
   2.7702780460    
   2.7498733718    
   2.7348834206    
   2.8111073702    
   2.9485055023    
   3.1069090602    
   3.2912923914    
   3.5568578770    
   3.8324081705    
   4.0789319394    
   4.3344911160    
   4.5301066497    
   4.6682146470    
   4.7863881688    
   4.8398593692    
   4.8774148475    
   4.9029779036    
   4.9205797698    
   4.9288288504    
   4.9065636413    
   4.8630615793    
   4.8053468110    
   4.7519925414    
   4.7132333227    
   4.6853004916    
   4.6709689235    
   4.6876530211    
   4.7258771769    
   4.7902850314    
   4.8633709185    
   4.9221543584    
   4.9397434842    
   4.9111208158    
   4.9320636805    
   4.9521350281    
   4.9762482692    
   4.9828379081    
   4.9899154553    
   4.9781500808    
   4.9848196281    
   4.9575200945    
   4.9806240001    
   4.9769777532    
   4.9426133488    
   4.9503547503    
   4.9394781478    
   4.9465301201    
   4.9520647089    
   4.9695931213    
   4.9585779552    
   4.9491644337    
   4.9507061061    
   4.9478841941    
   4.9487780143    
   4.9527826010    
   4.9491570019    
   2.9236127704    
   2.8914299185    
   2.9012198215    
   2.9508749768    
   3.0674062726    
   3.2071386057    
   3.3810873213    
   3.6259202383    
   3.8775085694    
   4.1052798716    
   4.3388398536    
   4.5261559887    
   4.6781657685    
   4.7858515350    
   4.8457394816    
   4.8896278253    
   4.9097260972    
   4.9244652306    
   4.9243307102    
   4.9054525961    
   4.8668008660    
   4.8193115501    
   4.7636483556    
   4.7158713857    
   4.6951028342    
   4.6814327980    
   4.6972529009    
   4.7346545720    
   4.7840780259    
   4.8462465646    
   4.8980104703    
   4.9254467962    
   4.8927632317    
   4.9261420744    
   4.9372868059    
   4.9403477515    
   4.9365428242    
   4.9408106511    
   4.9470988287    
   4.9477439300    
   4.9464531781    
   4.9469545560    
   4.9443075091    
   4.9443284575    
   4.9441397552    
   4.9439079192    
   4.9383806494    
   4.9399814543    
   4.9413849677    
   4.9396767856    
   4.9439513246    
   4.9434431174    
   4.9404812746    
   4.9238793686    
   4.9225180880    
   4.9237612390    
   4.9218329472    
   4.9229298233    
   3.1031699013    
   3.0552531137    
   3.0879185793    
   3.1280339125    
   3.2135842609    
   3.3353020956    
   3.4997849191    
   3.7208378546    
   3.9147525010    
   4.1340519919    
   4.3491804926    
   4.5456703532    
   4.6901323931    
   4.7970298650    
   4.8672270023    
   4.9139103440    
   4.9277976205    
   4.9361140900    
   4.9364956522    
   4.9162568606    
   4.8755404963    
   4.8259775469    
   4.7870479026    
   4.7392179761    
   4.7076648542    
   4.6941837815    
   4.6993804066    
   4.7360332474    
   4.7783904185    
   4.8363549680    
   4.8844437825    
   4.9131480059    
   4.8722783666    
   4.8928628861    
   4.9344230338    
   4.9254222587    
   4.9180524466    
   4.9179862148    
   4.9224845575    
   4.9257943119    
   4.9196876697    
   4.9196959010    
   4.9161287147    
   4.9104129050    
   4.9118029111    
   4.9021460803    
   4.8965658477    
   4.9125171743    
   4.9090506393    
   4.8965286379    
   4.8934522020    
   3.1930164274    
   3.2000481794    
   3.1986164068    
   3.2306028564    
   3.3377105877    
   3.4573398081    
   3.6121973765    
   3.7992741366    
   3.9863700872    
   4.1872626962    
   4.3940893095    
   4.5796781802    
   4.7075857830    
   4.8056145373    
   4.8756682519    
   4.9249270699    
   4.9460817511    
   4.9551895268    
   4.9506636250    
   4.9246539050    
   4.8860364223    
   4.8460066836    
   4.8004375515    
   4.7543002155    
   4.7246501768    
   4.7104287175    
   4.7173358090    
   4.7415087811    
   4.7823621952    
   4.8299401626    
   4.8618413321    
   4.8794612238    
   4.8598831697    
   4.8761273048    
   4.8896223933    
   4.8918630154    
   4.8916043234    
   4.8893121512    
   4.8892027476    
   4.8855561631    
   4.8883555961    
   4.8892621333    
   4.8859060294    
   4.8862340397    
   4.8907928647    
   4.8886635436    
   4.8837296378    
   4.8850203261    
   4.8850509361    
   4.8846570463    
   4.8846397206    
   4.8842016582    
   4.8847997745    
   4.8846805173    
   4.8854272185    
   4.8851423325    
   3.2680878782    
   3.3614051973    
   3.3601985975    
   3.3812133527    
   3.4738554257    
   3.5774445393    
   3.6820116155    
   3.8495734022    
   4.0822703572    
   4.2672891152    
   4.4086117846    
   4.6025103620    
   4.7456625419    
   4.8230219654    
   4.8836148263    
   4.9305162148    
   4.9719008150    
   4.9712973023    
   4.9533952352    
   4.9312934098    
   4.8997235762    
   4.8524719803    
   4.8061121491    
   4.7685260188    
   4.7392101190    
   4.7224602537    
   4.7318532962    
   4.7494807425    
   4.7878870257    
   4.8297337930    
   4.8609650441    
   4.8808630826    
   4.8611244328    
   4.8853514365    
   4.8852572844    
   4.8865022941    
   4.8859728309    
   4.8879636593    
   4.8870886908    
   4.8903505080    
   4.8896963862    
   4.8883513910    
   4.8898253584    
   4.8906078445    
   4.8964565132    
   4.8920272118    
   4.8890761615    
   4.8908377188    
   4.8890757151    
   4.8926384963    
   4.8893963266    
   4.8879469744    
   4.8861822679    
   4.8857378323    
   3.3298209243    
   3.4018584599    
   3.4666023584    
   3.4818705271    
   3.5272179595    
   3.6317958221    
   3.7018693713    
   3.8740917991    
   4.0591562928    
   4.2683899005    
   4.4205898151    
   4.5974747056    
   4.7773399747    
   4.8365020062    
   4.9034230652    
   4.9397070974    
   4.9588072040    
   4.9727498586    
   4.9557505667    
   4.9209433659    
   4.8968395308    
   4.8488701124    
   4.8140263776    
   4.7783300770    
   4.7541547818    
   4.7365841750    
   4.7465909404    
   4.7604327185    
   4.7871351713    
   4.8294493937    
   4.8553643489    
   4.8711671321    
   4.8472204585    
   4.8602608404    
   4.8815468191    
   4.8820105701    
   4.8861025207    
   4.8802208258    
   4.8832643657    
   4.8744990995    
   4.8810349499    
   4.8803665438    
   4.8779478905    
   4.8670224249    
   4.8751033222    
   4.8867952607    
   4.8838913366    
   4.8857245379    
   4.8696712070    
