  9.95620328911E-02
  9.95711766387E-02
  9.95904725940E-02
  9.96038669727E-02
  9.96179522525E-02
  9.96429251188E-02
  9.96471808271E-02
  9.96196705524E-02
  9.95617814896E-02
  9.94598793360E-02
  9.92748640973E-02
  9.91275632561E-02
  9.89641561281E-02
  9.88025467294E-02
  9.87242451068E-02
  9.91633518812E-02
  9.93811258564E-02
  9.97825580402E-02
  0.10104804736    
  0.10240884638    
  0.10399282826    
  0.10612699386    
  0.10759521040    
  0.11168695437    
  0.11430398023    
  0.11994596522    
  0.12380808985    
  0.13023302242    
  0.13391039834    
  0.13915920439    
  0.14578489789    
  0.15144711785    
  0.15883276052    
  0.16417811242    
  0.16909963526    
  0.17286420084    
  0.17508919248    
  0.17505857658    
  0.17507026023    
  0.17660911366    
  0.17759111983    
  0.17291870414    
  0.17148629038    
  0.17086717374    
  0.17079131677    
  0.17141405955    
  0.17087469929    
  0.17278023469    
  0.17150254723    
  0.17141950742    
  0.17217480850    
  0.17150096401    
  0.17579481780    
  0.17461550597    
  0.17765783299    
  0.17702591778    
  0.17402807181    
  0.17394981796    
  0.17411565643    
  0.17403317140    
  0.17387103041    
  0.17395016777    
  0.17463045144    
  0.17454353506    
  0.17564053769    
  0.17462173352    
  0.16944727350    
  0.16953548339    
  9.95496608434E-02
  9.95563589955E-02
  9.95698951741E-02
  9.95903865434E-02
  9.96281496408E-02
  9.96424275647E-02
  9.96957763693E-02
  9.96660742772E-02
  9.95557339515E-02
  9.94069706986E-02
  9.93250777545E-02
  9.91236633643E-02
  9.88829332791E-02
  9.86713744918E-02
  9.86292763411E-02
  9.87533956635E-02
  9.90557045770E-02
  9.95726257224E-02
  0.10069660612    
  0.10194892791    
  0.10369375221    
  0.10570296229    
  0.10817813035    
  0.11115414887    
  0.11419243698    
  0.11827345276    
  0.12306525515    
  0.12783879708    
  0.13328933381    
  0.13918435110    
  0.14589454217    
  0.15270671032    
  0.15980898001    
  0.16583683491    
  0.17133600667    
  0.17551682376    
  0.17785841724    
  0.17772776799    
  0.17806495275    
  0.17945819134    
  0.17846614706    
  0.17915999789    
  0.17911152769    
  0.17942892884    
  0.17923428757    
  0.17919872698    
  0.17930868381    
  0.17925748753    
  0.17571416544    
  0.17713262675    
  0.17821427271    
  0.17968402193    
  0.17940759481    
  0.17930851812    
  0.17949531841    
  0.17935134240    
  0.17912796283    
  0.17956793643    
  0.17962181143    
  9.94984143935E-02
  9.95107623754E-02
  9.95235840008E-02
  9.95460965557E-02
  9.95787689369E-02
  9.96022287930E-02
  9.96198675284E-02
  9.95891300594E-02
  9.95142640347E-02
  9.94303307635E-02
  9.92840792840E-02
  9.90631303974E-02
  9.88164324804E-02
  9.86185684762E-02
  9.85001368008E-02
  9.84601685856E-02
  9.87467944144E-02
  9.91463196450E-02
  9.99058142369E-02
  0.10098817764    
  0.10298182787    
  0.10490743272    
  0.10706665456    
  0.11000607809    
  0.11316701755    
  0.11731666213    
  0.12160216938    
  0.12681393947    
  0.13267076937    
  0.13894611917    
  0.14564142744    
  0.15300439721    
  0.16073559399    
  0.16699771115    
  0.17283182346    
  0.17792014195    
  0.18012485808    
  0.18085772025    
  0.17903789646    
  0.17843113514    
  0.17892341415    
  0.17836196103    
  0.17911700499    
  0.17869437367    
  0.17803618616    
  0.17835292962    
  0.17755720459    
  0.17762276493    
  0.17774060221    
  0.17765330221    
  0.17775812028    
  0.17882001759    
  0.17762791255    
  0.17773314829    
  0.17806781022    
  0.17766773200    
  0.17794736270    
  0.17779195623    
  0.17760977184    
  0.17740878414    
  9.94400108774E-02
  9.94610783237E-02
  9.94673075078E-02
  9.94857624957E-02
  9.95169742345E-02
  9.95294636416E-02
  9.95601773100E-02
  9.95102355392E-02
  9.94424909980E-02
  9.93698280466E-02
  9.92371576916E-02
  9.90238690463E-02
  9.88004940937E-02
  9.85885453077E-02
  9.83507936567E-02
  9.80605245947E-02
  9.83098411699E-02
  9.86518539371E-02
  9.89675336286E-02
  0.10029064379    
  0.10183842963    
  0.10402854705    
  0.10593357769    
  0.10853791673    
  0.11175192611    
  0.11560773864    
  0.12007339885    
  0.12561467947    
  0.13170403962    
  0.13756397186    
  0.14467073499    
  0.15188106020    
  0.15920261685    
  0.16522541124    
  0.17216590424    
  0.17737766467    
  0.17767857736    
  0.17769740741    
  0.17768079772    
  0.17778557956    
  0.17748827338    
  0.17751406814    
  0.17724291033    
  0.17705258876    
  0.17724573667    
  0.17703887213    
  0.17706541808    
  0.17566405244    
  0.17645533954    
  0.17691446338    
  0.17484525465    
  0.17459991073    
  0.17458415069    
  0.17426477182    
  0.17554572518    
  0.17534464855    
  0.17404517816    
  0.17595920206    
  0.17364493964    
  0.17719541907    
  9.93901069513E-02
  9.93979576407E-02
  9.93898054585E-02
  9.93994789123E-02
  9.94275182326E-02
  9.94414461018E-02
  9.94196924078E-02
  9.94041312411E-02
  9.93751002085E-02
  9.93055801863E-02
  9.92017859848E-02
  9.89815709603E-02
  9.87953508880E-02
  9.85903220195E-02
  9.83477139325E-02
  9.80793217334E-02
  9.81382287826E-02
  9.83312093543E-02
  9.87144620584E-02
  9.96723879118E-02
  0.10079812207    
  0.10239353153    
  0.10480728489    
  0.10684205013    
  0.10978744841    
  0.11404760948    
  0.11860146508    
  0.12400614267    
  0.13018092132    
  0.13516844410    
  0.14239852261    
  0.14961232649    
  0.15707285372    
  0.16253477589    
  0.16922518935    
  0.17327347274    
  0.17664211380    
  0.17471769326    
  0.17395020943    
  0.17569671328    
  0.17326456351    
  0.17321721475    
  0.17352230325    
  0.17307016371    
  0.17283616398    
  0.17316053392    
  0.17255054692    
  0.17288186556    
  0.17324185805    
  0.17229843736    
  0.17224330323    
  0.17188625276    
  0.17148482486    
  0.17157531007    
  0.17122212912    
  0.17113500548    
  0.17077711404    
  0.17076241479    
  0.17044131362    
  9.92635898543E-02
  9.92958893801E-02
  9.92873142078E-02
  9.92897348274E-02
  9.92844938914E-02
  9.92816783250E-02
  9.92600133909E-02
  9.92589332375E-02
  9.92597632750E-02
  9.91766388323E-02
  9.90925157246E-02
  9.89541132523E-02
  9.88213733349E-02
  9.86239162604E-02
  9.83994248559E-02
  9.81174553439E-02
  9.80212354808E-02
  9.81645523768E-02
  9.82533058893E-02
  9.90168623962E-02
  9.97995687352E-02
  0.10112250057    
  0.10343857539    
  0.10507395746    
  0.10788293694    
  0.11183399367    
  0.11620422483    
  0.12154483240    
  0.12717004894    
  0.13300350310    
  0.13929441972    
  0.14586182958    
  0.15252135995    
  0.15833759375    
  0.16404676770    
  0.16751533201    
  0.16935151389    
  0.17020611660    
  0.17032981484    
  0.17003494408    
  0.16979629857    
  0.16963374292    
  0.16951389016    
  0.16938097111    
  0.16889502291    
  0.16758616799    
  0.16764114864    
  0.16706801173    
  0.16673774717    
  0.16625992252    
  0.16978749508    
  0.16829061852    
  0.16886110722    
  0.16837563104    
  0.16802059256    
  0.16646698363    
  0.16654050545    
  0.16609954687    
  0.16586996970    
  0.16571991239    
  0.16503930755    
  9.91544256493E-02
  9.91746655431E-02
  9.91334647708E-02
  9.90742138996E-02
  9.90672560151E-02
  9.90494643189E-02
  9.90384805350E-02
  9.90384316479E-02
  9.90132375868E-02
  9.89894167031E-02
  9.89741171336E-02
  9.88901528571E-02
  9.87976785867E-02
  9.86795289694E-02
  9.85353110823E-02
  9.83185896124E-02
  9.80759151377E-02
  9.80863186644E-02
  9.78718483476E-02
  9.85334909217E-02
  9.96653666078E-02
  0.10107990742    
  0.10227397818    
  0.10313154268    
  0.10697788759    
  0.11009800720    
  0.11458908208    
  0.11930958192    
  0.12438323701    
  0.13041456036    
  0.13611608958    
  0.14206319357    
  0.14837633947    
  0.15351508599    
  0.15802963711    
  0.16028223994    
  0.16277523254    
  0.16543508529    
  0.16519908546    
  0.16539156965    
  0.16417973580    
  0.16398418424    
  0.16229573014    
  0.16102655190    
  0.16532489358    
  0.16265713964    
  0.16274980613    
  0.16234888583    
  0.16238023243    
  0.16200909873    
  0.16197214157    
  0.16163792900    
  0.16190643472    
  0.16156798381    
  0.16052089162    
  0.16120723345    
  0.16008538231    
  0.15971051787    
  0.15967529232    
  0.15834654159    
  0.15833014791    
  9.89642539809E-02
  9.90110410181E-02
  9.89264979595E-02
  9.88435425277E-02
  9.87974441765E-02
  9.87997076167E-02
  9.88034866399E-02
  9.87720281942E-02
  9.87618199910E-02
  9.87603876223E-02
  9.87951371639E-02
  9.88061629914E-02
  9.88005403461E-02
  9.87607807283E-02
  9.86956736372E-02
  9.85734251203E-02
  9.83787574685E-02
  9.82867808663E-02
  9.85026635220E-02
  9.89316919678E-02
  9.97293985932E-02
  0.10080034462    
  0.10209394860    
  0.10346368189    
  0.10621123038    
  0.10943492851    
  0.11311085330    
  0.11712800599    
  0.12222753694    
  0.12767704511    
  0.13255995072    
  0.13848802731    
  0.14453844971    
  0.14858740399    
  0.15187550758    
  0.15386137886    
  0.15544526977    
  0.15839073496    
  0.15833042078    
  0.15484219887    
  0.15530140657    
  0.15797037743    
  0.15801571800    
  0.15874369867    
  0.15766609340    
  0.15817382329    
  0.15707029746    
  0.15778777653    
  0.15773824688    
  0.15729998300    
  0.15593646533    
  0.15553013911    
  0.15501613304    
  0.15426899819    
  0.15353323072    
  0.15328067286    
  0.15440959766    
  0.15401505955    
  0.15356369027    
  0.15307005859    
  9.87930732804E-02
  9.88103646297E-02
  9.86831182338E-02
  9.85728808745E-02
  9.84924800975E-02
  9.84664741915E-02
  9.84395464090E-02
  9.84528405537E-02
  9.84972368060E-02
  9.85517375738E-02
  9.86018167981E-02
  9.87191166185E-02
  9.88043924972E-02
  9.88461211698E-02
  9.88681491181E-02
  9.88663245205E-02
  9.87855088550E-02
  9.86576624233E-02
  9.91829757356E-02
  9.95220302105E-02
  9.96881172727E-02
  0.10095167946    
  0.10254657425    
  0.10472517615    
  0.10577735911    
  0.10901268850    
  0.11301713394    
  0.11699392366    
  0.12190268345    
  0.12660327699    
  0.13140934407    
  0.13595573927    
  0.14044241032    
  0.14383308826    
  0.14694756847    
  0.14815496736    
  0.14927809873    
  0.15089224386    
  0.15099806787    
  0.14844658993    
  0.14902541201    
  0.15223965114    
  0.15246445815    
  0.15104016800    
  0.15150114538    
  0.15258902126    
  0.15262906072    
  0.15211868594    
  0.15217147327    
  0.15165680454    
  0.15171800064    
  0.15119765251    
  0.15127211307    
  0.14819719282    
  0.15032863718    
  0.14770316135    
  0.14742226434    
  0.15062726080    
  0.15085446656    
  0.14995947698    
  0.15032221611    
  0.14954458906    
  0.14969350949    
  0.14741039296    
  0.14931973261    
  9.85334138406E-02
  9.84907451508E-02
  9.83109106689E-02
  9.81474402625E-02
  9.80495440153E-02
  9.79854117651E-02
  9.79647591712E-02
  9.80218286740E-02
  9.81362076355E-02
  9.82614505550E-02
  9.84192682046E-02
  9.86176206977E-02
  9.88417409921E-02
  9.90514240574E-02
  9.92327043277E-02
  9.93752348354E-02
  9.93738580352E-02
  9.96490156774E-02
  0.10029033406    
  0.10046519190    
  0.10064611011    
  0.10160481158    
  0.10404366534    
  0.10614979500    
  0.10808435187    
  0.11010518751    
  0.11405340076    
  0.11834263775    
  0.12240850379    
  0.12644789980    
  0.13093071189    
  0.13483353584    
  0.13860376793    
  0.14132249901    
  0.14323255069    
  0.14356284260    
  0.14378981928    
  0.14513092419    
  0.14608970904    
  0.14274236466    
  0.14293339023    
  0.14695258104    
  0.14682042935    
  0.14634706145    
  0.14619666790    
  0.14703060083    
  0.14716454737    
  0.14668433227    
  0.14682471927    
  0.14912897850    
  0.14881140052    
  0.14629421597    
  0.14634069587    
  0.14605040837    
  0.14302164087    
  0.14575700912    
  0.14577968971    
  0.14552501041    
  0.14527238207    
  0.14475064250    
  0.14451848429    
  9.80060185810E-02
  9.80046598747E-02
  9.78639587493E-02
  9.76375204397E-02
  9.75018342028E-02
  9.74541403245E-02
  9.74331487971E-02
  9.75418496664E-02
  9.77227386730E-02
  9.79460492731E-02
  9.82208358422E-02
  9.85726183791E-02
  9.90167819621E-02
  9.94263939859E-02
  9.98401082993E-02
  9.99798797870E-02
  0.10049224773    
  0.10116209360    
  0.10119960651    
  0.10238919857    
  0.10244891475    
  0.10429906356    
  0.10563489365    
  0.10800276473    
  0.11153710272    
  0.11374845129    
  0.11671183673    
  0.12051619483    
  0.12415805316    
  0.12792641318    
  0.13155980300    
  0.13521683331    
  0.13766671288    
  0.13959436788    
  0.14032886846    
  0.14061986538    
  0.14026121655    
  0.14145285625    
  0.14191560556    
  0.14036887087    
  0.14097623099    
  0.14245180093    
  0.14454078204    
  0.14188002408    
  0.14346399709    
  0.14419809853    
  0.14429331011    
  0.14406390743    
  0.14357706981    
  0.14370076059    
  0.14333262043    
  0.14338981744    
  0.14375346505    
  0.14108101100    
  0.14275263852    
  0.14184497558    
  0.14219086324    
  0.14301769102    
  0.14317809258    
  0.14279874856    
  0.14296626444    
  0.14257932333    
  0.14275513450    
  0.14238660208    
  0.14276815308    
  9.73885497201E-02
  9.75695348719E-02
  9.71862088636E-02
  9.69313353589E-02
  9.67071773756E-02
  9.67339768637E-02
  9.67820531750E-02
  9.69577516884E-02
  9.72363258964E-02
  9.76855610112E-02
  9.81550569414E-02
  9.87106289842E-02
  9.94793021268E-02
  9.98516606266E-02
  0.10074466518    
  0.10139374921    
  0.10212006458    
  0.10286663734    
  0.10294433233    
  0.10379574918    
  0.10600008194    
  0.10791768707    
  0.11025191707    
  0.11225032282    
  0.11452752034    
  0.11824319458    
  0.12125926822    
  0.12452091186    
  0.12802247325    
  0.13186890583    
  0.13454395819    
  0.13666216392    
  0.13817972720    
  0.13929864413    
  0.13940054846    
  0.13882624707    
  0.13814461085    
  0.13892168372    
  0.13970672168    
  0.13770796878    
  0.13873860328    
  0.14042195156    
  0.14194418147    
  0.13999077203    
  0.14043131850    
  0.14225524680    
  0.14242552004    
  0.14214338133    
  0.14204901183    
  0.14033819050    
  0.13930921648    
  0.14006201603    
  0.14037426170    
  0.14000555636    
  0.14032011927    
  0.13862289640    
  0.13995858416    
  0.14003493588    
  0.13991904011    
  0.13999162600    
  0.14026685505    
  9.69877675119E-02
  9.67653284426E-02
  9.61933877379E-02
  9.59187326920E-02
  9.56982910194E-02
  9.56841917875E-02
  9.58485545142E-02
  9.61898462539E-02
  9.66964249117E-02
  9.74076043133E-02
  9.81998124262E-02
  9.90439048823E-02
  0.10025110397    
  0.10105174304    
  0.10219691424    
  0.10283728134    
  0.10388338084    
  0.10539342065    
  0.10578138752    
  0.10610542685    
  0.10828154918    
  0.11141686571    
  0.11545983301    
  0.11775163458    
  0.12126760185    
  0.12466122301    
  0.12794840606    
  0.13127249455    
  0.13423820740    
  0.13640349631    
  0.13847041064    
  0.13992166272    
  0.14043529263    
  0.14036867953    
  0.14003538722    
  0.13920074597    
  0.13812026586    
  0.13763267986    
  0.13837411852    
  0.13841725593    
  0.13812219367    
  0.13844611965    
  0.13844426089    
  0.13828171677    
  0.13853119293    
  0.13844443876    
  0.13850126469    
  0.13919982936    
  0.13913578559    
  0.13915612741    
  0.13870270779    
  0.13933932595    
  0.13930847010    
  0.13863563718    
  0.13869127973    
  0.13861796307    
  0.13867049741    
  0.13928168332    
  0.13860426313    
  0.13865422539    
  0.13926919594    
  0.13921876268    
  9.55390252451E-02
  9.54255405612E-02
  9.52833373858E-02
  9.52771658030E-02
  9.46195876279E-02
  9.45903116154E-02
  9.48102009583E-02
  9.54415781196E-02
  9.61978540581E-02
  9.71624651942E-02
  9.85839151598E-02
  9.97495408206E-02
  0.10110679540    
  0.10277625947    
  0.10427029279    
  0.10502118650    
  0.10443017879    
  0.10715298921    
  0.10762437451    
  0.10683268105    
  0.10841759999    
  0.11486009512    
  0.12102452476    
  0.12589536769    
  0.12889018552    
  0.13310651758    
  0.13611291406    
  0.13971019157    
  0.14144008443    
  0.14379246515    
  0.14382682815    
  0.14460006458    
  0.14400406666    
  0.14330251676    
  0.14161963916    
  0.13994284210    
  0.13887163403    
  0.13879441365    
  0.13864845856    
  0.13910457137    
  0.13895612513    
  0.13913142064    
  0.13909039795    
  0.13936646390    
  0.13930205583    
  0.13942859785    
  0.13950960871    
  0.13983753484    
  0.14019247794    
  0.13968070730    
  0.13972582845    
  0.13986542751    
  0.13989726771    
  0.14007567707    
  0.14018982493    
  0.13927100238    
  0.13918353964    
  0.13995942484    
  0.13975905522    
  0.13937946701    
  0.13984714334    
  0.13938924948    
  0.14003944464    
  0.14006128682    
  0.14006972093    
  0.14021690056    
  0.14032585011    
  0.14046776518    
  9.42078728103E-02
  9.45893466849E-02
  9.54634891240E-02
  9.53326866767E-02
  9.39885350572E-02
  9.36012708360E-02
  9.37480488400E-02
  9.49280823430E-02
  9.61202142947E-02
  9.73166141937E-02
  9.92166822285E-02
  0.10106241016    
  0.10313581385    
  0.10525200867    
  0.10733359988    
  0.10810553940    
  0.10201349417    
  0.11224853680    
  0.11176759944    
  0.10422725959    
  0.10891160287    
  0.11631500621    
  0.12379765280    
  0.13185882067    
  0.13783818997    
  0.14342143292    
  0.14701287376    
  0.14969067105    
  0.15243896653    
  0.15325605348    
  0.15228053984    
  0.15159696775    
  0.14968125659    
  0.14743652078    
  0.14504569715    
  0.14238930755    
  0.13961278716    
  0.13975407143    
  0.13977316292    
  0.14057378726    
  0.14039655462    
  0.14183217479    
  0.14164247594    
  0.14098223730    
  0.14235932049    
  0.14153651147    
  0.14160089427    
  0.14183596256    
  0.14184469093    
  0.14033415488    
  0.14055335614    
  0.13949700917    
  0.14071193576    
  0.14081923660    
  0.14053995895    
  0.14071762165    
  0.14077223745    
  0.14092272762    
  0.14088388612    
  0.14125596023    
  0.14117305307    
  0.14131427961    
  0.14142693417    
  0.14151706214    
  0.14166982891    
  0.14275802392    
  9.25739819429E-02
  9.34783866021E-02
  9.54807814148E-02
  9.52888738433E-02
  9.21590633816E-02
  9.24882978199E-02
  9.26463328504E-02
  9.16672341459E-02
  9.20054895086E-02
  9.30027932569E-02
  9.34032685400E-02
  9.26322018499E-02
  9.31836448931E-02
  9.41439927719E-02
  9.47481087194E-02
  9.38337164960E-02
  9.46439460988E-02
  9.62586246121E-02
  9.75185080105E-02
  0.10009504491    
  0.10284008554    
  0.10565834732    
  0.10856367662    
  0.11128170240    
  0.11348993192    
  0.10316736792    
  0.11420989059    
  0.11851641095    
  0.11840646292    
  0.11707106525    
  0.11729140261    
  0.12362104795    
  0.13959540344    
  0.15085170979    
  0.15537827006    
  0.16025297013    
  0.16394961871    
  0.16569171372    
  0.16554172344    
  0.16340059819    
  0.16139519519    
  0.15588909854    
  0.15268253342    
  0.14885604752    
  0.14519199440    
  0.14500160821    
  0.14702236341    
  0.14511136115    
  0.14348477780    
  0.14339244208    
  0.14472418385    
  0.14480439024    
  0.14336756149    
  0.14290791836    
  0.14289892094    
  0.14341897672    
  0.14364222042    
  0.14431803481    
  0.14381497888    
  0.14467545190    
  0.14466005847    
  0.14416598442    
  0.14526103620    
  0.14500591385    
  0.14604574340    
  0.14536582926    
  0.14541667878    
  0.14561932395    
  0.14566923241    
  0.14495837612    
  0.14502899838    
  0.14522190464    
  0.14547307942    
  0.14571910916    
  9.13253116629E-02
  9.17647017336E-02
  9.20711931222E-02
  9.11522698917E-02
  9.05943149291E-02
  9.07050504710E-02
  8.99775734365E-02
  9.00134522202E-02
  9.10622690715E-02
  9.11488306255E-02
  9.06599715923E-02
  9.07900545284E-02
  9.12944649890E-02
  9.17772756883E-02
  9.09511695935E-02
  9.11258948692E-02
  9.08380829367E-02
  9.09089278893E-02
  9.13729615894E-02
  9.15423636779E-02
  9.11814996307E-02
  9.12845138992E-02
  9.03485348086E-02
  9.05462731613E-02
  9.06227432827E-02
  9.02994805393E-02
  9.03880321482E-02
  8.99212051341E-02
  9.01505083512E-02
  9.07103446437E-02
  9.07845789046E-02
  9.04472997799E-02
  9.06990028952E-02
  9.09058078907E-02
  9.04606184701E-02
  9.04304216817E-02
  9.21681099073E-02
  9.23785052787E-02
  9.17631329062E-02
  9.20650685008E-02
  9.12393238066E-02
  9.17965387571E-02
  9.20766626610E-02
  9.22518472626E-02
  9.19586459636E-02
  9.21324973363E-02
  9.26888262762E-02
  9.30623255365E-02
  9.24254826276E-02
  9.25293114549E-02
  9.22567004786E-02
  9.23597887604E-02
  9.26866526871E-02
  9.28844603018E-02
  9.25352121518E-02
  9.27146402367E-02
  9.15217426673E-02
  9.18497586333E-02
  9.11951137893E-02
  9.14833086176E-02
  9.21054794524E-02
  9.25132971122E-02
  9.17996183837E-02
  9.22129719242E-02
  9.33764050510E-02
  9.37246225878E-02
  9.30290841638E-02
  9.32017567769E-02
  9.29136540529E-02
  9.31718568381E-02
  9.35956681049E-02
  9.41356920925E-02
  9.46820948338E-02
  9.41140190016E-02
  9.46492842873E-02
  9.28148903906E-02
  9.31342109203E-02
  9.27307696307E-02
  9.30196764072E-02
  9.33121369294E-02
  9.35597352560E-02
  9.32058716755E-02
  9.35929813307E-02
  9.27047113185E-02
  9.33265872874E-02
  9.39261814366E-02
  9.41991482864E-02
  9.38543034622E-02
  9.40177217996E-02
  9.44076754833E-02
  9.37212389555E-02
  9.39569939481E-02
  9.34613213794E-02
  9.38621968072E-02
  9.41777018779E-02
  9.44856653547E-02
  9.40840905600E-02
  9.44342374669E-02
  9.54228043645E-02
  9.68700089821E-02
  9.51909231842E-02
  9.61814130768E-02
  9.50211547054E-02
  9.58270106323E-02
  9.67721632301E-02
  9.74859614165E-02
  9.68249920104E-02
  9.76079057135E-02
  9.78662672365E-02
  9.87636453859E-02
  9.80169476453E-02
  9.85045748018E-02
  9.82666724658E-02
  9.88497890177E-02
  9.91197358325E-02
  9.97925800666E-02
  9.93981162497E-02
  0.10012686783    
  0.10040085677    
  0.10201781022    
  0.10118827944    
  0.10281298328    
  0.10502801257    
  0.10843149900    
  0.11243616654    
  0.11483829704    
  0.11858161804    
  0.11037381449    
  0.10914773240    
  0.12729444293    
  0.12704468386    
  0.12063813999    
  0.12391776476    
  0.12038528379    
  0.14746171016    
  0.16214685987    
  0.16879540779    
  0.17647884242    
  0.17895347140    
  0.18089219013    
  0.17970393204    
  0.17634196986    
  0.17253651883    
  0.16517165097    
  0.15859374134    
  0.15276446401    
  0.14893454984    
  0.14630277153    
  0.14562111612    
  0.14776948281    
  0.14664220473    
  0.15146145618    
  0.14807864381    
  0.14624038869    
  0.15092491480    
  0.14948320257    
  0.14818911477    
  0.15057798087    
  0.14853648571    
  0.14536278569    
  0.14588888248    
  0.14630283030    
  0.14651045744    
  0.14657944793    
  0.14608201870    
  0.14576577178    
  0.14647152317    
  0.14608651861    
  0.14683735339    
  0.14463158442    
  0.14669493152    
  0.14639934553    
  0.14703080173    
  0.14669150803    
  0.14780861570    
  0.14806933096    
  8.97780818314E-02
  8.95267223737E-02
  8.91421081544E-02
  8.84987396078E-02
  8.88955712010E-02
  8.96805629244E-02
  8.98958729914E-02
  8.89656948274E-02
  8.92144817310E-02
  9.08763491213E-02
  9.16320905913E-02
  8.99524682982E-02
  9.09138926985E-02
  9.24009364317E-02
  9.34225579279E-02
  9.39790636369E-02
  9.44913264552E-02
  9.39339610671E-02
  9.43487843222E-02
  9.32248853212E-02
  9.41343170640E-02
  9.19813294461E-02
  9.34198957927E-02
  9.47090443999E-02
  9.50675308595E-02
  9.46613918079E-02
  9.48812620866E-02
  9.56173934218E-02
  9.59185803711E-02
  9.53729120512E-02
  9.56989178468E-02
  9.44737530017E-02
  9.50442196785E-02
  9.62965376585E-02
  9.68319535775E-02
  9.61301576232E-02
  9.66354576711E-02
  9.73881369924E-02
  9.78529828859E-02
  9.72521671325E-02
  9.78201460394E-02
  9.61097691663E-02
  9.73807740865E-02
  9.44730656011E-02
  9.63914581480E-02
  9.82943611831E-02
  9.86362163444E-02
  9.84157567333E-02
  9.87828153420E-02
  9.88983767727E-02
  9.91428110023E-02
  9.90006377832E-02
  9.92225759241E-02
  9.85521194559E-02
  9.90983430547E-02
  9.94351194791E-02
  9.97238222193E-02
  9.95051409151E-02
  9.97919014560E-02
  0.10033452102    
  9.95258294984E-02
  9.98157467708E-02
  9.94520493885E-02
  9.98255290683E-02
  0.10018821951    
  0.10054559948    
  0.10014199176    
  0.10049363022    
  9.83823942465E-02
  9.95603703374E-02
  0.10008914460    
  0.10043164095    
  0.10002836571    
  0.10034523384    
  9.93345985069E-02
  9.99253816018E-02
  0.10030999673    
  9.98357070162E-02
  0.10020262805    
  0.10111193923    
  0.10202820266    
  0.10121565008    
  0.10204281496    
  0.10321529308    
  0.10100715337    
  0.10168223620    
  0.10069056364    
  0.10135035792    
  0.10273901050    
  0.10443534023    
  0.10647429972    
  0.10447080100    
  0.10610700175    
  0.10869107309    
  0.11161305411    
  0.10888432920    
  0.11320273724    
  0.11455331658    
  0.11453075575    
  0.11540629402    
  0.11344583884    
  0.11221455558    
  0.10983254455    
  0.11066942445    
  0.11022648765    
  0.10948520930    
  0.11765006262    
  0.10989734798    
  0.11660012814    
  0.12270340645    
  0.10691028089    
  0.12248083221    
  0.12154888042    
  0.12167940500    
  0.12417407267    
  0.11661093720    
  0.11270751418    
  0.12319099130    
  0.11948784545    
  0.10654567658    
  0.11033100759    
  0.11082683689    
  0.10896069706    
  0.11596394676    
  0.11341696664    
  0.11103996684    
  0.13132148732    
  0.11844875131    
  0.11123290323    
  0.13419784416    
  0.14169121050    
  0.16322664950    
  0.16709265104    
  0.17473294730    
  0.18950176588    
  0.19779022258    
  0.19710787943    
  0.18756396997    
  0.18146689935    
  0.18077944892    
  0.17483299511    
  0.15463463672    
  0.15191620888    
  0.15525723472    
  0.14326835487    
  0.15832827923    
  0.15426292866    
  0.15262845741    
  0.15240114488    
  0.14950529455    
  0.15289455764    
  0.15284324900    
  0.15376596600    
  0.15330516720    
  0.15317367066    
  0.15372368641    
  0.15583986562    
  0.15470568633    
  0.15433260813    
  0.15393724680    
  0.15418859289    
  0.15407282965    
  0.15416386290    
  0.15410922410    
  0.15362217363    
  0.15403637512    
  0.15397343050    
  0.15404210750    
  0.15364509553    
  0.15389751441    
  8.79159516298E-02
  8.74424149051E-02
  8.70019036566E-02
  8.67890457452E-02
  8.70275333143E-02
  8.79054875307E-02
  8.94725488736E-02
  9.16440040687E-02
  9.52948905124E-02
  9.80940358128E-02
  9.92174860807E-02
  9.97581190313E-02
  0.10011395071    
  9.97545652900E-02
  0.10014394481    
  9.92437505591E-02
  9.99499902888E-02
  9.80364268893E-02
  9.97625194153E-02
  0.10045008441    
  0.10069201246    
  0.10038959232    
  0.10061413762    
  0.10098503454    
  0.10038504494    
  0.10063760008    
  0.10047469449    
  0.10071850537    
  0.10083296853    
  0.10093708399    
  0.10098169171    
  0.10120925856    
  0.10163295706    
  0.10276114926    
  0.10125481743    
  0.10185130509    
  0.10156182903    
  0.10205406061    
  0.10285175297    
  0.10079673840    
  0.10149833091    
  0.10113291339    
  0.10201841861    
  0.10189436421    
  0.10234339037    
  0.10222357023    
  0.10266185229    
  0.10282562927    
  0.10349951299    
  0.10318477920    
  0.10377007536    
  0.10297525004    
  0.10400680878    
  0.10396257777    
  0.10492678559    
  0.10384810067    
  0.10434820828    
  0.10402369569    
  0.10462269773    
  0.10490351146    
  0.10512782171    
  0.10508440997    
  0.10549594758    
  0.10549770436    
  0.10699947720    
  0.10551377319    
  0.10587913625    
  0.10566681587    
  0.10619667752    
  0.10658749900    
  0.10697714738    
  0.10688996204    
  0.10707850686    
  0.10410999327    
  0.10484371444    
  0.10440795867    
  0.10515522342    
  0.10562404444    
  0.10495279569    
  0.10611269694    
  0.10634210910    
  0.10741675522    
  0.10689023364    
  0.10831382057    
  0.10756752564    
  0.11000195377    
  0.10739578264    
  0.10779515498    
  0.10743378883    
  0.10828368585    
  0.10870112527    
  0.10735697685    
  0.10928563339    
  0.10671304611    
  0.11185239481    
  0.11525043541    
  0.10720803806    
  0.10994639661    
  0.10562672197    
  0.10779369596    
  0.11460277817    
  0.11420237630    
  0.11122297277    
  0.11347710124    
  0.10815979411    
  0.10968814794    
  0.10927318553    
  0.11037027397    
  0.10954849139    
  0.11260418496    
  0.11217292225    
  0.11352890713    
  0.11535195333    
  0.11507334047    
  0.11509433459    
  0.11567158346    
  0.11500611366    
  0.11533606796    
  0.11525977054    
  0.11342940210    
  0.11201752834    
  0.11433925866    
  0.11438344107    
  0.11445628169    
  0.11506415836    
  0.11429711026    
  0.11498994838    
  0.11542898659    
  0.11503785225    
  0.11490449447    
  0.11574995578    
  0.11525451475    
  0.11602924813    
  0.11582462775    
  0.11499686478    
  0.11623146720    
  0.11637332467    
  0.11569609984    
  0.11544492085    
  0.11554604233    
  0.11656333409    
  0.11740503260    
  0.11695523333    
  0.10984497570    
  0.11465083360    
  0.11729124672    
  0.11933161124    
  0.11325174683    
  0.11308887566    
  0.11541935205    
  0.11473995411    
  0.11828832578    
  0.11845686492    
  0.11627533636    
  0.11787949567    
  0.11775017749    
  0.11718439730    
  0.11720670707    
  0.11664082991    
  0.11723909068    
  0.11701998136    
  0.11612178055    
  0.11517310787    
  0.11602954518    
  0.11612635248    
  0.11548386541    
  0.11475766076    
  0.11605530497    
  0.11484058959    
  0.11687661581    
  0.11512393438    
  0.11241097103    
  0.11237265095    
  0.11297155805    
  0.11251811077    
  0.11228918969    
  0.11243442677    
  0.11257724836    
  0.11361675771    
  0.11615400049    
  0.11241143852    
  0.11274589567    
  0.11173470624    
  0.11156368836    
  0.11333629759    
  0.11451151371    
  0.11165240823    
  0.11224949218    
  0.11381394900    
  0.11343436481    
  0.11358070878    
  0.11336200918    
  0.11290391357    
  0.11234061618    
  0.11272046573    
  0.11210936737    
  0.11345053321    
  0.11217416651    
  0.11114515859    
  0.10933877637    
  0.11114847673    
  0.11029524921    
  0.12048474121    
  0.12515810278    
  0.12807819943    
  0.12485681478    
  0.12905611493    
  0.11657999867    
  0.11946247570    
  0.11408866906    
  0.11698179423    
  0.12294959446    
  0.12647131375    
  0.12025543535    
  0.12331524437    
  0.12939873647    
  0.12729684856    
  0.13213325822    
  0.12900439997    
  0.12473115028    
  0.12252137815    
  0.12637607123    
  0.12449116506    
  0.12731401368    
  0.12651262779    
  0.11217296821    
  0.11792467235    
  0.11148057433    
  0.11422930986    
  0.12291625194    
  0.12059338081    
  0.11892682058    
  0.12273592529    
  0.12115306446    
  0.11785670203    
  0.12450287623    
  0.12316660623    
  0.12591251122    
  0.12506513856    
  0.12174658047    
  0.12011237064    
  0.12404586640    
  0.12246143662    
  0.11512297997    
  0.11325225608    
  0.11850067790    
  0.11685473045    
  0.12038994135    
  0.11847371427    
  0.11480622676    
  0.12862596408    
  0.12664511746    
  0.13345075519    
  0.13144801658    
  0.12235361698    
  0.12020749864    
  0.12416699635    
  0.12179310977    
  0.11811808088    
  0.11647780446    
  0.12018004026    
  0.11812374021    
  0.12634694130    
  0.12191523238    
  0.12001466017    
  0.12301531023    
  0.12111947750    
  0.10954026385    
  0.12746690186    
  0.11540502121    
  0.11676179639    
  0.11865363188    
  0.11829355340    
  0.11967817264    
  0.11901040262    
  0.11962846963    
  0.12887392905    
  0.13261878197    
  0.11881459550    
  0.13100980215    
  0.11340053987    
  0.11229475387    
  0.11238144543    
  0.11556884935    
  0.12455839771    
  0.13475341319    
  0.12955575061    
  0.15595472753    
  0.15891878473    
  0.15683518944    
  0.14211174251    
  0.14883235109    
  0.15040701059    
  0.14432252289    
  0.14683742556    
  0.15880504415    
  0.15870864127    
  0.15173027651    
  0.15231728715    
  0.14965060322    
  0.15116809051    
  0.14721944647    
  0.16765939561    
  0.20450212159    
  0.19493513422    
  0.19599421861    
  0.17270289648    
  0.17445577823    
  0.18139966616    
  0.15702036809    
  0.13334206379    
  0.14504819617    
  0.13286486697    
  0.13835060510    
  0.15134535884    
  0.15243224772    
  0.14848996141    
  0.15093957189    
  0.15328453244    
  0.15371103445    
  0.15291625942    
  0.15259409309    
  0.14929379792    
  0.14701217487    
  0.14700615839    
  0.14828084089    
  0.14928965546    
  0.15098457010    
  0.14556707109    
  0.14875635391    
  0.15167087904    
  0.14927323296    
  0.15078949398    
  0.14931318908    
  8.59378446576E-02
  8.54299825114E-02
  8.48684851896E-02
  8.47729168166E-02
  8.53603045505E-02
  8.63320594626E-02
  8.82687115506E-02
  9.08170357594E-02
  9.45368811773E-02
  9.89206396256E-02
  0.10242038781    
  0.10453251114    
  0.10337110449    
  0.10589995757    
  0.10692039517    
  0.10959661695    
  0.10846603529    
  0.11237289970    
  0.11287977972    
  0.11646244702    
  0.11664453917    
  0.12040051954    
  0.11730772286    
  0.11868163720    
  0.12102414725    
  0.12079422261    
  0.11746802053    
  0.11364590200    
  0.11884406765    
  0.11539696916    
  0.11209779177    
  0.11245281165    
  0.11542126873    
  0.11723793486    
  0.11176215938    
  0.11287418715    
  0.11499788723    
  0.11297531217    
  0.12885479992    
  0.12690920809    
  0.12236963050    
  0.12475538694    
  0.12118969951    
  0.12260779708    
  0.12153788832    
  0.12000724260    
  0.11940168151    
  0.11995167886    
  0.11895649174    
  0.11937456994    
  0.12017138187    
  0.11879173786    
  0.11930538125    
  0.11809124407    
  0.11774367667    
  0.11809682766    
  0.11616135070    
  0.11647903495    
  0.12170623547    
  0.12428582593    
  0.11897306286    
  0.12029695629    
  0.11744935236    
  0.11885017331    
  0.12157451642    
  0.11575752149    
  0.11385683623    
  0.11694927978    
  0.11393110550    
  0.11634360449    
  0.11801239543    
  0.11593219101    
  0.11819692145    
  0.11987315544    
  0.12079633164    
  0.12002021289    
  0.12107736538    
  0.11902788475    
  0.12109397579    
  0.12217487733    
  0.12320055279    
  0.12423724004    
  0.12426903032    
  0.12058004372    
  0.12171461433    
  0.12047724603    
  0.11916179922    
  0.12048671633    
  0.11949395044    
  0.11496711629    
  0.11281416064    
  0.11753742281    
  0.11617488655    
  0.11834946456    
  0.11713389568    
  0.11547145155    
  0.11525085289    
  0.11653641698    
  0.11626999541    
  0.12112968253    
  0.12103604378    
  0.12154583788    
  0.12154683284    
  0.12040821021    
  0.11956289254    
  0.12109939719    
  0.12050388695    
  0.12373982293    
  0.12265140461    
  0.11860852654    
  0.11733550033    
  0.12046289866    
  0.11877305543    
  0.11576407454    
  0.11981882864    
  0.11637352446    
  0.11784138570    
  0.11715815810    
  0.11839412511    
  0.11981005680    
  0.12184237095    
  0.12002928288    
  0.12193767371    
  0.12575566088    
  0.13347569066    
  0.12444192494    
  0.12752970100    
  0.12430599142    
  0.12687434561    
  0.13256294665    
  0.11796659370    
  0.12037804583    
  0.11752648190    
  0.11835224271    
  0.12362694937    
  0.12591179473    
  0.12239619539    
  0.12459487741    
  0.12866760327    
  0.13190123006    
  0.12710794453    
  0.12997161004    
  0.12139669057    
  0.12521023418    
  0.12775121077    
  0.12320723929    
  0.12566418272    
  0.14965050164    
  0.15787234478    
  0.13600215192    
  0.14306459900    
  0.13009072897    
  0.13267144937    
  0.12763009294    
  0.12958599878    
  0.13571605850    
  0.13857417827    
  0.13193959500    
  0.13481421697    
  0.14852301639    
  0.15337803567    
  0.14173735176    
  0.14909774400    
  0.15422026958    
  0.16234121999    
  0.16356314363    
  0.18559226074    
  0.15843868872    
  0.14451100938    
  0.17058578013    
  0.15334434586    
  0.13328819620    
  0.13786199043    
  0.13902478807    
  0.13838772145    
  0.14002950718    
  0.14017670924    
  0.14146907862    
  0.14130789161    
  0.14365133052    
  0.14111258138    
  0.14292506577    
  0.14524868297    
  0.14711881061    
  0.14578287092    
  0.14684654232    
  0.14162727053    
  0.14317604227    
  0.14260557384    
  0.14479837430    
  0.14662492828    
  0.14349367378    
  0.14144413413    
  0.14226651753    
  0.14410176417    
  0.14527994057    
  0.14929801097    
  0.14715175589    
  0.14689093156    
  0.15005261799    
  0.14907113527    
  0.14582203647    
  0.14667198355    
  0.14846398353    
  0.14959275180    
  0.14717059092    
  0.14846891502    
  0.14671318127    
  0.14839403577    
  0.15074978765    
  0.15070481341    
  0.15006380817    
  0.15086019301    
  0.15028553023    
  0.15073706342    
  0.15105096462    
  0.15095344994    
  0.15143072201    
  0.15007907434    
  0.15091683411    
  0.15043255728    
  0.15143673677    
  0.15107251524    
  0.15175783162    
  0.15301032253    
  0.15164445531    
  0.15145709340    
  0.15280301677    
  0.15156949258    
  0.15099977890    
  0.15135722527    
  0.15024496771    
  0.15103893084    
  0.15381966892    
  0.15015837173    
  0.15060643372    
  0.15071478240    
  0.15065964483    
  0.15307999370    
  0.15892596158    
  0.17567654592    
  0.16264300884    
  0.18021301725    
  0.18921740096    
  0.18337228673    
  0.19433202959    
  0.20092835878    
  0.20039223839    
  0.21334543591    
  0.20128443803    
  0.19446659309    
  0.21432687100    
  0.21355934383    
  0.22547697024    
  0.22448356655    
  0.20890771689    
  0.20300022317    
  0.21765131402    
  0.20934645404    
  0.15888856140    
  0.18361939090    
  0.18555486373    
  0.18320441971    
  0.19725202078    
  0.19308263453    
  0.20194521309    
  0.19675453373    
  0.19063193449    
  0.19111816359    
  0.19371990045    
  0.19467869461    
  0.18868780768    
  0.19797032822    
  0.19765378318    
  0.20672716257    
  0.20335978376    
  0.21175101003    
  0.21957237041    
  0.22211468251    
  0.20687789217    
  0.16650149285    
  0.20682453157    
  0.18964432139    
  0.21107509956    
  0.19418885030    
  0.17010686984    
  0.15164512119    
  0.17797721801    
  0.16508811159    
  0.16005549629    
  0.17328175245    
  0.15176808358    
  0.15718968083    
  0.15905592425    
  0.15796720450    
  0.16027551786    
  0.16120956735    
  0.15791568184    
  0.15556872722    
  0.17341590048    
  0.16211046950    
  0.15976959409    
  0.15541476123    
  0.15354797771    
  0.14818502732    
  0.14237077037    
  0.15168306807    
  0.14137310642    
  0.14151067549    
  0.14050847049    
  0.13876116241    
  0.14016066984    
  0.13920375504    
  0.12985709080    
  0.12873822934    
  0.13532707666    
  0.13070932136    
  0.13944386879    
  0.13817963483    
  0.13779959184    
  0.15461145365    
  0.13988680563    
  0.14581955822    
  0.14462705492    
  0.15042354486    
  0.14685471781    
  0.14800144619    
  0.14826715085    
  0.15276509949    
  0.15435774578    
  0.15242466141    
  0.15812414718    
  0.15382914007    
  0.15385673265    
  0.14843760423    
  0.15293287895    
  0.14591664020    
  8.37216112370E-02
  8.38537681917E-02
  8.32546940814E-02
  8.40697262628E-02
  8.57193275205E-02
  8.56926010094E-02
  8.69492936523E-02
  8.98506333938E-02
  9.37003185699E-02
  9.89385713250E-02
  0.10379758502    
  0.10666705730    
  0.10368274814    
  0.10690706132    
  0.10915762042    
  0.11282500439    
  0.10859163171    
  0.11211992820    
  0.11720154042    
  0.12068911147    
  0.11633500722    
  0.12110905141    
  0.12381150980    
  0.12466886164    
  0.12619967916    
  0.12810546119    
  0.12619795253    
  0.13412024750    
  0.12946277978    
  0.13473624638    
  0.12809141987    
  0.12645024478    
  0.12840257609    
  0.13651871868    
  0.13793113967    
  0.14559674033    
  0.15600145540    
  0.13041782703    
  0.12231239828    
  0.14310632478    
  0.12813819132    
  0.11361418063    
  0.11832595858    
  0.12133372023    
  0.11674320947    
  0.11874082861    
  0.11940158718    
  0.11828952470    
  0.12383265694    
  0.12819910834    
  0.13040673274    
  0.12415754953    
  0.12603404290    
  0.11944721856    
  0.11937807813    
  0.13384651263    
  0.13803079849    
  0.12929325787    
  0.13412048963    
  0.14417501276    
  0.12465316251    
  0.13049176167    
  0.12070915756    
  0.12788292050    
  0.13721230154    
  0.14409478799    
  0.13520746018    
  0.14257039397    
  0.11966514599    
  0.12493750821    
  0.13436208827    
  0.14159936916    
  0.13421516978    
  0.14088793523    
  0.12752119723    
  0.13439224089    
  0.14035082806    
  0.13440101524    
  0.13952871059    
  0.15603732470    
  0.16823530744    
  0.15403325721    
  0.16853350164    
  0.18119629511    
  0.15237161198    
  0.16907955521    
  0.14675446715    
  0.15435838782    
  0.14561214334    
  0.15210481925    
  0.16234114831    
  0.17127339212    
  0.15918215649    
  0.16672187050    
  0.18599669533    
  0.18793061970    
  0.18172305506    
  0.18341669377    
  0.17572744526    
  0.16284081294    
  0.17602785747    
  0.16983471126    
  0.17219755322    
  0.17168105924    
  0.17798384374    
  0.15218356660    
  0.15067721244    
  0.14877947510    
  0.14738515097    
  0.14681483370    
  0.16272009606    
  0.15831066671    
  0.15419123324    
  0.16062682616    
  0.14650546520    
  0.14890411677    
  0.15236682003    
  0.16293375825    
  0.16377835636    
  0.17070746098    
  0.17612125663    
  0.17987516763    
  0.18786001558    
  0.17297109714    
  0.17112446176    
  0.19080495413    
  0.19661805966    
  0.18552043332    
  0.19796769178    
  0.18731051432    
  0.19202496866    
  0.21150829502    
  0.20226596263    
  0.18462594381    
  0.20854744811    
  0.19265128921    
  0.15633630024    
  0.15556892721    
  0.16496859484    
  0.16158340574    
  0.15217840916    
  0.15146032985    
  0.15501868120    
  0.15438865431    
  0.15478520289    
  0.15830208080    
  0.15742401469    
  0.16099865851    
  0.16029263003    
  0.15836564550    
  0.17612054762    
  0.16701016022    
  0.17626089550    
  0.17458639468    
  0.16392809225    
  0.16235271692    
  0.16617787046    
  0.16471774366    
  0.16173198794    
  0.16097299368    
  0.16465931607    
  0.16370124266    
  0.16979629601    
  0.16910883541    
  0.16693355659    
  0.16958508154    
  0.17220434145    
  0.16257989059    
  0.17962046505    
  0.16175969778    
  0.16460162905    
  0.16621412294    
  0.16642994071    
  0.17028788801    
  0.16960453086    
  0.16921957024    
  0.16724158819    
  0.18619968592    
  0.15809073713    
  0.18236427488    
  0.19766464909    
  0.19362158731    
  0.21056011480    
  0.20499909427    
  0.21766483719    
  0.22804251228    
  0.21932193885    
  0.23032599374    
  0.20393188287    
  0.21782618283    
  0.22646969457    
  0.21494458173    
  0.22067235989    
  0.23733463106    
  0.23713590033    
  0.24195060561    
  0.24232348396    
  0.21955947755    
  0.22643487003    
  0.20959091172    
  0.19897800102    
  0.20774345737    
  0.20081653893    
  0.20729351584    
  0.21297553602    
  0.21685089252    
  0.21210448275    
  0.21375739601    
  0.20721781893    
  0.21165109496    
  0.21836033761    
  0.21695480313    
  0.21347751450    
  0.21140615292    
  0.19557351698    
  0.20740632913    
  0.19275124608    
  0.20003369463    
  0.19548096212    
  0.19531406418    
  0.19380445516    
  0.19377980133    
  0.19021318483    
  0.18609587563    
  0.19807121762    
  0.20223491180    
  0.19714970486    
  0.20228298098    
  0.21325743542    
  0.19463218117    
  0.20101300381    
  0.19081829332    
  0.19860710781    
  0.20972052158    
  0.21969730618    
  0.20816705075    
  0.21895111524    
  0.16254744904    
  0.19073652615    
  0.21085728427    
  0.19278462470    
  0.21028430582    
  0.23434290381    
  0.24879551956    
  0.23155069407    
  0.24472233418    
  0.22970282591    
  0.24086017026    
  0.25375998331    
  0.24193940642    
  0.23080284631    
  0.24697893791    
  0.23876988170    
  0.23314797092    
  0.24036763918    
  0.23548122992    
  0.22724395091    
  0.23617138799    
  0.22470657136    
  0.23302063481    
  0.24308375080    
  0.24633354655    
  0.23932230189    
  0.24259890384    
  0.22694848933    
  0.23861784533    
  0.24613163106    
  0.24460305641    
  0.24419658497    
  0.24387101093    
  0.24138017404    
  0.23761532735    
  0.24129427956    
  0.23985937049    
  0.24318178999    
  0.24173128392    
  0.21839367657    
  0.20452350222    
  0.19756709792    
  0.20985203934    
  0.20293982596    
  0.22749202343    
  0.22211663982    
  0.23128877305    
  0.22684202481    
  0.21496555845    
  0.21028540230    
  0.22197211450    
  0.21981088768    
  0.19028845108    
  0.18421503162    
  0.19688660459    
  0.19021937490    
  0.17709800632    
  0.17117214136    
  0.18259661271    
  0.17561759548    
  0.20616371668    
  0.18782598002    
  0.23522076395    
  0.23050361245    
  0.23842172954    
  0.23489693720    
  0.22836797692    
  0.16616369013    
  0.16245764441    
  0.16920335315    
  0.16402518151    
  0.15984501597    
  0.15826089719    
  0.16030319355    
  0.15780566307    
  0.16924371750    
  0.15869370638    
  0.15729669359    
  0.15556003508    
  0.15642155076    
  0.15466619863    
  0.15384903855    
  0.15367057374    
  0.15401568563    
  0.15329244140    
  0.15481771207    
  0.15362472355    
  0.14774039957    
  0.15590076432    
  0.15207879651    
  0.15008594523    
  0.15137210301    
  0.14939390367    
  0.14607572302    
  0.15214662120    
  0.15047036601    
  0.15388018917    
  0.15296203163    
  0.14912811533    
  0.14695395932    
  0.15194761907    
  0.15058230574    
  0.13825053678    
  0.13214687861    
  0.14439964078    
  0.14202275617    
  0.14899639451    
  0.14752942215    
  0.14019246015    
  0.14012429870    
  0.14659748869    
  0.14605338067    
  0.15771766318    
  0.15762320238    
  0.16536667210    
  0.16636788661    
  0.15666506821    
  0.15274282433    
  0.15202290699    
  0.15937501771    
  0.15875210908    
  0.16870271269    
  0.16996230085    
  0.13738798285    
  0.14093632764    
  0.14126334594    
  0.14208895496    
  0.14594582995    
  0.14609225994    
  0.14339621775    
  0.14362975952    
  0.14589078650    
  0.14524511333    
  0.14166208747    
  0.13957340921    
  0.13829003311    
  0.13929279172    
  0.13778217473    
  0.14277492264    
  0.14266848495    
  0.14371873390    
  0.14220221867    
  0.13946476842    
  0.13913821450    
  0.14129741233    
  0.14011058469    
  0.15172417464    
  0.15108549332    
  0.15819246342    
  0.15684385401    
  0.15109107230    
  0.16887045249    
  0.16084295839    
  0.14525475519    
  0.14044523354    
  0.14869600423    
  0.13903334611    
  0.14002186725    
  0.14126943629    
  0.13844815716    
  0.13935727441    
  0.14111997440    
  0.14209752812    
  0.14009057014    
  0.14259304456    
  0.13947791026    
  0.14008574805    
  0.14418075898    
  0.14455804425    
  0.14401718447    
  0.14608641549    
  0.14613684693    
  0.14297867777    
  0.14794658627    
  0.14995041450    
  0.14144045033    
  0.14726174280    
  0.13534734423    
  0.13825602655    
  0.14252411681    
  0.13520145356    
  0.13769786949    
  0.14407463776    
  0.14432866020    
  0.15488916283    
  0.14213991518    
  0.14394118789    
  0.15004164282    
  0.15118434717    
  0.14462252454    
  0.14701009206    
  0.14429857874    
  0.14539608787    
  0.14458515373    
  0.14528748388    
  0.14284604278    
  0.14628977656    
  0.14225036588    
  0.14392171512    
  8.25452958481E-02
  8.18349610068E-02
  8.12016634471E-02
  8.38276325012E-02
  8.71439548607E-02
  8.64126142024E-02
  8.64501177683E-02
  8.73657076676E-02
  8.92301487828E-02
  8.50153627030E-02
  8.68101429974E-02
  8.77521327481E-02
  8.91089817211E-02
  8.86423286627E-02
  8.98229531414E-02
  8.98706499478E-02
  8.93531453448E-02
  9.13894897580E-02
  9.40352888627E-02
  9.03823529157E-02
  9.33901603138E-02
  9.69671929599E-02
  0.10012931850    
  9.56700016023E-02
  9.75980686926E-02
  9.54544606957E-02
  9.72156436002E-02
  9.90472941515E-02
  0.10029880937    
  9.85896441613E-02
  9.98427868646E-02
  0.10041699621    
  9.97177929587E-02
  0.10032789308    
  0.10252101827    
  0.10394060202    
  0.10196469207    
  0.10334112251    
  0.10534114544    
  0.10648653741    
  0.10457477354    
  0.10551589662    
  0.10158936929    
  0.10267510445    
  0.10328137663    
  0.10248590619    
  0.10311782458    
  0.10105785993    
  0.10166860411    
  0.10098566771    
  0.10161291883    
  0.10234717766    
  0.10298436018    
  0.10226343419    
  0.10289672469    
  0.10389376914    
  0.10438286449    
  0.10366338444    
  0.10419600891    
  0.10483130398    
  0.10517526918    
  0.10463721769    
  0.10516244041    
  0.10377170899    
  0.10510812520    
  0.10698996621    
  0.10791613536    
  0.10605065756    
  0.10638195156    
  0.10970399020    
  0.11199886912    
  0.10804932492    
  0.11110077767    
  0.10550633575    
  0.10559986504    
  0.10546027226    
  0.10565236409    
  0.10550907156    
  0.10527248090    
  0.10572277278    
  0.10591487664    
  0.10592495244    
  0.10687231708    
  0.10638791602    
  0.10816572366    
  0.10685881005    
  0.10837922506    
  0.10984651843    
  0.11163215026    
  0.10997597873    
  0.11154020920    
  0.10863464960    
  0.11132904876    
  0.11436888772    
  0.11717203095    
  0.11388745623    
  0.11665222529    
  0.12003135117    
  0.12198316621    
  0.11999568791    
  0.12248317511    
  0.11305912584    
  0.11454693614    
  0.11294723816    
  0.11459730249    
  0.11598670743    
  0.11765924905    
  0.11604140185    
  0.11771959175    
  0.11406235304    
  0.11729658877    
  0.11934865201    
  0.12077130374    
  0.11943347532    
  0.12077050322    
  0.12198522735    
  0.12322794549    
  0.12224937315    
  0.12363647031    
  0.12047888037    
  0.12339073625    
  0.12465992614    
  0.12636702185    
  0.12465696429    
  0.12625851899    
  0.12678717577    
  0.12430842341    
  0.12548526248    
  0.12459847387    
  0.12584601395    
  0.12627653800    
  0.12683744220    
  0.12672404726    
  0.12737415063    
  0.12589010064    
  0.12732483120    
  0.12813175719    
  0.12801954417    
  0.12905941774    
  0.12738383802    
  0.12664551024    
  0.12860685406    
  0.12860174366    
  0.12979113869    
  0.12993031565    
  0.12808544373    
  0.12709140446    
  0.12929287465    
  0.12813760803    
  0.12504732244    
  0.12640086267    
  0.12438245045    
  0.12128740111    
  0.12569579371    
  0.12398616925    
  0.12657362171    
  0.12490545887    
  0.12218854474    
  0.11982789229    
  0.12292250500    
  0.12079844390    
  0.11846600319    
  0.12009966120    
  0.11725332758    
  0.11441275397    
  0.11850275264    
  0.11664797020    
  0.11493663828    
  0.11942244588    
  0.11731730720    
  0.12073389937    
  0.13361509112    
  0.13718364115    
  0.12651180765    
  0.13246826680    
  0.12581872375    
  0.13232640840    
  0.13679087612    
  0.13977108198    
  0.13717657128    
  0.14149558129    
  0.14157328605    
  0.14668637626    
  0.14297339739    
  0.14515851002    
  0.14482795398    
  0.14701237109    
  0.14904016327    
  0.15421950676    
  0.15174363462    
  0.15290055324    
  0.15205390526    
  0.15412574331    
  0.15825717977    
  0.14831980212    
  0.14509764453    
  0.14410841913    
  0.13085326327    
  0.13461601852    
  0.13061046387    
  0.12694329662    
  0.12995540785    
  0.12740729371    
  0.12290588583    
  0.12042125150    
  0.11989016197    
  0.12042748500    
  0.12124141513    
  0.12369726109    
  0.12032112838    
  0.12438035608    
  0.12065474841    
  0.11845328995    
  0.12141040206    
  0.11842836834    
  0.11948280552    
  0.11996579110    
  0.11876546350    
  0.11923353017    
  0.12068911171    
  0.12219730010    
  0.12065835917    
  0.12275358327    
  0.11719013207    
  0.11826712629    
  0.11558735585    
  0.11797484306    
  0.12268454322    
  0.12146308370    
  0.12460156695    
  0.12328219943    
  0.12449294691    
  0.12631505070    
  0.12566769451    
  0.12695847039    
  0.12901330914    
  0.13603145037    
  0.12828014367    
  0.13043861310    
  0.12826066914    
  0.12965389171    
  0.13268213961    
  0.13559417284    
  0.13139580874    
  0.13354022709    
  0.12371452936    
  0.12507561112    
  0.12459871611    
  0.12601249616    
  0.12629061943    
  0.12734489123    
  0.12718530263    
  0.12797098044    
  0.12775329580    
  0.12994540415    
  0.12896686945    
  0.12958445292    
  0.12911619326    
  0.12639637769    
  0.14507710066    
  0.15520232480    
  0.16127585214    
  0.15089215348    
  0.15575531830    
  0.13894972444    
  0.14255477834    
  0.13623141116    
  0.13926404506    
  0.14656097914    
  0.15054853788    
  0.14263137838    
  0.14591598055    
  0.16674535183    
  0.17081092109    
  0.15998196934    
  0.16327842506    
  0.17246747181    
  0.17207411103    
  0.16508188323    
  0.16549519363    
  0.15400247637    
  0.15684450550    
  0.14896877553    
  0.15174148371    
  0.15865921293    
  0.16013788358    
  0.15356105050    
  0.15487872492    
  0.13223591058    
  0.13800989694    
  0.12547288993    
  0.13177984712    
  0.14406496449    
  0.14990998948    
  0.15078712369    
  0.14598901584    
  0.14710158507    
  0.13890243855    
  0.14348068732    
  0.16740116885    
  0.16579273130    
  0.15779925352    
  0.15727611316    
  0.16656295133    
  0.17398748292    
  0.15850319003    
  0.16429278448    
  0.16846226573    
  0.16044344333    
  0.16378587775    
  0.15092338186    
  0.15064466802    
  0.14789956582    
  0.14735729152    
  0.14816939911    
  0.14488552753    
  0.14409559595    
  0.14377815047    
  0.14288253327    
  0.14045141343    
  0.14720900180    
  0.15460677557    
  0.15813383352    
  0.14770065034    
  0.15220080178    
  0.13820128609    
  0.13821423306    
  0.13365521477    
  0.13213946942    
  0.14205311305    
  0.14724959172    
  0.13827796796    
  0.14437328442    
  0.18542198458    
  0.18732062872    
  0.17981232874    
  0.18192057225    
  0.19059632875    
  0.17410707755    
  0.17791252076    
  0.16749349845    
  0.17229316467    
  0.17752950127    
  0.17619438758    
  0.16064393675    
  0.16810560402    
  0.15223546528    
  0.15964350719    
  0.16553627606    
  0.17906040885    
  0.17281125176    
  0.17392251778    
  0.17422587134    
  0.17651718064    
  0.16851843053    
  0.17639294266    
  0.17494638873    
  0.17380709626    
  0.17872229193    
  0.17969895351    
  0.18074611573    
  0.17979739680    
  0.18146921463    
  0.18902337568    
  0.18558076084    
  0.19133207702    
  0.18225408148    
  0.19275445109    
  0.19468757073    
  0.20565316311    
  0.21397528738    
  0.23314504718    
  0.22495433854    
  0.23971418507    
  0.20671942007    
  0.22568180548    
  0.19775562250    
  0.21302468264    
  0.22944959571    
  0.21658691305    
  0.22809627308    
  0.22490560826    
  0.20869274684    
  0.22470560197    
  0.21842350151    
  0.19687690209    
  0.21074930463    
  0.21489724029    
  0.22226382783    
  0.23714614277    
  0.24496190848    
  0.23937255522    
  0.24152392350    
  0.23477222065    
  0.21408951455    
  0.23041572195    
  0.21920793538    
  0.20327750280    
  0.18113248490    
  0.18594553681    
  0.19769628045    
  0.19228313705    
  0.18591299219    
  0.14198552527    
  0.18021279309    
  0.15816287359    
  0.12731847782    
  0.13567460815    
  0.13689933181    
  0.13690964201    
  0.13972555997    
  0.14730252807    
  0.14200132851    
  0.14243022984    
  0.14752201877    
  0.14406308782    
  0.14242989473    
  0.14337633786    
  0.14137541357    
  0.14194085844    
  0.14134833921    
  0.14322483000    
  0.14140941630    
  0.14125156568    
  0.14147637142    
  0.14104146346    
  0.14198902806    
  0.14128348103    
  0.14259453518    
  0.14146446043    
  0.14414380986    
  0.14129999700    
  8.11212801143E-02
  8.03118189415E-02
  8.11432719681E-02
  8.86047592946E-02
  8.95513366245E-02
  8.90856521081E-02
  9.28987175326E-02
  9.00497612452E-02
  8.90877599806E-02
  9.00314308472E-02
  8.87838579562E-02
  8.90690690101E-02
  8.86134800828E-02
  8.95208748665E-02
  8.94261269654E-02
  8.83961940907E-02
  8.94986957713E-02
  8.92802142957E-02
  9.02320434606E-02
  8.93356194700E-02
  8.95850140455E-02
  8.91682110099E-02
  8.94474294490E-02
  8.95724247526E-02
  8.94617406106E-02
  8.95135725699E-02
  8.93446561158E-02
  8.88862972592E-02
  8.90970618834E-02
  8.94246794899E-02
  8.93363413857E-02
  8.93616889531E-02
  8.93001195639E-02
  8.98397455875E-02
  9.09495951168E-02
  8.98892079273E-02
  9.09561033117E-02
  8.90918044148E-02
  9.01968579482E-02
  9.08738969004E-02
  9.18195181348E-02
  9.16853146726E-02
  9.37267660018E-02
  9.25801503121E-02
  9.24763564541E-02
  9.55236106251E-02
  9.48753586079E-02
  9.17848051676E-02
  9.27747050775E-02
  9.17408689564E-02
  9.27166581235E-02
  9.39829231858E-02
  9.54658841404E-02
  9.38894619845E-02
  9.52543388112E-02
  9.15746081835E-02
  9.33803335694E-02
  9.69773587432E-02
  9.81083921732E-02
  9.66722977609E-02
  9.73457897883E-02
  9.67652939695E-02
  9.54057443597E-02
  9.64773940662E-02
  9.52128924329E-02
  9.48640648401E-02
  9.43194154886E-02
  9.18245040727E-02
  9.11547907646E-02
  9.31993681587E-02
  9.17903169551E-02
  9.04522761931E-02
  9.01601619398E-02
  9.09335709311E-02
  9.03927688509E-02
  9.42037009690E-02
  9.31248870736E-02
  9.39578864030E-02
  9.30202481427E-02
  9.22412749301E-02
  9.15060771926E-02
  9.21290561085E-02
  9.13766521194E-02
  9.27858596563E-02
  9.10626761071E-02
  9.09339820423E-02
  9.04265826141E-02
  9.07529043034E-02
  9.03332609996E-02
  9.01297332303E-02
  9.02738215777E-02
  9.05112063819E-02
  9.02395098798E-02
  8.98963640995E-02
  9.03721769263E-02
  9.03791176312E-02
  9.11333352595E-02
  9.03777141893E-02
  9.10219197021E-02
  9.24299791181E-02
  9.37564354557E-02
  9.21825016266E-02
  9.34739070923E-02
  9.41203251229E-02
  9.33605240449E-02
  9.39532819679E-02
  9.06110821887E-02
  9.06333891136E-02
  9.05342872712E-02
  9.04803033734E-02
  9.11028753204E-02
  9.13333221620E-02
  9.05325209638E-02
  9.11913711208E-02
  8.89339446985E-02
  8.99159149027E-02
  9.16646845946E-02
  9.25413993869E-02
  9.14927621421E-02
  9.18974561434E-02
  9.30593377598E-02
  9.36457539313E-02
  9.28486245172E-02
  9.34433491376E-02
  9.10839786910E-02
  9.26181638642E-02
  9.52096847704E-02
  9.66618526200E-02
  9.73367959783E-02
  9.64769719226E-02
  9.71951175699E-02
  9.47628020911E-02
  9.56914525115E-02
  9.46199912229E-02
  9.52846687468E-02
  9.63347233700E-02
  9.70957827922E-02
  9.61208670296E-02
  9.69002769836E-02
  9.80549283968E-02
  9.87284360452E-02
  9.79188430401E-02
  9.86034705674E-02
  9.94062977681E-02
  0.10020712178    
  9.92957644787E-02
  9.99965923472E-02
  9.80649392725E-02
  9.95002566569E-02
  9.47509384544E-02
  9.64101210495E-02
  9.40615347970E-02
  9.60534170790E-02
  9.84475225996E-02
  0.10125556384    
  0.10258068579    
  0.10106287994    
  0.10264602861    
  0.10489523849    
  0.10185957707    
  0.10584799986    
  0.10775984383    
  0.11176086526    
  0.10949784804    
  0.11377056693    
  0.11669953360    
  0.12297156355    
  0.11841133616    
  0.12359107796    
  0.12690023839    
  0.12971357638    
  0.12750325625    
  0.13033397904    
  0.13238724735    
  0.13080097906    
  0.13249672900    
  0.13203277746    
  0.12904788731    
  0.13249841302    
  0.12758666968    
  0.12448172571    
  0.13015975671    
  0.12864438134    
  0.12236500556    
  0.12119010932    
  0.12355402916    
  0.12493575754    
  0.12685926261    
  0.12869556528    
  0.13101052563    
  0.13365259271    
  0.13716589723    
  0.12665678554    
  0.12984243740    
  0.12942384382    
  0.13218388545    
  0.13279864298    
  0.13539858768    
  0.13481665950    
  0.13724478216    
  0.13527826584    
  0.13976077952    
  0.13761698317    
  0.13976335021    
  0.13923609013    
  0.14090859948    
  0.14123785714    
  0.14296567201    
  0.14246196519    
  0.14360056915    
  0.14270851477    
  0.14508886036    
  0.14698757441    
  0.14818818543    
  0.14438547992    
  0.14614333483    
  0.14499450622    
  0.14654634342    
  0.14902471058    
  0.14622741525    
  0.14733328725    
  0.14719748851    
  0.14810281191    
  0.14844417684    
  0.15051901374    
  0.14925646462    
  0.15096006446    
  0.15045971752    
  0.15136993120    
  0.15048883764    
  0.15144894453    
  0.15118655662    
  0.15206736156    
  0.15204121426    
  0.15305160896    
  0.15306605419    
  0.15370968115    
  0.14896421101    
  0.15111094294    
  0.15106903253    
  0.15247968887    
  0.15250103347    
  0.15474500527    
  0.15372444770    
  0.15568980680    
  0.15308740178    
  0.15424833754    
  0.15401239669    
  0.15506352312    
  0.15496253886    
  0.15601220637    
  0.15575074016    
  0.15599747371    
  0.15688666803    
  0.15739614719    
  0.15321063926    
  0.15042168078    
  0.15555877513    
  0.15448655648    
  0.15740487426    
  0.15630986706    
  0.15223317752    
  0.15661987634    
  0.15881192616    
  0.15758807770    
  0.15946745507    
  0.15947438157    
  0.15837175902    
  0.16074912402    
  0.15968023617    
  0.15590258948    
  0.15317409190    
  0.15730000401    
  0.15485540860    
  0.15993111564    
  0.15786445586    
  0.14485919277    
  0.13683212634    
  0.14599633556    
  0.13780533089    
  0.12502656762    
  0.11719822937    
  0.12899526581    
  0.12488237117    
  0.15030819629    
  0.14717738655    
  0.15241845866    
  0.14982310244    
  0.14385542952    
  0.14115496689    
  0.14776857394    
  0.14520048098    
  0.15508816032    
  0.15248399119    
  0.13792361052    
  0.13529382090    
  0.14274500645    
  0.14062561365    
  0.13369090129    
  0.13326867412    
  0.13909114132    
  0.13848781289    
  0.14971085463    
  0.14660045571    
  0.12569199137    
  0.13008487194    
  0.12818489627    
  0.13030149412    
  0.13161677307    
  0.13221691157    
  0.13337413664    
  0.12985538816    
  0.12880330928    
  0.12829706978    
  0.13048331281    
  0.12988297833    
  0.13209080199    
  0.13205698908    
  0.13383396845    
  0.13395916469    
  0.13218865933    
  0.13200057576    
  0.13435052123    
  0.13452658916    
  0.13287141449    
  0.13400520050    
  0.13765230205    
  0.13782590896    
  0.13493790829    
  0.13580158716    
  0.13825366613    
  0.13877703404    
  0.14403128113    
  0.14345479592    
  0.13743101798    
  0.13848901213    
  0.14319056428    
  0.14467603972    
  0.12691635959    
  0.12517628442    
  0.12897512138    
  0.12782024082    
  0.12347694042    
  0.12097996804    
  0.12700375332    
  0.12574256138    
  0.13300716965    
  0.13311103833    
  0.12284950107    
  0.12916571400    
  0.13599465557    
  0.14189170157    
  0.14458070300    
  0.15680863251    
  0.14012435862    
  0.13451686516    
  0.16978104850    
  0.15568372410    
  0.13032348090    
  0.13887132774    
  0.14375451866    
  0.14427011359    
  0.14930206202    
  0.15146621653    
  0.15924249678    
  0.14418133057    
  0.14347152275    
  0.14608511477    
  0.14585591032    
  0.14183176446    
  0.13888250519    
  0.14489257576    
  0.14303118642    
  0.15198414272    
  0.15012129309    
  0.14919196593    
  0.15606329717    
  0.15650402464    
  0.13511943182    
  0.13409373099    
  0.14107333258    
  0.14087406226    
  0.14290232360    
  0.14833358877    
  0.14827074733    
  0.15626191348    
  0.15612713519    
  0.15274520208    
  0.16300774353    
  0.16797741944    
  0.17456621983    
  0.18443778915    
  0.16864347043    
  0.16632006831    
  0.18648915595    
  0.17828803332    
  0.15549085906    
  0.15531430622    
  0.16635830262    
  0.16261340123    
  0.16099489512    
  0.22050147418    
  0.22216251622    
  0.22678291404    
  0.22891345276    
  0.22008123083    
  0.21111730316    
  0.19796355297    
  0.17338362585    
  0.17552040114    
  0.15207471912    
  0.14610266664    
  0.14623250138    
  0.13985786038    
  0.14772971073    
  0.13361152162    
  0.13033103640    
  0.11982713312    
  0.12093244945    
  0.14540384915    
  0.14246173520    
  0.14366781357    
  0.14192381121    
  0.14043396409    
  0.13750896974    
  0.13261001216    
  0.12962850500    
  0.12738815974    
  0.12654105753    
  8.01610004261E-02
  7.87310051026E-02
  7.97584080905E-02
  8.54244178697E-02
  9.03782771770E-02
  8.73664387524E-02
  8.19991649859E-02
  8.31374336775E-02
  8.74684779939E-02
  8.78700966070E-02
  8.40377015931E-02
  8.49313503955E-02
  8.96920522385E-02
  9.08159157752E-02
  8.57110099172E-02
  8.65167364436E-02
  8.99928477174E-02
  9.07372683418E-02
  8.77666851768E-02
  8.82699982291E-02
  8.79233291038E-02
  9.12127694830E-02
  8.91446793098E-02
  9.16110721554E-02
  9.47418381913E-02
  9.79165398418E-02
  9.48420877807E-02
  9.83220820078E-02
  0.10397975430    
  0.11288671859    
  0.12200534544    
  0.13182931838    
  0.14080504667    
  0.14913833686    
  0.15323746985    
  0.15620392133    
  0.15378895050    
  0.15693541175    
  0.15884151228    
  0.16055130348    
  0.15920298358    
  0.16131598411    
  0.16146828517    
  0.16260095820    
  0.16322811316    
  0.16413000345    
  0.15427895203    
  0.15249009450    
  0.16177022776    
  0.16102373650    
  0.16297523832    
  0.17754662423    
  0.17138283262    
  0.18502678186    
  0.18717994273    
  0.17509508401    
  0.17915674925    
  0.18583453689    
  0.20853634633    
  0.21333581621    
  0.21543976794    
  0.22069247066    
  0.21732479491    
  0.21126069856    
  0.20071154653    
  0.18745757930    
  0.16573055711    
  0.14238336414    
  0.12624448620    
  0.12413811947    
  0.13453895596    
  0.13350257447    
  0.14934336263    
  0.14129742709    
  0.14018791339    
  0.14676271666    
  0.14592238690    
  0.12726326667    
  0.13000005120    
  0.13347287678    
  0.13672530244    
  0.13953727233    
  0.14230821491    
  0.14503215978    
  0.14771454788    
  7.86512447594E-02
  7.78355645515E-02
  7.76194829241E-02
  7.79919567746E-02
  7.84622359063E-02
  8.07097370329E-02
  8.23849060032E-02
  8.68264101853E-02
  9.06948939318E-02
  9.77386679133E-02
  0.10473135354    
  0.11363350149    
  0.12306678046    
  0.13259753548    
  0.14144226205    
  0.14972858793    
  0.15589934557    
  0.16014429268    
  0.16422967730    
  0.16590376237    
  0.16879576502    
  0.16724179051    
  0.14999729856    
  0.16854223872    
  0.18605927096    
  0.19494980311    
  0.20043652551    
  0.20351662688    
  0.20345225009    
  0.20004129636    
  0.19511975856    
  0.18788389482    
  0.17905476676    
  0.16539548079    
  0.15526245558    
  0.15109062728    
  0.15074882359    
  0.15402429924    
  0.15412356008    
  0.15709464505    
  0.15536751276    
  0.15554507469    
  0.15724171434    
  0.15654632650    
  0.15022803568    
  0.15259110603    
  0.15439440421    
  0.15557283258    
  0.15631015961    
  0.15624764890    
  0.15543230893    
  0.15701302181    
  7.74424117086E-02
  7.70312422157E-02
  7.63232934733E-02
  7.72775902815E-02
  7.82392812325E-02
  8.00613377455E-02
  8.33035547107E-02
  8.72729461728E-02
  9.25098929627E-02
  9.87027867224E-02
  0.10722594076    
  0.11603304491    
  0.12494962538    
  0.13444509239    
  0.14370559593    
  0.15146015915    
  0.15753226575    
  0.16184669335    
  0.16483690320    
  0.16810511527    
  0.17020632492    
  0.16988711105    
  0.16775697748    
  0.17874249782    
  0.18129018865    
  0.18759995582    
  0.18913411191    
  0.18959518012    
  0.18860353923    
  0.18479142058    
  0.18058253107    
  0.17465028252    
  0.16922183625    
  0.16166411425    
  0.15747651161    
  0.15735355392    
  0.15672461129    
  0.15689723913    
  0.15666907754    
  0.15693717802    
  0.15702879826    
  0.15661614685    
  0.15691362340    
  0.15651349659    
  0.15673876724    
  0.15486241375    
  0.15655162371    
  0.15639360943    
  0.15665879617    
  0.15628953054    
  0.15658953144    
  0.15569849591    
  0.15622897094    
  0.15654968775    
  0.15622670022    
  0.15433361014    
  0.15711461460    
  7.73992699980E-02
  7.70011219291E-02
  7.60456952685E-02
  7.71420921519E-02
  7.89684692266E-02
  8.08274637339E-02
  8.45309102508E-02
  8.92691940868E-02
  9.46439620157E-02
  9.98657447168E-02
  0.11001163945    
  0.11874632332    
  0.12838647282    
  0.13784661399    
  0.14695449302    
  0.15521757886    
  0.16135092264    
  0.16531756281    
  0.16830552075    
  0.16965148125    
  0.17101337284    
  0.17164807537    
  0.17248441402    
  0.17484364256    
  0.17634262404    
  0.17917937227    
  0.18034209556    
  0.17827664834    
  0.17575971406    
  0.17137027286    
  0.16619237624    
  0.16125684878    
  0.15734270175    
  0.15821662130    
  0.15454005536    
  0.15310667787    
  0.15344000464    
  0.15349134803    
  0.15412065247    
  0.15418350239    
  0.15418636026    
  0.15405051334    
  0.15388527433    
  0.15165796055    
  0.15563816081    
  0.15706883028    
  0.15537078556    
  0.15534403507    
  0.15553744605    
  0.15545472064    
  0.15558366231    
  0.15556585126    
  0.15568835292    
  0.15572962569    
  0.15582331914    
  0.15566791798    
  0.15573151233    
  0.15549650919    
  0.15121117631    
  7.78882853625E-02
  7.74743231327E-02
  7.68674981178E-02
  7.78620409129E-02
  7.91560505633E-02
  8.21004458539E-02
  8.64565022295E-02
  9.03345882565E-02
  9.75773241087E-02
  0.10556978986    
  0.11340363338    
  0.12319508507    
  0.13325369729    
  0.14251732233    
  0.15211042698    
  0.16102812851    
  0.16729992674    
  0.17135217583    
  0.17310565341    
  0.17398484540    
  0.17393725245    
  0.17352525302    
  0.17194846466    
  0.17223586988    
  0.17225842229    
  0.17066601205    
  0.16982151789    
  0.16755333326    
  0.16375602402    
  0.16091695981    
  0.15716217155    
  0.15193955702    
  0.14870017149    
  0.14963968603    
  0.14947069115    
  0.14549426518    
  0.14822730130    
  0.15220054744    
  0.15204669028    
  0.14823325013    
  0.14806251559    
  0.15033233993    
  0.15235511765    
  0.14893874670    
  0.14768188801    
  0.14764937076    
  0.14902914584    
  0.14703139162    
  0.14885715096    
  0.14643070833    
  0.14828943676    
  0.14779166883    
  0.14580476756    
  0.14772185551    
  0.14537880738    
  0.14894439594    
  7.92263389317E-02
  7.86746958389E-02
  7.89114009508E-02
  7.97881789223E-02
  8.06791455806E-02
  8.43232261728E-02
  8.80757865789E-02
  9.48322973480E-02
  0.10150950353    
  0.10894781340    
  0.11736781107    
  0.12739372083    
  0.13725577613    
  0.14829124197    
  0.15883296892    
  0.16721272823    
  0.17569405615    
  0.17965666197    
  0.18019313043    
  0.17977199819    
  0.17789843353    
  0.17435169863    
  0.17285108709    
  0.16983825298    
  0.16716029291    
  0.16482486063    
  0.16158184177    
  0.15903751529    
  0.15677137884    
  0.15132997094    
  0.14628339866    
  0.14280385585    
  0.14118913063    
  0.14400371414    
  0.14473574654    
  0.14667801284    
  0.14406892791    
  0.14429836127    
  0.14066206641    
  0.14161714905    
  0.14215813140    
  0.14068671601    
  0.14145413991    
  0.13994963860    
  0.13959976615    
  0.14108392331    
  0.14109583967    
  0.13992375280    
  0.14073987986    
  0.14682337364    
  0.14484845982    
  0.14616096704    
  0.14356321843    
  0.14414455112    
  0.14276006729    
  0.14288881032    
  0.14214121598    
  0.14145405560    
  0.14142001414    
  0.14068767543    
  0.14023778102    
  8.11063865415E-02
  8.07558176044E-02
  8.09897229033E-02
  8.20890790402E-02
  8.34123172958E-02
  8.75588724571E-02
  9.23984299417E-02
  9.81198662143E-02
  0.10513043721    
  0.11280008028    
  0.12182565487    
  0.13151198306    
  0.14254652868    
  0.15597139152    
  0.16723908664    
  0.17713597846    
  0.18565361073    
  0.18973312180    
  0.18994027494    
  0.18655144321    
  0.18235390699    
  0.17710771218    
  0.17283391708    
  0.16779716188    
  0.16358563267    
  0.15938239509    
  0.15511923787    
  0.15087547290    
  0.14567514692    
  0.14234388462    
  0.13755473234    
  0.13144136137    
  0.13281815137    
  0.13324089165    
  0.12824188207    
  0.12731784418    
  0.13426015696    
  0.13757749610    
  0.13318835500    
  0.13332171406    
  0.13917578005    
  0.13896078987    
  0.13746331335    
  0.13879977909    
  0.13809752738    
  0.13758449690    
  0.13699673727    
  0.13707285156    
  0.13533988572    
  0.13661986024    
  0.13112493703    
  0.13262517236    
  0.13266340576    
  0.13221251232    
  0.13223432013    
  0.12673056274    
  0.13180064459    
  0.13180925355    
  0.13136865713    
  0.13137359720    
  0.13486753512    
  0.13226817393    
  8.27900979330E-02
  8.28300304764E-02
  8.29979564191E-02
  8.45030142717E-02
  8.68865995951E-02
  9.04940846179E-02
  9.52603216855E-02
  0.10238156915    
  0.10849670844    
  0.11695084833    
  0.12577845376    
  0.13636339995    
  0.14847704624    
  0.16130428574    
  0.17337154763    
  0.18619782781    
  0.19536525485    
  0.19835285024    
  0.19937459612    
  0.19372126186    
  0.18666429792    
  0.17895375554    
  0.17235038811    
  0.16600570840    
  0.15914883780    
  0.15452036195    
  0.14924037040    
  0.14376437831    
  0.13495952623    
  0.13317958565    
  0.13049896472    
  0.12573051742    
  0.12625222031    
  0.12645106532    
  0.12627364408    
  0.12537676703    
  0.12544081054    
  0.12248148462    
  0.12310192299    
  0.12461354127    
  0.12464901794    
  0.12292646658    
  0.12298261557    
  0.12213238058    
  0.12243979041    
  0.12259729337    
  0.12227085446    
  0.12219677166    
  0.12636649158    
  0.12626032238    
  0.12604277166    
  0.12593447109    
  0.13090094519    
  0.13039048450    
  0.12563416428    
  0.12556408946    
  0.12517628832    
  0.12829140710    
  0.12337714175    
  0.12300515566    
  8.45466122805E-02
  8.49426042719E-02
  8.52990816840E-02
  8.69857525077E-02
  8.91931389699E-02
  9.32910661990E-02
  9.82452955529E-02
  0.10451225416    
  0.11154947201    
  0.12046036033    
  0.12889570841    
  0.14055465882    
  0.15284377908    
  0.16529077261    
  0.17887896110    
  0.19410971064    
  0.20574647241    
  0.20719519396    
  0.20691679656    
  0.20053178716    
  0.19004090009    
  0.18032206333    
  0.17153434384    
  0.16375979835    
  0.15543411771    
  0.14994156919    
  0.14311909639    
  0.13724652229    
  0.13220358124    
  0.12709169743    
  0.12343304545    
  0.12264636472    
  0.12035567166    
  0.12039788258    
  0.11929373756    
  0.12010261941    
  0.12064181836    
  0.11819662642    
  0.11947891723    
  0.12104762848    
  0.12144248684    
  0.12089434895    
  0.12098282101    
  0.12182292976    
  0.12143683207    
  0.12055401855    
  0.12063153438    
  0.11971411055    
  0.12041223292    
  0.11851498323    
  0.11892772044    
  0.11897417236    
  0.11908755654    
  0.11930421265    
  0.11922890656    
  0.11890805018    
  0.11953722102    
  0.11905680423    
  0.11908631089    
  8.70815071726E-02
  8.69856209639E-02
  8.79002878253E-02
  8.93086924672E-02
  9.22016704502E-02
  9.59626752924E-02
  0.10092277031    
  0.10671730244    
  0.11416543251    
  0.12255158248    
  0.13227167881    
  0.14441451353    
  0.15538031806    
  0.16986416638    
  0.18241331639    
  0.19731756579    
  0.20853508979    
  0.20993715799    
  0.20570189630    
  0.19950201642    
  0.18994478576    
  0.18035861748    
  0.16950482183    
  0.16023127334    
  0.15171814758    
  0.14480504970    
  0.13798124625    
  0.13189076375    
  0.12703763488    
  0.12227021290    
  0.11775383779    
  0.11813792946    
  0.11914402371    
  0.11670966426    
  0.11752546140    
  0.11735091666    
  0.11674865056    
  0.11645864580    
  0.11925474081    
  0.11882493727    
  0.11900443157    
  0.11891273715    
  0.11876544125    
  0.11897858841    
  0.11902520134    
  0.11732119374    
  0.11740323785    
  0.11763247528    
  0.11730032258    
  0.11746642116    
  0.11741086259    
  0.11745004598    
  0.11725011223    
  0.11718772129    
  8.92757701249E-02
  8.89719365269E-02
  8.99071478203E-02
  9.19164941402E-02
  9.44955985026E-02
  9.83310632710E-02
  0.10287700038    
  0.10896968356    
  0.11617771001    
  0.12397480299    
  0.13438328591    
  0.14494448405    
  0.15512435762    
  0.16864245296    
  0.18077729218    
  0.19276275322    
  0.20511155128    
  0.20701978604    
  0.20154341309    
  0.19922050980    
  0.18586267795    
  0.17515662076    
  0.16374383455    
  0.15817936134    
  0.14791231207    
  0.14041446155    
  0.13354973453    
  0.12750914313    
  0.12225180654    
  0.11795879995    
  0.11505098385    
  0.11562672262    
  0.11580494070    
  0.11608434128    
  0.11543078722    
  0.11572877064    
  0.11560152003    
  0.11539516337    
  0.11528337644    
  0.11377472990    
  0.11485281532    
  0.11502526607    
  0.11558161053    
  0.11419956310    
  0.11491343393    
  0.11386052346    
  0.11454408907    
  0.11513376814    
  0.11367630278    
  0.11387525252    
  0.11704938288    
  0.11680660267    
  0.11652183050    
  0.11619708380    
  9.08435665582E-02
  9.10380333250E-02
  9.18203571631E-02
  9.38458228303E-02
  9.65945057807E-02
  0.10014190823    
  0.10418492439    
  0.11023929058    
  0.11722077991    
  0.12494895475    
  0.13384200883    
  0.14313617931    
  0.15308601815    
  0.16591836696    
  0.17662942792    
  0.18677382013    
  0.19356947465    
  0.19714288796    
  0.19531820866    
  0.18652443633    
  0.17783722174    
  0.16967529753    
  0.16121304982    
  0.15221903876    
  0.14352176535    
  0.13609553863    
  0.12967665399    
  0.12363632295    
  0.11857024898    
  0.11412328820    
  0.11230867692    
  0.11206028254    
  0.11070836247    
  0.11026186420    
  0.11223950602    
  0.11322483380    
  0.11334002529    
  0.11331116616    
  0.11305047464    
  0.11309615563    
  0.11227111540    
  0.11206604817    
  0.11178359230    
  0.11122126096    
  0.11133078371    
  0.10994803325    
  0.10995546716    
  0.11090671721    
  0.11143273641    
  0.11059412767    
  0.11107295841    
  0.11124796874    
  0.10962369538    
  0.10974737972    
  0.11045721122    
  0.11016916501    
  9.22085277209E-02
  9.24709363714E-02
  9.36838197147E-02
  9.55020471391E-02
  9.80428618229E-02
  0.10130319121    
  0.10507604952    
  0.11063591634    
  0.11717484776    
  0.12394779977    
  0.13200599747    
  0.14004748796    
  0.14921210148    
  0.15863859964    
  0.16793252683    
  0.17506485310    
  0.18061636818    
  0.18276051359    
  0.18074879125    
  0.17542224795    
  0.16873772902    
  0.16228088963    
  0.15409700513    
  0.14658279750    
  0.13852980474    
  0.13201592954    
  0.12572181079    
  0.12006444300    
  0.11525886858    
  0.11152302202    
  0.10959945778    
  0.10859173394    
  0.10825220887    
  0.10665190355    
  0.10895003695    
  0.10887059078    
  0.10791521220    
  0.10806117591    
  0.10926082389    
  0.10941148705    
  0.10888375116    
  0.10906626196    
  0.10836236338    
  0.10871573536    
  0.10798207038    
  0.10780320572    
  0.10676883432    
  0.10714004208    
  0.10568640431    
  0.10638772076    
  0.10760996336    
  0.10750155352    
  0.10695598340    
  0.10722158000    
  0.10667701438    
  0.10648939449    
  0.10649355461    
  0.10629278376    
  9.36063190385E-02
  9.39816048776E-02
  9.52713306144E-02
  9.67974829092E-02
  9.90369849049E-02
  0.10188824973    
  0.10543561538    
  0.11056712760    
  0.11560149038    
  0.12202055907    
  0.12897942216    
  0.13621322485    
  0.14391924806    
  0.15171487713    
  0.15918377093    
  0.16506409147    
  0.16781410401    
  0.16855035584    
  0.16840310946    
  0.16485280447    
  0.15974821993    
  0.15438201452    
  0.14691117026    
  0.13985753982    
  0.13327410059    
  0.12744919771    
  0.12163982399    
  0.11659838118    
  0.11220734790    
  0.10889015076    
  0.10732780600    
  0.10591181837    
  0.10662806257    
  0.10563118904    
  0.10555247537    
  0.10595319701    
  0.10564767398    
  0.10584912825    
  0.10634574646    
  0.10614006104    
  0.10588231583    
  0.10582504121    
  0.10579399948    
  0.10543431005    
  0.10555533481    
  0.10513467680    
  0.10516842153    
  0.10577275561    
  0.10566548011    
  0.10517316227    
  0.10510384236    
  9.46514726615E-02
  9.52128637311E-02
  9.59044159108E-02
  9.71683229418E-02
  9.94056472648E-02
  0.10202294918    
  0.10554653850    
  0.10951456158    
  0.11390860716    
  0.11927650772    
  0.12587015705    
  0.13155888019    
  0.13727515656    
  0.14321786929    
  0.14849413603    
  0.15332696232    
  0.15477132165    
  0.15598574498    
  0.15649153800    
  0.15351274492    
  0.14899036756    
  0.14462005198    
  0.13972852626    
  0.13306239571    
  0.12760021184    
  0.12234632693    
  0.11765357002    
  0.11302819657    
  0.10954833446    
  0.10608376101    
  0.10549382331    
  0.10487341214    
  0.10442954025    
  0.10386373815    
  0.10492522827    
  0.10501849920    
  0.10507561610    
  0.10489794436    
  0.10496267669    
  0.10454090179    
  0.10462266804    
  0.10463157506    
  0.10456216543    
  0.10457885042    
  0.10501560845    
  0.10498659328    
  0.10413882136    
  0.10436342869    
  0.10446693781    
  0.10412725051    
  0.10424961557    
  0.10355667257    
  0.10386246516    
  0.10400773498    
  0.10357024461    
  0.10374365572    
  9.53831133514E-02
  9.62214677951E-02
  9.68351286910E-02
  9.78935118395E-02
  9.97966026964E-02
  0.10187230757    
  0.10539224884    
  0.10888414412    
  0.11264533463    
  0.11633610790    
  0.12303777922    
  0.12835538870    
  0.13230924798    
  0.13450791661    
  0.13999029476    
  0.14351480833    
  0.14518909966    
  0.14560491044    
  0.14770711812    
  0.14481976538    
  0.13969440775    
  0.13741645757    
  0.13156822798    
  0.12813403663    
  0.12452642690    
  0.11873090061    
  0.11418818269    
  0.11012952105    
  0.10739678246    
  0.10393142706    
  0.10328453301    
  0.10248271262    
  0.10255246476    
  0.10146220969    
  0.10284851435    
  0.10325359844    
  0.10346206034    
  0.10291864341    
  0.10304220590    
  0.10203226997    
  0.10257717437    
  0.10276602199    
  0.10225251899    
  0.10234393320    
  0.10121067199    
  0.10191370373    
  0.10215527566    
  0.10166159906    
  0.10205305605    
  0.10121293478    
  0.10167890441    
  0.10206260970    
  0.10185063546    
  0.10218032768    
  9.60481624805E-02
  9.67955685242E-02
  9.74780456280E-02
  9.83688677628E-02
  9.98361419989E-02
  0.10252088708    
  0.10489021997    
  0.10941182252    
  0.11296730032    
  0.11737677979    
  0.12256072903    
  0.12678171377    
  0.12871333719    
  0.13084398769    
  0.13266975392    
  0.13578118469    
  0.13922566612    
  0.14008032044    
  0.14406917756    
  0.14243321868    
  0.13860617055    
  0.13497491623    
  0.13035827020    
  0.12848546642    
  0.12355176261    
  0.11843022012    
  0.11293055220    
  0.10839748601    
  0.10724627098    
  0.10424986067    
  0.10288860150    
  0.10234158682    
  0.10345817504    
  0.10318198460    
  0.10195611026    
  0.10211441755    
  0.10206071328    
  0.10205879880    
  0.10225842678    
  0.10238376884    
  0.10231199999    
  0.10247507159    
  0.10256211718    
  0.10281303198    
  0.10211762770    
  0.10227300649    
  0.10223169648    
  0.10241738142    
  0.10231162426    
