   4.2729451942    
   4.2895530448    
   4.2762533255    
   4.2340072453    
   4.1844587544    
   4.1939703482    
   4.2382846143    
   4.3199196814    
   4.3546546435    
   4.3903351720    
   4.4782522225    
   4.4624301089    
   4.3147587140    
   4.2916129816    
   4.1481982355    
   3.9081139143    
   3.7185564220    
   3.5750478909    
   3.3302413556    
   3.0643902712    
   2.9525953075    
   2.7609017865    
   2.6687268686    
   2.6580337788    
   2.6538559034    
   2.9013315732    
   2.9825250571    
   3.2899893244    
   3.4032180098    
   3.9060063548    
   4.2906382712    
   4.5590072334    
   5.0307815025    
   5.4936004045    
   5.9020494625    
   5.9801200727    
   6.4506329483    
   6.5836284679    
   6.6467441167    
   6.6114818019    
   6.8102335613    
   6.5070906212    
   6.5926367883    
   6.5644176406    
   6.5635959818    
   6.6017433782    
   6.5821796010    
   6.5268650918    
   6.6213461533    
   6.6189376552    
   6.5979505329    
   6.6376287537    
   6.7301827122    
   6.6998395637    
   6.8505421238    
   6.9456816393    
   6.6946854445    
   6.6935338246    
   6.7138135088    
   6.7118381669    
   6.6918459910    
   6.7093982376    
   6.7268510298    
   6.7235023782    
   6.8946148381    
   6.7414611871    
   6.4426175422    
   6.4621370411    
   4.2410132931    
   4.2724017854    
   4.2290234588    
   4.1834093714    
   4.1679609276    
   4.1641582591    
   4.2450647206    
   4.3111694546    
   4.3209444132    
   4.4097026884    
   4.5705499722    
   4.4239367082    
   4.3134616859    
   4.3575627943    
   4.1850782619    
   3.8842655913    
   3.7520315870    
   3.5934465903    
   3.2488627326    
   3.0477732171    
   2.9504991357    
   2.7170113138    
   2.6069366311    
   2.5676222212    
   2.6379179062    
   2.8076461775    
   2.9359357616    
   3.2290002073    
   3.6189875535    
   4.0889943205    
   4.4398322470    
   4.8330984060    
   5.2519082037    
   5.7632247854    
   6.2152431029    
   6.4144046681    
   6.7235457828    
   6.8068274070    
   6.9650581253    
   7.0143177535    
   7.0271072800    
   7.0122525932    
   7.0165383850    
   7.0400770828    
   7.0409246743    
   7.0415289891    
   7.0559714936    
   7.0565572821    
   6.9129469111    
   6.9897007174    
   7.1347598069    
   7.0715263721    
   7.0691042650    
   7.0707004571    
   7.0828546338    
   7.0839638788    
   7.1813792943    
   7.0970042579    
   7.1113144558    
   4.0846056384    
   4.1118648451    
   4.0977243837    
   4.0550004985    
   4.0332729343    
   4.0415245858    
   4.0861828636    
   4.1459111146    
   4.2102248116    
   4.3289424955    
   4.3437093762    
   4.2701248464    
   4.2144031488    
   4.1852107133    
   4.0279675669    
   3.7919138838    
   3.6053431221    
   3.3824314562    
   3.1280130261    
   2.9812218208    
   2.8219940624    
   2.6346220090    
   2.5162705571    
   2.5546469151    
   2.6564382285    
   2.8860016117    
   3.1143610186    
   3.5426754067    
   4.0108389243    
   4.4995688777    
   4.9842412111    
   5.5356279212    
   6.0162766448    
   6.3527487447    
   6.7865603128    
   7.0528581202    
   7.1840782963    
   7.1621389826    
   7.0584308397    
   7.0929610664    
   7.1044243352    
   7.1311729134    
   7.2511543638    
   7.1901994062    
   7.1613057247    
   7.2256191877    
   7.1853369175    
   7.0665644486    
   7.1419507773    
   7.0840796484    
   7.1565175255    
   7.2110657953    
   7.1002963744    
   7.1706357412    
   7.1900858597    
   7.1841312565    
   7.2042846628    
   7.2175724200    
   7.2300135911    
   7.2416839322    
   3.9570582347    
   3.9968151812    
   3.9437156408    
   3.8887388809    
   3.8531586928    
   3.8556885331    
   3.8970927330    
   3.9489022493    
   4.0155441530    
   4.1082304009    
   4.1499251935    
   4.1096319839    
   4.0926080792    
   4.0263465228    
   3.8128326670    
   3.6630463233    
   3.4229274577    
   3.1785305529    
   2.9741113380    
   2.8437753366    
   2.6939774267    
   2.5901606592    
   2.5241181319    
   2.5445336517    
   2.7157994476    
   3.0068652777    
   3.5388306650    
   4.1344174547    
   4.7629062545    
   5.2793323871    
   5.8256193617    
   6.3984068421    
   6.8720391033    
   7.0632942454    
   7.3816308815    
   7.5798188917    
   7.4850378884    
   7.3547196629    
   7.2497662603    
   7.2787597010    
   7.2654077618    
   7.2915433822    
   7.2769274418    
   7.2742807229    
   7.3038704000    
   7.2895054099    
   7.3196571185    
   7.2788473526    
   7.4379591830    
   7.3645387702    
   7.2287919633    
   7.2062137211    
   7.2813518114    
   7.2117537136    
   7.4280184220    
   7.3930542939    
   7.2658925505    
   7.3545762881    
   7.2678820552    
   7.2526694059    
   3.8387742012    
   3.8531923671    
   3.7647637541    
   3.6910329746    
   3.6584174846    
   3.6537320837    
   3.6867580990    
   3.7380968469    
   3.8115256692    
   3.9056166095    
   3.9683575860    
   3.9255903992    
   3.9180187348    
   3.8298555292    
   3.6007990095    
   3.4281418895    
   3.2410798317    
   3.0052533585    
   2.8347364334    
   2.7112848163    
   2.5695875735    
   2.5143516643    
   2.5478296296    
   2.6189012563    
   2.9129700079    
   3.4679838928    
   4.0480948599    
   4.8107835927    
   5.6721603364    
   6.1569904202    
   6.8392873776    
   7.3695852409    
   7.6646630421    
   7.6917179383    
   7.9034753230    
   7.8723599604    
   7.8427556404    
   7.4484120652    
   7.3496395672    
   7.3606474815    
   7.2685831987    
   7.2982924059    
   7.2137058677    
   7.3376045134    
   7.3899029683    
   7.3100365006    
   7.3882913835    
   7.3079785103    
   7.4604206504    
   7.4003267813    
   7.3831463290    
   7.3566724729    
   7.3438413477    
   7.3480818469    
   7.3407930238    
   7.3315767344    
   7.3030245331    
   7.3156073126    
   7.2885478877    
   3.6059719877    
   3.6274700189    
   3.5688631326    
   3.4945438880    
   3.4507797096    
   3.4404776697    
   3.4748854037    
   3.5165006136    
   3.5977424984    
   3.6785502290    
   3.7309696498    
   3.7309481763    
   3.7527316015    
   3.5799947372    
   3.3932194790    
   3.2109076103    
   3.0292600326    
   2.8371114491    
   2.6874058968    
   2.5914526898    
   2.4899459688    
   2.5145709067    
   2.6486323568    
   2.8350447442    
   3.2918131054    
   4.0630570502    
   4.7782981604    
   5.6763941353    
   6.5485776277    
   7.1904829613    
   7.6339300269    
   7.6739188671    
   7.7862550740    
   7.9014817368    
   7.9934698445    
   7.7252525318    
   7.4698677610    
   7.3146928771    
   7.2965453624    
   7.2592723094    
   7.2324039801    
   7.2372947006    
   7.2141298944    
   7.2386044352    
   7.1874574360    
   7.1644618750    
   7.0820785452    
   7.0164953065    
   7.0124828791    
   6.9554733065    
   7.2117169065    
   7.0650099827    
   7.1686429987    
   7.1446062822    
   7.1205897268    
   6.9607115560    
   6.8789304469    
   6.9334702422    
   6.9111960226    
   6.9041885519    
   6.8745540014    
   3.4147452390    
   3.4271766987    
   3.3489524833    
   3.2512044617    
   3.2209579612    
   3.1927386772    
   3.2042656917    
   3.2701711246    
   3.3427132256    
   3.4274804112    
   3.5200059609    
   3.5112331659    
   3.4741391538    
   3.3527349823    
   3.1872671467    
   3.0152549057    
   2.8267253919    
   2.6889208198    
   2.5302307359    
   2.5275004525    
   2.6150860955    
   2.7474119520    
   2.9042791303    
   3.1083186266    
   3.8109375716    
   4.7110199166    
   5.5309206855    
   6.5597778658    
   7.4290012474    
   7.8432814356    
   8.0018283407    
   7.7952082122    
   7.8109200448    
   7.9002321836    
   7.7293471814    
   7.1858789977    
   6.9413673039    
   6.9578083786    
   6.9158095359    
   6.8849207799    
   6.8247698659    
   6.7544896217    
   6.6913990068    
   6.6028372914    
   6.8728041400    
   6.8167068961    
   6.8066416638    
   6.7872489863    
   6.7721589884    
   6.7557987940    
   6.7355847976    
   6.7225726708    
   6.6626167755    
   6.6328669405    
   6.5899034125    
   6.6012734017    
   6.4395315024    
   6.4413693354    
   6.4031961306    
   6.2627035136    
   6.2560255719    
   3.1831611819    
   3.2087602954    
   3.0973316120    
   3.0005217823    
   2.9514641807    
   2.9449688931    
   2.9830974852    
   3.0245465901    
   3.0898713839    
   3.1687108365    
   3.2445067060    
   3.2853700617    
   3.2499602593    
   3.1380955574    
   3.0270367007    
   2.8447579103    
   2.6720702969    
   2.5376406304    
   2.5404360530    
   2.6186381606    
   2.7545741774    
   2.9425659154    
   3.2642953282    
   3.5758757972    
   4.3834520830    
   5.1949318285    
   6.2621258595    
   7.2713118817    
   7.9782617694    
   7.9423409984    
   7.8931219280    
   7.6646168322    
   7.5264781100    
   7.5282898118    
   6.9198777653    
   6.5207962447    
   6.2787484995    
   6.3986473684    
   6.3901487873    
   5.9942221210    
   6.0031565242    
   6.2341797721    
   6.2319013869    
   6.3489398860    
   6.1986514449    
   6.3795754978    
   6.1499402167    
   6.3416067635    
   6.3301430402    
   6.2857448938    
   6.1279361042    
   6.0578492569    
   6.0202111166    
   6.0034494328    
   5.8839844751    
   5.9079635408    
   6.0149081981    
   5.9686853344    
   5.9220754392    
   5.8777668164    
   3.0013533182    
   2.9845786140    
   2.8388014302    
   2.7434475883    
   2.7167362080    
   2.7293445819    
   2.7706309990    
   2.7986226873    
   2.8948389739    
   2.9631813573    
   3.0165293030    
   3.0528851525    
   3.0265105972    
   2.9482501622    
   2.8383272270    
   2.7101110160    
   2.5655470369    
   2.4621558931    
   2.5918154796    
   2.6926144296    
   2.8674420536    
   3.1720635396    
   3.5488157714    
   4.1828452241    
   4.9592377948    
   5.7109074696    
   6.6271510501    
   7.1043219160    
   7.5022127794    
   7.8160983825    
   7.6949143241    
   7.3801769435    
   6.7109816990    
   6.3057604101    
   6.0678716449    
   5.6647633139    
   5.5720491941    
   5.6393202842    
   5.6270876631    
   5.3904428331    
   5.4304290061    
   5.6717952586    
   5.7722180870    
   5.5526221926    
   5.6787221694    
   5.8334082094    
   5.8304212411    
   5.7888301322    
   5.7873084957    
   5.7438802850    
   5.7457654473    
   5.7074602168    
   5.7113563373    
   5.3086435845    
   5.4733829990    
   5.2915982091    
   5.2290281779    
   5.5984593474    
   5.6790474208    
   5.4564903166    
   5.5703554802    
   5.4176439129    
   5.4282510439    
   5.2238952909    
   5.3932798515    
   2.7722429886    
   2.7078447988    
   2.5737264278    
   2.5003543377    
   2.4785557193    
   2.4896587048    
   2.5664478934    
   2.6414976552    
   2.7214435815    
   2.7716381990    
   2.8258425629    
   2.8522854905    
   2.8321671854    
   2.7784925288    
   2.6834128547    
   2.5652177936    
   2.4687981770    
   2.5243586172    
   2.6190949495    
   2.7632832036    
   2.9826883828    
   3.2633710291    
   3.9145495899    
   4.5081231482    
   5.1982507900    
   5.9800413992    
   6.4037747602    
   6.6384112035    
   6.8687678368    
   6.9183350567    
   6.5881346588    
   6.2525108767    
   5.8119636324    
   5.4563371944    
   5.2034624838    
   4.9955652117    
   4.9446056802    
   5.0355345386    
   5.1341331883    
   4.7903476046    
   4.8288413187    
   5.2216904487    
   5.1795174605    
   5.1613604865    
   5.1202922230    
   5.1884296722    
   5.1986832397    
   5.1559721650    
   5.1670212569    
   5.3724118819    
   5.3425978346    
   5.1183034229    
   5.1490946649    
   5.1222290401    
   4.8501654172    
   5.0677248013    
   5.0970736318    
   5.0733262569    
   5.0221739376    
   4.9977005090    
   4.9761740472    
   2.4636801338    
   2.4068499580    
   2.2972320938    
   2.2671500550    
   2.2803889123    
   2.3118345968    
   2.4048236375    
   2.4875926229    
   2.5872074722    
   2.6460007846    
   2.6795371842    
   2.6899160251    
   2.6663602531    
   2.6131828291    
   2.5514801006    
   2.4608836196    
   2.4682740290    
   2.5498923069    
   2.6149742414    
   2.8714189304    
   3.1618481445    
   3.5786131850    
   4.1467675207    
   4.6696399339    
   5.1849733098    
   5.6810237507    
   6.0197038077    
   6.0120797577    
   5.9503972413    
   5.7711848061    
   5.4905473755    
   5.1992316642    
   4.9245368809    
   4.7680019911    
   4.5946013720    
   4.5486696805    
   4.5366341463    
   4.6690692175    
   4.7264744382    
   4.5755065585    
   4.6456830058    
   4.7930015755    
   4.9551276196    
   4.7317605068    
   4.8566491475    
   4.9234220002    
   4.9553587032    
   4.8991644391    
   4.8891786875    
   4.8668663112    
   4.8343265582    
   4.8209963295    
   4.8524000579    
   4.6586569717    
   4.7836654713    
   4.6901575547    
   4.7223667898    
   4.7893132075    
   4.8041101669    
   4.7722777116    
   4.7875303988    
   4.7555106471    
   4.7713041554    
   4.7403915336    
   4.7651273601    
   2.1765227150    
   2.1576102327    
   2.1074191294    
   2.1070660878    
   2.1573479317    
   2.1970793697    
   2.3086267612    
   2.4217165636    
   2.5138585986    
   2.5544080075    
   2.5714094760    
   2.5701493659    
   2.5170043075    
   2.4815492646    
   2.4577684130    
   2.4403433857    
   2.4831360225    
   2.5565515465    
   2.6334600854    
   3.0032666824    
   3.3976753679    
   3.7518559823    
   4.2510434622    
   4.6946563495    
   5.0946736491    
   5.1567728175    
   5.2090719401    
   5.1143021550    
   4.9426306351    
   4.7264326742    
   4.5559391972    
   4.3417661284    
   4.2434337956    
   4.1973005081    
   4.2150291411    
   4.2287250183    
   4.3378915570    
   4.4464520257    
   4.5257588885    
   4.3709328967    
   4.4194184077    
   4.5724407255    
   4.7007468547    
   4.5535382529    
   4.5756830558    
   4.7289815223    
   4.7444687918    
   4.7192881979    
   4.7111343696    
   4.5740193203    
   4.4941524326    
   4.5228578137    
   4.5712693198    
   4.5173712957    
   4.5664725845    
   4.4130766355    
   4.5128871644    
   4.5211786331    
   4.5092437105    
   4.5172762233    
   4.5677999356    
   2.0522171952    
   1.9761328455    
   1.9071381556    
   1.9299513368    
   2.0531126287    
   2.1617471413    
   2.2781385737    
   2.4044798091    
   2.4817705448    
   2.5071953481    
   2.4946523565    
   2.4548684748    
   2.4094955843    
   2.3722014310    
   2.3557807035    
   2.3407824786    
   2.5289649806    
   2.6043217548    
   2.8714099713    
   3.2612790289    
   3.6435881974    
   4.0032961727    
   4.2694883023    
   4.5325300681    
   4.5104851373    
   4.4161984421    
   4.2698591213    
   4.0763686816    
   3.9318764539    
   3.8603634361    
   3.7426046096    
   3.7797231754    
   3.8008400833    
   3.9115053876    
   4.0516470622    
   4.1888828744    
   4.2910140178    
   4.3461196656    
   4.3938080700    
   4.3616807350    
   4.3453433382    
   4.3573218940    
   4.3461521780    
   4.3469037571    
   4.3567543608    
   4.3510512484    
   4.3569783195    
   4.4107742314    
   4.4066904885    
   4.3922119910    
   4.3720697167    
   4.4556427540    
   4.4532870211    
   4.3656307376    
   4.3729113871    
   4.3651397930    
   4.3720348356    
   4.4515683349    
   4.3654304605    
   4.3719475436    
   4.4161939546    
   4.3958002234    
   1.8951452444    
   1.8058605624    
   1.7882508038    
   1.9700214768    
   1.9716924974    
   2.1419768470    
   2.3007437717    
   2.4178422222    
   2.4904697024    
   2.5109932940    
   2.4667623791    
   2.3940474128    
   2.3192539886    
   2.2886220419    
   2.2961928087    
   2.4760451585    
   2.9636548900    
   2.8356508884    
   3.0760102550    
   3.6202749210    
   3.9563778816    
   4.2163987694    
   4.2482432677    
   4.1144488017    
   3.9920910730    
   3.7374075820    
   3.4812762358    
   3.2145782478    
   3.1093947020    
   3.2250595201    
   3.1596421771    
   3.4466253635    
   3.6331485284    
   3.8499824939    
   4.0155236001    
   4.2088249462    
   4.2974083401    
   4.3363210009    
   4.3568724858    
   4.3742177560    
   4.3440077764    
   4.3539484423    
   4.3364295202    
   4.3653208158    
   4.3651780997    
   4.3708791808    
   4.3778801360    
   4.3942348814    
   4.4446591582    
   4.3879946985    
   4.3956905726    
   4.3926281557    
   4.4000068858    
   4.4430742126    
   4.4497490279    
   4.3509242216    
   4.3898222974    
   4.3961794950    
   4.3730204875    
   4.4010874910    
   4.3609446466    
   4.3883136565    
   4.3974083266    
   4.4045858258    
   4.3775801620    
   4.4094554197    
   4.3996554741    
   4.4053944093    
   1.7089804006    
   1.8353216977    
   2.2112202156    
   2.4274228529    
   2.1689390499    
   2.2035427669    
   2.3677279877    
   2.4938324398    
   2.5816105819    
   2.5688190996    
   2.5059217263    
   2.3774220121    
   2.2870786895    
   2.2307387843    
   2.2513813794    
   2.5222729830    
   4.4179370456    
   2.9600049278    
   3.2739199761    
   4.2456058083    
   4.3217408922    
   4.2538297162    
   4.1086887225    
   3.7949847097    
   3.4984636050    
   3.1448653066    
   2.9662825535    
   2.8321072811    
   2.8280171993    
   2.9097526092    
   2.9842309799    
   3.3345060106    
   3.6522788740    
   3.9104663046    
   4.1365877740    
   4.3259740330    
   4.4039961458    
   4.4097104872    
   4.4024599137    
   4.4202892400    
   4.4182436585    
   4.4407407320    
   4.4425975474    
   4.4320002954    
   4.4840799790    
   4.4502274138    
   4.4456512580    
   4.4586690969    
   4.4555239746    
   4.3978049702    
   4.3906683748    
   4.3943114300    
   4.3964746815    
   4.3959658096    
   4.4094034479    
   4.4057171559    
   4.4157973028    
   4.4116291538    
   4.4020754015    
   4.4140877978    
   4.4275549095    
   4.4235871750    
   4.4340715896    
   4.4307389765    
   4.4411981716    
   4.4879924345    
   1.5225331503    
   1.7474624961    
   2.7121207569    
   3.0573177294    
   2.1643729499    
   2.2303612441    
   2.3183059841    
   2.2416093362    
   2.3333145523    
   2.4160882897    
   2.4834760328    
   2.4810200319    
   2.5512817891    
   2.5646379512    
   2.6372644210    
   2.6559435695    
   2.7545166857    
   2.7665097152    
   2.6967962859    
   2.5756876944    
   2.4127003966    
   2.2911561248    
   2.2351509187    
   2.2365479040    
   2.4242547800    
   4.3409605929    
   3.3579225936    
   3.4083746333    
   3.9464731454    
   4.2175961306    
   4.3089659246    
   4.0636998345    
   3.4898522660    
   3.0596577340    
   2.7936413101    
   2.6742342337    
   2.5607226237    
   2.5894057257    
   2.7451852440    
   2.9179051363    
   3.3482324739    
   3.8064720450    
   4.0427032809    
   4.3221171167    
   4.4629139443    
   4.5146395599    
   4.5977531218    
   4.6784241284    
   4.4988874054    
   4.4975379129    
   4.5502537791    
   4.5382058756    
   4.4937419118    
   4.5028360225    
   4.5032556637    
   4.5027815499    
   4.4973199835    
   4.5477876194    
   4.5145796333    
   4.5613276446    
   4.5582185618    
   4.5154628718    
   4.6035549420    
   4.6006064435    
   4.6572402432    
   4.6356296426    
   4.6188121086    
   4.6521517437    
   4.6323028722    
   4.5762074703    
   4.5669194311    
   4.5903962923    
   4.6033533188    
   4.6145065484    
   1.4101376162    
   1.5935736744    
   2.0405175806    
   1.9952206898    
   1.9627262340    
   2.1152934856    
   2.0212298677    
   2.1567797575    
   2.2308956597    
   2.3099580971    
   2.2190636965    
   2.2833400331    
   2.2997459162    
   2.4466854922    
   2.3242260643    
   2.3719302465    
   2.3765845041    
   2.4135925479    
   2.4281839184    
   2.4552566429    
   2.4733407279    
   2.5091580047    
   2.2423322054    
   2.2826278517    
   2.3126210101    
   2.2964480330    
   2.3635069217    
   2.2768918136    
   2.3740376781    
   2.3893041877    
   2.4268669477    
   2.4025601476    
   2.4618042559    
   2.5108416866    
   2.4727239920    
   2.5101842241    
   2.5046232634    
   2.5613318330    
   2.5134920912    
   2.5549098163    
   2.4588416883    
   2.5810797545    
   2.5831542738    
   2.6113575604    
   2.6033865842    
   2.6332143764    
   2.6175358597    
   2.6676226145    
   2.6400119583    
   2.6665502251    
   2.6574415959    
   2.6969567389    
   2.6958615602    
   2.7227114193    
   2.7227039104    
   2.7522831935    
   2.6183070271    
   2.6549732063    
   2.6443560094    
   2.7117926988    
   2.7210095504    
   2.7790618933    
   2.7784349168    
   2.8436468268    
   2.7347868180    
   2.7838287166    
   2.7570033734    
   2.7859279732    
   2.7830696376    
   2.8209845881    
   2.8456628175    
   2.8408483965    
   2.8886892289    
   2.8909170151    
   2.9660323264    
   2.8142978911    
   2.8447059059    
   2.8444551895    
   2.8772750954    
   2.8510033450    
   2.8943796483    
   2.8969299471    
   2.9468384778    
   2.8802266463    
   2.9917762972    
   2.9464174586    
   2.9693137834    
   2.9742859496    
   3.0276586143    
   3.0710409108    
   3.0204270333    
   3.0565965190    
   3.0601430113    
   3.0804548793    
   3.0929086106    
   3.1499247931    
   3.1162124225    
   3.1950891846    
   3.0285169844    
   3.1555854569    
   3.2500493624    
   3.3081125524    
   3.3079174731    
   3.4542300975    
   3.4088929154    
   3.5407915127    
   3.6687729026    
   3.8597447984    
   3.0871006417    
   2.9145260932    
   3.5466116391    
   3.4611224634    
   3.9615848986    
   3.8360041549    
   3.3095809080    
   3.1593172575    
   3.6029312648    
   3.3598673358    
   2.7869736342    
   2.6490306681    
   2.9935961559    
   2.7403684955    
   2.5001543044    
   2.3933914372    
   2.2445899952    
   2.3576790386    
   2.4687035150    
   3.5692315940    
   4.2227437922    
   3.5122262615    
   3.9090250896    
   4.2815063815    
   4.2535228776    
   4.2663356268    
   3.3367819023    
   2.8569587907    
   2.6716363491    
   2.4456307441    
   2.3826326914    
   2.4452310098    
   2.7155190965    
   3.1033258789    
   3.5674591432    
   3.9814386120    
   4.3221669472    
   4.6317921651    
   4.7271800323    
   4.7848875073    
   4.7765000947    
   4.7871320288    
   4.7768611607    
   4.8308148999    
   4.8065498770    
   4.7988761025    
   4.8129321638    
   4.8025036371    
   4.8170255067    
   4.8173315302    
   4.8202986732    
   4.7144850049    
   4.6648735474    
   4.6732012497    
   4.6997276979    
   4.6807918886    
   4.7491678238    
   4.7438483207    
   4.7474915032    
   4.7454673089    
   4.7042821400    
   4.7499595945    
   4.7600113458    
   4.7449754380    
   4.7573834784    
   4.7432616394    
   4.8095495947    
   4.8560520938    
   1.3613919098    
   1.4639355762    
   1.6854582757    
   1.7803331268    
   2.2059596829    
   2.4116173029    
   2.5679238887    
   2.5370744938    
   2.7174328223    
   2.7766080119    
   2.9315852055    
   2.8924327516    
   3.1215602604    
   3.0558767188    
   3.1099983424    
   3.1365758192    
   3.2659077913    
   3.1701963266    
   3.2714489037    
   3.1822956508    
   3.3569696278    
   3.2686935440    
   3.4277933377    
   3.3016927007    
   3.4163768370    
   3.3625213839    
   3.3961331768    
   3.5076123235    
   3.5969989866    
   3.4803409763    
   3.5811183233    
   3.3369113724    
   3.4328845004    
   3.7198168340    
   3.8633866587    
   3.7286328304    
   3.9166954494    
   4.0236200357    
   4.2044837983    
   4.1336549545    
   4.3897633880    
   3.8001067714    
   4.2901739343    
   3.4258946723    
   3.8846912571    
   4.3353182756    
   4.3473613812    
   4.6422415620    
   4.6690464915    
   4.2308956046    
   4.0665303145    
   4.4418023801    
   4.2201570565    
   4.7429904800    
   4.4170623812    
   3.8915578613    
   3.7328059325    
   4.0174451117    
   3.8429940434    
   3.5587845971    
   4.1028714143    
   3.9301021665    
   4.1577201978    
   3.9989640357    
   3.7753074840    
   3.6356371513    
   3.8586025703    
   3.7307362207    
   4.2388082371    
   4.1061817611    
   3.9242868791    
   3.8198369942    
   3.9855938865    
   3.9071248926    
   4.1109548595    
   4.0392202006    
   3.9781134794    
   4.0863078214    
   4.0630538564    
   3.2926203990    
   3.0267276532    
   3.4672590394    
   3.1975724277    
   2.8574845690    
   3.7151939584    
   3.5374092276    
   3.9889310778    
   3.9433595353    
   3.5150138801    
   2.8866414918    
   2.8088147443    
   3.3094740940    
   3.2113297520    
   2.6810481949    
   2.4820590636    
   2.9942052677    
   2.5826711436    
   2.2943997182    
   2.4540820521    
   2.4218704747    
   2.8315639749    
   2.9102422589    
   3.4436121369    
   3.3576936827    
   3.6872093976    
   3.8196570694    
   3.1317981244    
   3.9973551207    
   3.4835752380    
   2.9011269058    
   4.3473447044    
   3.0724594624    
   3.2005731429    
   3.2598165698    
   3.1772129226    
   3.6385067172    
   4.0188719336    
   3.3162563520    
   3.6263100621    
   4.4912484669    
   4.3779113723    
   4.2189285110    
   4.3808664023    
   3.9198590989    
   4.1406170531    
   4.3798233870    
   3.8014624988    
   4.3460185386    
   4.7150725513    
   4.1180427740    
   3.8391761857    
   3.1647803680    
   3.0008282891    
   2.7526995224    
   2.4138998053    
   2.3940353993    
   2.5811839920    
   2.9381567952    
   3.5273714059    
   3.8131506444    
   4.1592783982    
   4.6705798485    
   4.8046238874    
   4.8535601596    
   5.0340922356    
   4.9670617623    
   4.8600982802    
   4.8283722938    
   4.8765841137    
   4.9118568357    
   4.8854564713    
   4.8854264789    
   4.9028415192    
   4.8950001004    
   4.8470074724    
   4.9082388220    
   4.9410464120    
   4.9344448200    
   4.9826488283    
   4.9670467242    
   4.9219325749    
   4.9223188751    
   4.9349282242    
   4.9344895867    
   4.8560153110    
   4.8881785754    
   4.9485984403    
   4.9482160039    
   4.9627739463    
   4.9638641925    
   1.3343724639    
   1.3258644741    
   1.5910913034    
   1.8890930834    
   2.3389103252    
   2.8385850607    
   3.3130771756    
   3.6461842122    
   3.7286206782    
   3.9505011124    
   4.0852973832    
   4.1134495691    
   4.1231179350    
   4.1152039799    
   4.1563476497    
   4.0207297557    
   4.1304913228    
   3.7298431035    
   3.9601618829    
   4.1539041455    
   4.2066258175    
   4.2242421905    
   4.3175163580    
   4.3965926914    
   4.2544441189    
   4.3597906999    
   4.2344854701    
   4.3360101124    
   4.5003745768    
   4.6735645235    
   4.4472320279    
   4.5382155110    
   4.3269579898    
   3.9784701134    
   4.6663493884    
   4.4304125482    
   4.5208698026    
   4.3867533202    
   4.1399189300    
   4.1915055193    
   4.3042652091    
   4.0503977048    
   4.0981844746    
   4.3673613740    
   4.2850485802    
   4.2303899477    
   4.1732626284    
   4.1711976820    
   4.0468646246    
   4.1021284652    
   4.0250504236    
   4.0680398474    
   3.9758588863    
   3.7157895400    
   3.5702473280    
   3.8879224886    
   3.7812712656    
   3.9108465130    
   3.8186960854    
   3.7107809391    
   3.6845385337    
   3.7410589682    
   3.7132070019    
   3.5421029790    
   3.4311704319    
   3.6697422570    
   3.6221946879    
   3.7093500747    
   3.6507514595    
   3.5725818087    
   3.5308857210    
   3.5582164909    
   3.5686066634    
   3.9522730272    
   3.8391074919    
   3.9175061031    
   3.8140395206    
   3.7363374552    
   3.8541296557    
   3.7550231927    
   3.7282805390    
   3.5879944059    
   3.7047045902    
   3.5409800542    
   3.4442236431    
   3.3388947750    
   3.5144912345    
   3.6190007550    
   3.5954019467    
   3.7492816226    
   3.5852662808    
   3.8875642785    
   3.6888557632    
   4.0293512808    
   3.0292126382    
   2.5328597755    
   3.9198357586    
   3.3732261435    
   4.2824733200    
   3.7947181215    
   2.6350082129    
   2.6904966652    
   3.1491470024    
   2.7795057111    
   3.6419206086    
   3.6422319590    
   3.5302410328    
   3.5258641838    
   3.6157485070    
   3.0949834638    
   3.2777169732    
   3.0665463710    
   2.5275054932    
   2.6497384960    
   2.6369572971    
   2.6270160538    
   2.7146050144    
   2.7010975912    
   2.6906108373    
   2.9060020131    
   3.2740895027    
   2.9940445767    
   3.0084718764    
   2.8285820376    
   2.7739525070    
   2.8974106780    
   2.8244897440    
   2.7572131867    
   2.8501871035    
   2.9143003995    
   2.8626807636    
   2.9622230261    
   2.8884420372    
   2.8454650858    
   2.9888122065    
   2.8460774771    
   2.9064064631    
   2.9539407877    
   3.0146261745    
   2.9910017718    
   2.9098019688    
   2.8575617290    
   2.9513976568    
   3.9224182799    
   3.2424359107    
   2.9302683059    
   2.7139826541    
   3.4168518090    
   3.4843304834    
   3.1797910214    
   3.3651383752    
   2.5825531454    
   2.8042284666    
   2.9632452267    
   2.7872556368    
   3.0101509959    
   2.9336602782    
   2.8897133931    
   3.0243480072    
   2.9885412777    
   3.0748003329    
   3.1238639678    
   3.2683862552    
   3.1300295578    
   3.2254039367    
   3.2857179420    
   3.4560578314    
   3.3429712518    
   3.5134854183    
   3.2596540339    
   3.5235221924    
   3.7197318409    
   3.8381043545    
   3.7161727098    
   3.8159749660    
   3.8914036888    
   3.8405050036    
   3.9039399007    
   3.8146673323    
   3.6955042584    
   3.9324595492    
   3.9539907633    
   4.0168972471    
   4.1222459543    
   3.9788936355    
   3.9249264576    
   4.1658935786    
   4.1638792992    
   3.6345990174    
   3.7225357995    
   3.6810691393    
   3.7806376196    
   3.8453066475    
   3.9511726565    
   3.8937650267    
   4.0205158788    
   3.7843973521    
   4.0481990866    
   4.1930648570    
   4.4639092030    
   4.2610099768    
   4.4393230167    
   3.4648579968    
   3.1964694128    
   3.0705572940    
   3.2684427971    
   3.0686078687    
   3.8033278475    
   3.6310798008    
   4.0507773879    
   3.8585570099    
   3.4343963818    
   3.2571312752    
   3.6571841419    
   3.4878364357    
   3.0308892426    
   3.1725556557    
   2.9391472929    
   3.1303109255    
   3.3496783190    
   3.5243370595    
   3.3113968157    
   3.4621739222    
   3.2863238713    
   3.4210181027    
   4.2914620625    
   3.8949407786    
   4.4058333986    
   4.2513464733    
   3.7715771276    
   3.6745220110    
   3.8074860977    
   3.5993157396    
   3.7236717265    
   3.9371110540    
   3.5581928037    
   3.6754984851    
   3.5589922867    
   3.6376028378    
   3.7830122960    
   3.8963991449    
   3.7169735905    
   3.8217613155    
   4.1619570529    
   4.3351428148    
   4.0092013431    
   4.1240861790    
   3.9484790105    
   4.0714803481    
   4.2875173281    
   3.5512278290    
   3.6861033596    
   3.4642383014    
   3.5738568409    
   3.8913787831    
   4.0203634850    
   3.8497217713    
   3.9849055109    
   4.1524177601    
   4.2841729289    
   4.1080585037    
   4.2411694375    
   3.8559523138    
   4.0753707735    
   4.2016137335    
   4.0651313668    
   4.1897120512    
   4.6496700612    
   4.2413554595    
   4.4251432735    
   4.5123952000    
   4.3062093449    
   4.3816850509    
   4.3002350566    
   4.3920658623    
   4.4543318745    
   4.3106776522    
   4.1761561224    
   4.5691168146    
   4.3382564303    
   4.8606488749    
   4.8152908652    
   4.8576342655    
   4.8238562027    
   4.5992983266    
   4.3574905078    
   4.4243470799    
   3.6301303648    
   3.4580418301    
   3.4816392447    
   4.1542323130    
   3.8437632511    
   3.7810405665    
   4.0760203839    
   3.9677380610    
   3.4115057822    
   3.4254328594    
   3.7439583472    
   3.7510541285    
   3.9038600548    
   3.8804703660    
   3.9947722215    
   3.3227629912    
   2.6487294077    
   2.9991036996    
   3.3114754044    
   4.0711837292    
   4.2716349824    
   4.3478753805    
   4.8381162189    
   5.2141936679    
   5.1072474048    
   5.2241253107    
   5.2127804437    
   5.0285993998    
   5.0021598049    
   5.0719062374    
   5.0487209156    
   4.9811632327    
   4.9816274516    
   5.0031072043    
   5.0273598929    
   5.1014491543    
   5.1296006262    
   5.1433262978    
   5.1308224273    
   5.1079560599    
   5.0909174391    
   5.2014576820    
   5.1679725221    
   5.1235781910    
   5.1789791652    
   5.1603996328    
   5.1197959193    
   1.3026512734    
   1.3316360545    
   1.5270202340    
   1.9480325711    
   2.4789980191    
   3.1328417792    
   3.7468110526    
   4.0995071688    
   4.1313735921    
   3.9522721912    
   3.8819725461    
   3.8005039960    
   3.7587178921    
   3.5731819422    
   3.6186312355    
   3.4020987847    
   3.4104488776    
   3.1559890454    
   3.1930634367    
   2.8705959591    
   2.7969530076    
   2.5327999909    
   2.8650891713    
   2.8939855870    
   2.6723143370    
   2.8720625239    
   3.1895940490    
   3.7996665375    
   3.2563610066    
   3.9014747709    
   4.1973736483    
   4.3389743169    
   4.1164893601    
   4.0567948676    
   4.5158443250    
   4.5517622867    
   4.3861127125    
   4.6854317679    
   3.7544519013    
   3.9041381932    
   4.1645846934    
   4.0862240437    
   4.3103918837    
   4.2650653176    
   4.3913597059    
   4.3238784522    
   4.4094035143    
   4.3638553492    
   4.4647762863    
   4.4784928465    
   4.5054785047    
   4.5259921209    
   4.5595808935    
   4.5224577387    
   4.5949620336    
   4.6314686711    
   4.6899261111    
   4.7256808749    
   4.5325289205    
   4.5134001959    
   4.6438641765    
   4.6308184302    
   4.7313930474    
   4.7117440552    
   4.6454314991    
   4.6843788165    
   4.8600527427    
   4.7411644902    
   4.9579647351    
   4.8106071466    
   4.7793036418    
   4.8737420860    
   4.8176235806    
   4.7392770081    
   4.7292861882    
   4.7734913779    
   4.7664084517    
   4.8402808965    
   4.7793608072    
   4.7707639562    
   4.7603881977    
   4.7440879280    
   4.5658499529    
   4.6930994394    
   4.6892585129    
   4.7322895173    
   4.7778500732    
   4.7568392484    
   4.7958202819    
   4.8785691492    
   4.9727861878    
   4.8362149224    
   4.8892823337    
   4.8453589591    
   4.8930581112    
   4.9202351326    
   4.9504596089    
   4.9208897196    
   4.9501112064    
   4.7457218933    
   4.7606217737    
   4.7689637573    
   4.7804839100    
   4.7943112679    
   4.8299194114    
   4.8044431540    
   4.8335867410    
   4.7598945912    
   4.8128133199    
   4.8907565322    
   4.9506946502    
   4.8959634735    
   4.9709191917    
   4.8931050460    
   4.7879758553    
   4.9218530560    
   4.8828765044    
   4.9289405709    
   4.8993919762    
   4.8318608452    
   4.7786936305    
   4.8558381610    
   4.8074010576    
   4.6355935356    
   4.4544264629    
   4.7121143884    
   4.6342061193    
   4.7465720033    
   4.6847958097    
   4.5297684649    
   4.9578802820    
   4.8977238602    
   5.0369540836    
   5.0324234507    
   4.7962195480    
   4.7440571828    
   4.8695840140    
   4.8114610675    
   4.6723702575    
   4.5912066871    
   4.7457170592    
   4.6726943556    
   4.9499275145    
   4.8296897122    
   4.7645889470    
   4.9207816462    
   4.8537848196    
   4.1249552322    
   3.9532950817    
   4.5070096867    
   4.3335295952    
   4.7030340992    
   4.6362752908    
   4.8031870843    
   4.7541768746    
   4.5542232419    
   4.4774643669    
   4.6853284065    
   4.6043066935    
   4.1937470772    
   4.0605232598    
   4.3980751294    
   4.1842147900    
   3.9561434277    
   3.7222752445    
   3.8009131855    
   3.3445468297    
   3.8160918742    
   4.2360042171    
   3.6249071080    
   4.0407354438    
   4.6351380211    
   4.4215221207    
   4.4393069116    
   4.4397042802    
   4.3612048983    
   4.3796638546    
   4.3244050451    
   4.2540006081    
   4.1603573754    
   4.2877919942    
   4.2135416097    
   4.0990654744    
   4.0173567173    
   4.1117564269    
   4.0636474995    
   4.2911392725    
   4.2274280434    
   4.2737435345    
   4.1954483444    
   4.1164993463    
   4.3178005958    
   4.3590748915    
   4.3447641999    
   4.2997743372    
   4.2609042220    
   4.1575721028    
   4.2118538158    
   4.2161025384    
   4.1350793633    
   4.1909255772    
   4.2038650513    
   4.1670658144    
   4.1667835996    
   4.1252303398    
   4.0333123908    
   3.9906498019    
   4.0870267025    
   4.0375963517    
   3.9347653363    
   3.9430058545    
   3.9829099298    
   3.9639252032    
   4.0179819444    
   3.9877543054    
   3.9816402110    
   4.0128943799    
   4.0085447768    
   3.9875408495    
   3.9820568051    
   4.0056905548    
   3.9966486739    
   4.0242747823    
   4.0074751969    
   3.9698894481    
   4.0311396377    
   4.0429401053    
   4.0183218335    
   4.0703157963    
   4.0465128043    
   4.0402332548    
   4.0891697605    
   4.0726132084    
   3.9884603357    
   4.1093191807    
   4.1039376236    
   4.1091688123    
   4.1199421798    
   4.0467039976    
   3.8017189741    
   3.4316157307    
   3.7930609088    
   3.4666493501    
   3.2025233640    
   3.3647244566    
   3.2322352396    
   3.1651350356    
   3.2101602283    
   3.0710350769    
   3.1967023310    
   3.3568211961    
   3.0725634282    
   3.1045730006    
   2.9713599473    
   2.9981238445    
   3.1810171961    
   3.2845373290    
   3.0925731363    
   3.2177615629    
   3.9896297077    
   3.6202133153    
   3.5508764344    
   3.6622157378    
   3.3898993126    
   3.4801560073    
   3.3395080117    
   3.4410686772    
   3.5561694324    
   3.5849201704    
   3.5242488126    
   3.5471226340    
   3.6437409745    
   3.5539783719    
   3.5555935199    
   3.5159643769    
   3.4540477367    
   3.4634781873    
   3.4144764685    
   3.5087684592    
   3.6597534869    
   4.4239876789    
   3.7290609664    
   4.0366729406    
   3.7272863015    
   4.0230011825    
   4.4123602803    
   4.8444528828    
   4.3184689813    
   4.5938031432    
   4.6535825744    
   4.5002043579    
   4.8688047633    
   4.7824278861    
   4.7427078669    
   4.7842854574    
   4.7310054892    
   4.7279373229    
   4.7996245994    
   4.8507829983    
   4.5359788360    
   4.7353846188    
   4.7700518506    
   4.8520565521    
   4.8952017031    
   5.0072652646    
   5.1154726881    
   4.9420314978    
   5.0959315857    
   5.1553858487    
   5.1605401661    
   5.1953652766    
   5.2135304134    
   5.2332223725    
   5.2874061670    
   5.4151656166    
   5.2710606255    
   5.3599244227    
   5.2309977982    
   5.3105580567    
   5.3890071407    
   5.3374294731    
   5.3403687658    
   5.3659186190    
   5.3058616430    
   5.2138458828    
   5.2742536875    
   5.2880517734    
   5.2789080503    
   5.3427890332    
   5.2626476890    
   5.3437849343    
   5.3274212800    
   5.3396918960    
   5.3396118873    
   5.3581788914    
   5.3422993454    
   5.3664193782    
   1.2549511276    
   1.3586530880    
   1.5443493816    
   2.0376839340    
   2.7963298196    
   3.6660606041    
   4.3040466072    
   4.6466856244    
   4.6401944659    
   4.1964641457    
   3.7270646777    
   3.5006892917    
   3.8274062122    
   3.5515593496    
   3.3729730029    
   3.1109582051    
   3.5528581035    
   3.3271710999    
   2.7623509947    
   2.6196997035    
   2.9818691719    
   2.7215858468    
   2.5523357112    
   2.6769870003    
   2.4865112134    
   2.5230120844    
   3.0330175093    
   3.0497998959    
   3.8613097607    
   4.0865034010    
   4.5285210541    
   4.6730368877    
   4.6696166964    
   4.4764375521    
   4.4969685058    
   4.1773022974    
   4.1875224246    
   4.6843344775    
   4.9483352213    
   4.4835920312    
   4.8612994676    
   5.2883120992    
   5.1092716478    
   5.0273405623    
   5.2093148308    
   5.1610791601    
   5.1435236739    
   5.2016928981    
   4.9689995009    
   4.8268917947    
   4.7623443119    
   4.9878593664    
   4.9308328161    
   5.1661895960    
   5.2044004496    
   4.6548312428    
   4.5232354349    
   4.8210320391    
   4.6594648873    
   4.3418178468    
   5.0050871835    
   4.7927782807    
   5.1730453664    
   4.8942092590    
   4.5663397130    
   4.3556115040    
   4.6386306474    
   4.4072677275    
   5.1880904176    
   5.0062721074    
   4.6703806860    
   4.4410883854    
   4.6782472481    
   4.4673046843    
   4.9069173042    
   4.6718714945    
   4.4844227467    
   4.6701484516    
   4.5074687654    
   4.0174964088    
   3.7324086311    
   4.0862402513    
   3.7505702585    
   3.4813461625    
   4.1419605543    
   3.7607045066    
   4.2973067978    
   4.1026970548    
   4.3331544123    
   4.1604179316    
   3.9155626111    
   3.7258122083    
   3.9885529300    
   3.8216962540    
   3.4453237660    
   3.3981919652    
   3.5298208237    
   3.4823288693    
   3.5647055795    
   3.8203565923    
   3.5794151473    
   3.6830112069    
   3.6192446199    
   3.6327621161    
   3.4927107071    
   4.1039844574    
   4.1501965157    
   4.1912205295    
   4.2342304326    
   4.2519330703    
   3.8404536983    
   3.9419015414    
   4.0514847085    
   3.8822597987    
   4.2742680345    
   4.1861360921    
   4.0728748107    
   3.8213929337    
   3.7883880662    
   3.6468130826    
   3.5269261405    
   3.4590331790    
   3.2976782091    
   3.5925372822    
   3.6300215667    
   3.2429415035    
   3.1385069565    
   3.3478120867    
   3.1230873659    
   3.3122550446    
   3.2113082911    
   2.9143093825    
   3.0407897403    
   3.3462268502    
   2.9499905800    
   3.2015160516    
   3.9752223827    
   3.9737193095    
   3.7638021025    
   3.8371960807    
   4.0756181451    
   4.1068688383    
   3.9990003779    
   4.0209674482    
   4.0133935136    
   3.9112833553    
   3.9378713137    
   3.8532682873    
   3.8641220713    
   3.9124728945    
   3.5297922025    
   3.6991044273    
   3.4920940814    
   3.5303690931    
   3.7820004158    
   3.8221099942    
   3.7273856210    
   3.7651621771    
   3.8418876377    
   3.8649747174    
   3.7720059738    
   3.7998829955    
   3.6389068006    
   3.6670042315    
   3.7257224465    
   3.6508564154    
   3.6121371772    
   3.8367553780    
   3.5337623391    
   3.8543282774    
   3.8237019399    
   3.7550133702    
   3.7558809118    
   3.6671972979    
   3.6895436708    
   3.7310466961    
   3.7985539145    
   3.4701106008    
   3.9645965617    
   3.5266083656    
   3.2960968732    
   3.3484234755    
   3.1265804353    
   3.1821962112    
   3.0370143684    
   2.9425338016    
   3.0317602693    
   2.9284804943    
   3.2160465598    
   3.0553901154    
   2.9767393943    
   3.0916123334    
   3.0430907458    
   2.8640846672    
   2.8810725625    
   2.8285962652    
   2.8398471392    
   3.0971575595    
   2.9989099338    
   3.2269669029    
   3.2939506278    
   3.1948356613    
   3.2637725793    
   3.1860181709    
   3.1357583088    
   3.0893581789    
   3.1429353895    
   3.1401307317    
   3.1730600111    
   3.1247148235    
   3.0300234116    
   3.0536990461    
   3.1236617104    
   3.1734661935    
   3.4163973793    
   3.2370927207    
   3.4683259974    
   3.3944653184    
   3.5080989486    
   3.5502940604    
   3.5405294736    
   3.5820490851    
   3.5417779704    
   3.6854919668    
   3.5533093220    
   3.5406201700    
   3.5777155684    
   3.5537777559    
   3.4786097707    
   3.6232781535    
   3.5818876604    
   3.6843558232    
   3.6207442914    
   3.5142103107    
   3.4475401780    
   3.5421969465    
   3.4612869882    
   4.0608637715    
   3.7161898804    
   3.5386273808    
   3.6838649735    
   3.5398414439    
   3.3316334113    
   3.2582571929    
   3.3646631368    
   3.2791244219    
   3.3865587130    
   3.3160646472    
   3.2445818188    
   3.3559496157    
   3.5061185266    
   3.3422352378    
   3.4424039480    
   3.5223428760    
   3.4410162348    
   3.5251887716    
   3.4107194724    
   3.3565785950    
   3.4371286104    
   3.3847937939    
   3.3210555782    
   3.3200750389    
   3.3533199337    
   3.3497523685    
   3.4246661680    
   3.3698101997    
   3.3456065986    
   3.3823731946    
   3.3606076941    
   3.3885997885    
   3.4387962328    
   3.5132210093    
   3.4544235933    
   3.4974960966    
   3.3884539862    
   3.4622292871    
   3.7059326351    
   3.9071676667    
   4.0241426121    
   3.8629291403    
   3.9817797826    
   3.6206895539    
   3.7114554129    
   3.5955142950    
   3.6770823808    
   3.8288219421    
   3.9210220358    
   3.7673519138    
   3.8321865621    
   4.1499736861    
   4.2721228075    
   4.0939365059    
   4.2111441142    
   4.4002647821    
   4.5234208682    
   4.3381694745    
   4.4697695187    
   4.0266740429    
   4.2953040188    
   3.5875772695    
   3.7244175330    
   3.5592868219    
   3.6908161103    
   3.8775640307    
   4.6199157092    
   4.6967685069    
   4.5876917602    
   4.6842422555    
   4.7546443742    
   4.7904336050    
   4.7576959649    
   4.8138645145    
   4.6047777620    
   4.8009014131    
   4.8150459040    
   4.8551124212    
   4.8441441718    
   4.8858635039    
   4.8956653878    
   4.9025768135    
   4.9076245463    
   4.9307329058    
   4.8951811532    
   4.9444801161    
   5.0182438325    
   4.9385894142    
   4.9393260887    
   4.9938538749    
   4.9732818085    
   5.0242412778    
   5.0924588898    
   4.9780915122    
   5.0312280853    
   4.9784977072    
   5.0128974207    
   5.0716425797    
   5.1209187186    
   5.0458084557    
   5.0832820208    
   5.2487578537    
   5.3746128601    
   5.1767663881    
   5.2262271639    
   5.1240535985    
   5.1614467770    
   5.2678686401    
   5.2732825597    
   5.1869862946    
   5.1983460219    
   4.9593070829    
   5.0026816571    
   4.8748738881    
   4.9154087628    
   5.0525195283    
   5.1256563079    
   5.1410282231    
   5.0577752081    
   5.0737621176    
   4.9412614165    
   4.9675092821    
   5.2833835634    
   5.2219466985    
   5.2520476729    
   5.2386550616    
   5.2088696570    
   5.2027908363    
   5.2223950452    
   5.2105395082    
   5.1976507512    
   5.1962622696    
   5.2165768304    
   5.2426949698    
   5.2556512965    
   5.2484463647    
   5.2669635162    
   5.2212452233    
   5.2168105818    
   5.2113676684    
   5.2244401694    
   5.2561495248    
   5.2590868688    
   5.2279506985    
   5.2456845616    
   5.1481161340    
   5.1534461234    
   5.0860690123    
   5.1005136009    
   5.1480043706    
   5.0004812435    
   5.0665958946    
   5.2012991488    
   5.2420878205    
   5.1722983761    
   5.2571513269    
   5.2525047749    
   5.2455089819    
   5.2695085285    
   5.2659972898    
   5.2895212606    
   5.2995763254    
   5.2689268148    
   5.2929623357    
   5.2591998481    
   5.2737559237    
   5.2977375770    
   5.2977417605    
   5.2960437228    
   5.2912758111    
   5.3285553732    
   5.3756610669    
   5.3181975361    
   5.3110343230    
   5.3029247088    
   5.2876381293    
   5.3156535577    
   5.3204251352    
   5.2894226189    
   5.3579332534    
   5.3454828888    
   5.3722565463    
   5.3715617431    
   5.2773511686    
   5.3788758447    
   5.3729076780    
   5.3076471704    
   5.3026444986    
   5.2929837063    
   5.2685150564    
   5.2893966392    
   5.2809427529    
   5.2599273150    
   5.2655016769    
   5.2775691402    
   5.2292119460    
   5.2710140903    
   5.2684934147    
   1.1723931839    
   1.2488208912    
   1.5899528047    
   2.2579984370    
   3.3726456329    
   3.7464847227    
   4.7064242208    
   4.1975861737    
   5.0000625444    
   4.8946295296    
   4.9652873360    
   5.0952090760    
   5.3022168823    
   5.1562687668    
   5.2888784046    
   5.5255098794    
   5.7969994943    
   5.2132640867    
   4.9303851417    
   5.6912691583    
   5.2325459756    
   4.5825425188    
   4.2754371545    
   4.8718875293    
   4.6762884867    
   5.0019998963    
   4.8207954583    
   4.4809259719    
   4.3430432737    
   4.6117466212    
   4.4395993782    
   4.3672960300    
   4.4784547123    
   4.4070394142    
   4.0199218953    
   3.8944365557    
   4.1326342628    
   4.0273148892    
   3.7953879815    
   3.7585785017    
   3.9699387650    
   3.9837080460    
   4.2188694897    
   4.1243763560    
   4.0913522091    
   4.1651477151    
   4.1327387604    
   4.3013228481    
   4.2458975846    
   4.3351097691    
   4.2755249993    
   4.1987337538    
   4.1617579571    
   4.2237465102    
   4.1816142525    
   4.0684274163    
   4.0654781179    
   4.1147659427    
   4.1051088585    
   4.0787437641    
   4.1171905702    
   4.1169171274    
   4.1350724753    
   4.1389631766    
   4.1008701429    
   3.8383834559    
   3.8685195741    
   4.0935326045    
   4.2406232540    
   3.7369102834    
   3.5068163907    
   4.0917187478    
   3.7008205020    
   4.1747981277    
   4.2701103393    
   4.1899140413    
   4.2654893249    
   4.4071407333    
   4.5851891086    
   4.3654995403    
   4.4377005190    
   4.1442174389    
   4.1655694298    
   4.4333364731    
   4.1423092075    
   4.3323422115    
   4.1054083032    
   3.8980928561    
   3.6717038234    
   3.8815399223    
   3.6828525275    
   4.0041239703    
   3.6838308831    
   3.2946882387    
   3.0685556503    
   3.4078771873    
   3.1551152215    
   2.8716677257    
   2.7714764947    
   2.9181387829    
   2.7833549174    
   3.5212552664    
   3.3676383993    
   3.5344045415    
   3.3674513018    
   3.2336054121    
   3.1041602614    
   3.2341870536    
   3.1047925364    
   3.4077420456    
   3.1337709266    
   2.9969855304    
   2.8868006215    
   2.9960330043    
   2.9029134825    
   2.8234215426    
   2.7611084358    
   2.8188483278    
   2.7408442805    
   2.9217001080    
   2.7515936269    
   2.6358168164    
   2.5775478306    
   2.6814787167    
   2.6350608588    
   2.7072738058    
   2.7077215723    
   2.6593755663    
   2.6961695506    
   2.6434937078    
   2.6346363936    
   2.6300462241    
   2.6133047457    
   2.6029680330    
   2.6314884422    
   2.5788326730    
   2.5586391592    
   2.5362104246    
   2.5018512659    
   2.6565988016    
   2.8155572189    
   2.5648585368    
   2.6077524468    
   2.4921139398    
   2.5256229847    
   2.6940514184    
   2.8212242000    
   2.6163049368    
   2.7549543363    
   3.0911017345    
   3.3318967664    
   3.1085071939    
   3.5352770634    
   2.9894626430    
   3.1945992756    
   2.9315630145    
   3.1427087831    
   3.4445384918    
   3.7432622787    
   3.3862748525    
   3.6699386688    
   4.0041571148    
   4.0646389382    
   4.0980210204    
   4.5268747734    
   3.9898895781    
   4.3007806945    
   4.5940109638    
   4.2264304647    
   4.3540311975    
   4.1278869457    
   3.0933580437    
   3.1322022227    
   3.6870113734    
   3.4001671246    
   3.8032696029    
   3.4593914049    
   3.2515677384    
   3.2169648367    
   3.2922096443    
   3.2350019178    
   3.3303581791    
   3.4680463688    
   3.2612376878    
   3.3256827638    
   3.2398226467    
   3.2914902265    
   3.4524060182    
   3.5382177724    
   3.8337815420    
   3.6099502442    
   3.8597551931    
   4.0639577550    
   4.1774603193    
   4.2286634951    
   4.4754819397    
   4.4986117132    
   4.8285034411    
   4.7233126432    
   4.8393198550    
   4.9402923008    
   4.8358795921    
   4.9218958462    
   5.0665799722    
   5.1480680501    
   5.1699617995    
   5.1626206431    
   5.1360159179    
   5.0532144829    
   5.1810684215    
   5.0300710408    
   5.1729504377    
   5.2683195272    
   5.1486262473    
   5.2698367920    
   5.2108455304    
   5.1938970119    
   5.2513892339    
   5.2327825589    
   5.1654903710    
   5.1113396854    
   5.1753590859    
   5.0927329251    
   5.3203324393    
   5.2766432941    
   5.3909080792    
   5.2925590341    
   5.1040523351    
   5.1203957246    
   5.0063629311    
   5.0572490832    
   5.0118747634    
   4.9461849374    
   4.9773309724    
   4.9319620148    
   4.8520240163    
   4.6166787102    
   4.8804397867    
   4.8055836446    
   4.8830311391    
   4.8350587901    
   4.7254367994    
   4.6300459317    
   4.7699393265    
   4.6972955466    
   5.0507662500    
   5.0015163075    
   5.0243250689    
   4.9718082886    
   4.9582897450    
   4.9211847809    
   4.9300189660    
   4.9022969290    
   4.9174276978    
   4.8330406596    
   4.8595879169    
   4.8341816607    
   4.8607569070    
   4.9581128960    
   4.3468795263    
   4.0818672536    
   3.9379523712    
   4.1872538258    
   4.0627719018    
   4.5240194769    
   4.4152292381    
   4.6039518909    
   4.5063187993    
   4.2990722909    
   4.1883765008    
   4.4014124991    
   4.3028924571    
   3.8154296426    
   3.7267934816    
   3.9582880854    
   3.8783493298    
   3.6857262002    
   3.6831616508    
   3.8310997636    
   3.8124458479    
   4.0944030675    
   4.0184938209    
   4.2122866593    
   4.1383691453    
   3.9675276317    
   3.9261084150    
   4.0839869696    
   4.0431875373    
   4.7347736831    
   4.5319355224    
   4.9780942434    
   4.7237482307    
   4.3313317526    
   4.1619344175    
   4.1283560181    
   4.2543709254    
   4.2143778340    
   4.4603432470    
   4.3001082642    
   3.7594994549    
   3.7684655464    
   3.9595432744    
   3.9495096366    
   3.7275504659    
   3.5465178483    
   3.8990595515    
   3.7534387754    
   3.6515705351    
   3.8320269358    
   3.7444847935    
   4.1225461245    
   4.1215764658    
   4.1843764133    
   4.1923754886    
   4.1709758080    
   4.2549864116    
   4.2716424328    
   4.2707998389    
   4.2911485432    
   4.3667178799    
   4.1796370969    
   3.9679083302    
   3.8691600580    
   4.1447560516    
   4.0103433812    
   4.4387344726    
   4.4298674818    
   4.5770101744    
   4.6228005136    
   4.2950285488    
   4.1334721482    
   4.4020794893    
   4.1968219051    
   3.3434298461    
   3.2887358190    
   3.4141237756    
   3.3777106026    
   3.2287384181    
   3.5204724326    
   3.4386716234    
   3.6531535336    
   3.5410443071    
   3.4379646832    
   3.4546135797    
   3.7894963308    
   3.6029294582    
   3.9744167549    
   3.7786120439    
   3.6433640589    
   3.4195412675    
   3.5612464249    
   3.5654388393    
   3.5187789236    
   3.5034084586    
   3.5838889872    
   3.4602095569    
   3.5647995076    
   3.6061355209    
   3.4912510182    
   3.4851270052    
   3.5009130993    
   3.5384775662    
   3.4735350072    
   3.3848147272    
   3.3654392940    
   3.3034318559    
   3.5048536715    
   3.3477540885    
   3.3061116553    
   3.1617723630    
   3.0692786914    
   2.8613013705    
   2.9354965084    
   2.7867718975    
   3.1358468284    
   2.9193745849    
   3.1604593099    
   3.0043457276    
   2.9003136719    
   3.0587275918    
   2.8998343314    
   2.9907264502    
   3.2355712903    
   2.9167011005    
   3.0835728861    
   3.5130671183    
   3.4893158050    
   3.2474871982    
   3.3188583123    
   3.3480054793    
   3.3934082477    
   3.2839425160    
   3.3746680389    
   3.6195669512    
   3.9783987555    
   3.6105226201    
   3.8856213483    
   4.3095210772    
   4.7247228492    
   4.7990447071    
   4.5293845506    
   4.6947921537    
   4.8893474479    
   5.2450782944    
   4.8745519408    
   5.1303623733    
   5.4051148517    
   5.3319871723    
   5.3431627343    
   5.3257344983    
   5.2925540191    
   5.2795121347    
   5.2934785521    
   5.2714145431    
   5.2591883325    
   5.2543936576    
   5.2579404191    
   5.2636423236    
   5.2853460636    
   5.2723178315    
   5.2814984167    
   5.2502447975    
   5.2783726480    
   5.2812971698    
   5.2759259811    
   5.2790690588    
   5.2658659615    
   5.2688314294    
   5.2525355905    
   5.2578921581    
   5.2253795408    
   5.2490729748    
   1.2302688488    
   1.2911037753    
   1.6975874939    
   3.0792284312    
   3.7748139147    
   4.1795159731    
   4.6281227529    
   4.5101502135    
   4.5527182223    
   4.7917348435    
   4.7968331332    
   4.4225647620    
   4.6017702070    
   4.6368777480    
   4.7688427054    
   4.7633752784    
   5.2725576718    
   5.0781302920    
   5.4582357794    
   4.6650966615    
   4.8118459393    
   4.7845849922    
   4.8835059536    
   4.8748169664    
   4.9497803514    
   4.9669839251    
   5.0591269610    
   5.0012648184    
   5.1432908190    
   5.1601559404    
   5.2000407936    
   5.2290286317    
   5.2649300411    
   5.2579352815    
   5.5502035169    
   5.3296674525    
   5.6309017371    
   5.3686451352    
   5.7232862911    
   5.4285178696    
   5.4479595554    
   5.4864834180    
   5.5029585236    
   5.4952629673    
   5.5669469664    
   5.5405644044    
   5.6548224623    
   5.5828829451    
   5.5965053621    
   5.6554429536    
   5.6756581872    
   5.6058476237    
   5.5985664182    
   5.6916975938    
   5.6958934816    
   5.8012640434    
   5.8662517599    
   5.5794776098    
   5.6287816427    
   5.7072615988    
   5.7438505157    
   5.7184704667    
   5.7981407400    
   5.8197053518    
   5.9018930603    
   5.9334171259    
   6.0480023524    
   5.6796480181    
   5.7846399911    
   5.8110015116    
   5.9722004576    
   5.9059444253    
   5.9656408396    
   6.0541164179    
   6.1097603368    
   5.8905223678    
   6.0096665823    
   5.9974033764    
   6.1092367030    
   6.0897690247    
   6.1609790752    
   6.1871930445    
   6.2575971790    
   6.2500730475    
   6.4212044346    
   6.2208982067    
   6.2742289749    
   6.3197547542    
   6.3200802869    
   6.2727308767    
   6.2238684448    
   6.2888090200    
   6.3210609025    
   6.5179481594    
   6.4959555515    
   5.9297913187    
   5.7974270143    
   6.0727401661    
   5.9400209423    
   5.5770402575    
   5.3630716936    
   5.7413956028    
   5.5305555025    
   5.4346577665    
   5.6004834442    
   5.4953822080    
   6.1680796188    
   6.1562716200    
   6.3933743445    
   6.3904160395    
   6.1513114488    
   6.1019901126    
   6.3683984412    
   6.1918669906    
   6.6490330934    
   6.5209608469    
   6.0358848455    
   5.8558205513    
   6.1241270872    
   6.0386571641    
   5.7577290925    
   5.6472855819    
   5.8391808654    
   5.7209668990    
   6.2373842682    
   5.9120456597    
   5.1307770857    
   4.9459386946    
   4.8476778894    
   5.0022198802    
   4.8973987755    
   5.3274267187    
   5.1617597988    
   5.3913026515    
   5.2761097451    
   5.0498734248    
   4.9254562850    
   5.1329827248    
   4.9928145319    
   4.7318311856    
   4.6400362549    
   4.7773901670    
   4.6816091370    
   4.5509589902    
   4.4480637626    
   4.5884874768    
   4.4988814058    
   4.7942317227    
   4.5926386840    
   5.4494733688    
   5.1445773933    
   5.6165918728    
   5.2505749640    
   4.8240948947    
   4.3369900360    
   4.2130748633    
   4.3936761001    
   4.2161866401    
   4.0232097733    
   4.3256412335    
   3.8371063060    
   3.8383285267    
   3.5081365806    
   3.4921295073    
   3.1505440669    
   3.1238640504    
   2.7450662146    
   2.8921483072    
   2.6371098090    
   2.5626041746    
   2.4457501878    
   2.5165689833    
   2.4091773824    
   2.3556675418    
   2.5587161445    
   2.3618116524    
   2.5001859661    
   2.4331893699    
   2.4342883225    
   2.9147682583    
   3.3280382642    
   2.7599011367    
   3.0367092037    
   3.7179104943    
   3.9900836115    
   3.8862446860    
   3.6751219433    
   3.6243434015    
   3.2424750569    
   3.2844168811    
   2.6472138959    
   2.8013397471    
   3.7234164970    
   3.5638951285    
   3.5241982488    
   3.4133642930    
   3.4309968568    
   3.3300767127    
   3.3156938382    
   3.2437073841    
   3.1860658217    
   3.0814314621    
   3.2594178943    
   3.2254281241    
   3.1941297692    
   3.1661218060    
   3.2104333022    
   3.2163375906    
   3.1624728950    
   3.1864383652    
   3.0573069951    
   3.0978671888    
   2.6554908056    
   2.8850646634    
   3.2271149864    
   3.2316991920    
   3.2147645003    
   3.2253425146    
   3.2610202823    
   3.1716194694    
   3.1998774131    
   3.1357768081    
   3.1730787131    
   3.2352618904    
   3.2552147551    
   3.2197832821    
   3.2408331566    
   3.3497658015    
   3.4713222003    
   3.3234300713    
   3.3699247449    
   3.3038889057    
   3.3586802746    
   3.4250570291    
   3.4728578420    
   3.4065717839    
   3.4654364799    
   3.1072609563    
   3.2001826614    
   3.0372430163    
   3.1471772522    
   3.3033911641    
   3.4169756150    
   3.2829476179    
   3.3925938281    
   3.5849422380    
   3.6944545530    
   3.5241055667    
   3.5896108860    
   3.5180592036    
   3.5734980153    
   3.6476708032    
   3.7126687080    
   3.6401439598    
   3.7074328993    
   3.8386084574    
   3.9956662725    
   3.7925623485    
   3.8691653113    
   3.7760134561    
   3.8520493993    
   3.9871473139    
   3.5305916563    
   3.6550749924    
   3.5012762764    
   3.6167799964    
   3.7612303760    
   3.8357852828    
   3.7450331508    
   3.8141475163    
   3.9146421748    
   3.9987070521    
   3.8876054593    
   3.9626279487    
   3.7454014515    
   3.8650374825    
   4.2401215747    
   4.5160345977    
   4.2119160051    
   4.4732369072    
   4.9265712642    
   5.2250147230    
   4.7697727080    
   4.9172005552    
   4.0908045317    
   4.1967024596    
   4.0428929597    
   4.1289168974    
   4.3035879519    
   4.3975815108    
   4.2127546962    
   4.3008726480    
   3.9924216840    
   4.1234540770    
   4.5033139189    
   4.5891137053    
   4.3834589190    
   4.4524250800    
   4.6425172058    
   4.6689249752    
   4.4999306672    
   4.5145400192    
   4.2407125260    
   4.3223075930    
   4.9438041452    
   4.8036549086    
   4.8311127944    
   4.7720686297    
   4.7354581121    
   4.7069707440    
   4.6747361567    
   4.8174352528    
   4.8644875490    
   4.8899403597    
   4.8088110219    
   4.8312792086    
   4.7261379660    
   4.7487738835    
   4.6747587910    
   4.6696573972    
   4.7473890709    
   4.7564149575    
   4.6735201341    
   4.6708496851    
   4.6852594351    
   4.6489493945    
   4.5362050537    
   4.5367963669    
   4.6224014974    
   4.5975617013    
   4.5217484228    
   4.5043202685    
   4.3684216414    
   4.3745291592    
   4.5533639185    
   4.5358274434    
   4.3753494601    
   4.3162120963    
   4.9397814686    
   5.0044475618    
   4.8647498659    
   4.9078595849    
   5.0701200993    
   5.1692576226    
   4.9403089141    
   4.9906029017    
   4.7265039225    
   4.7319049310    
   5.1036289084    
   4.8789485305    
   4.6523905620    
   4.4784378217    
   4.3695215371    
   4.0727545813    
   4.5205739392    
   4.6631578977    
   3.7986185963    
   4.0051347108    
   4.7509554768    
   4.4300413207    
   4.2570781602    
   4.2257685290    
   4.0573997054    
   4.0217855144    
   3.7580540341    
   4.2406733930    
   4.2548891319    
   4.1660851545    
   4.1650750267    
   4.2986316947    
   4.3863516409    
   4.1863059684    
   4.2356516778    
   3.9658012582    
   4.0150894249    
   4.0340935620    
   3.8393348631    
   3.8209668625    
   4.5056524884    
   4.5331340624    
   4.2891245532    
   4.2874120316    
   4.2174596618    
   4.0532022152    
   4.0477438785    
   3.8201956816    
   3.8164569174    
   3.9014390256    
   3.6565253969    
   3.5299732069    
   3.3742809334    
   3.1717112182    
   3.5027766551    
   3.5304705471    
   3.1229454757    
   3.2515571265    
   3.8384991561    
   3.8014964926    
   3.4938178992    
   3.5448211693    
   3.6408128239    
   2.8028715801    
   2.9087162143    
   3.1031752371    
   3.3154008705    
   3.6965937476    
   4.1009522649    
   4.5078759081    
   4.8973204224    
   5.1651244465    
   5.2206303214    
   5.2216256329    
   5.2114401930    
   5.2110870220    
   5.1222461873    
   5.2392247681    
   5.2361496001    
   5.2802014900    
   5.2757672627    
   5.2124589136    
   5.2208915656    
   5.2130532393    
   5.2419727890    
   5.1928819006    
   5.1998606029    
   5.2407704779    
   5.2456538318    
   5.2479905838    
   5.2451555134    
   1.2953972618    
   1.2443481272    
   1.6809126774    
   3.2316858997    
   4.7558088608    
   4.8433946128    
   4.0251140616    
   4.7507970187    
   5.3183789702    
   5.7490845848    
   5.5399630121    
   6.4226695977    
   6.2853283633    
   6.4721699935    
   6.9899052558    
   7.1962726804    
   6.7472319068    
   6.6516181064    
   7.3285018522    
   7.3957311846    
   7.1467560337    
   6.3166536174    
   7.1318397460    
   6.4709479362    
   5.5601310970    
   4.9699813464    
   5.7078957973    
   5.0150557906    
   4.1071165113    
   3.1641838672    
   2.6327826527    
   2.3382533242    
   2.3677274762    
   2.6880903128    
   3.0542969709    
   3.2927057561    
   3.0266474988    
   3.2607376117    
   3.5043577790    
   3.7017762908    
   3.4409383780    
   3.6057918565    
   3.8665790782    
   3.9860396882    
   3.7225050102    
   3.8016118412    
   4.0976073792    
   4.0775160501    
   3.8372743627    
   3.8221282313    
   3.7788695120    
   3.4404751775    
   3.3796757881    
   3.1067645606    
   3.0411022528    
   3.1729350573    
   3.0848874007    
   2.9785411131    
   2.6886695666    
   2.7273278617    
   2.8693542709    
   3.0319234194    
   3.2637170901    
   3.6659367694    
   4.0399831523    
   4.3963086021    
   4.7237054195    
   5.0272428727    
   5.1837967216    
   5.2496399975    
   5.0891760792    
   5.1098695570    
   4.9095926569    
   5.0249252775    
   5.0612575000    
   4.9732401601    
   5.0231988861    
   5.2363063427    
   5.1592431774    
   5.1265033588    
   5.0963682487    
   5.0815449071    
   5.0690938004    
   5.0581729131    
   5.0473047788    
   1.2381900462    
   1.2313571011    
   1.6610236403    
   2.7355196814    
   4.3478353573    
   6.5500254227    
   8.3513099816    
   8.1598372913    
   7.2325638429    
   5.3955251501    
   4.1622032330    
   3.1706414178    
   2.6166553738    
   2.4010863120    
   2.4393648995    
   2.6497933480    
   3.0315093825    
   3.4126200876    
   3.5961818685    
   3.6358408666    
   3.4551329612    
   3.3834074150    
   3.5151591550    
   3.0885322543    
   2.7660179276    
   2.6783233033    
   2.7113673335    
   2.8548700798    
   3.0185538191    
   3.3006546188    
   3.6175277186    
   3.9416690511    
   4.3038932960    
   4.5510566421    
   4.8096259626    
   4.9252669712    
   4.9842802964    
   4.8633628340    
   4.9274557585    
   4.7048018453    
   4.8113860707    
   4.8658152560    
   4.7475255787    
   4.7947454330    
   5.0296216219    
   5.0143308250    
   4.9897713662    
   4.9567071719    
   4.9193749645    
   4.8832353338    
   4.8540775499    
   4.8035573457    
   1.0976938262    
   1.1533924421    
   1.6473299167    
   2.7153172734    
   4.5336329270    
   7.0033968915    
   8.3655923408    
   8.3994789615    
   7.1040300567    
   5.6906886224    
   4.2433733296    
   3.1977447952    
   2.6646566134    
   2.3731499671    
   2.4506230364    
   2.6296854902    
   2.9585988566    
   3.2667130127    
   3.4123444083    
   3.3780912776    
   3.2157023611    
   3.1062362204    
   3.0418046085    
   2.7396521154    
   2.6619933726    
   2.6437157658    
   2.7548152574    
   2.8603081064    
   3.0634084589    
   3.2994873343    
   3.5388699945    
   3.8573205115    
   4.1670819185    
   4.4201138416    
   4.6121856577    
   4.6879413794    
   4.7419726874    
   4.7581197801    
   4.7014154446    
   4.7308032284    
   4.6456714850    
   4.6773955539    
   4.7060004510    
   4.6552523358    
   4.6642534160    
   4.5431758561    
   4.6070839775    
   4.6344843003    
   4.6426198146    
   4.6146798866    
   4.6224179557    
   4.5713472850    
   4.5956649326    
   4.6034339377    
   4.5775546813    
   4.5727006721    
   4.7716585129    
   1.1068773345    
   1.2294879791    
   1.6785175989    
   2.7142047020    
   4.7396160431    
   7.2734338925    
   8.4190564495    
   8.4090922796    
   7.1092295977    
   6.0095358390    
   4.2955300098    
   3.2930114805    
   2.7828318646    
   2.5232930868    
   2.5627085690    
   2.7309177894    
   2.9715541262    
   3.1780418080    
   3.2833934550    
   3.2664061799    
   3.1432035948    
   2.9959381856    
   2.8475055491    
   2.6821772302    
   2.6184735229    
   2.6731303163    
   2.7620781839    
   2.8580909967    
   3.0560899830    
   3.2872051334    
   3.4487168045    
   3.7612739651    
   3.9924564328    
   4.2831606786    
   4.3649141393    
   4.1291861419    
   4.2579846109    
   4.4364862425    
   4.5266801160    
   4.5487006939    
   4.5550200106    
   4.5317536091    
   4.4947781126    
   4.5319397826    
   4.4617763662    
   4.3739596654    
   4.4084965004    
   4.3554199558    
   4.3817622340    
   4.4317866222    
   4.4394622505    
   4.4163861071    
   4.4243335988    
   4.4453202155    
   4.4306189327    
   4.4029712836    
   4.4117812495    
   4.3925404395    
   4.3177576809    
   1.1392864163    
   1.2031708974    
   1.6828299466    
   2.8776290517    
   4.8882826345    
   6.9761787959    
   7.7660470450    
   8.1429583034    
   6.8116783092    
   5.4323070870    
   4.3482120657    
   3.4740816661    
   2.9220072973    
   2.6678787691    
   2.6987004278    
   2.8574698629    
   3.0685934404    
   3.2085902961    
   3.2586784954    
   3.2289891147    
   3.0934178352    
   2.9417870143    
   2.7521269728    
   2.7101103396    
   2.6758539716    
   2.7337086689    
   2.8179742440    
   2.9300715819    
   3.0596674668    
   3.2697739878    
   3.4610233380    
   3.6987188178    
   3.9062274389    
   4.0474611588    
   4.0974978590    
   3.9663165039    
   3.9982619699    
   4.1909023851    
   4.2480475675    
   4.1495695299    
   4.1716179380    
   4.2679765024    
   4.2769605431    
   4.2963855133    
   4.2036150699    
   4.1786074920    
   4.0878619950    
   4.1472773925    
   4.1700846820    
   4.1320003559    
   4.1297994959    
   4.0607203076    
   4.1177877882    
   4.1152396211    
   4.0771206890    
   4.1794170154    
   1.2454710584    
   1.2455966149    
   1.8188520240    
   2.8992993710    
   4.3421846734    
   5.6408457139    
   7.0511639108    
   7.3676595932    
   6.2518228432    
   5.2651349434    
   4.3483407791    
   3.5447736188    
   3.0767354171    
   2.9664050411    
   2.9749431328    
   3.1028311534    
   3.2700789455    
   3.3542268302    
   3.3262367503    
   3.2536694777    
   3.1284831829    
   2.9304768417    
   2.8722334201    
   2.8134187928    
   2.7396360412    
   2.7967189648    
   2.8753960034    
   2.9680104121    
   3.0884918592    
   3.2962607462    
   3.4615302554    
   3.6552598329    
   3.7847961562    
   3.8864924417    
   3.9290115589    
   4.0093611650    
   3.9572259687    
   3.9478083661    
   3.8505910360    
   3.8976185420    
   3.9191348057    
   3.9559107273    
   3.9104948316    
   3.9480888257    
   3.8479341302    
   3.8945083007    
   3.9086754219    
   3.8724179507    
   3.8939361445    
   4.0358689434    
   4.0515627538    
   3.9988619369    
   4.0211630591    
   4.0452733737    
   4.0190312103    
   3.9909843302    
   3.9963818062    
   3.9754130922    
   3.9887744174    
   3.9688280322    
   3.9469602566    
   1.4763652505    
   1.5514776349    
   1.8929161624    
   2.8030418515    
   3.8227482786    
   4.9307732916    
   5.8754751390    
   6.1718561196    
   5.9216335341    
   5.1474882452    
   4.3548080144    
   3.7470416031    
   3.4291692392    
   3.2768246596    
   3.3056353886    
   3.4322934494    
   3.5549212991    
   3.5827037741    
   3.5249401289    
   3.3648005446    
   3.2149407350    
   3.0791013651    
   3.0081451431    
   2.9469635092    
   2.8838018398    
   2.8663455883    
   2.9222261389    
   3.0085903616    
   3.1225513804    
   3.2682203155    
   3.4572839813    
   3.6547857842    
   3.7178029969    
   3.7475483165    
   3.7313050854    
   3.7092987591    
   3.7649586750    
   3.8283156595    
   3.7572103486    
   3.7653688224    
   3.8660889263    
   3.8349037549    
   3.8400484987    
   3.8680266492    
   3.8247207007    
   3.8277902881    
   3.8322279868    
   3.8424647204    
   3.8636376447    
   3.8353383219    
   3.7567672098    
   3.7589152357    
   3.7624618537    
   3.7566379859    
   3.7598476832    
   3.7002787548    
   3.7546669157    
   3.7575799521    
   3.7528285349    
   3.7555204886    
   3.8594110064    
   3.7631629097    
   1.5821199086    
   1.6480336647    
   1.8610212089    
   2.5427787999    
   3.4351218182    
   4.8075220732    
   5.3883800998    
   5.6547754226    
   5.6219993342    
   5.0263508161    
   4.4625529887    
   4.0284032178    
   3.6592422586    
   3.5382780133    
   3.6349082479    
   3.8377594625    
   3.9338175233    
   3.8885777124    
   3.7856078142    
   3.6148864444    
   3.4434137764    
   3.2800456352    
   3.1620044561    
   3.1023454601    
   3.0408529805    
   2.9957124032    
   3.0243357954    
   3.0935605261    
   3.2336652571    
   3.2567905412    
   3.4405042434    
   3.5941809802    
   3.6990175798    
   3.7075366509    
   3.7037292169    
   3.7015749838    
   3.7001803436    
   3.6672754555    
   3.6793534874    
   3.6981576203    
   3.6985101204    
   3.6747406543    
   3.6727131381    
   3.6631519494    
   3.6740684373    
   3.6703027108    
   3.6534915357    
   3.6693175922    
   3.7009032481    
   3.7001825323    
   3.7001749133    
   3.7000173988    
   3.7509967739    
   3.7490984959    
   3.6997909838    
   3.6997088216    
   3.6992898091    
   3.7467310835    
   3.6739894673    
   3.6722731605    
   1.5420949745    
   1.5769486328    
   1.8840317534    
   2.4770018611    
   3.2423981382    
   4.2286217491    
   4.8975627482    
   5.3120028447    
   5.3667480520    
   4.9982172265    
   4.6522839192    
   4.2665838400    
   4.0157097799    
   4.0481664998    
   4.1967048565    
   4.3873851432    
   4.4492590128    
   4.3164910037    
   4.1344978167    
   3.9278046701    
   3.7120918090    
   3.5319495255    
   3.3586932668    
   3.2611368607    
   3.1700347827    
   3.1213613970    
   3.1339600896    
   3.1682975128    
   3.2361439419    
   3.3277732102    
   3.4501972405    
   3.5551958651    
   3.6287105746    
   3.5403117362    
   3.5967274592    
   3.6744767346    
   3.6804988586    
   3.6820940256    
   3.6793637974    
   3.6688699200    
   3.6614396767    
   3.6572977286    
   3.6609734589    
   3.6535020876    
   3.6525123817    
   3.6532408612    
   3.6586962272    
   3.6485228943    
   3.6543408461    
   3.6450725730    
   3.6461448317    
   3.6146353300    
   3.6244987003    
   3.6237560900    
   3.6120657432    
   3.6255872341    
   3.6415218526    
   3.6436982778    
   3.6337501961    
   1.6778457688    
   1.6616434062    
   1.9640399137    
   2.4053606220    
   3.0663269637    
   3.8780227717    
   4.5422907561    
   5.0311721268    
   5.1522240346    
   5.0617676789    
   4.8227543867    
   4.5467812956    
   4.5107454783    
   4.5898265747    
   4.7794940680    
   4.9509014748    
   4.9725639218    
   4.8143631164    
   4.5301352098    
   4.2635826790    
   4.0020492711    
   3.7750705495    
   3.5743429271    
   3.4442878533    
   3.3207584707    
   3.2460041092    
   3.2233657264    
   3.2243431540    
   3.2781592032    
   3.3753701005    
   3.4703215608    
   3.5349858946    
   3.5561439449    
   3.5255929365    
   3.5472303103    
   3.5716047489    
   3.5417535975    
   3.5615391482    
   3.5904888399    
   3.6146612588    
   3.6155253926    
   3.6052339830    
   3.5886619315    
   3.5969915575    
   3.5898132071    
   3.5946555901    
   3.5995479246    
   3.5664470739    
   3.5842104997    
   3.6037853475    
   3.5639765593    
   3.5685987166    
   3.5610169358    
   3.5674360705    
   1.7720675564    
   1.7694672936    
   2.0231069470    
   2.4249547451    
   2.9144313043    
   3.5726165421    
   4.2149975860    
   4.6982543070    
   5.0378982380    
   5.1302804142    
   5.0624453232    
   4.9545670847    
   5.0307099427    
   5.2059005391    
   5.4221499732    
   5.5709962776    
   5.5805646643    
   5.3771233107    
   4.9983395104    
   4.6929081284    
   4.3051336296    
   3.9853345477    
   3.7956208292    
   3.6222033779    
   3.4439048478    
   3.3540532901    
   3.3016891979    
   3.2898442887    
   3.3209513202    
   3.4123139949    
   3.4871877815    
   3.5246821251    
   3.5499957703    
   3.5581281149    
   3.5496098093    
   3.5555380214    
   3.5635812872    
   3.5579395160    
   3.5656397363    
   3.5335097541    
   3.5483045550    
   3.5612839902    
   3.5552897523    
   3.5735535853    
   3.5638490071    
   3.5655940506    
   3.5621341359    
   3.5624247672    
   3.5831095189    
   3.5912085349    
   3.5593678184    
   3.5589677246    
   3.5597401137    
   3.5616010658    
   1.8482402939    
   1.8852393402    
   2.0926443602    
   2.3999640139    
   2.8536249054    
   3.3706524016    
   3.9260200525    
   4.4939899358    
   4.9427501382    
   5.2435889133    
   5.3660304680    
   5.3918662213    
   5.5760556064    
   5.8126246489    
   6.0549344320    
   6.2069427536    
   6.0808094807    
   5.8587907544    
   5.4556399932    
   4.9435859073    
   4.5610521848    
   4.2141940763    
   3.9409983853    
   3.7219519462    
   3.5567473764    
   3.4389968603    
   3.3828187495    
   3.3572525175    
   3.3947381165    
   3.4610269246    
   3.4998163302    
   3.5346676412    
   3.5384161127    
   3.5782072092    
   3.5579493906    
   3.5697433838    
   3.5877645537    
   3.6010343355    
   3.5924205097    
   3.6040724828    
   3.5735302946    
   3.6129973148    
   3.6181156646    
   3.5732670179    
   3.5815255639    
   3.6093089703    
   3.6214232929    
   3.6115035938    
   3.6205848196    
   3.6256795098    
   3.5947501755    
   3.5950167700    
   3.6373951228    
   3.6397672011    
   3.6287171531    
   3.6250556323    
   1.8870964357    
   1.9306991216    
   2.1638102812    
   2.4384195510    
   2.8149302790    
   3.2495808098    
   3.7117630817    
   4.3234146943    
   4.8703898474    
   5.3452959515    
   5.5875504127    
   5.8169827966    
   6.0617617021    
   6.3254907247    
   6.5546214857    
   6.6488471986    
   6.4496061646    
   6.1325058459    
   5.6707055887    
   5.1974426176    
   4.7689341279    
   4.3798330292    
   4.0618283841    
   3.8076170093    
   3.6445229837    
   3.5210772214    
   3.4705836244    
   3.4616467070    
   3.4757686593    
   3.5419799899    
   3.5868959800    
   3.6296396166    
   3.6395499907    
   3.6883667482    
   3.6360535001    
   3.6476993732    
   3.6641642348    
   3.6713705714    
   3.6463843702    
   3.6480043201    
   3.6560569067    
   3.6568086845    
   3.6713911751    
   3.6660983562    
   3.6817688773    
   3.6753714327    
   3.6950001009    
   3.6979454232    
   3.7269390598    
   3.7219218814    
   3.6924036626    
   3.6851138729    
   3.6982830309    
   3.6947119736    
   3.7085175033    
   3.7177555257    
   3.7189790120    
   3.7260916385    
   1.9687578359    
   2.0610444458    
   2.2463981073    
   2.4762024210    
   2.8060844589    
   3.1660549376    
   3.6356186971    
   4.2747243194    
   4.8649652050    
   5.3250934469    
   5.7181049185    
   6.1090009302    
   6.4263214962    
   6.7118036453    
   6.9955908820    
   7.1556120373    
   6.6715148183    
   6.2538054043    
   5.8650090700    
   5.4012695067    
   4.8875721867    
   4.4574451973    
   4.2017362407    
   3.9131612469    
   3.7278387493    
   3.6103737798    
   3.5407032830    
   3.5497028989    
   3.5715359437    
   3.6488391703    
   3.6851234340    
   3.7284204800    
   3.7296708014    
   3.7625912657    
   3.7419650814    
   3.7352450942    
   3.7485674198    
   3.7475582966    
   3.7267177833    
   3.7336818689    
   3.7443956341    
   3.7505992482    
   3.7563501398    
   3.7670886197    
   3.7678101449    
   3.7884859876    
   3.7903219234    
   3.7620263065    
   3.7671847231    
   3.7852530951    
   3.7926490474    
   2.0907662892    
   2.1756120059    
   2.2678307379    
   2.4623732014    
   2.7850861588    
   3.1309486825    
   3.6237207314    
   4.1696626790    
   4.7739980690    
   5.2899202968    
   5.8327877688    
   6.3638758495    
   6.6951915752    
   6.9199112347    
   7.1539529282    
   7.1617656670    
   6.8091312522    
   6.4040803372    
   5.9823490257    
   5.4570270883    
   4.9553427666    
   4.5841485014    
   4.2727350293    
   3.9941809097    
   3.8212835962    
   3.7166296821    
   3.6665491858    
   3.6635379637    
   3.6986425691    
   3.7676056906    
   3.7899409508    
   3.8132036901    
   3.8547279734    
   3.8807548777    
   3.8082677676    
   3.8035776541    
   3.8026866055    
   3.8137099851    
   3.8122344869    
   3.8345715036    
   3.8294938327    
   3.8297617009    
   3.8376564217    
   3.8373532779    
   3.8007850532    
   3.8121438301    
   3.8622564568    
   3.8509682080    
   3.8470731516    
   3.8658697125    
   3.8608764416    
   3.8977256389    
   3.8820807501    
   3.8757756932    
   3.8995939238    
   3.8916953863    
   2.1713705680    
   2.2654027012    
   2.3830092236    
   2.5585299146    
   2.8515546986    
   3.1537498337    
   3.6145123361    
   4.1354367464    
   4.8002027131    
   5.3535595792    
   5.8518554382    
   6.4404725479    
   6.8880789550    
   7.1307341476    
   7.1104723714    
   7.0641984004    
   6.9352987697    
   6.4439044263    
   5.9669934208    
   5.4206975275    
   4.9731184490    
   4.6009537875    
   4.2786507471    
   4.0610262267    
   3.9011076895    
   3.8013596825    
   3.7808929337    
   3.7854998474    
   3.8112231730    
   3.9074502641    
   3.9240584287    
   3.9619367556    
   3.9701187205    
   4.0259551790    
   3.9433171960    
   3.9183141830    
   3.9084458812    
   3.9379857266    
   3.9314583482    
   3.9898404187    
   3.9580517311    
   3.9480072196    
   3.9813487433    
   3.9740266494    
   4.0375588144    
   4.0008421041    
   3.9859442614    
   4.0179430014    
   3.9932579100    
   4.0433820856    
   4.0194991110    
   3.9945561389    
   4.0131332030    
   3.9900027312    
   2.2553848530    
   2.3614127127    
   2.4792362572    
   2.6248869051    
   2.8461094136    
   3.2195927958    
   3.5388250386    
   4.1391488130    
   4.7967982535    
   5.3789685616    
   5.8756280151    
   6.3849722634    
   6.9519468417    
   7.0958460007    
   7.0777756646    
   7.0048725949    
   6.7608112030    
   6.3864985639    
   5.9378877857    
   5.3936069368    
   5.0377287097    
   4.5755018248    
   4.3367720911    
   4.1661345956    
   3.9670171963    
   3.8529482625    
   3.8503364197    
   3.8621341381    
   3.8600937943    
   3.9173973044    
   3.9659489009    
   3.9923233923    
   3.9455955756    
   3.9565405112    
   4.0102629594    
   4.0020465544    
   3.9943995183    
   3.9957282394    
   3.9848722362    
   3.9911237377    
   3.9830982620    
   3.9742505867    
   3.9705983660    
   3.9586783868    
   3.9743146426    
   3.9645691328    
   3.9799642129    
   3.9554846090    
   3.9749569953    
