  3 4116    -850.00000000       0.00000000  luse2
  3 3995    -850.00000000       0.00000000  luse2
  3 3945    -850.00000000       0.00000000  luse2
  1 3883    -850.00000000       0.00000000  luse2
  3 3769    -850.00000000       0.00000000  luse2
  3 3703    -850.00000000       0.00000000  luse2
  1 3588    -850.00000000       0.00000000  luse2
  3 900    -725.00000000       0.00000000  luse3
  3 774    -725.00000000       0.00000000  luse3
  3 582    -725.00000000       0.00000000  luse3
  3 454    -725.00000000       0.00000000  luse3
  3 401    -725.00000000       0.00000000  luse3
  3 1380       0.00000000       0.00000000  new_wells
