  1 1     102.00000000      1.094356901E-03  west-boundary1
  1 4259     102.00000000      5.160485396E-03  west-boundary1
  1 69     102.00000000      1.306104207E-03  west-boundary1
  1 4205     102.00000000      5.940380583E-03  west-boundary1
  1 128     102.00000000      1.522511539E-03  west-boundary1
  1 4149     102.00000000      6.616638114E-03  west-boundary1
  1 188     102.00000000      1.717136881E-03  west-boundary1
  1 4098     102.00000000      7.077074453E-03  west-boundary1
  1 248     102.00000000      1.870653381E-03  west-boundary1
  1 4040     102.00000000      7.277226526E-03  west-boundary1
  1 307     102.00000000      1.966616742E-03  west-boundary1
  1 3984     102.00000000      7.228949408E-03  west-boundary1
  1 368     102.00000000      1.992915043E-03  west-boundary1
  1 3930     102.00000000      6.999310399E-03  west-boundary1
  1 429     102.00000000      1.944543595E-03  west-boundary1
  1 3876     102.00000000      6.699132822E-03  west-boundary1
  1 489     102.00000000      1.825705853E-03  west-boundary1
  1 3817     102.00000000      6.455943862E-03  west-boundary1
  1 554     102.00000000      1.650155243E-03  west-boundary1
  1 3757     102.00000000      6.371828782E-03  west-boundary1
  1 615     102.00000000      1.441405397E-03  west-boundary1
  1 3695     102.00000000      6.465798211E-03  west-boundary1
  1 680     102.00000000      1.224101720E-03  west-boundary1
  1 3634     102.00000000      6.666681276E-03  west-boundary1
  1 741     102.00000000      1.024534237E-03  west-boundary1
  1 3578     102.00000000      6.801140933E-03  west-boundary1
  1 803     102.00000000      8.620524914E-04  west-boundary1
  1 3519     102.00000000      6.659774241E-03  west-boundary1
  1 871     102.00000000      7.508520663E-04  west-boundary1
  1 3462     102.00000000      6.125221373E-03  west-boundary1
  1 937     102.00000000      7.070770678E-04  west-boundary1
  1 3410     102.00000000      5.299112286E-03  west-boundary1
  1 1011     102.00000000      7.493763058E-04  west-boundary1
  1 3325     102.00000000      4.410282784E-03  west-boundary1
  1 1187     102.00000000      8.954541392E-04  west-boundary1
  1 2896     102.00000000      3.573316850E-03  west-boundary1
  1 1357     102.00000000      1.162059291E-03  west-boundary1
  1 2464     102.00000000      2.797791627E-03  west-boundary1
  1 1691     102.00000000      1.565418516E-03  west-boundary1
  1 2028     102.00000000      2.114804659E-03  west-boundary1
  3 1     102.00000000     7.065676068E-03  west-boundary3
  3 4259     102.00000000     2.363658852E-02  west-boundary3
  3 69     102.00000000     8.343336730E-03  west-boundary3
  3 4205     102.00000000     2.732784502E-02  west-boundary3
  3 128     102.00000000     9.593030168E-03  west-boundary3
  3 4149     102.00000000     3.062887389E-02  west-boundary3
  3 188     102.00000000     1.064392111E-02  west-boundary3
  3 4098     102.00000000     3.303104142E-02  west-boundary3
  3 248     102.00000000     1.138215468E-02  west-boundary3
  3 4040     102.00000000     3.433495854E-02  west-boundary3
  3 307     102.00000000     1.172730757E-02  west-boundary3
  3 3984     102.00000000     3.460852121E-02  west-boundary3
  3 368     102.00000000     1.163912742E-02  west-boundary3
  3 3930     102.00000000     3.420612991E-02  west-boundary3
  3 429     102.00000000     1.112621654E-02  west-boundary3
  3 3876     102.00000000     3.372569127E-02  west-boundary3
  3 489     102.00000000     1.024940405E-02  west-boundary3
  3 3817     102.00000000     3.385433184E-02  west-boundary3
  3 554     102.00000000     9.117336599E-03  west-boundary3
  3 3757     102.00000000     3.512245417E-02  west-boundary3
  3 615     102.00000000     7.883445469E-03  west-boundary3
  3 3695     102.00000000     3.760873174E-02  west-boundary3
  3 680     102.00000000     6.691525606E-03  west-boundary3
  3 3634     102.00000000     4.081754431E-02  west-boundary3
  3 741     102.00000000     5.679502123E-03  west-boundary3
  3 3578     102.00000000     4.368397097E-02  west-boundary3
  3 803     102.00000000     4.939001265E-03  west-boundary3
  3 3519     102.00000000     4.486704481E-02  west-boundary3
  3 871     102.00000000     4.532693268E-03  west-boundary3
  3 3462     102.00000000     4.341254363E-02  west-boundary3
  3 937     102.00000000     4.521123306E-03  west-boundary3
  3 3410     102.00000000     3.928399037E-02  west-boundary3
  3 1011     102.00000000     4.981823691E-03  west-boundary3
  3 3325     102.00000000     3.328444760E-02  west-boundary3
  3 1187     102.00000000     6.041976556E-03  west-boundary3
  3 2896     102.00000000     2.657960261E-02  west-boundary3
  3 1357     102.00000000     7.894274988E-03  west-boundary3
  3 2464     102.00000000     2.021708656E-02  west-boundary3
  3 1691     102.00000000     1.076899886E-02  west-boundary3
  3 2028     102.00000000     1.486198915E-02  west-boundary3
