  0.10958804363    
  0.10772796141    
  9.70984579266E-02
  8.04452659727E-02
  5.91234956103E-02
  4.15118988948E-02
  3.51579513896E-02
  3.93526497568E-02
  5.69253513116E-02
  9.51165329354E-02
  0.15815432015    
  0.19452378177    
  0.25557306449    
  0.31497199667    
  0.34296326375    
  0.34691171231    
  0.36430857271    
  0.35651806773    
  0.35702906454    
  0.35310563190    
  0.35234865646    
  0.37003592303    
  0.40908311083    
  0.45481594954    
  0.50662321358    
  0.51997658173    
  0.53187583340    
  0.50571576242    
  0.47532564723    
  0.49475629028    
  0.47961026966    
  0.45343328886    
  0.41829558394    
  0.39177727287    
  0.34407506871    
  0.29401890201    
  0.29428173144    
  0.29745123813    
  0.29851649985    
  0.28692983056    
  0.28660210366    
  0.29383586146    
  0.30152348867    
  0.30391449851    
  0.30362687081    
  0.30131699260    
  0.30397008267    
  0.29358599394    
  0.30167183731    
  0.30133413232    
  0.29871448688    
  0.30167547109    
  0.29537460806    
  0.28737203227    
  0.28692367700    
  0.29281911540    
  0.29117968698    
  0.29087278446    
  0.29153737531    
  0.29119494483    
  0.29054144656    
  0.29082957514    
  0.28741696771    
  0.28706594091    
  0.28450044436    
  0.28734791428    
  0.30136183555    
  0.30164056141    
  0.11124284507    
  0.11422893559    
  0.10664385351    
  8.76028645616E-02
  6.46250735426E-02
  3.90758225488E-02
  2.01510275869E-02
  2.91870626580E-02
  6.07175864351E-02
  0.12251973608    
  0.18530141087    
  0.23041382475    
  0.30479027106    
  0.33357758274    
  0.36056836681    
  0.37866100430    
  0.36310966500    
  0.35404336609    
  0.36460389589    
  0.35415913556    
  0.33563634160    
  0.37970217857    
  0.38605383865    
  0.45338161549    
  0.50302390434    
  0.55041420805    
  0.55545504304    
  0.53292792459    
  0.52069156665    
  0.52364248857    
  0.50186665062    
  0.46818871027    
  0.43759390406    
  0.41189146855    
  0.35507026290    
  0.30506824130    
  0.27673536874    
  0.27944135956    
  0.28338631420    
  0.26204156859    
  0.26863099140    
  0.27456338672    
  0.27433570407    
  0.27235821074    
  0.27451840623    
  0.27440574182    
  0.27438398478    
  0.27450234614    
  0.28478057551    
  0.29329105114    
  0.28353676475    
  0.27034767446    
  0.27359990489    
  0.27460839029    
  0.27295808121    
  0.27472357999    
  0.27633476202    
  0.27249353717    
  0.27223666964    
  0.11763241689    
  0.11858245238    
  0.11594891053    
  9.27184116108E-02
  6.57619350491E-02
  4.28488052730E-02
  3.10262076745E-02
  4.09412245621E-02
  7.79671330819E-02
  0.15798572727    
  0.21455681281    
  0.26846708077    
  0.33862935554    
  0.37548879616    
  0.39185675860    
  0.40622831608    
  0.39444632096    
  0.38796558945    
  0.38819132324    
  0.38159932694    
  0.39564105749    
  0.42569510856    
  0.46097707005    
  0.51854577138    
  0.57918828412    
  0.61353784042    
  0.60236334844    
  0.58215126113    
  0.57635057027    
  0.56372937874    
  0.54375097787    
  0.52141911694    
  0.48630364448    
  0.44201439774    
  0.38423478642    
  0.33071207901    
  0.27998856483    
  0.25567534414    
  0.26517024777    
  0.26988475586    
  0.26743599407    
  0.27132122204    
  0.27314390374    
  0.27192843090    
  0.27463635213    
  0.27519085263    
  0.27886982888    
  0.27541230543    
  0.27173740093    
  0.27549105908    
  0.27187278532    
  0.28042593249    
  0.27600512957    
  0.27230954857    
  0.27069632967    
  0.27302158078    
  0.27184561147    
  0.27319808800    
  0.27467702375    
  0.27621004816    
  0.12754039748    
  0.13038498810    
  0.11723427506    
  9.44777336308E-02
  7.06041195251E-02
  4.91525669203E-02
  3.42427175157E-02
  5.56455867617E-02
  0.10619854373    
  0.18658821429    
  0.25707295585    
  0.32294999829    
  0.39512030759    
  0.43441465598    
  0.43922373083    
  0.44459109356    
  0.42916136800    
  0.41826571948    
  0.41864663791    
  0.42566934163    
  0.44901708144    
  0.49399476548    
  0.54852475978    
  0.63371941872    
  0.68406199901    
  0.70360001206    
  0.66146249105    
  0.63516284132    
  0.62429790582    
  0.60546729164    
  0.58469578789    
  0.56241268175    
  0.52279607614    
  0.46156202511    
  0.40356791918    
  0.35174522360    
  0.30580123140    
  0.28570917361    
  0.28070319970    
  0.27573001858    
  0.27665050859    
  0.27764191680    
  0.27833046612    
  0.28520929713    
  0.27938014926    
  0.27938481969    
  0.27997813062    
  0.28975664390    
  0.29320989621    
  0.28294177703    
  0.28823592902    
  0.28770737777    
  0.28660669943    
  0.28934971289    
  0.29018645371    
  0.28931048031    
  0.28711803921    
  0.28489622612    
  0.28883066647    
  0.27773367287    
  0.13229397751    
  0.13754905424    
  0.12033235473    
  9.87437155112E-02
  7.28772257572E-02
  5.46420187387E-02
  5.94330050941E-02
  8.71455349171E-02
  0.14805925001    
  0.23876160313    
  0.34005749843    
  0.39463586253    
  0.45132216614    
  0.47254065449    
  0.46307578669    
  0.46235946905    
  0.44896899092    
  0.43861306620    
  0.43973860142    
  0.45543456961    
  0.49707250406    
  0.54891758494    
  0.63860172298    
  0.71608966127    
  0.72978486784    
  0.71000118375    
  0.69128665873    
  0.67462724023    
  0.66723917536    
  0.64982786382    
  0.62997231681    
  0.60009136123    
  0.54689495632    
  0.47833124335    
  0.41725134690    
  0.35720093836    
  0.30069704456    
  0.29362931011    
  0.29053814508    
  0.28537627460    
  0.29026700231    
  0.29129571896    
  0.28604163426    
  0.29144050551    
  0.29301591437    
  0.28773772798    
  0.29297865551    
  0.28776366110    
  0.28983465144    
  0.29235040158    
  0.29281148439    
  0.29373885175    
  0.29353443219    
  0.29348616314    
  0.29176615403    
  0.29311299056    
  0.29421824488    
  0.29256090808    
  0.29363962265    
  0.14058813035    
  0.14103916838    
  0.12821233454    
  0.10903354056    
  8.37601874968E-02
  6.91281439923E-02
  8.40605528942E-02
  0.12063914868    
  0.19178366972    
  0.28105438899    
  0.38654527734    
  0.45250012277    
  0.51683936408    
  0.49191760037    
  0.47325166574    
  0.46858162129    
  0.45344291399    
  0.44511120308    
  0.45017446822    
  0.48142727859    
  0.52341969205    
  0.58509174079    
  0.68182080397    
  0.73979658349    
  0.74318852959    
  0.71196967242    
  0.70465810913    
  0.70476729998    
  0.69828665395    
  0.68697817514    
  0.65937885893    
  0.60286240400    
  0.53939010497    
  0.47776794537    
  0.42220068006    
  0.35867191405    
  0.30457059747    
  0.28782801348    
  0.29031368893    
  0.29220885813    
  0.29258373649    
  0.29133057461    
  0.29083857615    
  0.28797622966    
  0.29034790153    
  0.28208320207    
  0.28333461718    
  0.28607524423    
  0.27895482239    
  0.28297784791    
  0.29094273626    
  0.28857928359    
  0.29160033254    
  0.29222576301    
  0.29115022605    
  0.28819443614    
  0.28568593531    
  0.28705095376    
  0.28931504565    
  0.28596962588    
  0.28635665971    
  0.14969404525    
  0.15218325344    
  0.13720803873    
  0.11727819475    
  9.85101543618E-02
  9.00034931509E-02
  0.10194963859    
  0.14519064396    
  0.22321443871    
  0.32056211002    
  0.45491199982    
  0.49129802219    
  0.51213140030    
  0.49521658466    
  0.47243783239    
  0.45061672945    
  0.43497762138    
  0.43218039344    
  0.44658836929    
  0.47848584000    
  0.53391350557    
  0.60028233085    
  0.67984659571    
  0.72495148165    
  0.71900163601    
  0.70325824031    
  0.70954810837    
  0.71964271886    
  0.72215585852    
  0.70179690829    
  0.66537852304    
  0.59970148064    
  0.53553260595    
  0.48026741992    
  0.42335342215    
  0.35707418393    
  0.29776348596    
  0.26812602009    
  0.27673264756    
  0.28023810844    
  0.27406898999    
  0.27919485201    
  0.27299597340    
  0.28219396441    
  0.28504171292    
  0.29424683435    
  0.28995581614    
  0.29348927271    
  0.28939119407    
  0.29306418844    
  0.28930022915    
  0.29302061830    
  0.29063537280    
  0.29062869288    
  0.29188123974    
  0.29089468112    
  0.28314929082    
  0.28937020088    
  0.28374984663    
  0.28558649030    
  0.28566675173    
  0.15828639122    
  0.15392552869    
  0.14315243329    
  0.12695161997    
  0.10822767104    
  9.93966217059E-02
  0.11744335524    
  0.17866754664    
  0.28158473149    
  0.37253010347    
  0.44859778611    
  0.50553088828    
  0.51779726975    
  0.48459743061    
  0.46352091304    
  0.42423249591    
  0.40566267915    
  0.39640079424    
  0.43252263639    
  0.48034132556    
  0.53477766265    
  0.59057611928    
  0.66398000000    
  0.70403139961    
  0.69942355450    
  0.70164509611    
  0.71418373402    
  0.72586742946    
  0.72439652231    
  0.69345121650    
  0.65730921965    
  0.60010434579    
  0.53501021123    
  0.48634863814    
  0.41295762379    
  0.35353204282    
  0.31083571359    
  0.28937506672    
  0.29286302080    
  0.29124234223    
  0.28984476334    
  0.28506295939    
  0.28574143377    
  0.29338793336    
  0.28581748100    
  0.29831203759    
  0.28607706849    
  0.29794481002    
  0.29779714482    
  0.29735569166    
  0.29236575846    
  0.29421357021    
  0.29413697721    
  0.30090578504    
  0.29505989373    
  0.30194656787    
  0.30112295555    
  0.30005079306    
  0.29991023445    
  0.30093174633    
  0.16524833655    
  0.16125986150    
  0.15509348828    
  0.14194322276    
  0.12568878082    
  0.12453886277    
  0.15755504824    
  0.22062785494    
  0.31389232046    
  0.42180816507    
  0.46508398889    
  0.48902303358    
  0.48635010125    
  0.45597387496    
  0.41628600016    
  0.38369009752    
  0.36498890132    
  0.36425748746    
  0.41357381393    
  0.47094853138    
  0.53756551801    
  0.60573437759    
  0.62658949959    
  0.66293135116    
  0.67902168441    
  0.69077608041    
  0.70070224048    
  0.69912574670    
  0.68650632429    
  0.67199525440    
  0.64513627357    
  0.60233558095    
  0.52952194447    
  0.46781212521    
  0.40362283085    
  0.34707705615    
  0.31215498604    
  0.29589641118    
  0.29393810933    
  0.29820839427    
  0.29579202094    
  0.28992524652    
  0.30076806148    
  0.29295589457    
  0.30155860655    
  0.30174730348    
  0.30075131185    
  0.30234427657    
  0.30130660393    
  0.30271889265    
  0.30207949923    
  0.30463971269    
  0.30404899455    
  0.29479531923    
  0.29319746185    
  0.29034967467    
  0.29526753608    
  0.30161932528    
  0.30592808221    
  0.29696179958    
  0.30240538343    
  0.29808734764    
  0.29721578879    
  0.29420361560    
  0.29813283953    
  0.17279999340    
  0.17191685941    
  0.17050424231    
  0.16354064208    
  0.15414845816    
  0.16271604833    
  0.20052424714    
  0.25772164676    
  0.33766622420    
  0.43589193738    
  0.47654443653    
  0.47569270741    
  0.44157806719    
  0.40908134464    
  0.36409649184    
  0.32544436523    
  0.31228092234    
  0.35252652996    
  0.38762343280    
  0.45262091495    
  0.54058960045    
  0.57620732337    
  0.61309291434    
  0.64094318706    
  0.66177417911    
  0.67875902566    
  0.67384473874    
  0.66286626359    
  0.64894818691    
  0.63684307387    
  0.61639800414    
  0.57942732408    
  0.52074470262    
  0.46004184264    
  0.40647954889    
  0.34948257681    
  0.31658724286    
  0.29655665668    
  0.29250717670    
  0.29667491971    
  0.29987069279    
  0.29152639701    
  0.29377108793    
  0.29184474979    
  0.29462179622    
  0.29493102746    
  0.29389244669    
  0.29552163703    
  0.29443813547    
  0.29793867998    
  0.29852568705    
  0.29556315109    
  0.29955481599    
  0.29987642820    
  0.30254012091    
  0.29582866868    
  0.30003282543    
  0.30002216691    
  0.29548884350    
  0.28974081648    
  0.28936140598    
  0.19084889040    
  0.19130451852    
  0.19365537651    
  0.19010226231    
  0.18234908835    
  0.19306862056    
  0.23515334649    
  0.29243929086    
  0.35054638099    
  0.42565801158    
  0.46063175131    
  0.44774606867    
  0.39503910301    
  0.34737322105    
  0.30716025133    
  0.26935896979    
  0.27764049688    
  0.31420951737    
  0.36997409639    
  0.42400604578    
  0.51042683298    
  0.55516749884    
  0.59621969300    
  0.62274968419    
  0.63384436691    
  0.64691152931    
  0.64233643938    
  0.62970743146    
  0.61346985245    
  0.61143344431    
  0.59511639492    
  0.56478344999    
  0.51758584367    
  0.45988683471    
  0.40795983206    
  0.35636570586    
  0.31830002875    
  0.30354421108    
  0.30354559408    
  0.30220350906    
  0.30104293677    
  0.30169988292    
  0.29668188315    
  0.30283368655    
  0.28639275919    
  0.28532287809    
  0.28882861509    
  0.28925152675    
  0.28996985835    
  0.28968104085    
  0.28985796022    
  0.29165965722    
  0.29150713921    
  0.29003788779    
  0.28956096258    
  0.29125450416    
  0.28870826912    
  0.29150624728    
  0.29035008625    
  0.28995845668    
  0.28890719590    
  0.28828799374    
  0.28734696041    
  0.28724458850    
  0.28054143041    
  0.21451819659    
  0.21449513634    
  0.21917140604    
  0.21963424173    
  0.22323107681    
  0.23172089254    
  0.26620452591    
  0.31714995147    
  0.35959299184    
  0.40411371047    
  0.42398049868    
  0.40055744455    
  0.33959548547    
  0.29019494598    
  0.24418769816    
  0.22582583689    
  0.22925716430    
  0.27075398162    
  0.31929920686    
  0.30957256868    
  0.42997705822    
  0.51113346459    
  0.55549044873    
  0.58882809849    
  0.61661828615    
  0.61177563065    
  0.60994880680    
  0.59777912321    
  0.60655840254    
  0.59941753637    
  0.58500989357    
  0.55943027626    
  0.51905516835    
  0.44949609472    
  0.39958643898    
  0.35144532165    
  0.29841621866    
  0.29235445006    
  0.28666899042    
  0.27761455491    
  0.28177631570    
  0.28797685797    
  0.28925139123    
  0.28465369989    
  0.28569374415    
  0.28745842025    
  0.28635613844    
  0.28759183908    
  0.28763382002    
  0.29256847993    
  0.28470490933    
  0.28404078678    
  0.28468861260    
  0.28354008270    
  0.28421437808    
  0.28066179393    
  0.28294053147    
  0.28198574565    
  0.28222625054    
  0.28127650586    
  0.29240387223    
  0.22727334928    
  0.23620167099    
  0.25492113759    
  0.25923828101    
  0.26013218771    
  0.27195915285    
  0.30332528360    
  0.34287536732    
  0.37311052460    
  0.38520349550    
  0.38028276114    
  0.35030569552    
  0.29371114392    
  0.25027229196    
  0.21058858606    
  0.18831180849    
  0.16214198413    
  0.21863507921    
  0.20572311938    
  0.19280110549    
  0.28970959730    
  0.37337446800    
  0.50926959659    
  0.54350185552    
  0.55922747162    
  0.57082553859    
  0.58527168678    
  0.60035197924    
  0.61006604448    
  0.60246908697    
  0.59286053685    
  0.53779241196    
  0.48929536396    
  0.42795745084    
  0.36394110504    
  0.31477673382    
  0.27811194529    
  0.27486328762    
  0.27668083797    
  0.27853037741    
  0.27414734392    
  0.27743020406    
  0.26835960525    
  0.27355070520    
  0.27657985840    
  0.27263821581    
  0.27358285238    
  0.26569668522    
  0.26392900203    
  0.26875746169    
  0.28084039836    
  0.28243448953    
  0.28145664128    
  0.27952512015    
  0.27871851103    
  0.27812411449    
  0.27739779164    
  0.28033264465    
  0.27654615551    
  0.27593050601    
  0.26702790555    
  0.27059000009    
  0.19507308404    
  0.25447246958    
  0.25728234353    
  0.20991648301    
  0.29072945157    
  0.31396706391    
  0.34299219184    
  0.36695159012    
  0.38157583419    
  0.37614843664    
  0.34656972822    
  0.31003444689    
  0.26190395832    
  0.21207814807    
  0.18182452839    
  0.11341467057    
  4.56912363655E-02
  0.11540554118    
  0.11629859514    
  5.82851578021E-02
  7.79631603558E-02
  0.22822515700    
  0.45648732193    
  0.47985960597    
  0.49930311203    
  0.53413220944    
  0.56546905829    
  0.60528845999    
  0.62456642411    
  0.58567267046    
  0.58087773349    
  0.50228542902    
  0.44267522720    
  0.37647462978    
  0.31858420033    
  0.27390951365    
  0.26144138985    
  0.25869559576    
  0.23747506967    
  0.24510414712    
  0.26346778110    
  0.26463420311    
  0.26114020951    
  0.26221075633    
  0.26530044851    
  0.26687176378    
  0.26678779656    
  0.26379675003    
  0.26533852717    
  0.26105681109    
  0.26066720563    
  0.26089101350    
  0.26045158559    
  0.26239949305    
  0.26136747052    
  0.25742364208    
  0.25691561636    
  0.25034294334    
  0.25259091946    
  0.25256517418    
  0.25013416066    
  0.24984319575    
  0.26070688257    
  0.26021777146    
  0.26113899732    
  0.25994465570    
  0.25638006249    
  0.25588873414    
  0.24608535503    
  0.18779423106    
  8.88153099750E-02
  8.04352478327E-02
  0.20960316175    
  0.31630618738    
  0.36601201741    
  0.34087491568    
  0.34470700045    
  0.35676982909    
  0.30079891050    
  0.27611258512    
  0.23655137284    
  0.19743303356    
  0.16842762584    
  8.58220354057E-02
  2.27276717822E-03
  0.10526891700    
  6.53513736622E-02
  8.33219834811E-03
  2.14964047376E-02
  8.50007967012E-02
  0.19474324113    
  0.33668975876    
  0.43649590421    
  0.51041849616    
  0.54401114470    
  0.57024890009    
  0.55806905376    
  0.52536089287    
  0.49087988593    
  0.43026772217    
  0.36492887414    
  0.32543845313    
  0.28715107926    
  0.25481388977    
  0.23092070283    
  0.23611774803    
  0.24471857860    
  0.23829142271    
  0.23997816099    
  0.24011921111    
  0.23845609918    
  0.24171398417    
  0.23689028700    
  0.23789590906    
  0.23924317015    
  0.23855886364    
  0.23938719192    
  0.24534202492    
  0.24930498691    
  0.24918197475    
  0.24894212212    
  0.25039462586    
  0.24384273721    
  0.24642608068    
  0.24416926798    
  0.24662107759    
  0.24883048742    
  0.24299959905    
  0.23976046551    
  0.24146960923    
  0.24020186241    
  0.24153941360    
  0.24058015841    
  0.23982728753    
  0.30710710545    
  0.17646217361    
  3.32007484621E-02
  2.67388036543E-02
  0.25757187701    
  0.31371336704    
  0.33503267414    
  0.34993788297    
  0.33763284820    
  0.36461584665    
  0.35649508641    
  0.35612332399    
  0.34221365601    
  0.32779133692    
  0.32690755912    
  0.32665647842    
  0.28231915418    
  0.27698712604    
  0.33993439778    
  0.28941336376    
  0.25255085703    
  0.22052242880    
  0.18866928546    
  0.16406612157    
  0.12598706863    
  3.44489109929E-03
  4.66750702547E-02
  7.35837225584E-02
  4.03359478164E-02
  3.71978697834E-02
  4.07121019423E-02
  7.22444156792E-02
  0.24099519055    
  0.41786053981    
  0.47192594917    
  0.49211055257    
  0.51456173846    
  0.48935526900    
  0.46111331628    
  0.44384466089    
  0.38526852739    
  0.32182405264    
  0.29351213370    
  0.25968651599    
  0.23165366397    
  0.24018149097    
  0.23291502403    
  0.21615029904    
  0.23772705039    
  0.23773135716    
  0.23597777396    
  0.23716963881    
  0.23834898170    
  0.23820760672    
  0.23844932745    
  0.23807891007    
  0.24307176381    
  0.23647781027    
  0.23846668143    
  0.23682371322    
  0.23704112485    
  0.23943763736    
  0.23342947732    
  0.23456728128    
  0.23162196784    
  0.23291676047    
  0.23474358348    
  0.23254724895    
  0.23464062354    
  0.23669609457    
  0.23792351124    
  0.23655351812    
  0.23647945194    
  0.23655907027    
  0.33986987856    
  0.23628000746    
  0.12455898743    
  0.24747799091    
  0.40734082829    
  0.41896634687    
  0.42467520100    
  0.44861128823    
  0.38690271759    
  0.36166190829    
  0.42865030812    
  0.39015147866    
  0.36006575285    
  0.35981601706    
  0.36342192633    
  0.37343598905    
  0.38023035640    
  0.36965106934    
  0.37196743165    
  0.36889847145    
  0.36830490202    
  0.36143745599    
  0.42791156296    
  0.40347212505    
  0.38662871943    
  0.41061601940    
  0.40525764131    
  0.42739153156    
  0.41320873242    
  0.38430973980    
  0.37357897038    
  0.39435947774    
  0.39012529801    
  0.37692805789    
  0.39919869658    
  0.44559733878    
  0.35751876154    
  0.35108105514    
  0.35641529387    
  0.32149756936    
  0.42683307026    
  0.33424904398    
  0.34643207226    
  0.36176320464    
  0.35133375698    
  0.36607034487    
  0.34782713539    
  0.33915653246    
  0.36685474795    
  0.35635480349    
  0.37236512485    
  0.36450389788    
  0.34982752643    
  0.34319207093    
  0.36204242569    
  0.35458122296    
  0.33609716947    
  0.37298461472    
  0.36892304483    
  0.39516806816    
  0.37380745390    
  0.37335270452    
  0.39180840553    
  0.37681002069    
  0.31870939638    
  0.30211800332    
  0.33617688729    
  0.32638990010    
  0.34213368191    
  0.32477838710    
  0.29768756552    
  0.27245673876    
  0.24500767487    
  0.27164245546    
  0.22924445306    
  0.34362349509    
  0.32415290048    
  0.34623825154    
  0.32562044912    
  0.32163624294    
  0.30158677822    
  0.32425592811    
  0.30145958484    
  0.35809208430    
  0.31410415762    
  0.27898872881    
  0.25637538993    
  0.27754469122    
  0.27225349726    
  0.23554760514    
  0.29990540658    
  0.27983880360    
  0.30295019508    
  0.29215025653    
  0.25744251470    
  0.22955728267    
  0.27044705911    
  0.22356559616    
  0.18026354516    
  0.12515792166    
  0.16198743656    
  0.11335272422    
  0.16946065475    
  0.10411707305    
  7.55810506042E-02
  5.02227893454E-02
  5.06824794369E-02
  2.45793405517E-02
  0.13657951746    
  0.20231290927    
  4.27763986634E-02
  4.90883863181E-02
  1.60428642305E-02
  1.93895740546E-02
  6.77570062560E-02
  9.69945510819E-02
  3.30332727047E-02
  5.85181557362E-02
  0.22332347379    
  0.25353999164    
  0.14219737857    
  0.23809890331    
  0.25114199971    
  0.18663904321    
  0.19750779805    
  0.13355918724    
  0.12189771931    
  1.45804468895E-02
  8.27188283806E-03
  9.44917602748E-02
  9.08982768356E-02
  3.92376501844E-02
  3.83992696278E-02
  2.93810811243E-02
  0.17786602790    
  0.36788513834    
  0.40164738539    
  0.46294887782    
  0.46754050081    
  0.44974138868    
  0.40390788743    
  0.37641226709    
  0.34156261802    
  0.31452149676    
  0.27745875223    
  0.22961424527    
  0.23668412104    
  0.22126528418    
  0.21430635196    
  0.22474489696    
  0.21223997338    
  0.23889797731    
  0.20317963070    
  0.17989707466    
  0.22405568912    
  0.20940271251    
  0.19284985087    
  0.20412140452    
  0.18999007603    
  0.20720309956    
  0.23261279942    
  0.23148077153    
  0.23029602024    
  0.23202264665    
  0.20561700303    
  0.19943208798    
  0.20521747941    
  0.19889346226    
  0.23131121224    
  0.18155370024    
  0.20271119454    
  0.19815406057    
  0.20177106397    
  0.19723550770    
  0.18686138653    
  0.17757907526    
  0.35516149504    
  0.33506157615    
  0.32587899173    
  0.46685580139    
  0.44776989777    
  0.42459698226    
  0.45847066213    
  0.45538975815    
  0.47490692118    
  0.39357304315    
  0.38191347538    
  0.41471803157    
  0.39291860294    
  0.37635130387    
  0.31861545712    
  0.28886262745    
  0.23575892157    
  0.31009382011    
  0.26278620252    
  0.35626824639    
  0.30515807070    
  0.39741617738    
  0.33617397435    
  0.21058361661    
  0.17012351344    
  0.23162240978    
  0.20207510222    
  0.12796559705    
  9.07460231569E-02
  0.15419975468    
  0.10552692370    
  0.29140482090    
  0.20468372492    
  5.81222089611E-02
  3.39036967507E-02
  6.26284565233E-02
  3.34525832423E-02
  1.93243860966E-02
  1.10235844315E-02
  1.64439885253E-02
  7.76483478881E-03
  5.84223453131E-02
  1.25983676945E-02
  0.29731644014    
  5.99645655296E-02
  7.18805911572E-03
  6.47065237957E-03
  3.78597657171E-03
  3.29549531812E-03
  8.08760725635E-03
  1.15736844602E-02
  5.23221492656E-03
  8.49611194984E-03
  3.35564204724E-03
  6.25021463036E-03
  1.70127013239E-02
  2.47146218905E-02
  1.32368927332E-02
  1.97877508266E-02
  3.74238196791E-02
  1.16390433095E-02
  1.71140563215E-02
  1.16998684719E-02
  1.62480719461E-02
  2.46009420771E-02
  3.38119406161E-02
  2.18639376929E-02
  2.86209288596E-02
  1.65999553412E-02
  1.52708608125E-02
  2.01620653705E-02
  2.44237741939E-02
  1.89677632878E-02
  2.11616654797E-02
  2.00645738564E-02
  1.86318982938E-02
  1.90950385002E-02
  1.88758685032E-02
  1.74174345769E-02
  7.30652714318E-02
  0.14897669339    
  4.99712474233E-02
  9.91589089687E-02
  0.22973044977    
  2.89813528631E-02
  4.04208603235E-02
  1.63560816478E-02
  1.45728877569E-02
  3.40184105667E-02
  0.13226241567    
  0.10604278651    
  4.63456677595E-02
  4.61524717503E-02
  0.11398348378    
  0.15032170721    
  5.60020115317E-02
  0.12386482168    
  0.21020229983    
  0.12504415406    
  0.17083360364    
  5.77911596977E-02
  4.34020673513E-02
  1.60651701176E-02
  2.01734131260E-02
  1.15282939512E-02
  9.30625227851E-03
  3.59872201423E-02
  7.46520329417E-03
  1.98464390094E-02
  6.67537088519E-02
  4.66012290222E-03
  4.89553682689E-02
  3.92453859795E-02
  3.46541495354E-02
  4.50684589683E-02
  1.74003982250E-02
  9.28616805649E-03
  3.63214466154E-02
  2.09060347859E-02
  4.33345377676E-03
  7.26996085024E-03
  6.95694784828E-03
  5.54681128240E-03
  1.28394662882E-02
  9.23628709385E-03
  7.15506828625E-03
  5.74116957787E-02
  2.50058722292E-02
  1.56741383628E-02
  7.43175008516E-02
  0.10052670570    
  0.22941728282    
  0.27469482988    
  0.30161211816    
  0.40062807934    
  0.41193606592    
  0.37847127501    
  0.29133342500    
  0.23695759064    
  0.30244262503    
  0.33822412332    
  0.13495452625    
  0.15928524731    
  0.23167834666    
  6.97445855732E-02
  0.24113531163    
  0.23254405445    
  0.21868812914    
  0.20560856653    
  0.17044982439    
  0.20211913049    
  0.20042290258    
  0.20277951932    
  0.19840523854    
  0.20490610684    
  0.19844118425    
  0.21382990249    
  0.19758982319    
  0.17346911590    
  0.16961014048    
  0.19444243105    
  0.19479076466    
  0.18501043144    
  0.18614413045    
  0.20325862706    
  0.19393664336    
  0.17431387815    
  0.17735158890    
  0.16290921944    
  0.16860174041    
  0.36261404909    
  0.43217989530    
  0.44665419621    
  0.49055252638    
  0.52133428242    
  0.49651032203    
  0.44581360347    
  0.40471325283    
  0.25334145613    
  6.88114531576E-02
  2.85270149673E-02
  2.00035962999E-02
  1.67417599496E-02
  2.29256040107E-02
  1.74132247218E-02
  4.68082489329E-02
  2.53202357046E-02
  0.29532601280    
  7.73847330074E-02
  1.33074438713E-02
  1.01353935595E-02
  1.25525578124E-02
  8.51126396440E-03
  5.24110445032E-03
  1.32867650040E-02
  8.59747715887E-03
  1.59750566306E-02
  1.04742294502E-02
  5.14688136959E-03
  2.90499444041E-03
  6.74344084561E-03
  4.68728866333E-03
  5.14911894177E-03
  1.11015213032E-02
  2.65699798430E-03
  4.50294852480E-03
  4.39364867880E-03
  5.70363095170E-03
  9.09837028031E-03
  2.04666423679E-02
  1.12414588131E-02
  4.08593801025E-02
  2.62442469498E-02
  7.46733521772E-03
  8.44175554084E-03
  1.22072434558E-02
  1.28596155085E-02
  1.05844077369E-02
  1.33917312747E-02
  1.44488925948E-02
  1.64492545692E-02
  2.16543533761E-02
  2.26742331666E-02
  1.89202506649E-02
  2.56810344984E-02
  1.42098877931E-02
  1.80923872260E-02
  1.45490899729E-02
  1.77473785741E-02
  2.10736069002E-02
  2.17497306699E-02
  2.09448915896E-02
  2.16206540076E-02
  2.59296296352E-02
  3.00740339253E-02
  2.14636930585E-02
  2.35714948141E-02
  2.09268050583E-02
  2.39659299392E-02
  2.42231576943E-02
  2.54911619469E-02
  2.58541823111E-02
  2.44560028882E-02
  1.61956677977E-02
  1.90796912641E-02
  1.95591501892E-02
  2.21019911657E-02
  2.33739528051E-02
  2.68952353873E-02
  2.84206547687E-02
  2.17188259336E-02
  2.66921282778E-02
  2.84917564440E-02
  3.47082939401E-02
  2.40324969356E-02
  2.32978439044E-02
  2.15242882308E-02
  1.66544356928E-02
  1.95082764385E-02
  1.30644581022E-02
  1.43931081564E-02
  9.20885296744E-03
  1.49337035804E-02
  7.20663754170E-03
  4.67927531415E-02
  0.15737777993    
  8.70230354366E-03
  2.43222412992E-02
  4.74951071417E-03
  1.08655615941E-02
  0.13185415266    
  0.11432840980    
  3.89321557398E-02
  8.40974936686E-02
  1.85102371628E-02
  1.86154927362E-02
  3.02094175043E-02
  2.17955336455E-02
  1.69006153871E-02
  4.45149445358E-02
  3.57034011886E-02
  5.46705504746E-02
  0.14612604356    
  0.10577438386    
  0.11750437008    
  0.12581061371    
  0.10486035731    
  0.10651920095    
  0.10223689916    
  5.32577965155E-02
  2.52824621092E-02
  4.94502197477E-02
  4.29657936387E-02
  8.06329052740E-02
  9.08069067521E-02
  7.47355767427E-02
  8.75700834579E-02
  9.29315514951E-02
  7.42080502247E-02
  6.86434179328E-02
  7.39612063622E-02
  6.61163699067E-02
  7.36020899451E-02
  7.26281842939E-02
  5.07073428864E-02
  7.42940646978E-02
  6.29763398248E-02
  5.35648309865E-02
  4.20746333900E-02
  5.00972617359E-02
  5.86066388354E-02
  7.50152305177E-02
  5.83088929721E-02
  8.19203794159E-03
  2.62429622032E-02
  4.87373724243E-02
  7.78933957834E-02
  1.87052696379E-02
  1.69646567490E-02
  2.90474581190E-02
  2.08618865607E-02
  0.11258480989    
  6.37713942020E-02
  4.64151780372E-02
  6.89259202810E-02
  4.08802823108E-02
  4.73466588367E-02
  5.44875170120E-02
  4.08596983871E-02
  4.99762923054E-02
  4.03770955304E-02
  3.23432101406E-02
  2.45097521594E-02
  3.29444080900E-02
  2.80460672520E-02
  2.45130176989E-02
  1.80541415714E-02
  2.27580494869E-02
  1.65154463553E-02
  2.79514776660E-02
  1.66865734945E-02
  1.16008976022E-02
  9.79960100797E-03
  1.15865572129E-02
  9.94205418301E-03
  8.91460677644E-03
  9.45635872968E-03
  8.74773470359E-03
  1.06615016531E-02
  1.40205838001E-02
  8.48066744947E-03
  8.36374046197E-03
  7.27953806074E-03
  6.31008877285E-03
  8.30914669892E-03
  9.41830133538E-03
  6.00070284584E-03
  6.18819523952E-03
  1.33079406857E-02
  1.16000493844E-02
  1.23171668273E-02
  1.04206474674E-02
  9.47473692307E-03
  8.02457589104E-03
  8.69280551365E-03
  7.16982107382E-03
  1.04147855796E-02
  6.80329105276E-03
  5.56276664467E-03
  3.70123539394E-03
  4.96593602041E-03
  3.87008549122E-03
  2.37974446823E-02
  4.45082266130E-02
  6.23563643991E-02
  3.88014710379E-02
  6.42803479884E-02
  1.21792123223E-02
  1.76629469791E-02
  7.77600748301E-03
  1.14535677171E-02
  2.75096764885E-02
  4.23205473117E-02
  1.75662813421E-02
  2.58899508335E-02
  7.17400875244E-02
  5.37224623859E-02
  9.20226717907E-02
  6.10015043627E-02
  3.79846089547E-02
  2.78522892398E-02
  4.28441247097E-02
  3.29796448218E-02
  4.32522064040E-02
  3.69284361089E-02
  5.19250854336E-03
  1.13008888982E-02
  4.24110554243E-03
  5.84854335131E-03
  1.76178374752E-02
  2.14894335486E-02
  1.72935465286E-02
  2.61271662805E-02
  2.13634417712E-02
  1.47686724954E-02
  2.97894537767E-02
  2.49448133168E-02
  3.13932218987E-02
  2.83562962431E-02
  2.11549376003E-02
  1.79336614403E-02
  2.56217113056E-02
  2.17389866343E-02
  1.09199712913E-02
  8.96597813703E-03
  1.50996995843E-02
  1.27124663828E-02
  1.78165320282E-02
  1.46535549456E-02
  1.02463108072E-02
  3.62469743960E-02
  3.03510145915E-02
  4.91125292172E-02
  4.31097116790E-02
  2.09700015634E-02
  1.69339307879E-02
  2.38457362393E-02
  1.89261576716E-02
  1.37099102787E-02
  1.14991984392E-02
  1.60589951905E-02
  1.31071334479E-02
  2.69479231406E-02
  1.80420950094E-02
  1.49155994882E-02
  1.92547707435E-02
  1.59923820103E-02
  6.07379988845E-03
  2.71996722319E-02
  9.96171690001E-03
  1.06145585274E-02
  1.31028849436E-02
  1.24068264397E-02
  1.38863477787E-02
  1.29149068418E-02
  1.33768936467E-02
  2.70973068723E-02
  4.69966598549E-02
  2.17795703899E-02
  3.80259020767E-02
  1.40249066866E-02
  1.50652519814E-02
  1.66765478906E-02
  1.69397899967E-02
  2.94299086432E-02
  5.54172083116E-02
  4.39702121083E-02
  0.12894964532    
  0.15213824140    
  0.13575485508    
  6.63180760109E-02
  8.95257717701E-02
  9.41212575882E-02
  6.99938653647E-02
  7.70654095686E-02
  0.13612341796    
  0.12359595727    
  9.64535902710E-02
  9.42392169175E-02
  8.23548069869E-02
  8.33963993257E-02
  7.17023074991E-02
  0.13375297378    
  0.31687883641    
  0.24155616267    
  0.23402967711    
  0.10411592497    
  0.15250589273    
  0.26605177247    
  9.61139793928E-02
  2.45659675302E-02
  7.16603637219E-02
  1.85526868396E-02
  3.20506142080E-02
  0.12595785912    
  0.13864815210    
  9.21574260242E-02
  0.11402660240    
  0.15272264478    
  0.16013378462    
  0.14326267345    
  0.13475032309    
  9.02785604085E-02
  7.02103676618E-02
  7.14362141103E-02
  7.96629205309E-02
  8.97210886845E-02
  0.10425562267    
  5.77673341065E-02
  7.73044669721E-02
  9.68828374631E-02
  7.80570831351E-02
  8.93191397675E-02
  8.72023625697E-02
  0.47563565678    
  0.49807031818    
  0.53604270282    
  0.56004791061    
  0.55918128392    
  0.53788146171    
  0.49443913036    
  0.42092150950    
  0.39332103064    
  0.26455525446    
  8.07659397313E-02
  5.96331797699E-02
  0.18812269213    
  0.19112418370    
  5.83904974255E-02
  6.20480650892E-02
  0.15437440277    
  0.14039866595    
  6.92325379677E-02
  0.10166358526    
  0.23562826877    
  0.30460125585    
  8.99524622950E-02
  7.38888130003E-02
  0.16507515296    
  8.55645995923E-02
  3.58815903034E-02
  1.02983729185E-02
  3.33784073613E-02
  9.56840946846E-03
  5.47371891019E-03
  4.65658912594E-03
  6.87509640446E-03
  7.94765279773E-03
  3.59037088207E-03
  3.59944428191E-03
  4.60227929861E-03
  2.82864280515E-03
  2.68274813325E-02
  2.57965194952E-02
  1.70779092902E-02
  1.86101923834E-02
  1.40132220104E-02
  1.06285470013E-02
  1.23752380164E-02
  1.39548060162E-02
  1.30592224792E-02
  1.34406428818E-02
  1.21503375262E-02
  1.27829521846E-02
  1.35568318121E-02
  1.19341804478E-02
  1.24416324464E-02
  1.07518521140E-02
  1.06504935938E-02
  1.10239560745E-02
  9.01787939273E-03
  9.36153076328E-03
  1.54661365592E-02
  2.00471769279E-02
  1.20143397735E-02
  1.38070423979E-02
  1.03542639670E-02
  1.20456560454E-02
  1.58815230782E-02
  8.22037332285E-03
  7.08737455457E-03
  8.45704810629E-03
  6.67303063860E-03
  9.19396991054E-03
  1.09561746559E-02
  8.61729407422E-03
  1.08141777785E-02
  1.32255172856E-02
  1.49545039641E-02
  1.31469329321E-02
  1.48598056105E-02
  1.10086357359E-02
  1.40360564750E-02
  1.59041477786E-02
  1.60861884452E-02
  1.82483185028E-02
  2.17146259710E-02
  1.90843353188E-02
  1.76359161356E-02
  1.76091258293E-02
  1.71156423058E-02
  1.73028080286E-02
  1.71426013234E-02
  1.42029991544E-02
  1.28257899911E-02
  1.59540660664E-02
  1.51735836400E-02
  1.65996981690E-02
  1.58682164711E-02
  1.48201736245E-02
  1.47693823606E-02
  1.56337708721E-02
  1.55748544722E-02
  1.59812747571E-02
  1.67220302092E-02
  1.62426106021E-02
  1.71116893046E-02
  1.68513489565E-02
  1.66365380955E-02
  1.74268121502E-02
  1.75853709048E-02
  1.92055419077E-02
  1.96506714760E-02
  1.67934958024E-02
  1.62917749389E-02
  1.87517571112E-02
  1.76271297578E-02
  1.58636826726E-02
  2.06452638163E-02
  1.59851974691E-02
  1.77749754866E-02
  1.66138800367E-02
  1.80786047620E-02
  2.01232335942E-02
  2.27838739501E-02
  2.02227246427E-02
  2.27737558036E-02
  2.91392252692E-02
  4.35975086942E-02
  2.65378416889E-02
  3.15428751958E-02
  2.61982323858E-02
  3.00406195342E-02
  4.07453202410E-02
  1.72847417266E-02
  2.06063979377E-02
  1.69763270984E-02
  1.82340326176E-02
  2.51261378730E-02
  2.85095091276E-02
  2.33080602461E-02
  2.65252981754E-02
  3.31247191167E-02
  3.93058604126E-02
  3.05772423582E-02
  3.58385433825E-02
  2.21377451892E-02
  2.76935006981E-02
  3.20999551367E-02
  2.47845793062E-02
  2.89817732239E-02
  9.31913542311E-02
  0.13187557762    
  4.87034029628E-02
  6.85000207248E-02
  3.64040334330E-02
  4.16596797347E-02
  3.24312916480E-02
  3.61087338930E-02
  4.87639506975E-02
  5.57662616180E-02
  4.07357773850E-02
  4.69047828112E-02
  8.64962894471E-02
  0.10387030810    
  6.40844760745E-02
  8.54541587862E-02
  0.10935954707    
  0.14159759940    
  0.14526004429    
  0.28905835234    
  0.12053471508    
  6.77099586231E-02
  0.17316622144    
  9.03112218052E-02
  4.11527312361E-02
  5.03686747681E-02
  5.17946853526E-02
  5.04174132756E-02
  5.39947589164E-02
  5.39932814178E-02
  5.67134411371E-02
  5.88215684324E-02
  6.43384369497E-02
  5.72784256193E-02
  6.16159510227E-02
  6.83650893063E-02
  7.35835482073E-02
  6.83772742899E-02
  7.09035242013E-02
  5.76380113244E-02
  6.12629010688E-02
  5.92626619711E-02
  6.44121629342E-02
  6.87121389012E-02
  6.07348591925E-02
  5.64294605353E-02
  5.71778112415E-02
  6.12279734136E-02
  6.38230543151E-02
  7.47839329726E-02
  6.86843730395E-02
  6.75061911701E-02
  7.62853873665E-02
  7.13447890412E-02
  6.47937176356E-02
  6.61238352136E-02
  7.04594812237E-02
  7.10177583879E-02
  7.27746232516E-02
  7.56952385113E-02
  6.90344128355E-02
  7.28853752305E-02
  7.99279653809E-02
  7.89528399483E-02
  7.65401905557E-02
  7.79243443842E-02
  7.54855179163E-02
  7.70286210525E-02
  7.71569913126E-02
  7.59578803100E-02
  7.55862693753E-02
  7.48266778646E-02
  7.46143746378E-02
  7.45963644977E-02
  7.47735852159E-02
  7.41731842603E-02
  7.47014152834E-02
  7.67517056713E-02
  7.54081849450E-02
  7.42685410456E-02
  7.80919622417E-02
  7.31646908209E-02
  7.31737534995E-02
  7.28999477724E-02
  7.03864186906E-02
  7.14651711298E-02
  7.70238819892E-02
  6.99740984006E-02
  7.02398013843E-02
  7.07497640646E-02
  6.99373431697E-02
  7.39550131668E-02
  8.89883630075E-02
  0.13466998523    
  9.40847085977E-02
  0.13821114060    
  0.18110262035    
  0.15598363822    
  0.18671172182    
  0.20893434333    
  0.19969380569    
  0.24874431462    
  0.20571001242    
  0.17464822039    
  0.25127734955    
  0.24447212948    
  0.29772669548    
  0.28880309359    
  0.22195002920    
  0.19688184063    
  0.25336587366    
  0.21606161588    
  8.34501715914E-02
  0.14645354616    
  0.14243642602    
  0.13198048736    
  0.17433926902    
  0.15892771935    
  0.18603133954    
  0.16651887247    
  0.14867710637    
  0.14871991343    
  0.15416513672    
  0.15566104567    
  0.14463739017    
  0.17239743114    
  0.16503886350    
  0.18890814975    
  0.21529129372    
  0.25283476081    
  0.24873863274    
  0.25021325214    
  0.21518929588    
  5.99407763770E-02
  0.18125499884    
  0.10930850371    
  0.18400966616    
  0.11430001507    
  5.73533292936E-02
  2.88369632218E-02
  6.90076012119E-02
  4.34631876482E-02
  5.42656117141E-02
  0.10230014582    
  3.04750009613E-02
  3.99813715059E-02
  3.55274133923E-02
  3.53116253945E-02
  4.65246347838E-02
  4.80642986820E-02
  3.62242803023E-02
  3.20754596774E-02
  0.10747526513    
  6.79307985851E-02
  4.57188368254E-02
  3.63724875721E-02
  2.87583933763E-02
  2.16958133577E-02
  1.64426687034E-02
  4.30663518231E-02
  2.37157673545E-02
  1.71590028062E-02
  1.87031564723E-02
  1.74158093778E-02
  1.64318210737E-02
  1.63803090046E-02
  1.17546723169E-02
  1.11993448870E-02
  1.47854362483E-02
  1.10281685570E-02
  1.81719075560E-02
  1.78815451711E-02
  2.38614823727E-02
  9.17777293263E-02
  2.37400382393E-02
  3.86576136751E-02
  4.93645582271E-02
  7.59238094180E-02
  6.27048883439E-02
  6.59981851509E-02
  6.88443377385E-02
  7.97407728273E-02
  0.10373659103    
  7.76858678831E-02
  0.11937422407    
  8.64881537655E-02
  8.66698713961E-02
  4.67594157477E-02
  8.07717251184E-02
  3.66214133430E-02
  0.51313588637    
  0.49496619847    
  0.54954039006    
  0.49449497738    
  0.39324785564    
  0.46814728701    
  0.48219982992    
  0.44134356255    
  0.40451154397    
  0.38005396076    
  0.35596184826    
  0.35482439490    
  0.41887075928    
  0.41461242034    
  0.22303374475    
  0.19479930331    
  0.15178693662    
  0.10748370725    
  0.29728479470    
  0.27353011197    
  0.15881537034    
  0.20386453656    
  0.24177354112    
  0.14346432329    
  0.28757820943    
  0.21039158361    
  5.80619358071E-02
  6.87689242960E-02
  2.08050903326E-02
  3.16806893981E-02
  2.02095991483E-02
  1.90774844430E-02
  2.38643439121E-02
  3.80827308155E-02
  4.43663986041E-02
  7.03840288016E-02
  0.12766628718    
  3.09952464415E-02
  2.17131775809E-02
  6.88635126518E-02
  3.11508016338E-02
  1.37149322239E-02
  1.86570630689E-02
  2.27371636914E-02
  1.70622063804E-02
  1.97688883953E-02
  1.92724739000E-02
  1.87181274035E-02
  2.67803143246E-02
  3.40547025934E-02
  3.81336174284E-02
  2.79246250116E-02
  3.09590061705E-02
  2.13954063586E-02
  2.22135673869E-02
  4.49018807030E-02
  5.39827074863E-02
  3.63431964351E-02
  4.52343682467E-02
  6.91533418067E-02
  2.91713652902E-02
  3.82147493056E-02
  2.40605375329E-02
  3.36053469165E-02
  5.12329247421E-02
  6.77729856335E-02
  4.64686235389E-02
  6.31187999382E-02
  2.12539094558E-02
  2.86641522591E-02
  4.42450966812E-02
  5.99648841803E-02
  4.33346208955E-02
  5.74620103639E-02
  3.13100842319E-02
  4.30860316472E-02
  5.54973288469E-02
  4.25653081309E-02
  5.28112347765E-02
  0.10816643899    
  0.16510784428    
  9.86003893722E-02
  0.16458620879    
  0.24524620307    
  9.08715820813E-02
  0.16553465517    
  7.17253133328E-02
  9.62047164331E-02
  6.77883105643E-02
  8.72786008614E-02
  0.12874508481    
  0.17557208321    
  0.11350789144    
  0.14819632743    
  0.28535219227    
  0.29577998022    
  0.24484013928    
  0.25275631003    
  0.19687571743    
  0.12048714863    
  0.18990718679    
  0.14598456188    
  0.15053550166    
  0.15235384801    
  0.17610639156    
  7.99506905273E-02
  7.56956555830E-02
  6.92760022745E-02
  6.37866027974E-02
  6.23605658882E-02
  0.11254312147    
  9.03852217846E-02
  7.90638488589E-02
  9.71458237610E-02
  6.12358446476E-02
  6.67118259013E-02
  7.40453783248E-02
  0.10329584238    
  0.10595692187    
  0.14058641042    
  0.15464801334    
  0.17901783566    
  0.21432441906    
  0.14057237451    
  0.13194569605    
  0.23046386809    
  0.26380483226    
  0.20888704106    
  0.27997208689    
  0.21905035647    
  0.23745919686    
  0.39000876528    
  0.29717901735    
  0.19044475638    
  0.35298606536    
  0.23651248910    
  8.29126002700E-02
  8.19516489328E-02
  0.10698118404    
  9.50857531831E-02
  7.35974344940E-02
  7.13755250428E-02
  7.96803089091E-02
  7.75086759592E-02
  7.72346184447E-02
  8.73417713717E-02
  8.42820137543E-02
  9.24628954169E-02
  9.03494471273E-02
  8.46163159458E-02
  0.14520770223    
  0.11027105954    
  0.14104920284    
  0.13482341209    
  9.95504840248E-02
  9.42690460775E-02
  0.10507294771    
  9.98214120197E-02
  9.15724150145E-02
  8.83728037438E-02
  9.86823199477E-02
  9.44877913228E-02
  0.11574452214    
  0.11157843246    
  0.10266839397    
  0.11252925579    
  0.11830596841    
  9.10248452691E-02
  0.12949382010    
  8.78477983703E-02
  9.14727226911E-02
  9.84629977262E-02
  9.78864142635E-02
  0.10935576874    
  0.10593774738    
  0.10159099060    
  9.27271521718E-02
  0.14318782826    
  7.42503981167E-02
  0.13199414180    
  0.18357943014    
  0.16990505901    
  0.23677724148    
  0.21195600178    
  0.26398002332    
  0.31008253661    
  0.26785925388    
  0.31771941725    
  0.20389709682    
  0.25885822007    
  0.29498415122    
  0.24535414888    
  0.26634921155    
  0.35454455074    
  0.34799349788    
  0.37579228436    
  0.37121249167    
  0.25159073342    
  0.28559667736    
  0.20357380594    
  0.18481693517    
  0.21564739806    
  0.19319539398    
  0.21679730491    
  0.23472488214    
  0.24944997894    
  0.23300450903    
  0.23567914759    
  0.22114088359    
  0.23813620570    
  0.27618865606    
  0.26698785041    
  0.24167798089    
  0.21947428935    
  0.15397840442    
  0.20710066762    
  0.14810193499    
  0.17169262946    
  0.15667212731    
  0.15369959572    
  0.14771607940    
  0.14565293051    
  0.13446500134    
  0.12101505094    
  0.16107068857    
  0.17076822564    
  0.15455413384    
  0.16740356560    
  0.20383548304    
  0.14400086442    
  0.16062912642    
  0.13117113976    
  0.15147161076    
  0.18835108478    
  0.22339686693    
  0.18100211322    
  0.21957119488    
  6.78136722553E-02
  0.12943670255    
  0.19033508281    
  0.13789025613    
  0.19162852389    
  0.29032527232    
  0.35874574318    
  0.27032739958    
  0.33051712289    
  0.26161506626    
  0.31212362707    
  0.37857076003    
  0.32655064266    
  0.27083872516    
  0.34992460190    
  0.30992942944    
  0.27985095299    
  0.31834518449    
  0.29310255345    
  0.25252533479    
  0.29141635305    
  0.24353825953    
  0.28008791404    
  0.32596732073    
  0.34566174941    
  0.31117528226    
  0.32927115830    
  0.25725507003    
  0.31447193348    
  0.34752342310    
  0.34225950491    
  0.34009385464    
  0.34327962682    
  0.32752566627    
  0.30839069496    
  0.32973674558    
  0.32599826963    
  0.34217897162    
  0.33969557780    
  0.20836147616    
  0.14648381169    
  0.12030960885    
  0.16584842318    
  0.13628670083    
  0.25041755409    
  0.22337458595    
  0.27255706153    
  0.24969620238    
  0.18622078315    
  0.16247943871    
  0.22560511464    
  0.21108616998    
  9.64616475626E-02
  7.77276758104E-02
  0.11226734368    
  9.01575093172E-02
  6.11339441575E-02
  5.01528493342E-02
  6.98102710162E-02
  5.52116275932E-02
  0.14045741568    
  7.66218575108E-02
  0.30213844589    
  0.27214247565    
  0.32339533509    
  0.30190037785    
  0.24510339369    
  4.18098681728E-02
  3.68357832354E-02
  4.37461949659E-02
  3.60301644017E-02
  3.39962616649E-02
  3.22641295211E-02
  3.13687256914E-02
  2.92775291276E-02
  3.92938193048E-02
  2.63734199875E-02
  3.13665401793E-02
  2.92829971683E-02
  2.82691373059E-02
  2.63678781733E-02
  2.69572875565E-02
  2.69833679566E-02
  2.60892884706E-02
  2.53938185277E-02
  2.42783475075E-02
  2.39546774752E-02
  1.25814715629E-02
  2.34188961237E-02
  2.48635721817E-02
  2.27644019683E-02
  2.30534348016E-02
  2.09871827991E-02
  1.76819584766E-02
  2.32628643271E-02
  2.17811241088E-02
  2.45798158768E-02
  2.41227982150E-02
  2.03617120049E-02
  1.78953785494E-02
  2.32713868841E-02
  2.16187025061E-02
  1.07931346431E-02
  7.21491283246E-03
  1.53152041729E-02
  1.32151432607E-02
  1.97921298227E-02
  1.82459748604E-02
  1.18738735368E-02
  1.19974189362E-02
  1.74063591923E-02
  1.69496164751E-02
  2.95646142065E-02
  3.08047221197E-02
  4.19232536078E-02
  4.70683381465E-02
  3.02069471436E-02
  2.48536910516E-02
  2.39283520248E-02
  3.58945736051E-02
  3.47912736282E-02
  5.64887316165E-02
  6.22491743006E-02
  1.09456425034E-02
  1.45524056083E-02
  1.30982033440E-02
  1.41641595690E-02
  1.71046328574E-02
  1.74800675888E-02
  1.58009792517E-02
  1.61312810042E-02
  1.74497405121E-02
  1.69188953451E-02
  1.61554620342E-02
  1.49318244307E-02
  1.37726875260E-02
  1.36393196568E-02
  1.28262938903E-02
  1.58005583567E-02
  1.59471761833E-02
  1.56858481111E-02
  1.44170517477E-02
  1.31325412264E-02
  1.31577806002E-02
  1.38229348972E-02
  1.32118191848E-02
  2.37675255160E-02
  2.30748904555E-02
  3.40165824711E-02
  3.16398499865E-02
  2.28921018828E-02
  5.98619374115E-02
  3.77246062594E-02
  1.60807702619E-02
  1.19811730076E-02
  1.80464511076E-02
  9.53207866896E-03
  1.71299092834E-02
  1.97278384006E-02
  1.37038368675E-02
  1.54739066847E-02
  2.09644305927E-02
  2.28508244669E-02
  1.74021020339E-02
  2.31880123976E-02
  1.40647455920E-02
  1.59737359630E-02
  2.78696353050E-02
  3.00391492474E-02
  2.60448440817E-02
  3.14791278575E-02
  3.22009206779E-02
  2.86077553790E-02
  3.45606416721E-02
  4.05865341430E-02
  2.00154747400E-02
  3.30197772442E-02
  8.82470371793E-03
  1.35690180380E-02
  2.00128848813E-02
  9.14349597855E-03
  1.18072772743E-02
  3.12263797623E-02
  3.16444219389E-02
  5.70356633611E-02
  2.55523005259E-02
  3.03331068232E-02
  3.89539664745E-02
  4.24509618994E-02
  2.60002633058E-02
  3.31452520121E-02
  2.54063763588E-02
  2.81256580135E-02
  2.39184688837E-02
  2.54030577130E-02
  1.98468053488E-02
  2.76483161652E-02
  1.81616706651E-02
  2.27310186363E-02
  0.50547275681    
  0.55892479170    
  0.60137897231    
  0.34837835818    
  0.20248603034    
  0.30345988236    
  0.37397615324    
  0.20463449706    
  0.15687567136    
  0.51552277702    
  0.38673960220    
  0.23818913176    
  0.19597659331    
  0.36989480311    
  0.43848687760    
  0.23225775186    
  0.37839894297    
  0.47735776360    
  0.45347084711    
  0.51186466102    
  0.47306201696    
  0.47323906741    
  0.47106686878    
  0.48642753146    
  0.45497032826    
  0.48791932338    
  0.46169739907    
  0.49513394648    
  0.49384752854    
  0.49632529026    
  0.50388870974    
  0.50107687737    
  0.50084858101    
  0.49410631261    
  0.40961609554    
  0.38955879606    
  0.43115012180    
  0.34001127163    
  0.32276125345    
  0.20815348593    
  0.22212122624    
  0.11077079035    
  0.45708972078    
  0.35980788465    
  0.28938840849    
  0.36617312162    
  0.28609060535    
  0.49330157331    
  0.46242617381    
  0.47641714450    
  0.43405777208    
  0.37033465710    
  0.28767598565    
  0.36532518750    
  0.29247042432    
  0.22139518857    
  0.16029206518    
  0.21502418108    
  0.15423317345    
  0.10847873541    
  6.80809639940E-02
  0.10471537317    
  6.67381788170E-02
  0.19062767754    
  9.58761424599E-02
  8.92340756865E-02
  4.32242010867E-02
  4.00110175627E-02
  1.35488584778E-02
  3.54835460719E-02
  4.73295103663E-02
  1.23640561389E-02
  2.57000942034E-02
  3.92999140701E-02
  2.07104516070E-02
  3.96047532557E-02
  2.19758301876E-02
  9.94106509124E-03
  4.31847772797E-03
  1.17179299937E-02
  6.94402236053E-03
  4.19108069248E-02
  1.98844472817E-02
  5.09366123369E-03
  9.59671969827E-03
  7.17637546668E-03
  1.11712865694E-02
  1.65247433679E-02
  2.62947286605E-02
  1.80460787121E-02
  2.79798434088E-02
  1.87514239104E-02
  3.24461444468E-02
  6.65732387209E-02
  9.62449533566E-02
  4.69009913395E-02
  8.02643551421E-02
  0.13929582395    
  0.16892276871    
  0.12007240209    
  0.16236550573    
  3.60699783609E-02
  5.05615287843E-02
  3.81346396425E-02
  5.26328608131E-02
  6.76793736925E-02
  8.74674243335E-02
  7.01066122531E-02
  9.01381770541E-02
  5.52597197509E-02
  9.16993352290E-02
  0.10251668819    
  0.12718600470    
  0.10773557289    
  0.12772403589    
  0.14626630396    
  0.17068732291    
  0.15458853612    
  0.18449433734    
  0.13127964532    
  0.19114797746    
  0.20834927710    
  0.21383685812    
  0.18859751713    
  0.18733083481    
  0.12891845470    
  0.18665037839    
  0.19418616515    
  0.19398003846    
  0.20392612514    
  0.19526836698    
  0.18580092786    
  0.20766819523    
  0.20010826615    
  0.22425073953    
  0.22918510671    
  0.22622278857    
  0.25954198741    
  0.26596280255    
  0.15713386825    
  8.74695314822E-02
  0.20738985259    
  0.17199478033    
  0.25424824631    
  0.21541773617    
  0.12573424472    
  8.32970238814E-02
  0.15662923533    
  9.93960259703E-02
  4.06029823823E-02
  2.35407262587E-02
  3.75236076144E-02
  1.27930980411E-02
  5.09206973918E-02
  2.91986152002E-02
  5.93521505400E-02
  3.34941803670E-02
  1.57181000657E-02
  7.74757329194E-03
  1.79844507324E-02
  9.19192890189E-03
  4.48567572595E-03
  4.35285053862E-03
  3.57894407310E-03
  1.53469034353E-03
  4.54293967805E-03
  2.44099304512E-03
  1.42227088365E-03
  3.21353747760E-03
  2.31831285598E-03
  4.01311531573E-03
  5.30079471305E-02
  6.68116234854E-02
  1.19537232276E-02
  2.92051289284E-02
  9.36279381824E-03
  2.61008099830E-02
  5.28268474818E-02
  7.31033491423E-02
  5.01353059552E-02
  7.83659964870E-02
  7.97737565939E-02
  9.91411130912E-02
  9.14753441712E-02
  0.10355755310    
  0.10181908032    
  0.11884653425    
  0.12258262672    
  0.15288901081    
  0.11915989999    
  0.14573770243    
  0.12991313088    
  0.12718276267    
  0.15997045273    
  9.03077571389E-02
  7.05847826448E-02
  7.34772016747E-02
  3.54065599178E-02
  3.79064575181E-02
  3.28904695248E-02
  2.74242378683E-02
  3.11672559092E-02
  2.80255040138E-02
  2.26871826439E-02
  2.02686344903E-02
  1.99157353492E-02
  1.97443149640E-02
  2.12453409034E-02
  2.28303814907E-02
  1.88659754896E-02
  2.37704386331E-02
  1.91582468817E-02
  1.67191071997E-02
  2.01561244312E-02
  1.67280954856E-02
  1.82528398000E-02
  1.90612672160E-02
  1.73379037586E-02
  1.80619573717E-02
  2.01476041199E-02
  2.22970238751E-02
  1.99590451369E-02
  2.29096476694E-02
  1.55509139585E-02
  1.68684519206E-02
  1.39241288082E-02
  1.65344099794E-02
  2.27237370619E-02
  2.22706871501E-02
  2.63976779154E-02
  2.40582651437E-02
  2.60286954185E-02
  2.84899736239E-02
  2.75463769300E-02
  2.94932128310E-02
  3.27526752610E-02
  4.48501893570E-02
  3.13984082190E-02
  3.47882441734E-02
  3.13356860959E-02
  3.35117288156E-02
  3.82724758314E-02
  4.33659887561E-02
  3.59420161141E-02
  3.93408720610E-02
  2.44027002168E-02
  2.65645118015E-02
  2.58379758271E-02
  2.81005916631E-02
  2.85298739787E-02
  3.01987989479E-02
  3.01538657857E-02
  3.14961040853E-02
  3.14457940965E-02
  3.58966080573E-02
  3.26523935471E-02
  3.25918455280E-02
  3.37821190136E-02
  2.85158995261E-02
  6.51561798485E-02
  9.68025209062E-02
  0.12070019875    
  8.12181928558E-02
  9.74416156432E-02
  4.98952082128E-02
  5.77907700481E-02
  4.41415296520E-02
  5.00417531513E-02
  6.77897597175E-02
  7.91078550107E-02
  5.74384456812E-02
  6.55279833403E-02
  0.14580977913    
  0.16674225763    
  0.11331426065    
  0.12692907195    
  0.17479602752    
  0.17042267904    
  0.13428468383    
  0.13489367558    
  8.99108361728E-02
  9.96126666790E-02
  7.37735373798E-02
  8.16071513188E-02
  0.10586014468    
  0.11092022697    
  8.70792184428E-02
  9.10459096689E-02
  3.61173157285E-02
  4.62678713520E-02
  2.61495087579E-02
  3.51991790416E-02
  5.97490222323E-02
  7.61262185996E-02
  7.81499974017E-02
  6.45455471826E-02
  6.71693466640E-02
  4.87268277179E-02
  5.91343251929E-02
  0.14145986041    
  0.12785301521    
  9.97132934788E-02
  9.36768753040E-02
  0.12551684997    
  0.15285338802    
  9.40643258478E-02
  0.11172249736    
  0.12602380538    
  9.77389112017E-02
  0.10803428210    
  7.74169214223E-02
  7.56473628449E-02
  6.95416497648E-02
  6.72405957098E-02
  6.74746899888E-02
  6.16097404354E-02
  5.89987685745E-02
  5.98423800541E-02
  5.70760554998E-02
  4.99782078112E-02
  6.16400968095E-02
  7.92886631177E-02
  8.88554011234E-02
  6.14784123855E-02
  7.20638133490E-02
  4.37554139876E-02
  4.29759513313E-02
  3.64733377535E-02
  3.34228720072E-02
  4.98528426487E-02
  6.03673370153E-02
  4.30488933770E-02
  5.52187635007E-02
  0.20756188142    
  0.20793519532    
  0.17744676708    
  0.18183177610    
  0.22575518486    
  0.14887544389    
  0.16569103181    
  0.12084363284    
  0.13971744078    
  0.16170756935    
  0.14546756525    
  9.56090732450E-02
  0.12162340774    
  7.25213529370E-02
  9.16513333549E-02
  0.10370844279    
  0.15217498517    
  0.12479700688    
  0.12386182650    
  0.12650987559    
  0.13071591219    
  0.10889712233    
  0.13037410463    
  0.12473880390    
  0.11756646150    
  0.13683349187    
  0.13825407133    
  0.13936452549    
  0.13119005655    
  0.13937671598    
  0.16316244701    
  0.16223820772    
  0.17770249309    
  0.13658570048    
  0.17039233989    
  0.18231785984    
  0.22615679842    
  0.25958568338    
  0.36584403520    
  0.32333545465    
  0.41631000574    
  0.23641766362    
  0.33280086407    
  0.21698046506    
  0.28431724347    
  0.34279419467    
  0.26569734845    
  0.34413367719    
  0.31604240736    
  0.22004271761    
  0.34930657044    
  0.28927933797    
  0.16281109256    
  0.20318344722    
  0.25444883606    
  0.27096215810    
  0.31498747420    
  0.36491390171    
  0.34977421401    
  0.36450186790    
  0.30661466287    
  0.17113061397    
  0.29887910050    
  0.23310229302    
  0.14832877450    
  8.72910477688E-02
  0.12928261122    
  0.16899707785    
  0.15918061897    
  0.13924116017    
  1.01538155532E-02
  0.10074277887    
  3.27924184360E-02
  3.78139727475E-03
  8.46835021994E-03
  1.02814326848E-02
  8.97387240207E-03
  1.15186855366E-02
  1.85638952601E-02
  1.38803937646E-02
  1.49658145203E-02
  2.07467447588E-02
  1.64440649215E-02
  1.63685278272E-02
  2.10443697784E-02
  1.55393722095E-02
  1.76232440091E-02
  1.50837358605E-02
  1.84124761941E-02
  1.48221924596E-02
  1.51546008301E-02
  1.46309078888E-02
  1.46164920577E-02
  1.48781792299E-02
  1.45090576808E-02
  1.52185761334E-02
  1.43501818807E-02
  1.65666999949E-02
  1.38548485590E-02
  0.51119100709    
  0.56393135805    
  0.43195101953    
  9.07201050991E-02
  9.01122188897E-02
  0.10904387954    
  3.81046490768E-02
  7.57021450102E-02
  9.56205739497E-02
  6.91730806911E-02
  9.31441168193E-02
  0.11770900758    
  0.13607936506    
  9.74977775707E-02
  0.10197064492    
  0.14493220712    
  0.11979506508    
  0.10932093442    
  8.96561493921E-02
  9.55333693929E-02
  9.09094148692E-02
  9.57004991547E-02
  9.09903257495E-02
  9.12831125179E-02
  9.74193225158E-02
  8.92225172451E-02
  9.57403242155E-02
  9.83229110157E-02
  9.40523076220E-02
  0.10057561116    
  0.10225029389    
  9.86922805341E-02
  9.99827069298E-02
  9.03604802850E-02
  7.24096168672E-02
  8.85590661148E-02
  7.14895082546E-02
  0.10199646883    
  8.34765949995E-02
  9.05178411264E-02
  7.17045617405E-02
  6.28232632479E-02
  3.79091311311E-02
  6.27024884836E-02
  7.53066048148E-02
  2.54413643039E-02
  3.51353097519E-02
  5.91241147697E-02
  4.54743245123E-02
  5.81786066002E-02
  4.50525534931E-02
  3.31253362597E-02
  2.30289398211E-02
  3.32299261867E-02
  2.36434277493E-02
  5.90874968821E-02
  3.78889162665E-02
  1.56433627880E-02
  1.21139133112E-02
  1.68972985590E-02
  1.48191953299E-02
  1.90791487327E-02
  3.06766961763E-02
  2.04055021197E-02
  3.15840930661E-02
  2.82350972773E-02
  3.80417216547E-02
  0.10764960278    
  0.16359630496    
  6.96963283188E-02
  0.12879732607    
  0.24037751641    
  0.33192866231    
  0.21019040416    
  0.30263964170    
  4.80283268769E-02
  7.18468886078E-02
  4.93717624974E-02
  7.33265775610E-02
  0.10266693995    
  0.14034711106    
  0.10511805195    
  0.14460509409    
  7.45610601789E-02
  0.14172338938    
  0.18172167995    
  0.23200039546    
  0.19107819264    
  0.23979148335    
  0.27894166189    
  0.31302000016    
  0.27603938120    
  0.32317594535    
  0.23838637980    
  0.27588236922    
  0.41292917942    
  0.45955518492    
  0.38469691625    
  0.43108882750    
  0.47023546773    
  0.46773479858    
  0.46334894891    
  0.46301537600    
  0.43914071260    
  0.46501542522    
  0.46934377356    
  0.35703402657    
  0.39178532677    
  0.34207053644    
  0.37397831477    
  0.40208732499    
  0.42242946426    
  0.39915024097    
  0.43198741723    
  0.56081665866    
  0.56215592731    
  0.43678332274    
  0.45752199094    
  0.44686710011    
  0.45629540331    
  0.46395981676    
  0.46828482667    
  0.47309459266    
  0.47647131572    
  0.55122522689    
  0.54757239611    
  0.49222871713    
  0.45988085200    
  0.46373076478    
  0.46416586294    
  0.46293947466    
  0.44271828320    
  0.45762643227    
  0.44426936840    
  0.44858885841    
  0.47493840309    
  0.49655095609    
  0.45898572450    
  0.47603743591    
  0.49736596808    
  0.49645990465    
  0.49592865272    
  0.49324792446    
  0.49208616192    
  0.48392941271    
  0.48653295164    
  0.47315196859    
  0.49390577414    
  0.47836164139    
  0.47914326473    
  0.50077143952    
  0.54464811974    
  0.51067913519    
  0.50181860643    
  0.43767607441    
  0.33791454178    
  0.44003370891    
  0.37365720163    
  0.21450609653    
  0.47387686100    
  0.44636212830    
  9.73519207859E-02
  8.28730391527E-02
  0.35468489807    
  0.32020986634    
  0.12870625260    
  0.22284667948    
  0.29608296092    
  0.33854084805    
  0.28177684520    
  0.32857312278    
  0.32835359776    
  0.37811214183    
  0.36931366841    
  0.17973690679    
  0.37781829174    
  0.22402410713    
  0.38949636428    
  0.30733951783    
  6.24653655460E-02
  2.13322758455E-02
  0.10051223848    
  4.75589381828E-02
  8.82529884934E-03
  5.11214538803E-03
  6.94561399178E-03
  1.07197015289E-02
  1.30184114692E-02
  2.99962294167E-02
  3.02015807707E-02
  0.14998348806    
  0.11348097483    
  1.10095347411E-02
  1.77195742339E-02
  1.80636209029E-02
  2.61574628198E-02
  2.72645452409E-02
  3.92825215870E-02
  3.72083924795E-02
  5.07474321066E-02
  4.60125020669E-02
  7.56951519167E-02
  5.28730572541E-02
  6.66362993998E-02
  6.50924629542E-02
  7.92579571682E-02
  7.91585019065E-02
  9.24173603644E-02
  9.12535931540E-02
  0.10081237012    
  0.10301243667    
  0.12453124269    
  0.24261345910    
  0.20452268073    
  0.10240221230    
  0.11708228240    
  0.10987316386    
  0.12280750655    
  0.14016990859    
  0.12635857581    
  0.13490441117    
  0.14208486150    
  0.14823090820    
  0.14227495436    
  0.16065197347    
  0.15349919705    
  0.17095909828    
  0.14852483943    
  0.14805029787    
  0.15412232785    
  0.15964076873    
  0.16696325679    
  0.16936853039    
  0.16149957397    
  0.16759514156    
  0.17537903282    
  0.17734286279    
  0.17004815258    
  0.18108519563    
  0.21687284636    
  0.21591835228    
  0.18630482113    
  0.19779795931    
  0.20668037872    
  0.21752715930    
  0.15406787213    
  0.15903172594    
  0.17312712058    
  0.17780967902    
  0.18653091630    
  0.19312790216    
  0.18073977819    
  0.17864375071    
  0.19595762131    
  0.19659456619    
  0.14256804657    
  0.11686707722    
  0.16920491952    
  0.15499102377    
  0.19135999198    
  0.17537811087    
  0.13363762887    
  0.20826783261    
  0.22279798380    
  0.22978056377    
  0.24320807668    
  0.21863452290    
  0.20064905126    
  0.23985701200    
  0.22181488517    
  0.17149902807    
  0.14460240895    
  0.19134280265    
  0.16476805780    
  0.23901299947    
  0.20939167866    
  7.66248830853E-02
  4.29158715259E-02
  8.66610984719E-02
  4.83663199362E-02
  1.69145237897E-02
  8.91794362061E-03
  2.48774856019E-02
  1.82231720768E-02
  0.12014184220    
  9.71866759589E-02
  0.14142993304    
  0.11956704479    
  7.74099229837E-02
  6.37686088803E-02
  0.10369736176    
  8.71001622092E-02
  0.17605880067    
  0.14862699684    
  5.05308740105E-02
  4.17424208967E-02
  7.35273491102E-02
  6.34399191564E-02
  3.72015009361E-02
  3.61966462871E-02
  5.70475229245E-02
  5.46907860316E-02
  0.12391709972    
  0.10052871297    
  1.91039371356E-02
  2.89228373027E-02
  2.45017648277E-02
  2.95329170164E-02
  3.35398614133E-02
  3.46054917744E-02
  3.85577474977E-02
  3.08172625236E-02
  3.01332155360E-02
  3.01969282352E-02
  3.39882874841E-02
  3.35171829474E-02
  3.58784598350E-02
  3.68817818728E-02
  4.09647185284E-02
  4.23260607302E-02
  3.82050071989E-02
  3.85817715095E-02
  4.43435094092E-02
  4.56391520896E-02
  3.59840491364E-02
  3.95043302977E-02
  5.23655732582E-02
  5.34193935592E-02
  4.29798520803E-02
  4.65134578927E-02
  5.56570269680E-02
  5.83782758323E-02
  8.52797085008E-02
  8.22734144153E-02
  5.40225899112E-02
  5.91924562684E-02
  8.13664989759E-02
  8.80028846284E-02
  2.82223112844E-02
  2.56503300514E-02
  3.22704855960E-02
  3.04569657838E-02
  2.30577443204E-02
  1.98201476759E-02
  2.89539312928E-02
  2.70167644568E-02
  4.22308424738E-02
  4.32660764984E-02
  2.27140034079E-02
  3.40938494407E-02
  5.13699721549E-02
  7.23978738187E-02
  8.70004089022E-02
  0.16526705354    
  6.55763680799E-02
  4.80178610298E-02
  0.30602468143    
  0.15080730456    
  3.58011297593E-02
  5.07578988932E-02
  6.23141951020E-02
  6.87117185925E-02
  8.35234175699E-02
  0.11105941867    
  0.13746769900    
  6.21351545623E-02
  5.97593997014E-02
  6.88885442259E-02
  6.76203798976E-02
  5.50198198675E-02
  4.78521196619E-02
  6.41375124534E-02
  5.86039879162E-02
  9.14396077997E-02
  8.21863711619E-02
  7.80457631722E-02
  0.10696090639    
  0.10725122964    
  3.98749547450E-02
  3.74037729627E-02
  5.30745455159E-02
  5.17116122392E-02
  5.37328599697E-02
  7.37686738103E-02
  7.22706168025E-02
  0.10456903514    
  0.10221659931    
  8.39939880572E-02
  0.14784376363    
  0.17340712285    
  0.23628948098    
  0.32486921890    
  0.17161809036    
  0.15098914761    
  0.33407246135    
  0.24041761302    
  8.49344988645E-02
  7.75451730826E-02
  0.13728886171    
  0.10895126901    
  8.60462749604E-02
  0.39362083661    
  0.36818000908    
  0.35026286103    
  0.33214093633    
  0.29043120315    
  0.25602516082    
  0.19484819971    
  8.61086272485E-02
  0.13808666858    
  2.79914833726E-02
  1.82087263939E-02
  1.64507292694E-02
  9.91560298523E-03
  1.76661283062E-02
  5.63967502134E-03
  4.34050099173E-03
  1.57605125895E-03
  1.90055144321E-03
  1.78065975899E-02
  1.46110513179E-02
  1.53109540314E-02
  1.46293327175E-02
  1.05344154110E-02
  8.27218833095E-03
  5.80548343992E-03
  4.48241479528E-03
  3.71855137202E-03
  3.55046457072E-03
  0.45178633443    
  0.57887692752    
  0.43935123601    
  0.12952881324    
  5.27916168466E-02
  0.10961832045    
  0.26093303325    
  0.24713594572    
  0.12118246796    
  0.12774861593    
  0.24624837013    
  0.25736559555    
  9.58945307558E-02
  8.98857060606E-02
  0.25609208381    
  0.27962894779    
  0.17405786288    
  0.22920150844    
  0.32220412616    
  0.41067037916    
  0.58555431929    
  0.55899300461    
  0.59918012179    
  0.58276673477    
  0.55368469813    
  0.54316618196    
  0.57197501733    
  0.55055738631    
  0.57296551485    
  0.58556904521    
  0.48504695656    
  0.44735243487    
  0.34523802542    
  0.30650848306    
  0.25030836202    
  0.24617010637    
  0.26780306955    
  0.26416561804    
  0.26094186127    
  0.27609400451    
  0.29491894880    
  0.32579967884    
  0.28848935314    
  0.30856908367    
  0.35631246677    
  0.36694036736    
  0.17667990041    
  0.15056508503    
  0.30615189817    
  0.26887808969    
  0.25051637206    
  0.46826824814    
  0.28204484807    
  0.35414900148    
  0.34538533250    
  0.26107253280    
  0.27398504592    
  0.29023510326    
  0.46190521816    
  0.42862763273    
  0.38137218012    
  0.36777240476    
  0.33004236275    
  0.28176138621    
  0.23272789638    
  0.17101575149    
  6.76348969966E-02
  1.34586304235E-02
  3.15873301217E-03
  2.86853992164E-03
  8.01228113634E-03
  7.89099870949E-03
  3.00423014026E-02
  1.67040982046E-02
  1.67458120468E-02
  3.06576762394E-02
  3.23183607182E-02
  3.98467477843E-03
  5.82149850680E-03
  8.17560228613E-03
  1.15928049303E-02
  1.61589257619E-02
  2.24820043501E-02
  3.11464854010E-02
  4.28348257404E-02
  0.52315107791    
  0.57222689379    
  0.54991681732    
  0.56610788648    
  0.60307102865    
  0.56382559526    
  0.69167030779    
  0.57728118577    
  0.61312221853    
  0.58989168652    
  0.58152235493    
  0.57329149402    
  0.52842340082    
  0.45353157267    
  0.36449907167    
  0.30843581035    
  0.29767798782    
  0.33593528861    
  0.41273731394    
  0.41590517061    
  0.37704162054    
  0.29012961428    
  8.35744740092E-02
  0.19886891464    
  0.35397654383    
  0.39371422610    
  0.38801470951    
  0.35788429524    
  0.32387596553    
  0.29058391124    
  0.26158116842    
  0.23271269033    
  0.18493707077    
  0.11318883858    
  6.18761987434E-02
  5.00513362403E-02
  5.60088376573E-02
  7.29589202889E-02
  8.26110963259E-02
  9.70435267615E-02
  9.01001532319E-02
  9.89233953858E-02
  0.11391061696    
  0.11748197280    
  5.82117723900E-02
  7.53653521123E-02
  9.11634955948E-02
  0.10252004624    
  0.10965148734    
  0.11060721814    
  0.10855914995    
  0.12490781904    
  0.58445457938    
  0.58617984635    
  0.62180558682    
  0.63961321855    
  0.70050737312    
  0.73024806033    
  0.72840083940    
  0.69478002217    
  0.63962284623    
  0.60537828346    
  0.57981927824    
  0.55393337620    
  0.50343321048    
  0.43294773449    
  0.34499046642    
  0.29573375272    
  0.29543609986    
  0.35155198845    
  0.40197618427    
  0.41870367647    
  0.41764958073    
  0.36890803626    
  0.26050851764    
  0.39977236478    
  0.37127316982    
  0.38727783366    
  0.33632007204    
  0.31618701101    
  0.29177252089    
  0.26226842594    
  0.24497598987    
  0.22758619521    
  0.20230636248    
  0.16462531866    
  0.13708399506    
  0.12903399280    
  0.12445453367    
  0.12611343018    
  0.13079099897    
  0.12992598950    
  0.14095465547    
  0.13536530529    
  0.13332378584    
  0.13943614037    
  0.13815207966    
  0.16360366492    
  0.15056349556    
  0.14292370988    
  0.14077867415    
  0.14568070297    
  0.14282261471    
  0.15410800663    
  0.14755425595    
  0.14418638315    
  0.14846267494    
  0.12486197467    
  0.12785608108    
  0.57619840890    
  0.58492864157    
  0.61080597008    
  0.65233851126    
  0.70756302791    
  0.76253891310    
  0.74699589676    
  0.69721905628    
  0.65114170376    
  0.61703132177    
  0.57468769061    
  0.53802251828    
  0.46845336053    
  0.38961296330    
  0.31211192097    
  0.25929821580    
  0.24542847630    
  0.27459428418    
  0.31303417409    
  0.36692680083    
  0.38246947459    
  0.36116642487    
  0.34496599754    
  0.35878420265    
  0.34788585466    
  0.34023994048    
  0.31316244533    
  0.28274692614    
  0.27107590691    
  0.25156758612    
  0.24503208423    
  0.23610218826    
  0.22041661592    
  0.19265732882    
  0.16142463057    
  0.21149374297    
  0.19612839936    
  0.15568150372    
  0.13689685872    
  0.12891390049    
  0.12326810584    
  0.12630460673    
  0.12879661644    
  0.11428113909    
  0.17254131890    
  0.18286022176    
  0.17786107807    
  0.18334656857    
  0.18050504805    
  0.17549217548    
  0.17470128152    
  0.17698576602    
  0.17615759576    
  0.17409771408    
  0.17550352472    
  0.17829678753    
  0.17738165165    
  0.17935390127    
  0.19483021930    
  0.56778020991    
  0.57092169164    
  0.60093289101    
  0.64614253179    
  0.69888082717    
  0.74488789960    
  0.72570870616    
  0.70195093658    
  0.66333567031    
  0.62249479205    
  0.57995848161    
  0.52027555316    
  0.44391217321    
  0.35815204506    
  0.27416083352    
  0.20498705251    
  0.18888395249    
  0.19955556076    
  0.23798135817    
  0.26550457030    
  0.30048650001    
  0.31873062925    
  0.32894120308    
  0.33020139508    
  0.31876634067    
  0.30474768082    
  0.29026353971    
  0.26873742467    
  0.25868682221    
  0.25711085042    
  0.25540338261    
  0.25383297768    
  0.24060057851    
  0.22736276064    
  0.22267159512    
  0.24385755748    
  0.23451549248    
  0.20700614453    
  0.20413355557    
  0.17961753377    
  0.17597096006    
  0.20091057577    
  0.20106488421    
  0.15054765058    
  0.16938547246    
  0.17428622874    
  0.22540482373    
  0.18161914602    
  0.20554312510    
  0.18314219274    
  0.21065878578    
  0.23186093507    
  0.18495430685    
  0.21347676552    
  0.18953193839    
  0.20422826032    
  0.56513915482    
  0.56306495314    
  0.59778411508    
  0.63522290198    
  0.67176148516    
  0.69931087981    
  0.70986779986    
  0.69828710045    
  0.67198566171    
  0.64136010818    
  0.59755307624    
  0.53234675865    
  0.44804055821    
  0.33984889687    
  0.25701721845    
  0.19578010596    
  0.14896596474    
  0.14450824200    
  0.17912477412    
  0.20519792144    
  0.24595573083    
  0.27820119002    
  0.29796125860    
  0.29843212844    
  0.28423109385    
  0.28421093660    
  0.28044336500    
  0.27476514403    
  0.27307978969    
  0.27963377148    
  0.29032643877    
  0.28923627315    
  0.28075598231    
  0.26075124951    
  0.25323438762    
  0.24144792090    
  0.25183403837    
  0.25325575098    
  0.27772405394    
  0.26792083294    
  0.26310380828    
  0.21954718332    
  0.26688572879    
  0.22258773665    
  0.28194868031    
  0.27078259029    
  0.26870572454    
  0.27452616538    
  0.27239155284    
  0.23756922786    
  0.19246907563    
  0.24136974867    
  0.20120825978    
  0.19775988106    
  0.20579526600    
  0.20639883230    
  0.20969456839    
  0.21423867838    
  0.21261303743    
  0.21755501793    
  0.22175548936    
  0.57131712499    
  0.57653990591    
  0.59413037523    
  0.62358176073    
  0.65185013003    
  0.67953455173    
  0.69652014319    
  0.70071344790    
  0.69204334144    
  0.66794872412    
  0.62345386142    
  0.54054071071    
  0.44849463157    
  0.33425158693    
  0.25074871550    
  0.18653842997    
  0.13552950192    
  0.12541318645    
  0.15105864235    
  0.18234784274    
  0.22275918497    
  0.26006664875    
  0.27964667502    
  0.28688188056    
  0.28213862617    
  0.26955486444    
  0.27310166833    
  0.28490144180    
  0.30817477294    
  0.31727077901    
  0.32986803206    
  0.34514276855    
  0.32913043274    
  0.32314433495    
  0.35329079337    
  0.36087192947    
  0.31568618867    
  0.28961845569    
  0.32215214533    
  0.32033188649    
  0.28221181574    
  0.28667493602    
  0.28850357537    
  0.28364760871    
  0.28970992993    
  0.29334839115    
  0.29152058981    
  0.28979945074    
  0.29575697332    
  0.29269556682    
  0.33248849227    
  0.32478477604    
  0.32407200427    
  0.32723549781    
  0.32664188679    
  0.36538591349    
  0.32965518539    
  0.32916242633    
  0.33217568632    
  0.33172642635    
  0.29847567962    
  0.32597726031    
  0.56924825425    
  0.57595881806    
  0.59263087142    
  0.61762830608    
  0.64325154267    
  0.67450463627    
  0.69704503793    
  0.71355352541    
  0.71731397096    
  0.70141755530    
  0.65333873464    
  0.55973611355    
  0.46731778933    
  0.35844922341    
  0.26254701797    
  0.19454184761    
  0.15396501472    
  0.14309995293    
  0.14691665284    
  0.18454893468    
  0.22171425758    
  0.25712863599    
  0.28030418215    
  0.28635788386    
  0.28356920792    
  0.28163874579    
  0.29094066038    
  0.30977318178    
  0.36111132092    
  0.37407981912    
  0.37373555096    
  0.38661019563    
  0.36972144476    
  0.36656836493    
  0.36787887058    
  0.37391965737    
  0.37343957619    
  0.39807543093    
  0.39170041766    
  0.37886239589    
  0.37848606720    
  0.39337285960    
  0.39324427914    
  0.40063521066    
  0.39661149360    
  0.39609839019    
  0.40115712752    
  0.39885125220    
  0.36755623503    
  0.36820531245    
  0.36962311192    
  0.37020771414    
  0.33489946434    
  0.33788086695    
  0.37216078901    
  0.37250674746    
  0.37502998315    
  0.34940449718    
  0.39044100648    
  0.39309464188    
  0.55823643464    
  0.56003043606    
  0.59638081515    
  0.62228196635    
  0.64214586040    
  0.67125006625    
  0.70271719101    
  0.73089216121    
  0.74462708153    
  0.73874522546    
  0.68501779090    
  0.58580737172    
  0.49181000150    
  0.38645232445    
  0.29288255801    
  0.22149318708    
  0.17481774638    
  0.16109282040    
  0.16636446694    
  0.19426322974    
  0.23048291102    
  0.26494870486    
  0.28974149556    
  0.29155056750    
  0.29352907503    
  0.29636422687    
  0.31255879498    
  0.33618477886    
  0.37125667212    
  0.41938511137    
  0.42466617599    
  0.41284436646    
  0.41698313250    
  0.43050749684    
  0.42833850477    
  0.41172105802    
  0.40570986173    
  0.42426597196    
  0.41373142644    
  0.40686622073    
  0.40537336206    
  0.40801446223    
  0.40849162187    
  0.40408084104    
  0.40678534029    
  0.41056513382    
  0.41121289109    
  0.41466185030    
  0.41341075617    
  0.42614464790    
  0.42133274608    
  0.42573070445    
  0.42274637452    
  0.42081283020    
  0.42316755308    
  0.42428480838    
  0.41679282505    
  0.42074133798    
  0.42164948733    
  0.56482272067    
  0.56894065537    
  0.59694628926    
  0.62658914791    
  0.64768793503    
  0.67377867285    
  0.71153409587    
  0.74592848703    
  0.76290796015    
  0.75258100041    
  0.68969940747    
  0.61767829033    
  0.51589145812    
  0.41163749347    
  0.32239856822    
  0.24836209607    
  0.19843980479    
  0.17904380866    
  0.18238443355    
  0.20248120808    
  0.23517978928    
  0.26729081920    
  0.28676660701    
  0.29635209227    
  0.30266786221    
  0.31005050033    
  0.32514388339    
  0.35904346529    
  0.40263382277    
  0.43340654123    
  0.46535270689    
  0.44241519476    
  0.43354793161    
  0.44945942291    
  0.43424659762    
  0.42912497324    
  0.43608488464    
  0.43174820293    
  0.42619418721    
  0.42660367742    
  0.42467172298    
  0.42692617421    
  0.43052180428    
  0.42722049152    
  0.42747632202    
  0.42343221815    
  0.42062123783    
  0.42357568398    
  0.42305150441    
  0.41818043576    
  0.42334296068    
  0.42066979631    
  0.42252120167    
  0.42023730002    
  0.55382541515    
  0.57265134719    
  0.59854069292    
  0.62467238128    
  0.64670092820    
  0.67439357116    
  0.71231548564    
  0.73754197392    
  0.76473008106    
  0.74706940344    
  0.68783477433    
  0.62806623259    
  0.53432282734    
  0.43140606287    
  0.34934656918    
  0.27821229987    
  0.21785597938    
  0.19243848467    
  0.18924067902    
  0.20124139537    
  0.22529236848    
  0.25661468501    
  0.28785276083    
  0.29621268413    
  0.30686546452    
  0.31622966447    
  0.33275595749    
  0.37719405411    
  0.42693712011    
  0.43842519021    
  0.45040636157    
  0.44398272946    
  0.43666935834    
  0.42995874514    
  0.43288530088    
  0.42929781414    
  0.42741169210    
  0.42795283091    
  0.42598213197    
  0.43778171080    
  0.42957290302    
  0.42629769437    
  0.42075214368    
  0.41698147427    
  0.41098169886    
  0.41577723379    
  0.41134424212    
  0.40575907766    
  0.39282648598    
  0.38899018633    
  0.42160340464    
  0.42056135391    
  0.41936290418    
  0.41797507082    
  0.54235260400    
  0.56391600833    
  0.60122539770    
  0.62866170201    
  0.63751017885    
  0.65893394588    
  0.69292761290    
  0.71861018347    
  0.74030797456    
  0.73559716072    
  0.70310452194    
  0.62917000631    
  0.53261942116    
  0.45251618862    
  0.36818926349    
  0.29618500939    
  0.23076205624    
  0.19456910279    
  0.18016210054    
  0.18928784933    
  0.20750107868    
  0.23901974633    
  0.26560572504    
  0.28170118184    
  0.29609386480    
  0.31208942455    
  0.33413024895    
  0.37176494407    
  0.40779976959    
  0.42958344297    
  0.44779380424    
  0.43093962917    
  0.42268623758    
  0.40303908088    
  0.41579778318    
  0.40993466573    
  0.38992356507    
  0.38359008106    
  0.38625714573    
  0.37971143569    
  0.40410108848    
  0.38440164282    
  0.38057895796    
  0.40478272933    
  0.40034483514    
  0.38290857219    
  0.37549416494    
  0.37858512333    
  0.37676227092    
  0.37254665212    
  0.39104434904    
  0.39006199473    
  0.36727460517    
  0.36431364263    
  0.36771807346    
  0.38332355615    
  0.50960746018    
  0.54309109940    
  0.57640323624    
  0.61017708810    
  0.61969624816    
  0.63645279649    
  0.66140919968    
  0.68524536366    
  0.70290705450    
  0.71458552548    
  0.66564171272    
  0.60626511736    
  0.52355723626    
  0.44714258959    
  0.36842153187    
  0.29781106444    
  0.23252478453    
  0.18827142359    
  0.16962843682    
  0.16764758209    
  0.18417175932    
  0.21019741587    
  0.23797554709    
  0.26813672772    
  0.28016487019    
  0.29924621442    
  0.31776262971    
  0.34164128201    
  0.37281852530    
  0.37663953000    
  0.38394958524    
  0.37327214182    
  0.35186105073    
  0.34687953035    
  0.36961619910    
  0.36520738213    
  0.35788851339    
  0.35247102983    
  0.36312335941    
  0.36044321689    
  0.35879342180    
  0.35640049309    
  0.35035481504    
  0.35217382025    
  0.34597141550    
  0.33858200896    
  0.34700983367    
  0.34117835794    
  0.33488665651    
  0.33002024042    
  0.34133453593    
  0.33460556241    
  0.33288125748    
  0.33034227383    
  0.32797305759    
  0.32318271243    
  0.32115279385    
  0.31841951114    
  0.46547457646    
  0.51170327175    
  0.54273901884    
  0.56727463489    
  0.58232531614    
  0.59785769403    
  0.61752453576    
  0.64775738277    
  0.67903122580    
  0.65956621253    
  0.62129122889    
  0.57569279414    
  0.50618303656    
  0.43117996073    
  0.35365160811    
  0.29001958725    
  0.21603488451    
  0.17035895728    
  0.14575306082    
  0.14311442284    
  0.15897117053    
  0.18688916573    
  0.20261481829    
  0.23344522684    
  0.25571397359    
  0.27515611294    
  0.29649450837    
  0.30816299422    
  0.32287096783    
  0.31393353194    
  0.32123903655    
  0.31644243456    
  0.28936166611    
  0.28504791216    
  0.32071545124    
  0.31572907000    
  0.30516669569    
  0.30292070310    
  0.31573740794    
  0.31340798987    
  0.30806703981    
  0.30229603305    
  0.29650042435    
  0.28979130792    
  0.28844795645    
  0.27123473069    
  0.26969959503    
  0.29071034410    
  0.28672726839    
  0.27339219004    
  0.26753436311    
  0.46502933516    
  0.49067204344    
  0.52736345003    
  0.54104020951    
  0.54125409303    
  0.55174601097    
  0.57756697069    
  0.60087589856    
  0.62109876408    
  0.59694871130    
  0.56563731427    
  0.53496210252    
  0.47150115957    
  0.39166084399    
  0.32557561648    
  0.25809651741    
  0.19128162208    
  0.14477948905    
  0.12203916143    
  0.11754176884    
  0.12933515881    
  0.14855461824    
  0.17462322195    
  0.20270118336    
  0.22450329680    
  0.23978860747    
  0.25196232193    
  0.26029889301    
  0.26198054222    
  0.25417019475    
  0.25528850894    
  0.25093642491    
  0.22357732086    
  0.21753885218    
  0.25686692476    
  0.26000900307    
  0.25994196764    
  0.25330869750    
  0.25361071813    
  0.24192968223    
  0.24542094568    
  0.24548130793    
  0.23965535390    
  0.24001436144    
  0.26164306828    
  0.25354387631    
  0.22762121460    
  0.23282058749    
  0.23425805187    
  0.22580349264    
  0.22765695750    
  0.21234685012    
  0.21868719308    
  0.22099403613    
  0.21149172320    
  0.21430574884    
  0.46339989179    
  0.45863595204    
  0.47735596910    
  0.49220792101    
  0.49527140136    
  0.50156749558    
  0.54621037317    
  0.56748891693    
  0.56124860511    
  0.54140492483    
  0.53075279455    
  0.48881883671    
  0.42739895334    
  0.36504061683    
  0.28349065153    
  0.22252382606    
  0.16470832618    
  0.12108113457    
  0.11216508953    
  0.10043359911    
  0.10342737958    
  0.12896831456    
  0.15279461223    
  0.17866280219    
  0.20142148725    
  0.21191490286    
  0.21167486812    
  0.21178684291    
  0.21451327211    
  0.19238634690    
  0.19546795218    
  0.18721100001    
  0.17867564913    
  0.16671526229    
  0.19481069384    
  0.20426511580    
  0.20766219498    
  0.19710082905    
  0.19990235375    
  0.17969480960    
  0.19016880447    
  0.19392918771    
  0.18200990889    
  0.18479551142    
  0.16576009367    
  0.17622410852    
  0.18077439315    
  0.17060876655    
  0.17816794144    
  0.16302644871    
  0.16961599591    
  0.17730342531    
  0.17069992184    
  0.17811396490    
  0.45849290350    
  0.45370656726    
  0.44813429422    
  0.46289793883    
  0.47740771524    
  0.49556124235    
  0.52433824321    
  0.54756995658    
  0.56948432127    
  0.54464785495    
  0.51186692196    
  0.43595126992    
  0.36947440339    
  0.32385820850    
  0.24107641334    
  0.19506513449    
  0.15285437827    
  0.11207352769    
  0.10724524165    
  0.11036171268    
  0.10925116347    
  0.12687638071    
  0.14447620944    
  0.16315960600    
  0.18702120026    
  0.20027493998    
  0.19337517696    
  0.18576207046    
  0.19481215423    
  0.18768419456    
  0.17825905513    
  0.17348595515    
  0.18456460410    
  0.18334122153    
  0.17033934302    
  0.17307753212    
  0.17755620692    
  0.17658358415    
  0.18002257290    
  0.17536628648    
  0.17999457884    
  0.18290494441    
  0.18349580569    
  0.18639603531    
  0.18588863839    
  0.18913733730    
  0.17801428407    
  0.19225593976    
  0.17959124367    
