  1.55546205098E-02
  1.50715857816E-02
  1.27895992914E-02
  1.05155846764E-02
  7.59239055610E-03
  5.35171709837E-03
  4.31463883617E-03
  4.38049684476E-03
  6.08463446419E-03
  9.37253872756E-03
  1.38965998418E-02
  1.70527988566E-02
  1.99703603058E-02
  2.32401943078E-02
  2.42693371155E-02
  2.47169495441E-02
  2.56586402363E-02
  2.52583924676E-02
  2.59854228459E-02
  2.64281725939E-02
  2.56102614539E-02
  2.47860767314E-02
  2.39782947621E-02
  2.16236243569E-02
  2.13788640348E-02
  2.16266227933E-02
  2.15739479001E-02
  2.71553413548E-02
  3.48364676455E-02
  4.97655169701E-02
  7.48392169242E-02
  0.10496001771    
  0.15244576445    
  0.19084600303    
  0.24006912415    
  0.28822867914    
  0.30945812099    
  0.30851616057    
  0.30881779200    
  0.32315877188    
  0.33454463058    
  0.29814020861    
  0.28908683880    
  0.28181475138    
  0.28160155910    
  0.28909134841    
  0.28222425798    
  0.29809898527    
  0.28976588967    
  0.28954035115    
  0.29219349159    
  0.29017726633    
  0.31763560659    
  0.32069136439    
  0.33567604680    
  0.33288193443    
  0.31364883962    
  0.31354398878    
  0.31427686322    
  0.31416430957    
  0.31344604221    
  0.31405965484    
  0.32155213326    
  0.32142224776    
  0.33508808306    
  0.32205796630    
  0.28291233168    
  0.28356772804    
  1.62097490238E-02
  1.60359338577E-02
  1.44252599074E-02
  1.14444739802E-02
  8.02635145503E-03
  4.89108238879E-03
  2.40440148926E-03
  3.34101608193E-03
  6.35920328137E-03
  1.14363503821E-02
  1.61512633774E-02
  1.92702293658E-02
  2.18256171028E-02
  2.38920490265E-02
  2.50994933776E-02
  2.59953803147E-02
  2.51448718797E-02
  2.50418421957E-02
  2.70458359963E-02
  2.73852633265E-02
  2.64005194213E-02
  2.55192115687E-02
  2.35089059189E-02
  2.14115019969E-02
  2.01860628354E-02
  1.94158051169E-02
  1.83437085871E-02
  2.35529800789E-02
  3.37094784881E-02
  5.01648177761E-02
  7.75554751398E-02
  0.11333840760    
  0.15729650633    
  0.20020060262    
  0.25282647616    
  0.30566163716    
  0.33763403838    
  0.33603938058    
  0.34308261395    
  0.36058949379    
  0.34998814507    
  0.35846556888    
  0.35858145042    
  0.36155034813    
  0.35961611988    
  0.35968708412    
  0.36076638090    
  0.36032010153    
  0.33571128110    
  0.33428530420    
  0.35238310584    
  0.35844532620    
  0.36198025671    
  0.36090106318    
  0.36311466480    
  0.36176432727    
  0.34905687689    
  0.36413078871    
  0.35847581811    
  1.78596127630E-02
  1.77566597406E-02
  1.67696901447E-02
  1.31079450292E-02
  9.10663249558E-03
  5.92526147811E-03
  4.18930232086E-03
  4.99141719214E-03
  8.28853149182E-03
  1.44544810629E-02
  1.85564289173E-02
  2.19169962884E-02
  2.56664829641E-02
  2.69933728331E-02
  2.71833144066E-02
  2.74963816354E-02
  2.69998366292E-02
  2.73908171205E-02
  2.86248629418E-02
  2.93168957996E-02
  2.77399046027E-02
  2.69126227957E-02
  2.57743463614E-02
  2.31737246994E-02
  2.09992769633E-02
  1.96287805199E-02
  1.93329269899E-02
  2.38157918834E-02
  3.29639615747E-02
  4.96721925653E-02
  7.65502126609E-02
  0.11327664990    
  0.16016886836    
  0.20713890413    
  0.26248625322    
  0.32117247898    
  0.36045773876    
  0.37537351612    
  0.36002829466    
  0.35963107731    
  0.35830555987    
  0.36030942405    
  0.36318713377    
  0.35867404430    
  0.35889776720    
  0.36249128674    
  0.35636768748    
  0.35287739280    
  0.36138344590    
  0.35369952775    
  0.36198520586    
  0.35900474628    
  0.35407539301    
  0.36229615879    
  0.35403131873    
  0.36233048746    
  0.35362609490    
  0.36402834682    
  0.36331592280    
  0.36251155277    
  2.02349538991E-02
  2.03975946192E-02
  1.83370565473E-02
  1.47903423375E-02
  1.11688447815E-02
  7.85370152107E-03
  5.47790369228E-03
  7.22736004648E-03
  1.14507906309E-02
  1.73301883255E-02
  2.22918880247E-02
  2.62041319799E-02
  3.01842812196E-02
  3.15047883274E-02
  2.99965064739E-02
  2.92301305403E-02
  2.89058141975E-02
  2.92976945903E-02
  3.03474211074E-02
  2.97247867982E-02
  2.89847270187E-02
  2.79844571616E-02
  2.70705281550E-02
  2.55558133539E-02
  2.26555575987E-02
  1.94751430106E-02
  1.91406046150E-02
  2.37862825334E-02
  3.06386251621E-02
  4.53753861343E-02
  7.25772992488E-02
  0.11112326525    
  0.15737984174    
  0.20722395191    
  0.26967528630    
  0.32707317151    
  0.35129373525    
  0.35546849778    
  0.35875084399    
  0.35570438990    
  0.36350113042    
  0.35431739293    
  0.36253338992    
  0.35144745859    
  0.36313565594    
  0.36163972332    
  0.36273277799    
  0.34688553255    
  0.35543269506    
  0.35681662339    
  0.34911205160    
  0.34812152266    
  0.35372044486    
  0.34678649169    
  0.35438169870    
  0.35353780468    
  0.35202220571    
  0.35268033540    
  0.35033388803    
  0.36167236141    
  2.23893018296E-02
  2.28996156989E-02
  2.02461080454E-02
  1.69877084857E-02
  1.32503113799E-02
  1.01791570324E-02
  9.45125852681E-03
  1.09780108071E-02
  1.50840569397E-02
  2.17767957543E-02
  2.87064299420E-02
  3.19285577358E-02
  3.48514789059E-02
  3.48418563195E-02
  3.25601562560E-02
  3.09520671120E-02
  3.01684719793E-02
  2.99340025770E-02
  3.02575844883E-02
  2.98750599820E-02
  2.97913585645E-02
  2.91758236325E-02
  2.77839748605E-02
  2.69743195581E-02
  2.38089274151E-02
  1.99555866306E-02
  1.89218395220E-02
  2.26741032625E-02
  2.85729324799E-02
  4.14786929906E-02
  6.91682610473E-02
  0.10670779530    
  0.15431271090    
  0.20324949269    
  0.27074928783    
  0.32064863133    
  0.37127582111    
  0.35704556374    
  0.35401670043    
  0.35048711474    
  0.34881335326    
  0.35015167961    
  0.35360605823    
  0.35243410013    
  0.34978332568    
  0.34941393397    
  0.34971045435    
  0.34892742748    
  0.35917790320    
  0.35287470931    
  0.34916554988    
  0.34835990945    
  0.34848974742    
  0.34599398893    
  0.35001302916    
  0.34768296326    
  0.34526200791    
  0.34565297374    
  0.34444809962    
  2.44416649585E-02
  2.44813713058E-02
  2.26418438794E-02
  2.00906571316E-02
  1.63296904725E-02
  1.34765493099E-02
  1.34514702329E-02
  1.52168940111E-02
  1.92496270964E-02
  2.60686450078E-02
  3.33844145009E-02
  3.73294626146E-02
  4.06906476848E-02
  3.72144721603E-02
  3.41508723308E-02
  3.18715993734E-02
  3.03863451375E-02
  2.98802161257E-02
  2.95547555523E-02
  2.95358359446E-02
  2.98814029745E-02
  2.93995077788E-02
  2.82914761820E-02
  2.71657981012E-02
  2.39452759982E-02
  1.99206016500E-02
  1.91111103420E-02
  2.06507247951E-02
  2.54755618455E-02
  3.93862294392E-02
  6.29595497702E-02
  9.49214578864E-02
  0.13851291367    
  0.19731429210    
  0.25894394914    
  0.30300470832    
  0.33743910714    
  0.34601640874    
  0.34753170872    
  0.34467088274    
  0.34241253224    
  0.34365172936    
  0.34239322384    
  0.34261355884    
  0.34115466697    
  0.34044235755    
  0.34060526231    
  0.33649533948    
  0.33915216477    
  0.33492426233    
  0.34287567256    
  0.33865833613    
  0.33921228656    
  0.33775809425    
  0.33358309341    
  0.33280086108    
  0.33062822812    
  0.33199455405    
  0.32982128383    
  0.33112869825    
  0.32894877955    
  2.71287912149E-02
  2.77600098334E-02
  2.58695472953E-02
  2.28816413245E-02
  2.00688264882E-02
  1.81174434327E-02
  1.76917258639E-02
  2.00272571641E-02
  2.46527273777E-02
  3.11402773321E-02
  3.98570686017E-02
  4.18512244872E-02
  4.19378018120E-02
  3.89290935697E-02
  3.51987976971E-02
  3.19809251622E-02
  2.96421150768E-02
  2.87676762880E-02
  2.87440497979E-02
  2.83569492891E-02
  2.78584416805E-02
  2.71695554812E-02
  2.66794141317E-02
  2.67088537085E-02
  2.20210173804E-02
  1.84959765880E-02
  1.72076044868E-02
  1.73211798813E-02
  2.12770733017E-02
  3.55880246062E-02
  5.62585318401E-02
  8.67541869366E-02
  0.13277269350    
  0.19059166060    
  0.24013744208    
  0.27792965412    
  0.31642008681    
  0.33821943350    
  0.33282910789    
  0.33115948294    
  0.33072773425    
  0.32851344332    
  0.32609838979    
  0.31919747215    
  0.33015731422    
  0.32801480374    
  0.32903089510    
  0.31872986411    
  0.32059789573    
  0.31771989748    
  0.31680273399    
  0.31647812980    
  0.32023754584    
  0.31907122476    
  0.31284085359    
  0.31775338031    
  0.31630015014    
  0.31286252983    
  0.31278740474    
  0.31111901163    
  0.31062754301    
  2.98706687625E-02
  2.95728299366E-02
  2.85789111634E-02
  2.69719891789E-02
  2.44639494239E-02
  2.24353592446E-02
  2.18281413296E-02
  2.51803288320E-02
  3.12811778122E-02
  3.75152208503E-02
  4.22761160332E-02
  4.54693457187E-02
  4.46767469256E-02
  3.98204718960E-02
  3.58511190681E-02
  3.11085411198E-02
  2.78953952035E-02
  2.62146148137E-02
  2.57611308539E-02
  2.54510991840E-02
  2.51452700490E-02
  2.46989656020E-02
  2.45831656930E-02
  2.40568612679E-02
  2.02830513269E-02
  1.72818659621E-02
  1.46009500380E-02
  1.40961284311E-02
  1.85246286577E-02
  3.01022303589E-02
  4.76283028909E-02
  7.70629178583E-02
  0.12286551857    
  0.17405927990    
  0.21824935665    
  0.26315299897    
  0.29186424944    
  0.30945762203    
  0.30657142570    
  0.30061916151    
  0.30088188801    
  0.31027427603    
  0.30969465929    
  0.30771863475    
  0.30863604553    
  0.30229758479    
  0.30694733840    
  0.30151565670    
  0.30131216286    
  0.30043566294    
  0.29278363177    
  0.28886254368    
  0.28944642052    
  0.27833134229    
  0.28410890992    
  0.27512188510    
  0.27758343785    
  0.27727933682    
  0.27616388212    
  0.27413519475    
  3.13380358630E-02
  3.18796140823E-02
  3.23008118522E-02
  3.15642357631E-02
  2.97000342395E-02
  2.84752647344E-02
  2.91967368318E-02
  3.20998066432E-02
  3.75065962900E-02
  4.40212362257E-02
  4.61758634851E-02
  4.73185336876E-02
  4.48597280962E-02
  4.00475955507E-02
  3.42152472583E-02
  2.88924139711E-02
  2.54766744050E-02
  2.38794065843E-02
  2.25473247883E-02
  2.25773247827E-02
  2.23413140974E-02
  2.25944132110E-02
  2.16247019939E-02
  2.01431897022E-02
  1.89009515609E-02
  1.62791188795E-02
  1.34273837532E-02
  1.41278156803E-02
  1.81894944335E-02
  2.78176616601E-02
  4.65721569756E-02
  7.17769590549E-02
  0.10471874534    
  0.14680854300    
  0.20129937930    
  0.25108812977    
  0.27756133137    
  0.28610332515    
  0.28476119540    
  0.27558584811    
  0.27673422906    
  0.28290512456    
  0.27449542200    
  0.27654866494    
  0.27107626883    
  0.27224079569    
  0.27226830823    
  0.27047343224    
  0.27053600371    
  0.26881993696    
  0.26863965010    
  0.26618555752    
  0.26601143253    
  0.26438613914    
  0.27233655399    
  0.26673392133    
  0.25948928304    
  0.26635050372    
  0.26350440890    
  0.26582777525    
  0.26404253661    
  0.26355929819    
  0.26387663426    
  0.25885278307    
  0.26184813908    
  3.37814496061E-02
  3.45366476820E-02
  3.61356442318E-02
  3.67000040683E-02
  3.63646690186E-02
  3.68360889889E-02
  3.85460649678E-02
  4.09437570392E-02
  4.50428921471E-02
  5.02170634543E-02
  5.21413110876E-02
  5.00294495594E-02
  4.41529962709E-02
  3.84399768673E-02
  3.14251863187E-02
  2.51166550444E-02
  2.17348189113E-02
  2.08082642368E-02
  1.90905292021E-02
  1.93716549025E-02
  1.97098664802E-02
  1.98140454817E-02
  1.90388241306E-02
  1.81362207829E-02
  1.69260764782E-02
  1.51080891042E-02
  1.34378781913E-02
  1.36938117918E-02
  1.62807016767E-02
  2.36528405375E-02
  3.94697007601E-02
  6.08514969077E-02
  9.38499585779E-02
  0.13820001634    
  0.18423636418    
  0.22246963236    
  0.24657694859    
  0.26001415203    
  0.26185761095    
  0.24998997460    
  0.24491720131    
  0.26306446585    
  0.25866094921    
  0.26023743792    
  0.25543414669    
  0.25691210841    
  0.25724644840    
  0.25512886297    
  0.25551111369    
  0.26038332679    
  0.25867395791    
  0.25293987325    
  0.24789258552    
  0.24638497646    
  0.24091509750    
  0.25013311202    
  0.24498681247    
  0.24367999150    
  0.24756399695    
  0.23286782047    
  0.23169151567    
  3.74859601345E-02
  3.85424188191E-02
  4.12054088114E-02
  4.27440536486E-02
  4.36551763877E-02
  4.54638012217E-02
  4.79727165570E-02
  5.07087928844E-02
  5.28303910453E-02
  5.59313467553E-02
  5.62827502222E-02
  5.24949266923E-02
  4.37297079213E-02
  3.60769407036E-02
  2.82544099653E-02
  2.18356329759E-02
  1.90199565870E-02
  1.67724932230E-02
  1.58235491250E-02
  1.54555518349E-02
  1.71879724746E-02
  1.71112207265E-02
  1.73954385349E-02
  1.67450839188E-02
  1.53680970815E-02
  1.39045575709E-02
  1.21985560874E-02
  1.21310230410E-02
  1.36215377418E-02
  2.13786852120E-02
  3.53656703208E-02
  5.64474318081E-02
  8.48131547924E-02
  0.12780793894    
  0.16600350920    
  0.19874231702    
  0.22570585081    
  0.23737401629    
  0.23522883480    
  0.22597694068    
  0.22724909991    
  0.23794565091    
  0.24434253396    
  0.23239347482    
  0.23155415308    
  0.23414615936    
  0.23054569935    
  0.22537683081    
  0.22811398372    
  0.22420654401    
  0.22311179004    
  0.21986875226    
  0.22093224609    
  0.22099384606    
  0.22153758363    
  0.21603028559    
  0.21652797100    
  0.21888774498    
  0.21902720501    
  0.21802922799    
  0.21813856930    
  0.21709691122    
  0.21719056606    
  0.21567189026    
  0.20740804241    
  4.17223870665E-02
  4.20117655736E-02
  4.57197461494E-02
  4.90399196006E-02
  5.20064680435E-02
  5.54713585453E-02
  5.77360546212E-02
  6.00857319941E-02
  6.10715385441E-02
  6.14996877913E-02
  5.91175750362E-02
  5.31366799206E-02
  4.29848825308E-02
  3.44874832553E-02
  2.56989968044E-02
  1.92929058563E-02
  1.57739497381E-02
  1.31555797276E-02
  1.24939792899E-02
  1.34338208864E-02
  1.37034243562E-02
  1.43000947461E-02
  1.46707478261E-02
  1.47847943694E-02
  1.44304229316E-02
  1.30268158135E-02
  1.18164571808E-02
  1.09535836355E-02
  1.37587020282E-02
  2.00473654840E-02
  3.16082418961E-02
  5.07615215797E-02
  7.81574190401E-02
  0.11178303661    
  0.14960856907    
  0.18269918035    
  0.19869653072    
  0.20673297547    
  0.21140101774    
  0.19974653864    
  0.20094244768    
  0.20992291117    
  0.21201835655    
  0.20978665606    
  0.20647297765    
  0.21355069350    
  0.21385684842    
  0.21155769056    
  0.20969616046    
  0.19948934033    
  0.20337518433    
  0.20290901643    
  0.20425434533    
  0.20145890077    
  0.20284692012    
  0.19683944204    
  0.20011620526    
  0.20041337957    
  0.19885414177    
  0.19914542758    
  0.19789532506    
  4.43693282818E-02
  4.52469010581E-02
  5.13589677178E-02
  5.69904762505E-02
  6.16758019307E-02
  6.56958235929E-02
  6.93239376189E-02
  7.15242080323E-02
  7.15447273403E-02
  6.83228923968E-02
  6.25316927660E-02
  5.42439462712E-02
  4.21945001774E-02
  3.22849655019E-02
  2.33510635615E-02
  1.64528010979E-02
  1.25950557759E-02
  1.01725966980E-02
  9.85626583674E-03
  1.09348397094E-02
  1.12667463491E-02
  1.23200706129E-02
  1.23975587663E-02
  1.29425841083E-02
  1.27341066863E-02
  1.21059052027E-02
  1.12974603110E-02
  1.10715091812E-02
  1.25175533662E-02
  1.81753926744E-02
  2.74678802593E-02
  4.40556796859E-02
  6.92139058980E-02
  9.94529671862E-02
  0.13055196409    
  0.15511656193    
  0.17306166741    
  0.18807080304    
  0.19019327358    
  0.18987777406    
  0.18328979227    
  0.18670252350    
  0.17154141052    
  0.18325534077    
  0.18370550781    
  0.17153856263    
  0.18147389285    
  0.17234600132    
  0.17088883896    
  0.16803300213    
  0.18884862115    
  0.19398052140    
  0.19281966612    
  0.18706888190    
  0.18728594213    
  0.18583623686    
  0.18618490635    
  0.19167398044    
  0.18471044282    
  0.18507945610    
  0.17367351148    
  0.16930690602    
  4.93181240406E-02
  5.24356488609E-02
  5.73325913666E-02
  6.39891686188E-02
  7.15893958207E-02
  7.63792552932E-02
  8.25069520598E-02
  8.36758586014E-02
  8.18381717975E-02
  7.65452840687E-02
  6.60501635509E-02
  5.58074407879E-02
  4.34180277426E-02
  3.07361933870E-02
  2.12185303641E-02
  2.01082221239E-02
  9.39161636960E-03
  8.45122867588E-03
  8.11874332796E-03
  8.78911719062E-03
  9.17960911274E-03
  1.08280876093E-02
  1.03561786189E-02
  1.08800297028E-02
  1.14213208479E-02
  1.11472954696E-02
  1.05791787233E-02
  1.01530305112E-02
  1.07870695590E-02
  1.57710313879E-02
  2.27269223915E-02
  3.69496811872E-02
  5.98009978839E-02
  8.52081961990E-02
  0.11671477381    
  0.13839187446    
  0.15272801406    
  0.15841990440    
  0.14720167927    
  0.14891104206    
  0.16124471352    
  0.16142609485    
  0.15739696121    
  0.15766306118    
  0.16166703135    
  0.16231347727    
  0.16245817608    
  0.15873141099    
  0.16185753906    
  0.15726909115    
  0.15781901687    
  0.15505823199    
  0.15567218376    
  0.16071555955    
  0.15908637189    
  0.14916237606    
  0.15240254050    
  0.14609617795    
  0.14749767727    
  0.15020228861    
  0.14607182993    
  0.14538038725    
  0.15306675005    
  0.15371735184    
  0.14761699393    
  0.15194627546    
  0.14749917497    
  0.14606222532    
  5.37811886933E-02
  5.72469482021E-02
  5.15536696978E-02
  5.23566423588E-02
  7.84473139925E-02
  8.64220991073E-02
  9.45104296839E-02
  9.11366362232E-02
  8.82096278995E-02
  8.30793734676E-02
  7.05195073690E-02
  5.72493335213E-02
  4.29357318658E-02
  3.01176584462E-02
  2.00623218681E-02
  1.32431881183E-02
  1.02625124648E-02
  6.71785274385E-03
  8.87379868556E-03
  3.89605142445E-03
  5.70260421191E-03
  1.02636844305E-02
  2.07958456891E-02
  9.23347009363E-03
  9.90504308684E-03
  1.01390710018E-02
  9.64900914875E-03
  9.52421062576E-03
  1.04307453978E-02
  1.38967224448E-02
  1.93875656843E-02
  3.10941973841E-02
  4.98793788898E-02
  7.52709020529E-02
  9.93067150473E-02
  0.11922884108    
  0.13795435199    
  0.13967719621    
  0.14354024461    
  0.13586992642    
  0.13741171821    
  0.12385946152    
  0.12831933116    
  0.13391636133    
  0.12382472573    
  0.12774078745    
  0.12528181614    
  0.12364707911    
  0.12350043994    
  0.14419740354    
  0.14431475997    
  0.13957008728    
  0.13877097615    
  0.13821641817    
  0.13817619098    
  0.13775708551    
  0.13646795538    
  0.13620097705    
  0.13732432726    
  0.13590332981    
  0.13480165805    
  0.13468472303    
  0.13320275547    
  0.13036953024    
  0.12900784792    
  0.12353763880    
  5.55341621183E-02
  5.80585596519E-02
  5.05211899643E-02
  5.05147767849E-02
  5.97340955727E-02
  9.06743369166E-02
  9.46653690913E-02
  9.50453785361E-02
  9.78015424114E-02
  9.82427191986E-02
  9.85364118228E-02
  9.89510034199E-02
  9.91216837909E-02
  9.71586172901E-02
  9.61711736261E-02
  9.89549408220E-02
  9.84524775562E-02
  9.55214891010E-02
  9.08870534123E-02
  7.53094777283E-02
  5.97266837095E-02
  4.35330503854E-02
  3.02817593130E-02
  1.98987288520E-02
  1.30692051211E-02
  2.19737435115E-02
  6.71458795387E-03
  6.00244992796E-03
  8.64335114377E-03
  9.40663882660E-03
  1.32844158683E-02
  2.09501326996E-02
  7.81479761371E-03
  8.45854272020E-03
  8.92055581715E-03
  8.62653762898E-03
  8.38781130899E-03
  9.06735218671E-03
  1.17561249666E-02
  1.65778357841E-02
  2.65694051187E-02
  4.57290071745E-02
  6.59556763063E-02
  8.44928621662E-02
  0.10066456009    
  0.10752602231    
  9.66468010719E-02
  0.10387052047    
  0.11475172159    
  0.11741708554    
  0.10757708789    
  0.10908200990    
  0.11777665065    
  0.12187825375    
  0.12230629955    
  0.11794710590    
  0.11847357246    
  0.11514152143    
  0.11558964351    
  0.10782129402    
  0.11061661850    
  0.11434304332    
  0.10509761408    
  0.10633401581    
  0.10339478393    
  0.10309192173    
  0.10448750786    
  0.10210501516    
  0.10343325258    
  0.10646564469    
  0.10932371831    
  0.10827521983    
  0.10714813182    
  0.10608831681    
  5.71111033288E-02
  6.02250627193E-02
  7.02021723492E-02
  5.80582822752E-02
  6.15170705729E-02
  6.62460371129E-02
  6.54412146161E-02
  7.47379238760E-02
  7.53501671326E-02
  9.82170622881E-02
  7.70961756242E-02
  8.16994788134E-02
  8.44493152430E-02
  8.91112959910E-02
  8.45173195469E-02
  8.67139679278E-02
  8.53965157696E-02
  8.77606262511E-02
  8.91147570745E-02
  9.02016941574E-02
  8.99395222572E-02
  9.06531596240E-02
  7.95664042326E-02
  8.21064730992E-02
  8.42129318170E-02
  8.31786741586E-02
  8.52532354166E-02
  8.19325460004E-02
  8.59065093563E-02
  8.63428057847E-02
  8.86764765398E-02
  8.75331804888E-02
  8.96484727186E-02
  9.09038943269E-02
  9.01694850862E-02
  0.10261741078    
  9.09590196154E-02
  9.27252830835E-02
  9.11519142464E-02
  9.09030496493E-02
  9.16384086534E-02
  9.17412558258E-02
  9.29467712493E-02
  9.64714209291E-02
  9.51536439468E-02
  9.73225084302E-02
  9.84370467743E-02
  0.10298639289    
  9.86449587430E-02
  0.10082682491    
  9.95081901008E-02
  0.10170331484    
  0.10325508996    
  0.10774177157    
  0.10414176799    
  0.10868355399    
  9.20134387164E-02
  9.75221057659E-02
  0.10266790136    
  0.10375473057    
  0.10365058046    
  0.10892332514    
  0.10509865597    
  0.10529205546    
  0.10142127294    
  0.10172853860    
  0.10750546091    
  0.10946400609    
  0.10836053203    
  0.11032065840    
  0.10430392148    
  0.10140285165    
  0.10055717022    
  0.10195082196    
  0.10152083285    
  0.10918999393    
  0.11114387952    
  0.10422906169    
  0.11188335478    
  0.10438459461    
  0.10590141311    
  0.11334663711    
  0.10645261265    
  0.10463090935    
  0.11496652497    
  0.10740954269    
  0.10255785116    
  0.10799194433    
  0.10953702718    
  0.11153143474    
  0.10854290944    
  0.11012425968    
  0.11734719659    
  0.11066589338    
  0.11172842273    
  0.11336296061    
  0.11231065391    
  0.11399796556    
  0.10019818572    
  9.77791578751E-02
  0.10276263232    
  0.10231094691    
  0.11626892595    
  0.14073617569    
  0.10051773078    
  9.90333253269E-02
  0.14034283936    
  0.14004989229    
  9.49044135031E-02
  9.03051950807E-02
  9.65549526418E-02
  9.43395375021E-02
  0.14021382731    
  0.14102508406    
  9.16032403183E-02
  8.77234314202E-02
  0.14228485202    
  8.85738921094E-02
  8.13687423838E-02
  7.31564226516E-02
  8.21477197055E-02
  7.49848379254E-02
  6.22590353260E-02
  4.43298002827E-02
  3.14262349366E-02
  6.49295706817E-02
  5.39702915757E-02
  4.23355610469E-02
  3.51905235754E-02
  5.73963366129E-03
  4.85227157079E-03
  4.88966370180E-03
  1.75580861422E-02
  2.19791559335E-02
  3.97101728330E-02
  7.18004771349E-03
  7.63249169889E-03
  7.63086386213E-03
  7.32181465567E-03
  7.40179050113E-03
  9.14391519920E-03
  1.44488375290E-02
  2.40117218823E-02
  3.89523240414E-02
  5.63517315711E-02
  7.65886001478E-02
  9.31764163723E-02
  0.10195986075    
  0.10327207050    
  9.73224554781E-02
  9.84905040472E-02
  8.74928697444E-02
  9.12248338216E-02
  9.16369331766E-02
  8.70236424835E-02
  8.80979295538E-02
  8.78724494824E-02
  8.61520905663E-02
  8.60105132018E-02
  0.10153779525    
  0.10109250525    
  0.10166149695    
  0.10000216969    
  0.10061787773    
  9.97777959592E-02
  9.93054107528E-02
  9.70369004549E-02
  9.65544242097E-02
  9.72902376096E-02
  9.60173208312E-02
  9.29850532989E-02
  9.23530534926E-02
  8.99412857582E-02
  9.06699543093E-02
  8.81116186986E-02
  8.57240519830E-02
  5.97116117252E-02
  6.35727919118E-02
  7.39081129817E-02
  8.47659867325E-02
  9.49781381369E-02
  0.10085198627    
  0.10322417244    
  0.10166103629    
  0.10491369679    
  0.10482433849    
  0.10623551511    
  0.10660187590    
  0.10856800604    
  0.10750597054    
  0.11888632367    
  0.11282932208    
  0.11455926764    
  0.12119673848    
  0.11503428260    
  0.10900362315    
  0.10998659562    
  0.10995985989    
  0.11103815332    
  0.11635478034    
  0.11822858665    
  0.11686950367    
  0.11879562749    
  0.14081489325    
  0.14058480014    
  0.14087720335    
  0.14063919262    
  0.12333232252    
  0.14334213641    
  0.14032656014    
  0.14005445350    
  0.14036321060    
  0.14156456134    
  0.13978723952    
  0.14052177124    
  0.14086187107    
  0.14013048087    
  0.14218788263    
  0.14086620268    
  0.11145595896    
  0.10632096501    
  0.14021293015    
  0.13979328407    
  0.13949130427    
  0.13943149733    
  0.14043915644    
  0.14125435605    
  0.14037500160    
  0.14139082866    
  0.13976818640    
  0.14155742644    
  0.14210498132    
  0.14293368498    
  0.14237579191    
  0.14330635505    
  0.14430948645    
  0.14283911442    
  0.14383321397    
  0.14349954581    
  0.14451365335    
  0.14475860369    
  0.14560288665    
  0.14547791544    
  0.14637155086    
  0.14354895066    
  0.14525268336    
  0.14630760087    
  0.14724475962    
  0.14721341336    
  0.14819558641    
  0.14706754087    
  0.14815150387    
  0.14918485692    
  0.14907267041    
  0.15016162528    
  0.14275832795    
  8.18726425752E-02
  0.14487911238    
  0.14554292923    
  7.72638005889E-02
  0.14731854765    
  0.14876020518    
  0.14993742426    
  0.15185693346    
  0.14997416053    
  6.69859813091E-02
  5.79072873523E-02
  0.14660309731    
  0.14260903585    
  4.85443062535E-02
  4.14830441343E-02
  0.13635155059    
  0.12540248520    
  3.53910579486E-02
  2.97770591422E-02
  0.11980158938    
  0.11255919445    
  2.48705559584E-02
  8.32786955940E-02
  0.10839244015    
  0.10050474526    
  7.88005696532E-02
  7.18070449983E-02
  9.39195132156E-02
  8.82118401749E-02
  6.58366580536E-02
  6.25963935079E-02
  7.98348618991E-02
  7.70889999556E-02
  8.75417161788E-02
  8.44307819330E-02
  7.43838482310E-02
  7.12757388852E-02
  8.11730629541E-02
  7.77665667774E-02
  5.67022573822E-02
  5.34486730609E-02
  6.79893136639E-02
  6.52733736059E-02
  7.42334985349E-02
  7.14025428363E-02
  6.49566286011E-02
  4.70965848235E-02
  3.30081620098E-02
  2.65775049451E-02
  2.77917936289E-02
  3.66938705657E-02
  6.03365594204E-02
  5.98173369624E-03
  0.17003496337    
  0.30395261458    
  6.28308363968E-03
  6.53168518407E-03
  8.04184026331E-03
  0.38568087759    
  0.40866724999    
  0.43784014938    
  0.44383255289    
  6.52738686339E-02
  7.37825154891E-02
  0.44631667194    
  6.99532608932E-02
  7.85898586358E-02
  8.32894206062E-02
  8.43451946511E-02
  8.42806721839E-02
  8.26632798898E-02
  8.26710516045E-02
  7.71738995966E-02
  7.76787323074E-02
  7.73063552045E-02
  7.61139559246E-02
  7.32861341000E-02
  7.38989175706E-02
  6.99151420204E-02
  7.03719083771E-02
  7.48166106277E-02
  7.47865058834E-02
  7.25834765122E-02
  7.24979259897E-02
  7.48773387308E-02
  7.25266702286E-02
  7.11796780438E-02
  7.11497093621E-02
  6.98621587459E-02
  7.01730705849E-02
  6.48136253454E-02
  6.67949884755E-02
  7.57826256578E-02
  8.49631227836E-02
  9.47710972003E-02
  0.10465145036    
  0.10939073408    
  0.11353352365    
  0.10736699643    
  0.14836150582    
  0.14872081620    
  0.14992619965    
  0.15106441505    
  0.15066589397    
  0.15182849681    
  0.15121391864    
  0.15204687283    
  0.10271355319    
  0.15343341114    
  0.15224211812    
  0.15271711851    
  0.15331818009    
  0.15374348076    
  0.15525605689    
  0.15391709280    
  0.15431519292    
  0.15425675024    
  0.15438652164    
  0.15589875323    
  0.15752460760    
  0.15571001298    
  0.15674357906    
  0.15550364290    
  0.15305205230    
  0.15777449244    
  0.15629067541    
  0.15688833787    
  0.15606727604    
  0.15421702327    
  0.15482548978    
  0.15516278153    
  0.15569683310    
  0.15383587560    
  0.15594900710    
  0.15547301014    
  0.15512438519    
  0.15482988089    
  0.15461790887    
  0.15372747047    
  0.15441621602    
  0.15356962917    
  0.15432991906    
  0.15354409024    
  0.15042901547    
  0.14799486002    
  0.15199989707    
  0.15091872223    
  0.15251209517    
  0.15131632622    
  0.14970400812    
  0.14853508324    
  0.15014630700    
  0.14901318142    
  0.14597792202    
  0.14385696497    
  0.14740945488    
  0.14632412734    
  0.14791736415    
  0.14685839998    
  0.14527561511    
  0.14425942740    
  0.14583505660    
  0.14484484396    
  0.15265484180    
  0.15156620356    
  0.15266873741    
  0.15171006550    
  0.15009640174    
  0.15221557420    
  0.15060147609    
  0.14807431196    
  0.14614941262    
  0.14889162858    
  0.14711827175    
  0.14052360612    
  0.13881597325    
  0.14320119794    
  0.14131279842    
  0.14381950013    
  0.14210294383    
  0.14061362077    
  0.13988256618    
  0.14137090290    
  0.14069131605    
  0.13706165499    
  0.13487716393    
  0.13914401821    
  0.13816779915    
  0.14004630578    
  0.13908880496    
  0.13701937994    
  0.13586111452    
  0.13795194559    
  0.13683480432    
  0.14433693092    
  0.14197698771    
  0.14555385384    
  0.14311215932    
  0.14048604431    
  0.13864365907    
  0.14170271851    
  0.14019648256    
  0.12820601487    
  0.12512274325    
  0.13471251095    
  0.13357266274    
  0.13573979741    
  0.13466296197    
  0.13244324255    
  0.12194230858    
  0.12078804186    
  0.12868540974    
  0.12441681879    
  0.13672242929    
  0.13572807910    
  0.13766774104    
  0.13676839520    
  0.13472823112    
  0.13372226214    
  0.13584600612    
  0.13493396421    
  0.13865937169    
  0.13708761403    
  0.13273330831    
  0.13178032087    
  0.13404843894    
  0.13319205317    
  0.12940069774    
  0.12869506942    
  0.13177101097    
  0.13020154006    
  0.13566038207    
  0.13374708986    
  0.12067142177    
  0.11716853764    
  0.12399019248    
  0.12166769287    
  0.11288890471    
  0.10906568980    
  0.11857351601    
  0.11576097445    
  0.12710221715    
  0.12646083655    
  0.12962416930    
  0.12805584606    
  0.12496999878    
  0.12370656056    
  0.12754908280    
  0.12647649024    
  0.13196595947    
  0.12969570581    
  0.12277827145    
  0.12184052011    
  0.12501230586    
  0.12447883545    
  0.12088768728    
  0.12000332977    
  0.12395997071    
  0.12323526889    
  0.12957572821    
  0.12847986745    
  0.10605708981    
  0.10356385126    
  0.11336573654    
  0.10964266675    
  0.10872122667    
  0.11324496820    
  0.11253749979    
  0.10137845868    
  9.89386005488E-02
  0.10797217662    
  0.10730495453    
  0.11199114300    
  0.11161292066    
  0.10661290932    
  0.10544885258    
  0.11133413504    
  0.11066202713    
  0.11901863751    
  0.11804497214    
  0.12242297757    
  0.12154864261    
  0.11715158843    
  0.11654769733    
  0.12136548222    
  0.12078306420    
  0.12791497455    
  0.12626387157    
  0.11752251254    
  0.11815535973    
  0.12490790980    
  0.12351028073    
  9.60159932396E-02
  9.12226070696E-02
  8.93989996755E-02
  9.54746053649E-02
  9.34656861111E-02
  0.10399227556    
  0.10205851297    
  0.10917981536    
  0.10685566436    
  9.98861713109E-02
  9.76580531607E-02
  0.10434606216    
  0.10188824622    
  8.75509161114E-02
  8.56911660531E-02
  9.14447736559E-02
  8.94561830081E-02
  8.38427810093E-02
  8.19086142934E-02
  8.73401946127E-02
  8.54578911630E-02
  9.63672262821E-02
  9.19329450064E-02
  0.11527144123    
  0.11015516804    
  0.12076282251    
  0.11758369983    
  0.10752712578    
  7.99222662760E-02
  7.83477795596E-02
  8.33421086223E-02
  8.17018227401E-02
  7.76415073963E-02
  8.68168479274E-02
  8.50989625338E-02
  9.07608661430E-02
  8.85161535179E-02
  8.34966805993E-02
  8.18333754734E-02
  8.68356060709E-02
  8.50836156672E-02
  7.49729656580E-02
  7.28087892890E-02
  8.02625717951E-02
  7.91359197826E-02
  8.35286997365E-02
  8.22318622442E-02
  7.89749856589E-02
  9.61550182360E-02
  9.15433111419E-02
  0.10351665767    
  9.80997033781E-02
  8.72501653442E-02
  8.53008937074E-02
  9.04507849088E-02
  8.89385828544E-02
  8.40014210659E-02
  8.31439756424E-02
  8.74816441742E-02
  8.60444277861E-02
  9.43840434919E-02
  9.05198285078E-02
  8.91787606971E-02
  9.38536900025E-02
  9.22211555289E-02
  7.28958412486E-02
  6.30879616100E-02
  8.24203566771E-02
  7.87649702989E-02
  8.75379476807E-02
  8.57591207406E-02
  9.05120582465E-02
  8.86711577016E-02
  8.40924152875E-02
  7.37913071486E-02
  5.26893685841E-02
  4.37939210723E-02
  6.38468094352E-02
  5.63615470079E-02
  3.77480125981E-02
  3.39378634860E-02
  4.86966778306E-02
  4.48297374876E-02
  4.22421656208E-02
  5.64207303940E-02
  0.10115081628    
  0.13434589433    
  0.16645150278    
  0.16950302173    
  0.18191075151    
  0.19644487058    
  0.19764808154    
  0.21145809037    
  0.19790916951    
  0.23044702648    
  0.21399048012    
  0.23104254462    
  0.22938661835    
  0.24681228601    
  0.26918318214    
  0.29420628210    
  0.34553180786    
  0.36936020611    
  0.39597702061    
  0.40052744380    
  0.43358305865    
  0.46335479096    
  0.46308479674    
  0.45168887642    
  0.45499414528    
  0.46276683728    
  0.45523758913    
  6.50671849747E-02
  6.77205992269E-02
  0.46717127403    
  0.47027161583    
  6.88809615935E-02
  6.90021309224E-02
  6.77268330226E-02
  6.66491428193E-02
  6.56469221020E-02
  0.45033693097    
  0.44425829859    
  0.44252310574    
  0.44572048704    
  0.44373434552    
  0.45437234719    
  0.44710935270    
  0.44485937020    
  0.44836168957    
  0.44584555338    
  0.44084857861    
  6.81274755236E-02
  7.10588484357E-02
  7.78707013356E-02
  8.54095824785E-02
  9.32401217976E-02
  0.10019883668    
  0.10606252232    
  0.10860927152    
  0.10560761601    
  9.65447801890E-02
  0.15461088265    
  0.15332276339    
  8.53392287419E-02
  7.92021768513E-02
  6.83143496256E-02
  5.99408687627E-02
  7.09207057602E-02
  6.23550319229E-02
  5.27398575350E-02
  4.67049773704E-02
  5.45340390561E-02
  4.86376222755E-02
  0.14080100528    
  0.13929563975    
  4.27895592807E-02
  3.74524017402E-02
  0.13765411889    
  0.13884128615    
  0.14442493533    
  0.14844295748    
  0.13755496505    
  0.13158556367    
  0.14525734088    
  0.13891544043    
  0.12753882034    
  0.12481507377    
  0.13511983499    
  0.13564174129    
  0.11076361613    
  0.10089409098    
  9.77733142748E-02
  0.10658634575    
  0.10395924811    
  0.12039756601    
  0.11153024700    
  9.36685736499E-02
  9.17925270784E-02
  9.69481418698E-02
  9.50963807759E-02
  8.97317337946E-02
  8.74351870281E-02
  9.29959234433E-02
  9.05973227219E-02
  0.10105360357    
  9.64031130927E-02
  9.39388393132E-02
  0.10000440048    
  9.74480801777E-02
  8.51293943551E-02
  7.95813888176E-02
  9.12009611042E-02
  8.83187915603E-02
  9.44654362855E-02
  9.13109224309E-02
  8.53364449027E-02
  0.10764875922    
  0.10455493651    
  0.11139959570    
  0.10973289908    
  9.77048697190E-02
  9.41725097272E-02
  0.10064955550    
  9.66958203576E-02
  9.07702919977E-02
  8.75897409607E-02
  9.30610921136E-02
  8.98328513103E-02
  0.10124811533    
  9.49997820273E-02
  9.16646085076E-02
  9.63616891125E-02
  9.31381756136E-02
  7.45078253610E-02
  7.00777096484E-02
  7.95263767840E-02
  7.47246864744E-02
  7.26248093319E-02
  7.70570629976E-02
  7.47974207708E-02
  6.60077388720E-02
  6.22247163058E-02
  7.05676257622E-02
  6.82564641262E-02
  7.26843863513E-02
  7.06795371023E-02
  6.63150638524E-02
  6.45705191298E-02
  6.84674674227E-02
  6.66829514998E-02
  8.44414620421E-02
  8.16881284279E-02
  8.65008457200E-02
  8.36873586604E-02
  7.91711252147E-02
  7.68575941694E-02
  8.11328424048E-02
  7.87992313147E-02
  8.76462730219E-02
  8.28668884894E-02
  7.48870615077E-02
  7.10142559285E-02
  7.86053599564E-02
  7.49305742720E-02
  5.84432141400E-02
  5.57081323925E-02
  6.28005341035E-02
  6.15214792246E-02
  6.49955667297E-02
  6.38135466977E-02
  6.00708980931E-02
  5.88080825596E-02
  6.23950926404E-02
  6.11453247229E-02
  5.33868679245E-02
  5.26614373558E-02
  5.77465604476E-02
  5.70948844466E-02
  6.00775398721E-02
  5.95506329108E-02
  5.75651095566E-02
  6.74032985726E-02
  6.50595244556E-02
  7.18001394504E-02
  6.93154851158E-02
  6.25431177605E-02
  6.17292822164E-02
  6.46385995526E-02
  6.37774890408E-02
  6.10528851801E-02
  6.05954641272E-02
  6.30538936004E-02
  6.25450498067E-02
  6.72244370528E-02
  6.49135696955E-02
  6.43981103725E-02
  6.66867590004E-02
  6.60399356827E-02
  5.51893185620E-02
  5.88158412151E-02
  6.13801219786E-02
  6.19749626493E-02
  6.40628038405E-02
  6.39932890849E-02
  6.56180066511E-02
  6.54505000030E-02
  6.42228901541E-02
  6.47995648732E-02
  6.56005422323E-02
  6.61359058961E-02
  6.41315984671E-02
  6.74035231551E-02
  6.73773767493E-02
  7.10384911255E-02
  6.75234552430E-02
  8.46563401797E-02
  7.81047022779E-02
  9.59817582776E-02
  0.11156571893    
  0.15193896935    
  0.12320379836    
  0.16201523747    
  0.18540595164    
  0.19844904352    
  0.18876379548    
  0.20099339105    
  0.20874769764    
  0.20416747164    
  0.21281814997    
  0.20499953330    
  0.21169949821    
  0.21102105564    
  0.21812550655    
  0.21878596207    
  0.22771852435    
  0.22550325271    
  0.23456767943    
  0.21632713810    
  0.22400495209    
  0.22117007216    
  0.22938985791    
  0.24001688630    
  0.19371496392    
  0.20738511274    
  0.21676139554    
  0.21078157095    
  0.22069721902    
  0.19901966514    
  0.21443758245    
  0.22492159729    
  0.21858054890    
  0.23070198785    
  0.23248888191    
  0.25546743704    
  0.24511943342    
  0.26496320783    
  0.23572775188    
  0.24465299512    
  0.24277725062    
  0.25132014028    
  0.25338617544    
  0.26234901810    
  0.26058812545    
  0.27704747980    
  0.26369152489    
  0.27479506899    
  0.28328014737    
  0.28102518199    
  0.28999711043    
  0.28678524369    
  0.29981336452    
  0.29249945900    
  0.29980778603    
  0.29956663317    
  0.30708798166    
  0.31256298975    
  0.27511378909    
  0.29558776982    
  0.28568310170    
  0.30925860898    
  0.30738279579    
  0.31525369515    
  0.31583207228    
  0.32430584932    
  0.32848909890    
  0.32469436565    
  0.33430026704    
  0.33303222212    
  0.34526371687    
  0.34633661568    
  0.31919860877    
  0.33997308379    
  0.34841903517    
  0.36085184797    
  0.35748399219    
  0.37169715635    
  0.36494846974    
  0.37317144700    
  0.37376800631    
  0.37986910610    
  0.37939987668    
  0.38539774657    
  0.38333606421    
  0.38621450594    
  0.38684422951    
  0.38962925234    
  0.38904155753    
  0.39174574943    
  0.39238929701    
  0.39503868553    
  0.38525962015    
  0.39606313050    
  0.39073525109    
  0.39523450899    
  0.39423531163    
  0.39644519172    
  0.39747860911    
  0.39962015769    
  0.39835158693    
  0.40041420752    
  0.40141491079    
  0.40335116117    
  0.40173528289    
  0.40667525351    
  0.40560492980    
  0.41183421546    
  0.40985809811    
  0.42250925122    
  0.42069989141    
  0.43564168419    
  0.44010019287    
  0.46708405061    
  0.44810812562    
  0.46325064677    
  0.45296351149    
  0.46756595867    
  0.47884083991    
  0.49534468016    
  0.48082708988    
  0.49304556513    
  0.48013467122    
  0.48975553756    
  0.49927788722    
  0.50089608414    
  0.50054765187    
  0.50574542658    
  0.50542561711    
  0.51115038842    
  0.51049684372    
  0.51965216797    
  0.50192931394    
  0.51225149869    
  0.52167794628    
  0.53366756756    
  0.53241543084    
  0.54806177771    
  0.55901654793    
  0.50619101422    
  0.49089482411    
  0.53868926884    
  0.51035045408    
  0.49801535465    
  0.51657065460    
  0.50142267227    
  0.47892730160    
  0.46781641817    
  0.48805945956    
  0.47996051263    
  0.48890455819    
  0.47841812938    
  0.47193270231    
  0.46525697397    
  0.46879077927    
  0.46269105667    
  0.45708784440    
  0.44940359682    
  0.44663476924    
  0.45212266609    
  0.44716900925    
  0.45834540844    
  0.45246862523    
  0.45352813873    
  0.45765021908    
  0.45307470426    
  0.45222618855    
  0.45519002522    
  0.45099610500    
  0.44939772582    
  7.15432787864E-02
  7.41530004866E-02
  7.87170044222E-02
  0.10029626821    
  9.08240482915E-02
  9.65539443996E-02
  0.10028099854    
  0.13616606562    
  0.14520645726    
  9.21469656216E-02
  8.53387013113E-02
  8.06204808675E-02
  8.39347451827E-02
  7.96464494125E-02
  7.16330104850E-02
  6.28244781427E-02
  7.18032060435E-02
  6.25640532411E-02
  5.64503097456E-02
  4.84448543251E-02
  5.57408428485E-02
  4.81880183127E-02
  4.28766077750E-02
  3.83748609904E-02
  4.27081303662E-02
  3.81204443276E-02
  3.21725158483E-02
  0.14189339089    
  0.13236465060    
  0.11915276678    
  0.10959334795    
  0.10212791484    
  9.61678679937E-02
  0.10253243507    
  9.77797532747E-02
  0.10868758472    
  0.10223144636    
  8.93228216799E-02
  8.15239615494E-02
  9.32840716584E-02
  8.68476125680E-02
  7.61858555027E-02
  7.07116741424E-02
  6.86226307220E-02
  7.37901235388E-02
  7.16636665564E-02
  8.11555514673E-02
  7.67654941416E-02
  6.74507587416E-02
  6.67528602367E-02
  6.72084903932E-02
  6.77093453372E-02
  6.80116300761E-02
  7.00523422532E-02
  6.88936566329E-02
  6.81974968764E-02
  6.99305618230E-02
  6.89979925267E-02
  7.08470080309E-02
  7.38169706371E-02
  6.95350794528E-02
  7.16591283142E-02
  7.01149800767E-02
  7.27608054265E-02
  7.43336063950E-02
  7.72546987033E-02
  7.54656961734E-02
  7.84572382399E-02
  7.44378096544E-02
  7.45926372466E-02
  7.73826984585E-02
  8.04497224893E-02
  7.92906621890E-02
  8.21991572626E-02
  7.90879764330E-02
  8.12368125641E-02
  8.39705255807E-02
  8.30783636298E-02
  8.56603622474E-02
  7.99695506343E-02
  8.77755700180E-02
  8.27047014548E-02
  9.08096603018E-02
  0.10389228143    
  8.64146084560E-02
  9.39661543269E-02
  8.71084238811E-02
  9.06358930824E-02
  8.86699590610E-02
  9.20989447260E-02
  9.45629775020E-02
  0.10009019734    
  9.64730539213E-02
  0.10139387120    
  0.10367313735    
  0.11527030608    
  0.10801731415    
  0.11948663021    
  0.13156878723    
  0.17006457876    
  0.13915591504    
  0.16435540966    
  0.18545445059    
  0.16568324604    
  0.18485100023    
  0.20681064166    
  0.22398371616    
  0.23662637447    
  0.22851995325    
  0.24185040275    
  0.21183243662    
  0.23333439883    
  0.24741648118    
  0.23562832983    
  0.25227202951    
  0.25481223846    
  0.27280302048    
  0.26297360518    
  0.27607857909    
  0.20395515035    
  0.21927261875    
  0.20497784187    
  0.21724616863    
  0.23353780840    
  0.24784027190    
  0.22971699711    
  0.24171433908    
  0.20341413622    
  0.21450539213    
  0.20157129202    
  0.21161687646    
  0.22845378305    
  0.25852915710    
  0.27189820111    
  0.24679903155    
  0.26111979550    
  0.29210964584    
  0.31578020721    
  0.29209220074    
  0.31188325553    
  0.33721906864    
  0.35302524001    
  0.33524137674    
  0.34677502315    
  0.35514676322    
  0.33055737300    
  0.34027256427    
  0.32514547345    
  0.33421090904    
  0.35105461072    
  0.28625104818    
  0.30267528435    
  0.27678170999    
  0.29174490600    
  0.31940488120    
  0.33079293495    
  0.31339459708    
  0.32520208392    
  0.33914442239    
  0.34858094052    
  0.33375975187    
  0.34413924568    
  0.31233547740    
  0.32810265498    
  0.33909960860    
  0.32199395136    
  0.33068138632    
  0.36571961609    
  0.37827325117    
  0.35875837258    
  0.37563975343    
  0.34834330597    
  0.35804209803    
  0.34267876542    
  0.35252126351    
  0.37166239548    
  0.38891674572    
  0.39036403410    
  0.39535501078    
  0.39195616913    
  0.38911662660    
  0.38704446443    
  0.38472565940    
  0.38161407981    
  0.38396742622    
  0.38654361115    
  0.38717000087    
  0.38960275523    
  0.38759900863    
  0.38983079005    
  0.39212197908    
  0.39176118409    
  0.39390240349    
  0.38926546334    
  0.39289416229    
  0.39226697676    
  0.39589697801    
  0.39863394953    
  0.39720351203    
  0.40419044587    
  0.39027182130    
  0.39156233471    
  0.39084683235    
  0.39182005262    
  0.39278855991    
  0.39473046310    
  0.39263367250    
  0.39441880510    
  0.38958082947    
  0.39058448876    
  0.38317446177    
  0.38775088208    
  0.39074258987    
  0.39868702998    
  0.40677331067    
  0.39529912016    
  0.40194624033    
  0.40356690235    
  0.40457862663    
  0.40633564943    
  0.40781425851    
  0.41053700278    
  0.41032648625    
  0.41447706741    
  0.40897501866    
  0.41026886624    
  0.41163745159    
  0.41263933173    
  0.41330139224    
  0.41410840632    
  0.41470183980    
  0.41623866341    
  0.41634553427    
  0.41541347354    
  0.41630449183    
  0.41668068574    
  0.41731144589    
  0.42009981656    
  0.41777870729    
  0.41756611085    
  0.41609877325    
  0.41603600137    
  0.42430691622    
  0.43027872168    
  0.42577995277    
  0.42830914438    
  0.42012199357    
  0.42972657578    
  0.43315774318    
  0.43728626810    
  0.44539284674    
  0.43955345783    
  0.44459552241    
  0.44878485247    
  0.44512273122    
  0.44909151353    
  0.42053850810    
  0.43087678454    
  0.42044933200    
  0.42172452624    
  0.43330647862    
  0.43598613168    
  0.43402743802    
  0.43654597865    
  0.41991705439    
  0.43575017467    
  0.43892352697    
  0.44188465732    
  0.43931139826    
  0.44206170621    
  0.44556568268    
  0.44910395787    
  0.44533236149    
  0.44885521104    
  0.44048339039    
  0.44998496858    
  0.45529250532    
  0.46590835918    
  0.47165385141    
  0.46613402175    
  0.47167384158    
  0.45331405469    
  0.46130576707    
  0.45583004461    
  0.46140491473    
  0.46619676981    
  0.47140261241    
  0.46599610480    
  0.47090720198    
  0.47748929996    
  0.48321779255    
  0.47707646318    
  0.48238643510    
  0.48858234246    
  0.49361599783    
  0.48744809408    
  0.49241365437    
  0.47851335115    
  0.48800354512    
  0.45954551892    
  0.46743313787    
  0.45890079705    
  0.46615190978    
  0.47931391258    
  0.49775157191    
  0.50139822709    
  0.49666089674    
  0.50058809140    
  0.50481530745    
  0.50684011363    
  0.50297145081    
  0.50663855195    
  0.49694929583    
  0.50357537926    
  0.51050950333    
  0.51468030079    
  0.51045840917    
  0.51467956673    
  0.51955245257    
  0.52527881532    
  0.51951403546    
  0.52512680133    
  0.51090609146    
  0.51954156889    
  0.49612873687    
  0.50490621236    
  0.53196676123    
  0.53950655180    
  0.53162528869    
  0.53892790392    
  0.55231007673    
  0.52947234739    
  0.53621266008    
  0.52577801243    
  0.53160750619    
  0.54326205360    
  0.55077423049    
  0.53761908508    
  0.54351867642    
  0.57333493430    
  0.58568928120    
  0.55823873123    
  0.56438267741    
  0.54886968850    
  0.55266952473    
  0.56671172224    
  0.56320969872    
  0.55363933914    
  0.55103681943    
  0.52022062058    
  0.52880094181    
  0.50669832602    
  0.51139084332    
  0.53487486483    
  0.54141589079    
  0.53927002806    
  0.52992148912    
  0.52833911816    
  0.51403872021    
  0.51328797976    
  0.55961909122    
  0.53649715123    
  0.55553834912    
  0.54605894330    
  0.54561700135    
  0.53824921530    
  0.53635798625    
  0.52701768819    
  0.53016693584    
  0.52195758724    
  0.51723623595    
  0.50524731240    
  0.49788279209    
  0.50407548520    
  0.49663956458    
  0.51807225779    
  0.50968457299    
  0.51385816657    
  0.50612191976    
  0.50186926796    
  0.49455478690    
  0.49875652189    
  0.49172001611    
  0.53522522501    
  0.52943890108    
  0.52488544808    
  0.52019156242    
  0.51556310420    
  0.50791920127    
  0.49973678703    
  0.50244782234    
  0.48952387664    
  0.49027717540    
  0.48007738175    
  0.49112128314    
  0.48486971259    
  0.48974128744    
  0.48329983782    
  0.47904232832    
  0.47355967544    
  0.47725032239    
  0.47154163383    
  0.48309278193    
  0.47064140751    
  0.46835279112    
  0.46337270685    
  0.46613526980    
  0.46100642485    
  0.46188838915    
  0.45785194050    
  0.45954876878    
  0.45546717056    
  0.45939011917    
  0.45316519686    
  0.46638690071    
  0.45236320349    
  0.44587098041    
  0.44331511805    
  0.43656215705    
  0.45409001167    
  0.45061563563    
  0.45169981162    
  0.44824991130    
  0.44743846153    
  0.44892229974    
  0.44550547633    
  0.44573807623    
  0.44236838350    
  0.44212472430    
  0.43882167086    
  0.43805822989    
  0.43484722045    
  0.43351420040    
  0.43042699264    
  0.42846928641    
  0.42554541237    
  7.25398616445E-02
  8.80917815125E-02
  7.87087267419E-02
  0.10227400072    
  0.11224606684    
  9.12173553438E-02
  9.61711553656E-02
  8.55435566088E-02
  9.56589640008E-02
  9.53562842334E-02
  9.69405985343E-02
  9.50568772048E-02
  9.29195246753E-02
  9.70129476705E-02
  0.15496858943    
  9.19251025847E-02
  9.43273435005E-02
  0.15535935632    
  0.15672920621    
  9.35708661151E-02
  0.15652853824    
  0.15641754075    
  0.15734354248    
  0.15721810390    
  0.15657027107    
  0.15745499654    
  0.15667921933    
  0.15731052416    
  0.15636312825    
  0.15731606693    
  0.15803296438    
  0.15653030891    
  0.15792525847    
  0.15844523067    
  8.42734723287E-02
  8.24557375840E-02
  0.15798662541    
  0.15987548180    
  8.03805495961E-02
  7.72613894691E-02
  0.16076184017    
  0.16091779597    
  0.15804224572    
  0.15946447173    
  0.15914672377    
  0.15934791918    
  0.16031856065    
  0.15746958326    
  0.15821065947    
  0.15719294178    
  0.15788355825    
  0.15909753228    
  0.16003005246    
  0.15872087784    
  0.15960052225    
  0.16034848431    
  0.16073544180    
  0.16010256346    
  0.16038524089    
  0.15986872321    
  0.16112497451    
  0.16064920162    
  0.16044686161    
  0.15992531311    
  0.16000973499    
  7.29376542539E-02
  6.78952662144E-02
  0.16344144433    
  0.16577511642    
  6.38406382559E-02
  5.98604635466E-02
  0.16558793953    
  0.16338857270    
  0.16249703855    
  0.16399409752    
  0.16174722099    
  0.16313103732    
  0.16562606500    
  0.16739826796    
  0.16453508402    
  0.16563129560    
  0.16044980414    
  0.16210762527    
  0.16688951172    
  0.16523692777    
  0.16542342114    
  0.16421573620    
  0.16369104464    
  0.16225102709    
  0.16283675729    
  0.16148383286    
  6.17172363565E-02
  5.81976784458E-02
  5.62752794394E-02
  5.25314249735E-02
  0.16071505955    
  0.15761744485    
  4.91811234217E-02
  4.63530799611E-02
  0.15672545500    
  4.61021082378E-02
  0.16119639238    
  0.15992796421    
  0.16054269528    
  0.15926705562    
  0.15817550135    
  0.15780241289    
  0.15754274722    
  0.15740979432    
  5.42293880426E-02
  5.12387165824E-02
  0.15736298149    
  0.15607970934    
  0.15710877427    
  0.15603386185    
  0.15572806902    
  0.15368542713    
  0.15556382459    
  0.15343444024    
  4.82249331329E-02
  0.15324952540    
  4.37443185174E-02
  4.13477488246E-02
  4.37528865880E-02
  4.14042105727E-02
  3.80989183297E-02
  0.15278563798    
  0.15202768483    
  0.15252461422    
  0.15180589415    
  0.15147999166    
  0.15112090036    
  0.15126983016    
  0.15092121201    
  0.15154497754    
  0.15092905181    
  0.15059029505    
  0.15222642815    
  0.15013380641    
  0.15085557391    
  0.15023713140    
  0.15043287625    
  0.15045015697    
  0.14997547559    
  0.14998264740    
  0.15062804940    
  0.14994075373    
  0.15014148401    
  0.14968824457    
  0.15130500003    
  0.15076163673    
  0.15126708185    
  0.15202185429    
  0.15050631536    
  0.15083282032    
  0.14985283652    
  0.15016716724    
  0.15126507537    
  0.15180736747    
  0.15054988362    
  0.15101666512    
  0.15278858088    
  0.15179566465    
  0.15246143220    
  0.15322429742    
  0.15153251368    
  0.15192901346    
  0.15279327505    
  0.15059911961    
  0.15125560430    
  0.14938317402    
  0.14576882004    
  2.58106410937E-02
  0.14826633642    
  0.14376436588    
  0.14699118917    
  0.14337772774    
  0.14057472411    
  0.13757269615    
  0.13927113167    
  0.13591285728    
  2.27090068287E-02
  2.10838835784E-02
  0.13104149944    
  0.13140476504    
  0.12977027010    
  0.12703844023    
  0.12476871621    
  1.97273628031E-02
  1.80316881001E-02
  0.12008160467    
  0.11586146436    
  1.65883594847E-02
  0.10526061968    
  0.11259024808    
  0.10975413029    
  9.73517307055E-02
  9.08706036747E-02
  0.10211197899    
  9.45569430047E-02
  9.09855548086E-02
  9.54868279760E-02
  9.21624710614E-02
  8.51952793169E-02
  8.12440614585E-02
  7.98045975879E-02
  8.30209384952E-02
  8.18622425745E-02
  8.80238147983E-02
  8.59307088747E-02
  8.90352515860E-02
  8.72687198108E-02
  8.60387124958E-02
  8.75573183141E-02
  8.62715240088E-02
  8.43427495825E-02
  8.36711721154E-02
  8.47685706235E-02
  8.42513718373E-02
  8.31324569549E-02
  8.30430027951E-02
  8.38162611278E-02
  8.38094106634E-02
  8.50749808315E-02
  8.45231801846E-02
  8.51547311542E-02
  8.46770098779E-02
  8.44435590687E-02
  7.93871786155E-02
  8.02648821707E-02
  8.18813715833E-02
  8.19286189159E-02
  8.26878222159E-02
  8.29714438785E-02
  8.40653157633E-02
  8.26890675843E-02
  8.70165564070E-02
  8.41419748574E-02
  8.58174937362E-02
  8.51664693631E-02
  8.67842123966E-02
  8.76803609083E-02
  8.99578761332E-02
  8.85582529826E-02
  9.07332477324E-02
  8.30568091755E-02
  8.35509192897E-02
  8.39039722657E-02
  8.42011968069E-02
  8.40672998804E-02
  8.48919316491E-02
  8.47685261371E-02
  8.55159349438E-02
  8.47982246481E-02
  8.57699725490E-02
  8.70892794732E-02
  9.03310020629E-02
  8.78116158649E-02
  9.04384682069E-02
  9.27558856563E-02
  9.80519089440E-02
  0.10232560950    
  9.90348675543E-02
  0.10323961641    
  9.26710817354E-02
  9.58388670222E-02
  9.33410992234E-02
  9.64117560984E-02
  9.97672353585E-02
  0.10390588656    
  0.10021932356    
  0.10429507726    
  0.10713390577    
  0.11233632948    
  0.10799676005    
  0.11316612524    
  0.11802757177    
  0.12421535551    
  0.11883753989    
  0.12501559243    
  0.10861390978    
  0.11375513996    
  0.10877887385    
  0.11407371045    
  0.11941474834    
  0.12559677521    
  0.11972625645    
  0.12592233359    
  9.51823401360E-02
  0.10225494250    
  9.45553890118E-02
  0.10124337474    
  0.11121047358    
  0.11973680567    
  0.12594532579    
  0.11941230093    
  0.12561068291    
  0.11004344955    
  0.12098098294    
  0.13471316825    
  0.14988821012    
  0.13605469543    
  0.15117676291    
  0.16648633102    
  0.18477880675    
  0.16726009986    
  0.17998679209    
  0.18874047106    
  0.17974808326    
  0.18783699885    
  0.13272963630    
  0.14006537501    
  0.13242405339    
  0.13985737780    
  0.15194845056    
  0.13164618334    
  0.13912483411    
  0.13030707883    
  0.13818603944    
  0.15149079454    
  0.16870991483    
  0.17958605151    
  0.18692351825    
  0.17943775495    
  0.18588644452    
  0.16541778146    
  0.17323831976    
  0.16514226334    
  0.17370542206    
  0.17907225586    
  0.18443083255    
  0.17768251999    
  0.18202983306    
  0.19976094792    
  0.20883619416    
  0.19810637934    
  0.20642907482    
  0.22019574535    
  0.19655679527    
  0.20420636620    
  0.19505796550    
  0.20206872250    
  0.21381269581    
  0.23894311770    
  0.19566369883    
  0.20779148146    
  0.19056469949    
  0.20105840844    
  0.22254300433    
  0.26521488934    
  0.30011051011    
  0.31610441623    
  0.28034761996    
  0.30161270823    
  0.24488256041    
  0.26905725077    
  0.33597839066    
  0.34542768741    
  0.32474499857    
  0.33736977210    
  0.35511997958    
  0.36466145783    
  0.34607455264    
  0.35422840915    
  0.31592959710    
  0.33574307990    
  0.37277221327    
  0.37724446055    
  0.36100527198    
  0.36555410765    
  0.37809408316    
  0.37753595256    
  0.36786788828    
  0.36880099357    
  0.34733103242    
  0.35392006444    
  0.29741599100    
  0.32498989399    
  0.37321426977    
  0.38303128101    
  0.35730788070    
  0.37233480786    
  0.38466851874    
  0.34878623759    
  0.36899859253    
  0.40087110539    
  0.40884346104    
  7.27740789231E-03
  8.23514895158E-03
  0.41647743430    
  0.44262527074    
  9.00971267319E-03
  1.05320894205E-02
  0.45983988999    
  0.46303634588    
  0.45555104928    
  0.44781978960    
  0.46833109117    
  0.48571998681    
  0.48546390436    
  0.45865334540    
  0.45251831958    
  0.47703618694    
  0.46526863873    
  0.44111400210    
  0.42541027979    
  0.44547253776    
  0.43410822823    
  0.42495375440    
  0.41918961231    
  0.41084225850    
  0.40594759665    
  0.40109873433    
  0.39431966032    
  0.38085105474    
  0.37578335474    
  0.42290426009    
  0.42019117957    
  0.41680745922    
  0.41435991227    
  0.41017849005    
  0.40805671928    
  0.40303088765    
  0.40129807790    
  0.39539286221    
  0.39411257576    
  0.38730564742    
  0.38654140109    
  0.37882152997    
  0.37863898512    
  0.37000424828    
  0.37047576322    
  7.59063637206E-02
  9.03545851987E-02
  9.28230884170E-02
  0.10108768349    
  0.10807902424    
  0.11559926076    
  0.10602929663    
  0.11273537341    
  0.11743382813    
  0.11230808519    
  0.11709427173    
  8.24629472535E-02
  8.30178782626E-02
  0.12263155253    
  0.12801525915    
  8.34507187318E-02
  8.50132817576E-02
  8.14168555606E-02
  8.08871295269E-02
  0.12127212258    
  0.12391211384    
  0.12114437091    
  0.12380132025    
  0.12667098573    
  0.12955992618    
  0.12657093963    
  0.12946509403    
  0.12218452183    
  0.12764795125    
  0.13259099837    
  0.13577648555    
  0.13249609537    
  0.13567607308    
  0.13912806189    
  0.14268297063    
  0.13901587246    
  0.14255301602    
  0.13356344732    
  0.13998260621    
  8.69568668569E-02
  8.72037888830E-02
  8.14037644971E-02
  0.15492413182    
  8.73076792429E-02
  8.65499426481E-02
  0.16111042024    
  0.16207866867    
  0.14637493718    
  0.15025596825    
  0.14621365476    
  0.15004258373    
  0.15435201585    
  0.15867684335    
  0.15405287057    
  0.15821287122    
  0.14686476652    
  0.15377915132    
  0.16321720945    
  0.16673560448    
  0.16232140034    
  0.16496075445    
  0.16518198282    
  0.16336480186    
  0.16580032988    
  0.16515412494    
  0.16131584088    
  0.16316380967    
  8.86674374975E-02
  8.85399975780E-02
  0.15993485761    
  0.16273805811    
  8.94718577108E-02
  8.99237245560E-02
  0.16141152137    
  0.16014022248    
  0.16476598213    
  0.16400200822    
  0.16442733516    
  0.16371516951    
  0.16329483218    
  0.16257957505    
  0.16304088660    
  0.16234525361    
  0.16275090110    
  0.16178763369    
  0.16185104331    
  0.16114666491    
  0.16163515514    
  0.16094484565    
  0.16047173091    
  0.15983243591    
  0.16028061074    
  0.15964904992    
  0.16059477784    
  0.15940317872    
  8.98071822426E-02
  8.87402627720E-02
  0.15900286580    
  0.15805849174    
  8.73597805265E-02
  8.62096468578E-02
  0.15734755933    
  8.48636438720E-02
  0.15680419100    
  0.15693454566    
  0.15660073654    
  0.15923490398    
  0.15868490861    
  0.15905646896    
  0.15850882555    
  0.15818745343    
  0.15774666027    
  0.15801111638    
  0.15756746457    
  0.15830265337    
  0.15735471962    
  0.15736577425    
  0.15704705637    
  0.15718107731    
  0.15685421973    
  0.15679208204    
  0.15718186443    
  0.15658830530    
  0.15697944462    
  0.15659947407    
  0.15614920699    
  8.49310786302E-02
  0.15673433215    
  0.15672000423    
  0.15680063665    
  0.15658833523    
  0.15742376383    
  0.15743669749    
  0.15720640921    
  0.15746608429    
  0.15685362692    
  0.15640179745    
  0.15688924921    
  0.15631792403    
  0.15699022826    
  0.15733338217    
  0.15682366182    
  0.15712960074    
  0.15774728368    
  0.15822851806    
  0.15750349387    
  8.09777304421E-02
  0.15658583252    
  7.96101631720E-02
  0.15713943338    
  0.15662536819    
  0.15659680542    
  7.79928802706E-02
  7.69310728577E-02
  0.15694127482    
  7.87807288159E-02
  7.84123815003E-02
  7.65150938040E-02
  7.33814576037E-02
  7.42736486737E-02
  7.01144971593E-02
  6.57626950273E-02
  5.89069393114E-02
  6.43216842942E-02
  5.77048851260E-02
  5.22233107898E-02
  4.59192356986E-02
  5.04052297735E-02
  4.45300105867E-02
  4.27690603660E-02
  0.15134723104    
  4.21063406286E-02
  4.00412347134E-02
  0.15090122544    
  0.14924106916    
  3.82872908947E-02
  3.62808455239E-02
  3.97783960322E-02
  3.57876549135E-02
  0.14871143113    
  0.14915702403    
  3.43519978951E-02
  3.24733286151E-02
  0.14941682522    
  0.14924370835    
  0.14752482246    
  0.14639932478    
  0.14553706027    
  3.09529143127E-02
  2.96097031281E-02
  3.24900716293E-02
  2.95851869094E-02
  0.14568210348    
  0.14408298942    
  0.14437656879    
  0.14248982810    
  0.14247694193    
  0.14077510965    
  0.14106749501    
  0.13930435391    
  0.14122935536    
  0.13846436210    
  0.13872902856    
  0.13747617051    
  0.13817032437    
  0.13635920864    
  0.13560090425    
  0.13375881362    
  0.13508463544    
  0.13399379415    
  0.13579025070    
  0.13450157032    
  2.78792176935E-02
  0.13663853684    
  0.13424008177    
  0.13014565145    
  0.13357780410    
  0.12938190481    
  0.12806047181    
  0.13285858395    
  0.12855252817    
  0.13209734150    
  0.12760349894    
  0.12983345079    
  0.12730181572    
  0.12942540785    
  0.12677036527    
  0.12651257754    
  0.12122376401    
  0.12754485450    
  0.12301263468    
  0.12700492126    
  0.12226315302    
  0.12082321413    
  0.12419300163    
  0.12118905084    
  0.12357836256    
  0.12941864056    
  0.12597407825    
  2.43181823887E-02
  2.37307294696E-02
  0.12631341364    
  0.12369312919    
  2.33248262394E-02
  2.30077618293E-02
  0.11994501109    
  0.11864871767    
  0.11994010087    
  0.11755813639    
  0.11927390972    
  0.11882196355    
  0.11847847169    
  0.11778293173    
  0.11810642551    
  0.11733510271    
  0.11666311072    
  0.11620295457    
  0.11623839239    
  0.11612884780    
  0.11575091356    
  0.11567109589    
  0.11549715711    
  0.11767091333    
  0.11684397654    
  2.26884748680E-02
  0.11518646013    
  0.11521401272    
  0.11515500765    
  0.11463934710    
  0.11459564544    
  0.11486686641    
  0.11460316027    
  0.11429553579    
  0.11401082907    
  0.11604863461    
  0.11333402906    
  0.11474650604    
  0.11275188176    
  0.11504085016    
  0.11425509030    
  0.11269893509    
  0.11198224874    
  0.11016635836    
  0.10932893205    
  0.11434580229    
  0.11407049032    
  0.11372317961    
  0.11340883391    
  0.11024073218    
  0.10995040260    
  0.10905653339    
  0.10871978916    
  0.11266515151    
  0.10700697531    
  0.10953529502    
  0.10889412649    
  0.10819699651    
  0.10749669797    
  0.10793644309    
  0.10584258806    
  0.10589244910    
  0.10636889804    
  0.10500278658    
  0.10546270113    
  0.10619688413    
  0.10117653015    
  0.10503555166    
  0.10186382628    
  9.97083835659E-02
  0.10120630180    
  9.92150700750E-02
  9.61470484229E-02
  9.32775460338E-02
  9.15705042383E-02
  9.32301559190E-02
  9.15630680107E-02
  9.67188416216E-02
  9.47847909621E-02
  9.61216132438E-02
  9.43175391923E-02
  9.30191443976E-02
  9.14165473653E-02
  9.26553632540E-02
  9.11369036613E-02
  0.10426521598    
  0.10251829370    
  0.10491854667    
  0.10146716336    
  0.10070934905    
  9.88906022539E-02
  9.98357131174E-02
  0.10005550069    
  0.10293848106    
  0.10011306760    
  9.44928808132E-02
  9.13862736557E-02
  9.57515157059E-02
  9.31442301241E-02
  9.00227423086E-02
  8.86276655655E-02
  9.00547207295E-02
  8.86354701672E-02
  8.78686093080E-02
  8.66121698936E-02
  8.81767943262E-02
  8.70157570627E-02
  8.91302368574E-02
  8.79635978171E-02
  8.53563337200E-02
  8.52864284797E-02
  8.59135427676E-02
  8.56471561150E-02
  8.97912758170E-02
  8.72837854849E-02
  8.58904643348E-02
  8.87991331436E-02
  8.56966367218E-02
  8.67944498893E-02
  9.54449618103E-02
  0.10776769111    
  0.11782089850    
  0.10497513206    
  0.11397999259    
  9.14088274177E-02
  0.10176140687    
  0.12870920045    
  0.13602679325    
  0.12624305401    
  0.13315097561    
  0.14382065083    
  0.15234029861    
  0.14032843234    
  0.14792578981    
  0.12455186138    
  0.13584457049    
  0.14290822958    
  0.13135567919    
  0.13726947631    
  0.16151305629    
  0.16931163126    
  0.15565029248    
  0.16247382178    
  0.17311713096    
  0.14965418143    
  0.15592967477    
  0.14382165922    
  0.14968522745    
  0.16098848376    
  0.11699276592    
  0.12701067027    
  0.10878969502    
  0.11726254765    
  0.13749686987    
  0.14874686413    
  0.12643666887    
  0.13631945937    
  0.18264656183    
  0.20595404209    
  0.16053804070    
  0.18553200397    
  0.22585684063    
  0.24756140805    
  0.29359446108    
  9.05656642551E-03
  1.15606020771E-02
  1.61953190378E-02
  0.43241902368    
  0.41843223331    
  0.38980183272    
  0.36281210710    
  0.35921135638    
  0.35572140452    
  0.33674170523    
  0.33483293190    
  0.32935435607    
  0.31383314251    
  0.31387868677    
  0.29371839029    
  0.29865639901    
  0.36093312927    
  0.36152319029    
  0.35171406027    
  0.35318745664    
  0.34249977852    
  0.33322284867    
  0.32495189909    
  0.31781769340    
  0.31270162098    
  0.31051645121    
  8.13279014683E-02
  8.20167566237E-02
  8.06126946183E-02
  9.78971657618E-02
  0.10610130555    
  0.11446845087    
  7.15783480367E-02
  6.99845639757E-02
  0.12873549236    
  7.29672256030E-02
  6.91312514230E-02
  6.77691840135E-02
  7.18758471381E-02
  7.35152608368E-02
  6.75136657333E-02
  0.15098015496    
  0.15875208156    
  0.15785971733    
  0.15376710047    
  0.15432371519    
  0.15635609266    
  7.91375319718E-02
  7.34698082607E-02
  7.16207553856E-02
  7.64748446729E-02
  7.47091366111E-02
  7.07113558809E-02
  6.88950427912E-02
  6.55924370736E-02
  5.54143156800E-02
  4.38483911250E-02
  3.46249317770E-02
  2.81934360263E-02
  2.44922422576E-02
  2.37270973427E-02
  2.30912513250E-02
  2.26826972644E-02
  2.26370098703E-02
  2.25687282463E-02
  2.18804918707E-02
  2.21584104545E-02
  2.17407845704E-02
  0.11010823085    
  0.10120090446    
  2.08607652377E-02
  1.98523679349E-02
  9.72120242703E-02
  9.30646279989E-02
  1.83181920763E-02
  1.62552072400E-02
  8.44423015373E-02
  8.14323515596E-02
  7.78715278891E-02
  9.91392753326E-02
  0.11727943405    
  8.13443033599E-02
  9.96229970305E-02
  0.14193504316    
  0.18312369882    
  7.04010357893E-03
  8.86487573540E-03
  1.13853578540E-02
  1.47517081389E-02
  1.99186296826E-02
  2.52987780899E-02
  3.10489108532E-02
  0.37440218336    
  0.32836843890    
  0.30282377644    
  0.30451942953    
  0.31780994033    
  0.31799956288    
  3.75490739755E-02
  3.80023589681E-02
  3.90308492135E-02
  3.83185102526E-02
  3.89972886015E-02
  0.31219001423    
  0.31560014895    
  0.32037839786    
  0.32580986132    
  0.33161188555    
  3.92113470737E-02
  3.90903925598E-02
  3.92296074314E-02
  8.45389243453E-02
  8.52402204897E-02
  8.25013689779E-02
  7.44347605017E-02
  6.70770509471E-02
  6.20938028656E-02
  0.14360518769    
  0.14875628662    
  6.25459042974E-02
  5.97760596379E-02
  5.59244589728E-02
  4.70902244306E-02
  3.72775529845E-02
  2.91118163086E-02
  2.34547029802E-02
  2.01884175648E-02
  1.96389560127E-02
  2.02974971573E-02
  1.97790760068E-02
  1.80380264862E-02
  8.52170644406E-02
  7.60936847831E-02
  5.71218565433E-02
  7.57143774426E-02
  0.11276997025    
  7.21318406198E-03
  8.80113320696E-03
  1.16164747914E-02
  1.50675945462E-02
  1.91188012821E-02
  2.37794033838E-02
  2.92049007073E-02
  3.51129579937E-02
  3.78369147959E-02
  3.83580855305E-02
  3.87328398010E-02
  3.92475102641E-02
  3.90434313703E-02
  3.93128104181E-02
  3.97084568397E-02
  3.96529370462E-02
  3.94230089870E-02
  4.00676305694E-02
  4.00316606702E-02
  3.93177430398E-02
  3.93985016738E-02
  3.94780032102E-02
  3.95563201878E-02
  3.94496980224E-02
  3.95839864991E-02
  3.99210643233E-02
  4.00386057914E-02
  8.99523295150E-02
  8.89428120544E-02
  8.48446163575E-02
  7.45436537486E-02
  6.37206466956E-02
  5.61364848390E-02
  5.25387084008E-02
  5.10731014587E-02
  5.07265145428E-02
  4.85230861144E-02
  4.32369855019E-02
  3.77692906709E-02
  3.04038333761E-02
  2.33824764001E-02
  1.82308927556E-02
  1.56484930739E-02
  1.53604819263E-02
  1.66045395926E-02
  1.76635289152E-02
  1.64951554973E-02
  1.43627084917E-02
  7.87234257831E-02
  7.27589120158E-02
  8.62446873404E-02
  8.17110903578E-03
  8.64267482317E-03
  1.12846846029E-02
  1.50691678425E-02
  1.95371869424E-02
  2.51006370566E-02
  2.94528242578E-02
  3.43776178415E-02
  3.87073463944E-02
  4.08902561461E-02
  4.08618765803E-02
  4.05744439226E-02
  4.03585131172E-02
  4.02871461479E-02
  4.05521669662E-02
  4.04470167463E-02
  4.10861907757E-02
  4.07472925479E-02
  4.06058884510E-02
  4.09366021042E-02
  4.11969906577E-02
  4.26256657838E-02
  4.15600452644E-02
  4.11092284585E-02
  4.13636960779E-02
  4.16719749874E-02
  4.15108278184E-02
  4.18339387088E-02
  4.18098552292E-02
  4.16329920650E-02
  4.19118951624E-02
  4.17267002624E-02
  4.02119201495E-02
  9.20936837347E-02
  9.08399945947E-02
  8.74750486459E-02
  7.54929005580E-02
  6.17949045211E-02
  5.14383168057E-02
  4.57413333777E-02
  4.18315818404E-02
  4.09410656176E-02
  3.90408773023E-02
  3.46380499526E-02
  3.02474124889E-02
  2.42033372580E-02
  1.87443974584E-02
  1.45323944728E-02
  1.19480231215E-02
  1.08700096536E-02
  1.23182316377E-02
  1.37696382386E-02
  1.49514698329E-02
  1.41741087415E-02
  8.52494250244E-02
  1.08725262880E-02
  9.79470573381E-03
  9.81808145523E-03
  1.10943450082E-02
  1.50371749306E-02
  1.95562701883E-02
  2.47780053118E-02
  3.16772482033E-02
  3.69895995293E-02
  4.13212567575E-02
  4.37493782133E-02
  4.28565864550E-02
  4.33822331262E-02
  4.58533687833E-02
  4.46487212008E-02
  4.35350128878E-02
  4.22988025095E-02
  4.19778522129E-02
  4.17914465432E-02
  4.19730668296E-02
  4.22491533984E-02
  4.19802343201E-02
  4.19687313542E-02
  4.41773200169E-02
  4.35127507448E-02
  4.53885267132E-02
  4.34843718109E-02
  4.22790980245E-02
  4.21100942554E-02
  4.32536532740E-02
  4.31601862383E-02
  4.30101807430E-02
  4.30729872912E-02
  4.33067346790E-02
  4.32127475700E-02
  4.33721878953E-02
  4.49523739737E-02
  9.32943101833E-02
  9.46978419941E-02
  9.04618397884E-02
  7.56766377535E-02
  6.15029672878E-02
  4.94744670487E-02
  4.18988815758E-02
  3.74354741154E-02
  3.38887107368E-02
  3.01907252588E-02
  2.74937958762E-02
  2.36186804405E-02
  1.88781794827E-02
  1.51811102523E-02
  1.15347023734E-02
  8.70076726132E-03
  8.27819803863E-03
  9.05565767627E-03
  1.09421623618E-02
  1.20706495020E-02
  1.24447095984E-02
  1.20299906114E-02
  1.13802595569E-02
  1.10469731119E-02
  1.15079181175E-02
  1.42134200051E-02
  1.85792681535E-02
  2.58224751934E-02
  3.24378962507E-02
  3.76638249241E-02
  4.22064335997E-02
  4.64629967408E-02
  4.82812680485E-02
  4.74523678698E-02
  4.71055739170E-02
  4.84532221660E-02
  4.75712195740E-02
  4.49230449872E-02
  4.48838729571E-02
  4.52607381897E-02
  4.50199576885E-02
  4.56445293404E-02
  4.45437081447E-02
  4.48715878845E-02
  4.51378417224E-02
  4.49715898591E-02
  4.57050234939E-02
  4.55973620418E-02
  4.55071623207E-02
  4.58281700482E-02
  4.56697631327E-02
  4.62268378428E-02
  4.60738251518E-02
  4.59085222684E-02
  4.61494016043E-02
  4.53433693991E-02
  9.67833161726E-02
  9.74459536415E-02
  8.93517423857E-02
  7.65146034124E-02
  6.55047879784E-02
  5.21826602001E-02
  4.11721377363E-02
  3.16629144672E-02
  2.86778974773E-02
  2.51111850884E-02
  2.23054244079E-02
  1.93593760137E-02
  1.64207507547E-02
  1.29953966721E-02
  1.00376151710E-02
  7.89847834274E-03
  6.44356998786E-03
  6.72452262397E-03
  8.76973518229E-03
  1.04246395397E-02
  1.14752788784E-02
  1.21025575430E-02
  1.20935647204E-02
  1.26072284793E-02
  1.34135474644E-02
  1.71511376783E-02
  2.26380437069E-02
  2.91865439086E-02
  3.65360312429E-02
  4.27054475008E-02
  4.79043562186E-02
  5.09771121286E-02
  5.12355975438E-02
  4.92372157428E-02
  4.85761793138E-02
  4.69102330674E-02
  4.83166921363E-02
  4.80707203458E-02
  5.05603042382E-02
  4.94725729526E-02
  4.90498046861E-02
  4.88996859634E-02
  4.93022474560E-02
  4.91713114261E-02
  5.09474879757E-02
  4.93732930123E-02
  4.92507025918E-02
  4.98595235611E-02
  4.93207519050E-02
  4.66853812567E-02
  4.64635269227E-02
  4.68259745163E-02
  4.73707889838E-02
  4.70282385344E-02
  4.76852424610E-02
  4.78338409832E-02
  4.80510801736E-02
  4.84535964266E-02
  4.83362502548E-02
  4.87582527421E-02
  4.85827385078E-02
  9.64774748964E-02
  9.51800550106E-02
  9.18238749067E-02
  8.00125724790E-02
  6.86785239564E-02
  5.30724599438E-02
  4.05441220468E-02
  3.15547927362E-02
  2.46668256563E-02
  2.14059441269E-02
  1.88812746777E-02
  1.68705980724E-02
  1.44821651568E-02
  1.14757235202E-02
  8.99982841681E-03
  7.11825174760E-03
  5.54206617015E-03
  5.83714442482E-03
  7.55720965693E-03
  9.60449677570E-03
  1.10081353841E-02
  1.18401604101E-02
  1.25589456735E-02
  1.39358068173E-02
  1.61510551086E-02
  2.03651933097E-02
  2.73451934662E-02
  3.48704031413E-02
  4.39298556200E-02
  4.86215615853E-02
  5.28603155011E-02
  5.67475474051E-02
  5.56173537723E-02
  5.47629036217E-02
  5.69988716808E-02
  5.71174865279E-02
  5.41281174583E-02
  5.17760895016E-02
  5.44929051590E-02
  5.42918034795E-02
  5.09957015791E-02
  5.10945725943E-02
  5.16489314414E-02
  5.10031018657E-02
  5.13610544094E-02
  5.14990385111E-02
  5.17874395078E-02
  5.16635456708E-02
  5.27213674455E-02
  5.17977433329E-02
  5.52924175300E-02
  5.45504131922E-02
  5.44632088023E-02
  5.46702194996E-02
  5.45897482857E-02
  5.72138333731E-02
  5.47817495057E-02
  5.47071599032E-02
  5.48914920010E-02
  5.48200561427E-02
  5.28705832730E-02
  5.45078114831E-02
  9.63784102790E-02
  9.73893100859E-02
  9.67629098942E-02
  8.49157062105E-02
  7.11399323149E-02
  5.32371927794E-02
  4.12742911709E-02
  2.97915716382E-02
  2.30331823695E-02
  1.90421587631E-02
  1.66371386409E-02
  1.49977834562E-02
  1.30110219715E-02
  1.09230869477E-02
  8.77510061952E-03
  6.79063452297E-03
  5.70049778978E-03
  6.07384037869E-03
  7.09475615332E-03
  8.84877361299E-03
  1.03831677408E-02
  1.15333001584E-02
  1.28107312088E-02
  1.48802477042E-02
  1.88675140232E-02
  2.26844907768E-02
  3.03793706601E-02
  3.93011925836E-02
  5.61349976628E-02
  5.76801924747E-02
  5.69810686547E-02
  5.86682746810E-02
  5.76127487656E-02
  5.73098196968E-02
  5.72916977364E-02
  5.74798409414E-02
  5.74142914218E-02
  5.83545691523E-02
  5.81252368491E-02
  5.75202956097E-02
  5.74866708445E-02
  5.81811299283E-02
  5.82134564785E-02
  5.83667949802E-02
  5.84761550668E-02
  5.82533968410E-02
  5.84868130847E-02
  5.85767469978E-02
  5.72677589520E-02
  5.72657980650E-02
  5.73136204612E-02
  5.73035967198E-02
  5.50040405808E-02
  5.51215064088E-02
  5.73602200806E-02
  5.73444535020E-02
  5.74084010942E-02
  5.58542573768E-02
  5.81634364084E-02
  5.82097794978E-02
  9.98362121236E-02
  0.10039698483    
  9.88866533149E-02
  9.00238960435E-02
  7.47699441557E-02
  5.69488128543E-02
  4.22206249512E-02
  3.05777451554E-02
  2.26892061630E-02
  1.77770718770E-02
  1.56155185363E-02
  1.39803205300E-02
  1.24170713605E-02
  1.09411283882E-02
  9.11605891479E-03
  7.31978821821E-03
  5.75968603030E-03
  5.82183568161E-03
  6.88884231754E-03
  8.35711269901E-03
  9.86009655186E-03
  1.11887862534E-02
  1.27159266770E-02
  1.55882073696E-02
  2.00150395593E-02
  2.47283842108E-02
  3.40522700320E-02
  4.48068487594E-02
  5.29200311861E-02
  6.16411759420E-02
  6.11511167354E-02
  5.95594171804E-02
  5.88228533218E-02
  6.02844479667E-02
  5.93573815879E-02
  5.80434246815E-02
  5.77655148568E-02
  5.82016546485E-02
  5.78580767770E-02
  5.80856468021E-02
  5.84100169075E-02
  5.80413047997E-02
  5.84365053789E-02
  5.85052602130E-02
  5.85385960561E-02
  5.80771217262E-02
  5.84904320660E-02
  5.81491003487E-02
  5.85758995408E-02
  5.86107804155E-02
  5.83706674972E-02
  5.88921875203E-02
  5.86219890544E-02
  5.86029428937E-02
  5.88257711119E-02
  5.90131372214E-02
  5.82424821056E-02
  5.84279663927E-02
  5.88307797628E-02
  0.10098070662    
  0.10209369551    
  9.85979007793E-02
  9.21678737191E-02
  7.64696022914E-02
  5.90577690928E-02
  4.42891746507E-02
  3.21064510004E-02
  2.30493142914E-02
  1.77937084695E-02
  1.51740295434E-02
  1.32614805037E-02
  1.22483860766E-02
  1.13160277263E-02
  9.74124814603E-03
  7.94189296373E-03
  6.18462819535E-03
  5.80145660929E-03
  6.43139134815E-03
  7.48729826602E-03
  9.01309556871E-03
  1.06694104712E-02
  1.27992879493E-02
  1.58651067114E-02
  2.09245356862E-02
  2.74873325252E-02
  3.78156380237E-02
  5.01932383344E-02
  5.66560085237E-02
  6.07739270007E-02
  6.26092863127E-02
  6.04724393555E-02
  5.98894536431E-02
  6.05498351556E-02
  5.96233227143E-02
  5.90684822652E-02
  5.95365220975E-02
  5.92227130152E-02
  5.92131824747E-02
  5.89481426387E-02
  5.91658024827E-02
  5.93854739367E-02
  5.97486315173E-02
  5.95109322023E-02
  5.96178784869E-02
  5.88164529284E-02
  5.86049454128E-02
  5.86902868169E-02
  5.86956378902E-02
  5.84178557195E-02
  5.86334376977E-02
  5.83378270697E-02
  5.85466454682E-02
  5.82491619596E-02
  9.88745035485E-02
  0.10220478381    
  9.87763571988E-02
  9.06336134821E-02
  7.75774617477E-02
  6.06941872173E-02
  4.69158274004E-02
  3.30797299629E-02
  2.37717290176E-02
  1.85680784063E-02
  1.50351512087E-02
  1.31267713762E-02
  1.23339245774E-02
  1.15013976724E-02
  1.03124793575E-02
  8.65512243507E-03
  6.62765542308E-03
  5.70639207030E-03
  5.71272778677E-03
  6.23488578711E-03
  7.92113686347E-03
  1.00542955645E-02
  1.24686744875E-02
  1.49133647553E-02
  2.13274641650E-02
  2.89331821034E-02
  3.99847454652E-02
  5.11530600613E-02
  5.92932446679E-02
  5.99272417693E-02
  6.02905084700E-02
  5.95966882254E-02
  5.94999045575E-02
  5.90107630564E-02
  5.91108380041E-02
  5.88849101521E-02
  5.86662489436E-02
  5.86866571383E-02
  5.84673486005E-02
  5.86679353199E-02
  5.86892834499E-02
  5.84487524253E-02
  5.79815815990E-02
  5.74793268479E-02
  5.67812806982E-02
  5.70513025328E-02
  5.67461962679E-02
  5.62537495561E-02
  5.49052425591E-02
  5.46583983698E-02
  5.84357628799E-02
  5.82987076453E-02
  5.81337306016E-02
  5.79395286745E-02
  9.74249263348E-02
  9.99398749330E-02
  9.94441381438E-02
  9.41765584157E-02
  7.73864846200E-02
  6.24874340044E-02
  4.79513978935E-02
  3.36107685124E-02
  2.42622989595E-02
  1.86068323969E-02
  1.47157309329E-02
  1.30412466626E-02
  1.23510320330E-02
  1.19013718386E-02
  1.08059715609E-02
  9.25439988755E-03
  7.02245674215E-03
  5.47875151220E-03
  4.72117438362E-03
  5.65609690594E-03
  6.97955050711E-03
  9.04644035827E-03
  1.16940358030E-02
  1.55728593009E-02
  2.14394202747E-02
  2.97957106389E-02
  3.94042193957E-02
  5.06301484624E-02
  5.58463165721E-02
  5.80609409776E-02
  5.92408724844E-02
  5.77132961497E-02
  5.68321607758E-02
  5.51631521511E-02
  5.65596169978E-02
  5.64003991924E-02
  5.45858135800E-02
  5.40936103068E-02
  5.42334498153E-02
  5.37164517916E-02
  5.55555683010E-02
  5.40712910389E-02
  5.36849721201E-02
  5.54339981143E-02
  5.51886011937E-02
  5.33948807563E-02
  5.28702355338E-02
  5.32056759077E-02
  5.32732142871E-02
  5.27610582148E-02
  5.27227164528E-02
  5.42961301088E-02
  5.22858064232E-02
  5.18255727732E-02
  5.23234865370E-02
  5.16212837156E-02
  9.29284666407E-02
  9.71752274728E-02
  9.50389402540E-02
  9.17454707572E-02
  7.61746629939E-02
  6.22602318677E-02
  4.86505545982E-02
  3.41250378095E-02
  2.45366539637E-02
  1.85741896872E-02
  1.48991617520E-02
  1.29548377784E-02
  1.20993462917E-02
  1.14842428917E-02
  1.06445327566E-02
  9.14342249548E-03
  7.08896751629E-03
  5.41490904109E-03
  4.63000055016E-03
  4.88979473285E-03
  6.06279218966E-03
  7.93537627628E-03
  1.12118151243E-02
  1.53641454684E-02
  2.10427966863E-02
  2.90225377953E-02
  3.71360121796E-02
  4.51609058927E-02
  5.17104052193E-02
  5.28372211720E-02
  5.33254623481E-02
  5.22284534127E-02
  5.03251297185E-02
  4.95822617620E-02
  5.20565066710E-02
  5.15076210167E-02
  5.07307677413E-02
  5.04852247153E-02
  5.16074770290E-02
  5.14105831235E-02
  5.11452536675E-02
  5.09797063081E-02
  5.03286343036E-02
  5.01400367861E-02
  4.98599501215E-02
  4.97030564029E-02
  4.94754679907E-02
  4.91826671177E-02
  4.82799932658E-02
  4.79854904751E-02
  4.93737141229E-02
  4.92508071680E-02
  4.88223194336E-02
  4.83840184493E-02
  4.77130843765E-02
  4.79332174739E-02
  4.72285062150E-02
  4.74723063190E-02
  8.51655483288E-02
  9.06484208520E-02
  9.02911650076E-02
  8.52241852298E-02
  7.31581547507E-02
  6.07748147074E-02
  4.68186170129E-02
  3.32570461231E-02
  2.51100382603E-02
  1.88767772864E-02
  1.49694632648E-02
  1.25202704912E-02
  1.16091639018E-02
  1.09540453411E-02
  1.02343120170E-02
  9.17709852544E-03
  6.71058839414E-03
  5.05443329531E-03
  4.02099600807E-03
  4.14158214400E-03
  5.27787261814E-03
  7.39820619885E-03
  9.65097651081E-03
  1.41538299506E-02
  2.01512626845E-02
  2.71900743940E-02
  3.59229885337E-02
  4.15241168935E-02
  4.68638945758E-02
  4.69080885855E-02
  4.75221385074E-02
  4.67267021203E-02
  4.45621871279E-02
  4.39883717877E-02
  4.70496380611E-02
  4.66691494857E-02
  4.57626939587E-02
  4.55880181770E-02
  4.67551991532E-02
  4.66881648749E-02
  4.62545731200E-02
  4.54654456124E-02
  4.49456120147E-02
  4.43922902527E-02
  4.42324649448E-02
  4.31276116050E-02
  4.24163546793E-02
  4.44238840825E-02
  4.38982260381E-02
  4.25725059381E-02
  4.20214092120E-02
  8.36213372498E-02
  8.66727634771E-02
  9.07663831431E-02
  8.56780476051E-02
  7.10142277540E-02
  5.87464637498E-02
  4.48314249478E-02
  3.32610809000E-02
  2.45439098699E-02
  1.85192400147E-02
  1.43522590177E-02
  1.16971052224E-02
  1.07347832484E-02
  9.95018661827E-03
  9.29823904761E-03
  8.07270899738E-03
  6.12189352168E-03
  4.52377950650E-03
  3.64399090763E-03
  3.62554972168E-03
  4.50337136825E-03
  6.05804581101E-03
  8.68643565461E-03
  1.30326410620E-02
  1.82554260356E-02
  2.45354747715E-02
  3.10453011451E-02
  3.68473981601E-02
  4.00794655519E-02
  4.13149292075E-02
  4.13415037832E-02
  4.04373866766E-02
  3.80662884965E-02
  3.73571538870E-02
  4.12720518186E-02
  4.15192776951E-02
  4.14815955409E-02
  4.08787104025E-02
  4.08765027792E-02
  3.98684067027E-02
  4.01679511279E-02
  4.01500012806E-02
  3.95591135331E-02
  3.96123429749E-02
  4.14629755122E-02
  4.08913419599E-02
  3.84038074731E-02
  3.88758025598E-02
  3.89883337696E-02
  3.81750549131E-02
  3.83314751011E-02
  3.68519287242E-02
  3.74567213734E-02
  3.76618614287E-02
  3.67222405707E-02
  3.69827777620E-02
  8.29761403954E-02
  8.19242881441E-02
  8.16258159689E-02
  7.68735754195E-02
  6.57628401326E-02
  5.54313301242E-02
  4.30132555401E-02
  3.19115573474E-02
  2.27226268267E-02
  1.70989894041E-02
  1.41093113449E-02
  1.12261340525E-02
  9.82618353568E-03
  9.10063508547E-03
  8.09833770031E-03
  7.00836506103E-03
  5.68234797666E-03
  4.13576102689E-03
  3.64655257087E-03
  3.24505968881E-03
  3.67747865339E-03
  5.50240641931E-03
  8.20595712347E-03
  1.17574191442E-02
  1.65880404690E-02
  2.24286775041E-02
  2.72219392044E-02
  3.15702957641E-02
  3.47074879997E-02
  3.46362340833E-02
  3.51241280905E-02
  3.42115962156E-02
  3.32611460703E-02
  3.19139749781E-02
  3.48890630149E-02
  3.59757576596E-02
  3.63008982267E-02
  3.52259788586E-02
  3.56282597297E-02
  3.33023124165E-02
  3.44898526047E-02
  3.49854865865E-02
  3.34699183188E-02
  3.42673049652E-02
  3.17775403390E-02
  3.28201156779E-02
  3.33653318511E-02
  3.21419920049E-02
  3.30717706464E-02
  3.13579628453E-02
  3.19959619548E-02
  3.29605990778E-02
  3.20560293574E-02
  3.30254191325E-02
  8.10193534091E-02
  7.80998227711E-02
  7.59356018176E-02
  7.23142489359E-02
  6.43529099855E-02
  5.17906278567E-02
  4.33341622359E-02
  3.13133415114E-02
  2.29812101715E-02
  1.71349634941E-02
  1.39300142568E-02
  1.11818303984E-02
  8.88891093858E-03
  8.35270403358E-03
  7.13705378044E-03
  6.26294468231E-03
  5.16407180430E-03
  3.99215985587E-03
  3.63023694006E-03
  3.89844728331E-03
  4.13119881955E-03
  5.62637223678E-03
  7.76996184954E-03
  1.13667056321E-02
  1.53926738371E-02
  2.09561599134E-02
  2.50625248674E-02
  2.80809022293E-02
  3.16092706800E-02
  3.32567240898E-02
  3.28318074718E-02
  3.23073391158E-02
  3.34367368971E-02
  3.29028937418E-02
  3.19890451550E-02
  3.22420082896E-02
  3.29009959554E-02
  3.21700561692E-02
  3.31318218270E-02
  3.22918168518E-02
  3.31210992853E-02
  3.34035002805E-02
  3.34548930291E-02
  3.27790191537E-02
  3.37838845207E-02
  3.44198367883E-02
  3.47312676974E-02
  3.47540256891E-02
  3.34538601653E-02
