single point
 pp1_kx1                  31.7450000        1.0 0.0
 pp1_kx2                  118.887000        1.0 0.0
 pp1_kx3                  74.0580000        1.0 0.0
 pp1_kx4                  97.7336000        1.0 0.0
 pp1_kx5                  320.889000        1.0 0.0
 pp1_kx6                  196.318000        1.0 0.0
 pp1_kx7                  634.013000        1.0 0.0
 pp1_kx8                  119.394000        1.0 0.0
 pp1_kx9                  50.6781000        1.0 0.0
 pp1_kx10                 170.054000        1.0 0.0
 pp1_kx11                 88.2490000        1.0 0.0
 pp1_kx12                 122.058000        1.0 0.0
 pp1_kx13                 94.4025000        1.0 0.0
 pp1_kx14                 289.034000        1.0 0.0
 pp1_kx15                 38.7319000        1.0 0.0
 pp1_kx16                 14.1601000        1.0 0.0
 pp1_kx17                 13.1850000        1.0 0.0
 pp1_kx18                 7.80037000        1.0 0.0
 pp1_kx19                 7.04279000        1.0 0.0
 pp1_kx20                 9.52258000        1.0 0.0
 pp1_kx21                 7.32481000        1.0 0.0
 pp1_kx22                 45.8179000        1.0 0.0
 pp1_kx23                 14.1271000        1.0 0.0
 pp1_kx24                 28.0381000        1.0 0.0
 pp1_kx25                 21.7905000        1.0 0.0
 pp1_kx26                 24.5025000        1.0 0.0
 pp1_kx27                 16.5993000        1.0 0.0
 pp1_kx28                 13.2940000        1.0 0.0
 pp1_kx29                 3.48046000        1.0 0.0
 pp1_kx30                 16.0480000        1.0 0.0
 pp1_kx31                 3.09716000        1.0 0.0
 pp1_kx32                 26.0283000        1.0 0.0
 pp2_mul1                 3.88580000        1.0 0.0
 pp2_mul2                 4.88574000        1.0 0.0
 pp2_mul3                0.461811000        1.0 0.0
 pp2_mul4                 3.08796000        1.0 0.0
 pp2_mul5                 6.36650000        1.0 0.0
 pp2_mul6                 9.35424000        1.0 0.0
 pp2_mul7                 1.25180000        1.0 0.0
 pp2_mul8                0.181741000        1.0 0.0
 pp2_mul9                 1.12093000        1.0 0.0
 pp2_mul10                1.73652000        1.0 0.0
 pp2_mul11                6.80478000        1.0 0.0
 pp2_mul12               0.208130000        1.0 0.0
 pp2_mul13               0.366059000        1.0 0.0
 pp2_mul14                5.69895000        1.0 0.0
 pp2_mul15               0.744369000        1.0 0.0
 pp2_mul16               0.410554000        1.0 0.0
 pp2_mul17               0.612873000        1.0 0.0
 pp2_mul18               0.530110000        1.0 0.0
 pp2_mul19               0.621904000        1.0 0.0
 pp2_mul20                2.24709000        1.0 0.0
 pp2_mul21               0.239517000        1.0 0.0
 pp2_mul22                89.5108000        1.0 0.0
 pp2_mul23                1.79209000        1.0 0.0
 pp2_mul24                1.71121000        1.0 0.0
 pp2_mul25               0.749289000        1.0 0.0
 pp2_mul26               0.285045000        1.0 0.0
 pp2_mul27               0.433999000        1.0 0.0
 pp2_mul28               0.392130000        1.0 0.0
 pp2_mul29                3.34327000        1.0 0.0
 pp2_mul30                100.000000        1.0 0.0
 pp2_mul31               5.000000000E-03    1.0 0.0
 pp2_mul32               2.001660000E-02    1.0 0.0
 pp2_mul33               0.714188000        1.0 0.0
 pp2_mul34               3.201060000E-02    1.0 0.0
 pp2_mul35               0.155998000        1.0 0.0
 pp2_mul36                9.38645000        1.0 0.0
 pp2_mul37                6.50785000        1.0 0.0
 pp2_mul38                7.72180000        1.0 0.0
 pp2_mul39                2.63497000        1.0 0.0
 pp2_mul40                3.00718000        1.0 0.0
 pp2_mul41                7.19453000        1.0 0.0
 pp2_mul42                1.26301000        1.0 0.0
 pp2_mul43                1.97936000        1.0 0.0
 pp2_mul44                100.000000        1.0 0.0
 pp2_mul45                73.7676000        1.0 0.0
 pp2_mul46                1.31617000        1.0 0.0
 pp2_mul47                2.79294000        1.0 0.0
 pp2_mul48                1.28275000        1.0 0.0
 pp2_mul49                2.46295000        1.0 0.0
 pp2_mul50                3.65651000        1.0 0.0
 pp2_mul51                6.90172000        1.0 0.0
 pp2_mul52                5.35618000        1.0 0.0
 pp2_mul53                3.17431000        1.0 0.0
 pp2_mul54                6.62474000        1.0 0.0
 pp2_mul55               4.694300000E-02    1.0 0.0
 pp2_mul56               3.286440000E-02    1.0 0.0
 pp2_mul57               7.005890000E-02    1.0 0.0
 pp2_mul58                16.0883000        1.0 0.0
 pp2_mul59               0.402589000        1.0 0.0
 pp2_mul60                1.46885000        1.0 0.0
 pp2_mul61               0.108583000        1.0 0.0
 pp2_mul62                19.0300000        1.0 0.0
 pp2_mul63                15.6077000        1.0 0.0
 pp2_mul64                3.65210000        1.0 0.0
 pp2_mul65                2.65525000        1.0 0.0
 pp2_mul66               0.930399000        1.0 0.0
 pp2_mul67               0.490403000        1.0 0.0
 pp2_mul68               7.947650000E-03    1.0 0.0
 pp2_mul69               0.595173000        1.0 0.0
 pp2_mul70               2.634510000E-02    1.0 0.0
 pp2_mul71                74.9304000        1.0 0.0
 pp2_mul72                36.0263000        1.0 0.0
 pp2_mul73                16.7777000        1.0 0.0
 pp2_mul74                10.9138000        1.0 0.0
 pp2_mul75                24.6107000        1.0 0.0
 pp2_mul76                10.6655000        1.0 0.0
 pp2_mul77               0.200130000        1.0 0.0
 pp2_mul78               0.144634000        1.0 0.0
 pp2_mul79                8.53105000        1.0 0.0
 pp2_mul80                1.08550000        1.0 0.0
 pp2_mul81               5.000000000E-03    1.0 0.0
 pp2_mul82               0.241178000        1.0 0.0
 pp2_mul83               0.148957000        1.0 0.0
 pp2_mul84                1.73839000        1.0 0.0
 pp2_mul85               5.784500000E-03    1.0 0.0
 pp2_mul86               5.000000000E-03    1.0 0.0
 pp2_mul87               6.626360000E-03    1.0 0.0
 pp2_mul88               0.468696000        1.0 0.0
 pp2_mul89               0.561108000        1.0 0.0
 pp2_mul90               5.150370000E-02    1.0 0.0
 pp2_mul91               0.920546000        1.0 0.0
 pp2_mul92               2.439220000E-02    1.0 0.0
 pp2_mul93               5.000000000E-03    1.0 0.0
 pp2_mul94               0.129884000        1.0 0.0
 pp2_mul95               0.163398000        1.0 0.0
 pp2_mul96               5.000000000E-03    1.0 0.0
 pp2_mul97               5.000000000E-03    1.0 0.0
 pp2_mul98               0.452371000        1.0 0.0
 pp2_mul99                4.87806000        1.0 0.0
 pp2_mul100               3.51685000        1.0 0.0
 pp2_mul101              5.000000000E-03    1.0 0.0
 pp2_mul102              5.203670000E-02    1.0 0.0
 pp2_mul103              0.319297000        1.0 0.0
 pp2_mul104               5.20213000        1.0 0.0
 pp2_mul105              4.507610000E-02    1.0 0.0
 pp2_mul106              0.376223000        1.0 0.0
 pp2_mul107               7.13659000        1.0 0.0
 pp2_mul108              9.539380000E-02    1.0 0.0
 pp2_mul109              0.585423000        1.0 0.0
 pp2_mul110               2.21199000        1.0 0.0
 pp2_mul111               13.8963000        1.0 0.0
 pp2_mul112               4.23654000        1.0 0.0
 pp2_mul113              3.801620000E-02    1.0 0.0
 pp2_mul114               1.81550000        1.0 0.0
 pp2_mul115               5.69508000        1.0 0.0
 pp2_mul116              0.638237000        1.0 0.0
 pp2_mul117               52.9067000        1.0 0.0
 pp2_mul118               18.8714000        1.0 0.0
 pp2_mul119              0.205643000        1.0 0.0
 pp2_mul120               1.24166000        1.0 0.0
 pp2_mul121              0.181598000        1.0 0.0
 pp2_mul122              0.724545000        1.0 0.0
 pp2_mul123               1.33594000        1.0 0.0
 pp2_mul124               19.1406000        1.0 0.0
 pp2_mul125               50.4117000        1.0 0.0
 pp2_mul126              0.317324000        1.0 0.0
 pp2_mul127               19.5362000        1.0 0.0
 pp2_mul128               36.2728000        1.0 0.0
 pp2_mul129              0.320901000        1.0 0.0
 pp2_mul130              8.128020000E-02    1.0 0.0
 pp2_mul131              5.000000000E-03    1.0 0.0
 pp2_mul132              2.834850000E-02    1.0 0.0
 pp2_mul133               1.58647000        1.0 0.0
 pp2_mul134               1.66446000        1.0 0.0
 pp2_mul135               1.77761000        1.0 0.0
 pp2_mul136              6.564460000E-02    1.0 0.0
 pp2_mul137               7.21596000        1.0 0.0
 pp2_mul138              9.327120000E-02    1.0 0.0
 pp2_mul139               5.25703000        1.0 0.0
 pp2_mul140              5.031900000E-02    1.0 0.0
 pp2_mul141               4.16294000        1.0 0.0
 pp2_mul142               24.2936000        1.0 0.0
 pp2_mul143              0.316541000        1.0 0.0
 pp2_mul144              0.176261000        1.0 0.0
 pp2_mul145               2.73093000        1.0 0.0
 pp2_mul146              0.315638000        1.0 0.0
 pp2_mul147              4.846840000E-02    1.0 0.0
 pp2_mul148              0.157101000        1.0 0.0
 pp2_mul149              1.903600000E-02    1.0 0.0
 pp2_mul150               8.92672000        1.0 0.0
 pp2_mul151               6.52598000        1.0 0.0
 pp2_mul152              0.784300000        1.0 0.0
 pp2_mul153              0.900029000        1.0 0.0
 pp2_mul154              0.459520000        1.0 0.0
 pp2_mul155               1.23281000        1.0 0.0
 pp2_mul156              9.154730000E-02    1.0 0.0
 pp2_mul157              3.138480000E-02    1.0 0.0
 pp2_mul158               10.6223000        1.0 0.0
 pp2_mul159               8.12992000        1.0 0.0
 pp2_mul160               1.40488000        1.0 0.0
 pp2_mul161               1.46815000        1.0 0.0
 pp2_mul162               90.9506000        1.0 0.0
 pp2_mul163              0.897122000        1.0 0.0
 pp2_mul164               2.07359000        1.0 0.0
 pp2_mul165               69.9441000        1.0 0.0
 pp2_mul166               1.07467000        1.0 0.0
 pp2_mul167              0.443536000        1.0 0.0
 pp2_mul168               76.9694000        1.0 0.0
 pp2_mul169               16.2076000        1.0 0.0
 pp2_mul170              0.218216000        1.0 0.0
 pp2_mul171              0.561691000        1.0 0.0
 pp2_mul172               21.7429000        1.0 0.0
 pp2_mul173              0.729739000        1.0 0.0
 pp2_mul174              0.511865000        1.0 0.0
 pp2_mul175              0.390721000        1.0 0.0
 pp2_mul176               23.2375000        1.0 0.0
 pp2_mul177               38.6232000        1.0 0.0
 pp2_mul178              6.564480000E-02    1.0 0.0
 pp2_mul179               12.2879000        1.0 0.0
 pp2_mul180               37.9558000        1.0 0.0
 pp2_mul181               37.4680000        1.0 0.0
 pp2_mul182              0.285125000        1.0 0.0
 pp2_mul183              0.206442000        1.0 0.0
 pp2_mul184              5.000000000E-03    1.0 0.0
 pp2_mul185              0.903189000        1.0 0.0
 pp2_mul186               2.68761000        1.0 0.0
 pp2_mul187              0.128187000        1.0 0.0
 pp2_mul188              0.177714000        1.0 0.0
 pp2_mul189               1.43006000        1.0 0.0
 pp2_mul190              8.835770000E-03    1.0 0.0
 pp2_mul191              1.378430000E-02    1.0 0.0
 pp2_mul192              5.000000000E-03    1.0 0.0
 pp2_mul193              0.219695000        1.0 0.0
 pp2_mul194               2.06750000        1.0 0.0
 pp2_mul195               41.1651000        1.0 0.0
 pp2_mul196               2.77733000        1.0 0.0
 pp2_mul197               1.13970000        1.0 0.0
 pp2_mul198              5.054610000E-03    1.0 0.0
 pp2_mul199              6.191830000E-02    1.0 0.0
 pp2_mul200              5.000000000E-03    1.0 0.0
 pp2_mul201               1.03516000        1.0 0.0
 pp2_mul202               4.24827000        1.0 0.0
 pp2_mul203              0.258257000        1.0 0.0
 pp2_mul204              3.311970000E-02    1.0 0.0
 pp2_mul205               24.3602000        1.0 0.0
 pp2_mul206               1.07221000        1.0 0.0
 pp2_mul207               1.70367000        1.0 0.0
 pp2_mul208               55.7958000        1.0 0.0
 pp2_mul209              0.163820000        1.0 0.0
 pp2_mul210               3.88343000        1.0 0.0
 pp2_mul211               100.000000        1.0 0.0
 pp2_mul212              1.583750000E-02    1.0 0.0
 pp2_mul213              0.100755000        1.0 0.0
 pp2_mul214              2.804170000E-02    1.0 0.0
 pp2_mul215              9.395150000E-02    1.0 0.0
 pp2_mul216               1.34622000        1.0 0.0
 pp2_mul217              0.591867000        1.0 0.0
 pp2_mul218              0.265842000        1.0 0.0
 pp2_mul219               11.6668000        1.0 0.0
 pp2_mul220              1.034900000E-02    1.0 0.0
 pp2_mul221               1.65963000        1.0 0.0
 pp2_mul222              0.227620000        1.0 0.0
 pp2_mul223              0.522806000        1.0 0.0
 pp2_mul224              0.455818000        1.0 0.0
 pp2_mul225               17.6131000        1.0 0.0
 pp2_mul226              4.644400000E-02    1.0 0.0
 pp2_mul227               74.7195000        1.0 0.0
 pp2_mul228               70.8716000        1.0 0.0
 pp2_mul229               10.5833000        1.0 0.0
 pp2_mul230               13.8630000        1.0 0.0
 pp2_mul231               37.5280000        1.0 0.0
 pp2_mul232               6.65969000        1.0 0.0
 pp2_mul233              9.492630000E-02    1.0 0.0
 pp2_mul234              0.103963000        1.0 0.0
 pp2_mul235              0.113475000        1.0 0.0
 pp2_mul236              0.886477000        1.0 0.0
 pp2_mul237               4.04075000        1.0 0.0
 pp2_mul238              8.331010000E-03    1.0 0.0
 pp2_mul239              3.392890000E-02    1.0 0.0
 pp2_mul240              5.042630000E-03    1.0 0.0
 pp2_mul241              1.654040000E-02    1.0 0.0
 pp2_mul242              2.872660000E-02    1.0 0.0
 pp2_mul243              0.258489000        1.0 0.0
 pp2_mul244               4.28660000        1.0 0.0
 pp2_mul245              5.310620000E-03    1.0 0.0
 pp2_mul246               65.7907000        1.0 0.0
 pp2_mul247               41.4407000        1.0 0.0
 pp2_mul248               14.0095000        1.0 0.0
 pp2_mul249              0.152220000        1.0 0.0
 pp2_mul250               1.62556000        1.0 0.0
 pp2_mul251               15.7401000        1.0 0.0
 pp2_mul252               7.00899000        1.0 0.0
 pp2_mul253               8.42243000        1.0 0.0
 pp2_mul254              6.726250000E-02    1.0 0.0
 pp2_mul255              5.000000000E-03    1.0 0.0
 pp2_mul256              5.000000000E-03    1.0 0.0
 pp2_mul257              1.698360000E-02    1.0 0.0
 pp2_mul258              0.157919000        1.0 0.0
 pp2_mul259              9.767320000E-02    1.0 0.0
 pp2_mul260              0.173645000        1.0 0.0
 pp2_mul261               1.15521000        1.0 0.0
 pp2_mul262              7.488320000E-02    1.0 0.0
 pp2_mul263               4.72372000        1.0 0.0
 pp2_mul264               2.70896000        1.0 0.0
 pp2_mul265               23.8958000        1.0 0.0
 pp2_mul266              0.489896000        1.0 0.0
 pp2_mul267              6.997380000E-03    1.0 0.0
 pp2_mul268               100.000000        1.0 0.0
 pp2_mul269              4.302620000E-02    1.0 0.0
 pp2_mul270              0.663442000        1.0 0.0
 pp2_mul271               2.03056000        1.0 0.0
 pp2_mul272               9.17708000        1.0 0.0
 pp2_mul273              5.000000000E-03    1.0 0.0
 pp2_mul274              6.186540000E-02    1.0 0.0
 pp2_mul275              5.000000000E-03    1.0 0.0
 pp2_mul276              0.148310000        1.0 0.0
 pp2_mul277              2.326570000E-02    1.0 0.0
 pp3_mul1                 1.06659000        1.0 0.0
 pp3_mul2                0.957200000        1.0 0.0
 pp3_mul3                 1.06276000        1.0 0.0
 pp3_mul4                0.553235000        1.0 0.0
 pp3_mul5                0.468512000        1.0 0.0
 pp3_mul6                0.610163000        1.0 0.0
 pp3_mul7                0.689177000        1.0 0.0
 pp3_mul8                0.595700000        1.0 0.0
 pp3_mul9                 1.15037000        1.0 0.0
 pp3_mul10                8.08507000        1.0 0.0
 pp3_mul11                5.34025000        1.0 0.0
 pp3_mul12                1.24047000        1.0 0.0
 pp3_mul13                1.00104000        1.0 0.0
 pp3_mul14               0.482076000        1.0 0.0
 pp3_mul15                1.50492000        1.0 0.0
 pp3_mul16               0.906243000        1.0 0.0
 pp3_mul17               0.342243000        1.0 0.0
 pp3_mul18               0.492244000        1.0 0.0
 pp3_mul19               0.770011000        1.0 0.0
 pp3_mul20               0.879146000        1.0 0.0
 pp3_mul21               0.431510000        1.0 0.0
 pp3_mul22               0.505188000        1.0 0.0
 pp3_mul23               0.270744000        1.0 0.0
 pp3_mul24               0.372024000        1.0 0.0
 pp3_mul25               0.784270000        1.0 0.0
 pp3_mul26               0.642192000        1.0 0.0
 pp3_mul27                1.22233000        1.0 0.0
 pp3_mul28                3.94722000        1.0 0.0
 pp3_mul29                1.91283000        1.0 0.0
 pp3_mul30               0.883829000        1.0 0.0
 pp3_mul31               0.869056000        1.0 0.0
 pp3_mul32                3.67733000        1.0 0.0
 pp3_mul33               0.694850000        1.0 0.0
 pp3_mul34               0.477672000        1.0 0.0
 pp3_mul35                1.06419000        1.0 0.0
 pp3_mul36               0.270423000        1.0 0.0
 pp3_mul37               0.691862000        1.0 0.0
 pp3_mul38               0.908554000        1.0 0.0
 pp3_mul39                1.06298000        1.0 0.0
 pp3_mul40               0.588633000        1.0 0.0
 pp3_mul41               0.569636000        1.0 0.0
 pp3_mul42               0.301682000        1.0 0.0
 pp3_mul43               0.243807000        1.0 0.0
 pp3_mul44               0.793888000        1.0 0.0
 pp3_mul45               0.231697000        1.0 0.0
 pp3_mul46               0.100000000        1.0 0.0
 pp3_mul47               0.323560000        1.0 0.0
 pp3_mul48                1.02303000        1.0 0.0
 pp3_mul49               0.366505000        1.0 0.0
 pp3_mul50               0.531380000        1.0 0.0
 pp3_mul51               0.761455000        1.0 0.0
 pp3_mul52               0.574397000        1.0 0.0
 pp3_mul53                2.47919000        1.0 0.0
 pp3_mul54                1.67706000        1.0 0.0
 pp3_mul55               0.876367000        1.0 0.0
 pp3_mul56               0.526606000        1.0 0.0
 pp3_mul57               0.183914000        1.0 0.0
 pp3_mul58               0.443626000        1.0 0.0
 pp3_mul59               0.875629000        1.0 0.0
 pp3_mul60               0.514158000        1.0 0.0
 pp3_mul61               0.967869000        1.0 0.0
 pp3_mul62               0.752504000        1.0 0.0
 pp3_mul63               0.113967000        1.0 0.0
 pp3_mul64                1.03668000        1.0 0.0
 pp3_mul65                1.23911000        1.0 0.0
 pp3_mul66               0.456672000        1.0 0.0
 pp3_mul67                1.15905000        1.0 0.0
 pp3_vanis1               23.8229000        1.0 0.0
 pp3_vanis2               14.9776000        1.0 0.0
 pp3_vanis3               12.9553000        1.0 0.0
 pp3_vanis4               10.1523000        1.0 0.0
 pp3_vanis5               8.86104000        1.0 0.0
 pp3_vanis6               4.99971000        1.0 0.0
 pp3_vanis7               14.1464000        1.0 0.0
 pp3_vanis8               9.24449000        1.0 0.0
 pp3_vanis9               6.23351000        1.0 0.0
 pp3_vanis10              11.1330000        1.0 0.0
 pp3_vanis11              16.8431000        1.0 0.0
 pp3_vanis12              14.8594000        1.0 0.0
 pp3_vanis13              12.8590000        1.0 0.0
 pp3_vanis14              20.3680000        1.0 0.0
 pp3_vanis15              16.1868000        1.0 0.0
 pp3_vanis16              13.0866000        1.0 0.0
 pp3_vanis17              20.3452000        1.0 0.0
 pp3_vanis18              17.0762000        1.0 0.0
 pp3_vanis19              17.7265000        1.0 0.0
 pp3_vanis20              31.6873000        1.0 0.0
 pp3_vanis21              19.4739000        1.0 0.0
 pp3_vanis22              28.3695000        1.0 0.0
 pp3_vanis23              76.0119000        1.0 0.0
 pp3_vanis24              32.1056000        1.0 0.0
 pp3_vanis25              50.9505000        1.0 0.0
 pp3_vanis26              47.4341000        1.0 0.0
 pp3_vanis27              27.9132000        1.0 0.0
 pp3_vanis28              6.04539000        1.0 0.0
 pp3_vanis29              12.5279000        1.0 0.0
 pp3_vanis30              14.3809000        1.0 0.0
 pp3_vanis31              20.4193000        1.0 0.0
 pp3_vanis32              11.6355000        1.0 0.0
 pp3_vanis33              22.7542000        1.0 0.0
 pp3_vanis34              14.7448000        1.0 0.0
 pp3_vanis35              13.8270000        1.0 0.0
 pp3_vanis36              11.9713000        1.0 0.0
 pp3_vanis37              13.1093000        1.0 0.0
 pp3_vanis38              8.21431000        1.0 0.0
 pp3_vanis39              11.2082000        1.0 0.0
 pp3_vanis40              8.39277000        1.0 0.0
 pp3_vanis41              4.25915000        1.0 0.0
 pp3_vanis42              20.3303000        1.0 0.0
 pp3_vanis43              18.6370000        1.0 0.0
 pp3_vanis44              10.5212000        1.0 0.0
 pp3_vanis45              20.1602000        1.0 0.0
 pp3_vanis46              19.5469000        1.0 0.0
 pp3_vanis47              12.9374000        1.0 0.0
 pp3_vanis48              7.37642000        1.0 0.0
 pp3_vanis49              19.2314000        1.0 0.0
 pp3_vanis50              10.8883000        1.0 0.0
 pp3_vanis51              26.7908000        1.0 0.0
 pp3_vanis52              12.2047000        1.0 0.0
 pp3_vanis53              13.0182000        1.0 0.0
 pp3_vanis54              22.7295000        1.0 0.0
 pp3_vanis55              24.6847000        1.0 0.0
 pp3_vanis56              5.28521000        1.0 0.0
 pp3_vanis57              7.84704000        1.0 0.0
 pp3_vanis58              6.12255000        1.0 0.0
 pp3_vanis59              5.96786000        1.0 0.0
 pp3_vanis60              6.20706000        1.0 0.0
 pp3_vanis61              8.60756000        1.0 0.0
 pp3_vanis62              7.90860000        1.0 0.0
 pp3_vanis63              21.6178000        1.0 0.0
 pp3_vanis64              14.4064000        1.0 0.0
 pp3_vanis65              11.8614000        1.0 0.0
 pp3_vanis66              12.0162000        1.0 0.0
 pp3_vanis67              12.4190000        1.0 0.0
 pp3_rech1               3.636530000E-03    1.0 0.0
 pp3_rech2               3.495210000E-03    1.0 0.0
 pp3_rech3               1.544880000E-03    1.0 0.0
 pp3_rech4               3.083950000E-03    1.0 0.0
 pp3_rech5               2.151090000E-03    1.0 0.0
 pp3_rech6               3.016420000E-03    1.0 0.0
 pp3_rech7               1.500000000E-03    1.0 0.0
 pp3_rech8               2.296960000E-03    1.0 0.0
 pp3_rech9               3.099310000E-03    1.0 0.0
 pp3_rech10              1.500000000E-03    1.0 0.0
 pp3_rech11              1.500000000E-03    1.0 0.0
 pp3_rech12              1.500000000E-03    1.0 0.0
 pp3_rech13              1.717690000E-03    1.0 0.0
 pp3_rech14              1.952090000E-03    1.0 0.0
 pp3_rech15              1.898650000E-03    1.0 0.0
 pp3_rech16              1.806340000E-03    1.0 0.0
 pp3_rech17              2.312980000E-03    1.0 0.0
 pp3_rech18              1.594030000E-03    1.0 0.0
 pp3_rech19              1.533390000E-03    1.0 0.0
 pp3_rech20              1.500000000E-03    1.0 0.0
 pp3_rech21              1.513880000E-03    1.0 0.0
 pp3_rech22              1.500000000E-03    1.0 0.0
 pp3_rech23              1.756550000E-03    1.0 0.0
 pp3_rech24              1.500000000E-03    1.0 0.0
 pp3_rech25              2.387830000E-03    1.0 0.0
 pp3_rech26              1.500000000E-03    1.0 0.0
 pp3_rech27              1.500000000E-03    1.0 0.0
 pp3_rech28              1.500000000E-03    1.0 0.0
 pp3_rech29              1.517050000E-03    1.0 0.0
 pp3_rech30              1.500000000E-03    1.0 0.0
 pp3_rech31              1.500000000E-03    1.0 0.0
 pp3_rech32              1.500000000E-03    1.0 0.0
 pp3_rech33              1.500000000E-03    1.0 0.0
 pp3_rech34              1.988680000E-03    1.0 0.0
 pp3_rech35              1.500000000E-03    1.0 0.0
 pp3_rech36              5.640620000E-03    1.0 0.0
 pp3_rech37              2.505370000E-03    1.0 0.0
 pp3_rech38              6.000000000E-03    1.0 0.0
 pp3_rech39              3.857180000E-03    1.0 0.0
 pp3_rech40              5.774180000E-03    1.0 0.0
 pp3_rech41              6.000000000E-03    1.0 0.0
 pp3_rech42              6.000000000E-03    1.0 0.0
 pp3_rech43              4.565940000E-03    1.0 0.0
 pp3_rech44              1.587890000E-03    1.0 0.0
 pp3_rech45              2.330720000E-03    1.0 0.0
 pp3_rech46              3.602520000E-03    1.0 0.0
 pp3_rech47              1.867820000E-03    1.0 0.0
 pp3_rech48              2.812330000E-03    1.0 0.0
 pp3_rech49              1.500000000E-03    1.0 0.0
 pp3_rech50              3.100490000E-03    1.0 0.0
 pp3_rech51              3.164290000E-03    1.0 0.0
 pp3_rech52              1.794080000E-03    1.0 0.0
 pp3_rech53              1.500000000E-03    1.0 0.0
 pp3_rech54              1.500000000E-03    1.0 0.0
 pp3_rech55              1.753680000E-03    1.0 0.0
 pp3_rech56              3.020990000E-03    1.0 0.0
 pp3_rech57              1.544850000E-03    1.0 0.0
 pp3_rech58              1.595110000E-03    1.0 0.0
 pp3_rech59              4.046440000E-03    1.0 0.0
 pp3_rech60              2.999960000E-03    1.0 0.0
 pp3_rech61              3.173720000E-03    1.0 0.0
 pp3_rech62              3.272800000E-03    1.0 0.0
 pp3_rech63              6.000000000E-03    1.0 0.0
 pp3_rech64              1.500000000E-03    1.0 0.0
 pp3_rech65              2.938420000E-03    1.0 0.0
 pp3_rech66              1.500000000E-03    1.0 0.0
 pp3_rech67              5.159530000E-03    1.0 0.0
 ppr_mul1                 8.11172000        1.0 0.0
 ppr_mul2                 248.975000        1.0 0.0
 ppr_mul3                 120.902000        1.0 0.0
 ppr_mul4                 132.617000        1.0 0.0
 ppr_mul5                 745.353000        1.0 0.0
 ppr_mul6                 283.440000        1.0 0.0
 ppr_mul7                 264.377000        1.0 0.0
 ppr_mul8                 47.5208000        1.0 0.0
 ppr_mul9                 66.3672000        1.0 0.0
 ppr_mul10                1.14886000        1.0 0.0
 ppr_mul11                1.20037000        1.0 0.0
 ppr_mul12                3.89023000        1.0 0.0
 ppr_mul13                2.04530000        1.0 0.0
 ppr_mul14               0.316326000        1.0 0.0
 ppr_mul15                2.18393000        1.0 0.0
 ppr_mul16                1.94010000        1.0 0.0
 ppr_mul17                29.6788000        1.0 0.0
 ppr_mul18                5.25525000        1.0 0.0
 ppr_mul19               0.105794000        1.0 0.0
 ppr_mul20               0.567054000        1.0 0.0
 ppr_mul21               0.167259000        1.0 0.0
 ppr_mul22               1.278280000E-03    1.0 0.0
 ppr_mul23               6.359870000E-02    1.0 0.0
 ppr_mul24               0.201142000        1.0 0.0
 ppr_mul25               0.168804000        1.0 0.0
 ppr_mul26               0.113194000        1.0 0.0
 ppr_mul27                5.17561000        1.0 0.0
 ppr_mul28               0.417150000        1.0 0.0
 ppr_mul29                2.63294000        1.0 0.0
 ppr_mul30                11.1124000        1.0 0.0
 ppr_mul31                3.05787000        1.0 0.0
 ppr_mul32                1.23150000        1.0 0.0
 ppr_mul33               0.209326000        1.0 0.0
 ppr_mul34                42.3748000        1.0 0.0
 ppr_mul35                1.15275000        1.0 0.0
 ppr_mul36                9.97953000        1.0 0.0
 ppr_mul37                2.29180000        1.0 0.0
 ppr_mul38                1.13867000        1.0 0.0
 ppr_mul39                1.28729000        1.0 0.0
 ppr_mul40                2.33717000        1.0 0.0
 ppr_mul41                2.70579000        1.0 0.0
 ppr_mul42               0.934371000        1.0 0.0
 ppr_mul43               0.240243000        1.0 0.0
 ppr_mul44               7.722670000E-02    1.0 0.0
 ppr_mul45               0.472826000        1.0 0.0
 ppr_mul46               0.500117000        1.0 0.0
 ppr_mul47               0.107106000        1.0 0.0
 ppr_mul48               0.142239000        1.0 0.0
 ppr_mul49               5.430950000E-02    1.0 0.0
 ppr_mul50               3.458010000E-02    1.0 0.0
 ppr_mul51               2.951720000E-02    1.0 0.0
 ppr_mul52                137.934000        1.0 0.0
 ppr_mul53                693.499000        1.0 0.0
 ppr_mul54                42.5172000        1.0 0.0
 ppr_mul55                11.4389000        1.0 0.0
 ppr_mul56               0.495753000        1.0 0.0
 ppr_mul57                3.86999000        1.0 0.0
 ppr_mul58                1.63517000        1.0 0.0
 ppr_mul59               0.717019000        1.0 0.0
 ppr_mul60               0.675381000        1.0 0.0
 ppr_mul61                1.40532000        1.0 0.0
 ppr_mul62                1.71682000        1.0 0.0
 ppr_mul63                13.8917000        1.0 0.0
 ppr_mul64                55.8644000        1.0 0.0
 ppr_mul65                95.3570000        1.0 0.0
 ppr_mul66                20.1027000        1.0 0.0
 ppr_mul67                1.97784000        1.0 0.0
 ppr_mul68                3.28169000        1.0 0.0
 ppr_mul69                1.81610000        1.0 0.0
 ppr_mul70                1.49648000        1.0 0.0
 ppr_mul71                1.00748000        1.0 0.0
 ppr_mul72                6.25648000        1.0 0.0
 ppr_mul73                5.26530000        1.0 0.0
 ppr_mul74               0.484715000        1.0 0.0
 ppr_mul75               0.453201000        1.0 0.0
 ppr_mul76               0.559353000        1.0 0.0
 ppr_mul77                3.55499000        1.0 0.0
 ppr_mul78                5.07428000        1.0 0.0
 ppr_mul79                1.66233000        1.0 0.0
 ppr_mul80               0.855532000        1.0 0.0
 ppr_mul81               0.855251000        1.0 0.0
 ppr_mul82                3.83562000        1.0 0.0
 ppr_mul83               0.362546000        1.0 0.0
 ppr_mul84               0.397610000        1.0 0.0
 ppr_mul85               0.763271000        1.0 0.0
 ppr_mul86               8.223810000E-02    1.0 0.0
 ppr_mul87               7.285940000E-02    1.0 0.0
 ppr_mul88               0.499745000        1.0 0.0
 ppr_mul89                1.26210000        1.0 0.0
 ppr_mul90               7.487940000E-02    1.0 0.0
 ppr_mul91               9.424250000E-02    1.0 0.0
 ppr_mul92               0.216574000        1.0 0.0
 ppr_mul93               0.188172000        1.0 0.0
 ppr_mul94               0.434189000        1.0 0.0
 ppr_mul95               0.626719000        1.0 0.0
 ppr_mul96               0.823505000        1.0 0.0
 ppr_mul97               0.611101000        1.0 0.0
 ppr_mul98                1.19046000        1.0 0.0
 ppr_mul99                32.3808000        1.0 0.0
 ppr_mul100               50.1808000        1.0 0.0
 ppr_mul101               31.6675000        1.0 0.0
 ppr_mul102               12.3303000        1.0 0.0
 ppr_mul103               2.05385000        1.0 0.0
 ppr_mul104               1.48298000        1.0 0.0
 ppr_mul105               19.9106000        1.0 0.0
 ppr_mul106               7.78155000        1.0 0.0
 ppr_mul107               13.6457000        1.0 0.0
 ppr_mul108               6.44975000        1.0 0.0
 ppr_mul109               3.33917000        1.0 0.0
 ppr_mul110               2.40633000        1.0 0.0
 ppr_mul111               1.55273000        1.0 0.0
 ppr_mul112               1.19175000        1.0 0.0
 ppr_mul113               12.4858000        1.0 0.0
 ppr_mul114               11.2798000        1.0 0.0
 ppr_mul115               1.07629000        1.0 0.0
 ppr_mul116               1.28678000        1.0 0.0
 ppr_mul117               3.61839000        1.0 0.0
 ppr_mul118               6.15060000        1.0 0.0
 ppr_mul119               2.62327000        1.0 0.0
 ppr_mul120               6.02840000        1.0 0.0
 ppr_mul121               8.03047000        1.0 0.0
 ppr_mul122               6.27490000        1.0 0.0
 ppr_mul123               2.94326000        1.0 0.0
 ppr_mul124              0.769504000        1.0 0.0
 ppr_mul125               2.23474000        1.0 0.0
 ppr_mul126              0.399843000        1.0 0.0
 ppr_mul127              0.450616000        1.0 0.0
 ppr_mul128               1.03116000        1.0 0.0
 ppr_mul129               7.33534000        1.0 0.0
 ppr_mul130               5.08284000        1.0 0.0
 ppr_mul131               1.32780000        1.0 0.0
 ppr_mul132               4.35554000        1.0 0.0
 ppr_mul133               4.82882000        1.0 0.0
 ppr_mul134               2.91728000        1.0 0.0
 ppr_mul135               6.11391000        1.0 0.0
 ppr_mul136               4.80547000        1.0 0.0
 ppr_mul137               1.26309000        1.0 0.0
 ppr_mul138              9.643420000E-02    1.0 0.0
 ppr_mul139              0.178045000        1.0 0.0
 ppr_mul140              0.563898000        1.0 0.0
 ppr_mul141               1.88828000        1.0 0.0
 ppr_mul142               3.06988000        1.0 0.0
 ppr_mul143               6.42042000        1.0 0.0
 ppr_mul144               1.33171000        1.0 0.0
 ppr_mul145               12.9314000        1.0 0.0
 ppr_mul146               1.41968000        1.0 0.0
 ppr_mul147               19.7453000        1.0 0.0
 ppr_add1                 9.99987000        1.0 0.0
 ppr_add2                 9.99987000        1.0 0.0
 ppr_add3                 9.99987000        1.0 0.0
 ppr_add4                 9.99987000        1.0 0.0
 ppr_add5                 9.99987000        1.0 0.0
 ppr_add6                 9.99987000        1.0 0.0
 ppr_add7                 9.99987000        1.0 0.0
 ppr_add8                 9.99987000        1.0 0.0
 ppr_add9                 9.99987000        1.0 0.0
 ppr_add10                9.99987000        1.0 0.0
 ppr_add11                9.99987000        1.0 0.0
 ppr_add12                9.99987000        1.0 0.0
 ppr_add13                9.99987000        1.0 0.0
 ppr_add14                9.99987000        1.0 0.0
 ppr_add15                9.99987000        1.0 0.0
 ppr_add16                9.99987000        1.0 0.0
 ppr_add17                9.99987000        1.0 0.0
 ppr_add18                9.99987000        1.0 0.0
 ppr_add19                9.99987000        1.0 0.0
 ppr_add20                9.99987000        1.0 0.0
 ppr_add21                9.99987000        1.0 0.0
 ppr_add22                9.99987000        1.0 0.0
 ppr_add23                9.99987000        1.0 0.0
 ppr_add24                9.99987000        1.0 0.0
 ppr_add25                9.99987000        1.0 0.0
 ppr_add26                9.99987000        1.0 0.0
 ppr_add27                9.99987000        1.0 0.0
 ppr_add28                9.99987000        1.0 0.0
 ppr_add29                9.99987000        1.0 0.0
 ppr_add30                9.99987000        1.0 0.0
 ppr_add31                9.99987000        1.0 0.0
 ppr_add32                9.99987000        1.0 0.0
 ppr_add33                9.99987000        1.0 0.0
 ppr_add34                9.99987000        1.0 0.0
 ppr_add35                9.99987000        1.0 0.0
 ppr_add36                9.99987000        1.0 0.0
 ppr_add37                9.99987000        1.0 0.0
 ppr_add38                9.99987000        1.0 0.0
 ppr_add39                9.99987000        1.0 0.0
 ppr_add40                9.99987000        1.0 0.0
 ppr_add41                9.99987000        1.0 0.0
 ppr_add42                9.99987000        1.0 0.0
 ppr_add43                9.99987000        1.0 0.0
 ppr_add44                9.99987000        1.0 0.0
 ppr_add45                9.99987000        1.0 0.0
 ppr_add46                9.99987000        1.0 0.0
 ppr_add47                9.99987000        1.0 0.0
 ppr_add48                9.99987000        1.0 0.0
 ppr_add49                9.99987000        1.0 0.0
 ppr_add50                9.99987000        1.0 0.0
 ppr_add51                9.99987000        1.0 0.0
 ppr_add52                9.99987000        1.0 0.0
 ppr_add53                9.99987000        1.0 0.0
 ppr_add54                9.99987000        1.0 0.0
 ppr_add55                9.99987000        1.0 0.0
 ppr_add56                9.99987000        1.0 0.0
 ppr_add57                9.99987000        1.0 0.0
 ppr_add58                9.99987000        1.0 0.0
 ppr_add59                9.99987000        1.0 0.0
 ppr_add60                9.99987000        1.0 0.0
 ppr_add61                9.99987000        1.0 0.0
 ppr_add62                9.99987000        1.0 0.0
 ppr_add63                9.99987000        1.0 0.0
 ppr_add64                9.99987000        1.0 0.0
 ppr_add65                9.99987000        1.0 0.0
 ppr_add66                9.99987000        1.0 0.0
 ppr_add67                9.99987000        1.0 0.0
 ppr_add68                9.99987000        1.0 0.0
 ppr_add69                9.99987000        1.0 0.0
 ppr_add70                9.99987000        1.0 0.0
 ppr_add71                9.99987000        1.0 0.0
 ppr_add72                9.99987000        1.0 0.0
 ppr_add73                9.99987000        1.0 0.0
 ppr_add74                9.99987000        1.0 0.0
 ppr_add75                9.99987000        1.0 0.0
 ppr_add76                9.99987000        1.0 0.0
 ppr_add77                9.99987000        1.0 0.0
 ppr_add78                9.99987000        1.0 0.0
 ppr_add79                9.99987000        1.0 0.0
 ppr_add80                9.99987000        1.0 0.0
 ppr_add81                9.99987000        1.0 0.0
 ppr_add82                9.99987000        1.0 0.0
 ppr_add83                9.99987000        1.0 0.0
 ppr_add84                9.99987000        1.0 0.0
 ppr_add85                9.99987000        1.0 0.0
 ppr_add86                9.99987000        1.0 0.0
 ppr_add87                9.99987000        1.0 0.0
 ppr_add88                9.99987000        1.0 0.0
 ppr_add89                9.99987000        1.0 0.0
 ppr_add90                9.99987000        1.0 0.0
 ppr_add91                9.99987000        1.0 0.0
 ppr_add92                9.99987000        1.0 0.0
 ppr_add93                9.99987000        1.0 0.0
 ppr_add94                9.99987000        1.0 0.0
 ppr_add95                9.99987000        1.0 0.0
 ppr_add96                9.99987000        1.0 0.0
 ppr_add97                9.99987000        1.0 0.0
 ppr_add98                9.99987000        1.0 0.0
 ppr_add99                9.99987000        1.0 0.0
 ppr_add100               9.99987000        1.0 0.0
 ppr_add101               9.99987000        1.0 0.0
 ppr_add102               9.99987000        1.0 0.0
 ppr_add103               9.99987000        1.0 0.0
 ppr_add104               9.99987000        1.0 0.0
 ppr_add105               9.99987000        1.0 0.0
 ppr_add106               9.99987000        1.0 0.0
 ppr_add107               9.99987000        1.0 0.0
 ppr_add108               9.99987000        1.0 0.0
 ppr_add109               9.99987000        1.0 0.0
 ppr_add110               9.99987000        1.0 0.0
 ppr_add111               9.99987000        1.0 0.0
 ppr_add112               9.99987000        1.0 0.0
 ppr_add113               9.99987000        1.0 0.0
 ppr_add114               9.99987000        1.0 0.0
 ppr_add115               9.99987000        1.0 0.0
 ppr_add116               9.99987000        1.0 0.0
 ppr_add117               9.99987000        1.0 0.0
 ppr_add118               9.99987000        1.0 0.0
 ppr_add119               9.99987000        1.0 0.0
 ppr_add120               9.99987000        1.0 0.0
 ppr_add121               9.99987000        1.0 0.0
 ppr_add122               9.99987000        1.0 0.0
 ppr_add123               9.99987000        1.0 0.0
 ppr_add124               9.99987000        1.0 0.0
 ppr_add125               9.99987000        1.0 0.0
 ppr_add126               9.99987000        1.0 0.0
 ppr_add127               9.99987000        1.0 0.0
 ppr_add128               9.99987000        1.0 0.0
 ppr_add129               9.99987000        1.0 0.0
 ppr_add130               9.99987000        1.0 0.0
 ppr_add131               9.99987000        1.0 0.0
 ppr_add132               9.99987000        1.0 0.0
 ppr_add133               9.99987000        1.0 0.0
 ppr_add134               9.99987000        1.0 0.0
 ppr_add135               9.99987000        1.0 0.0
 ppr_add136               9.99987000        1.0 0.0
 ppr_add137               9.99987000        1.0 0.0
 ppr_add138               9.99987000        1.0 0.0
 ppr_add139               9.99987000        1.0 0.0
 ppr_add140               9.99987000        1.0 0.0
 ppr_add141               9.99987000        1.0 0.0
 ppr_add142               9.99987000        1.0 0.0
 ppr_add143               9.99987000        1.0 0.0
 ppr_add144               9.99987000        1.0 0.0
 ppr_add145               9.99987000        1.0 0.0
 ppr_add146               9.99987000        1.0 0.0
 ppr_add147               9.99987000        1.0 0.0
 ppw_mul1                 19.9777000        1.0 0.0
 ppw_mul2                 20.0000000        1.0 0.0
 ppw_mul3                 20.0000000        1.0 0.0
 ppw_mul4                 19.3762000        1.0 0.0
 ppw_mul5                 20.0000000        1.0 0.0
 ppw_mul6                 9.94956000        1.0 0.0
 ppw_mul7                 14.7599000        1.0 0.0
 ppw_mul8                 3.70258000        1.0 0.0
 ppw_mul9                 1.83080000        1.0 0.0
 ppw_mul10                2.45980000        1.0 0.0
 ppw_mul11               0.714537000        1.0 0.0
 ppw_mul12                1.82275000        1.0 0.0
 ppw_mul13                1.45623000        1.0 0.0
 ppw_mul14               0.990819000        1.0 0.0
 ppw_mul15               0.274922000        1.0 0.0
 ppw_mul16               0.226224000        1.0 0.0
 ppw_mul17               0.120179000        1.0 0.0
 ppw_mul18               0.179191000        1.0 0.0
 ppw_mul19               0.133282000        1.0 0.0
 ppw_mul20               0.180358000        1.0 0.0
 ppw_mul21               0.163279000        1.0 0.0
 ppw_mul22               0.184806000        1.0 0.0
 ppw_mul23               0.116274000        1.0 0.0
 ppw_mul24               0.137798000        1.0 0.0
 ppw_mul25               0.186855000        1.0 0.0
 ppw_mul26               0.428823000        1.0 0.0
 ppw_mul27               0.567401000        1.0 0.0
 ppw_mul28                1.11007000        1.0 0.0
 ppw_mul29                1.10609000        1.0 0.0
 ppw_mul30                1.14134000        1.0 0.0
 ppw_mul31                1.41475000        1.0 0.0
 ppw_mul32                1.35372000        1.0 0.0
 ppw_mul33                1.55801000        1.0 0.0
 ppw_mul34                1.51248000        1.0 0.0
 ppw_mul35                1.86939000        1.0 0.0
 ppw_mul36               0.947310000        1.0 0.0
 ppw_mul37               0.775999000        1.0 0.0
 ppw_mul38                20.0000000        1.0 0.0
 ppw_mul39                16.0124000        1.0 0.0
 ppw_mul40                11.2459000        1.0 0.0
 ppw_mul41                3.53123000        1.0 0.0
 ppw_mul42                2.07745000        1.0 0.0
 ppw_mul43                2.06728000        1.0 0.0
 ppw_mul44                1.42867000        1.0 0.0
 ppw_mul45               0.863064000        1.0 0.0
 ppw_mul46               0.506624000        1.0 0.0
 ppw_mul47               0.665298000        1.0 0.0
 ppw_mul48               0.434975000        1.0 0.0
 ppw_mul49               0.556661000        1.0 0.0
 ppw_mul50               0.194541000        1.0 0.0
 ppw_mul51               0.315954000        1.0 0.0
 ppw_mul52               0.348810000        1.0 0.0
 ppw_mul53               0.325396000        1.0 0.0
 ppw_mul54               0.305372000        1.0 0.0
 ppw_mul55               0.421794000        1.0 0.0
 ppw_mul56               0.691836000        1.0 0.0
 ppw_mul57               0.916212000        1.0 0.0
 ppw_mul58               0.764270000        1.0 0.0
 ppw_mul59               0.882902000        1.0 0.0
 ppw_mul60                1.44434000        1.0 0.0
 ppw_mul61                1.33829000        1.0 0.0
