single point
 pp1_kx1                  23.6315000        1.0 0.0
 pp1_kx2                  166.824000        1.0 0.0
 pp1_kx3                  52.7245000        1.0 0.0
 pp1_kx4                  237.087000        1.0 0.0
 pp1_kx5                  524.165000        1.0 0.0
 pp1_kx6                  295.430000        1.0 0.0
 pp1_kx7                  618.795000        1.0 0.0
 pp1_kx8                  211.331000        1.0 0.0
 pp1_kx9                  70.3346000        1.0 0.0
 pp1_kx10                 166.075000        1.0 0.0
 pp1_kx11                 129.033000        1.0 0.0
 pp1_kx12                 436.716000        1.0 0.0
 pp1_kx13                 189.603000        1.0 0.0
 pp1_kx14                 646.117000        1.0 0.0
 pp1_kx15                 65.1587000        1.0 0.0
 pp1_kx16                 19.2077000        1.0 0.0
 pp1_kx17                 12.2609000        1.0 0.0
 pp1_kx18                 8.09812000        1.0 0.0
 pp1_kx19                 1.62124000        1.0 0.0
 pp1_kx20                 7.71166000        1.0 0.0
 pp1_kx21                 8.54956000        1.0 0.0
 pp1_kx22                 27.8283000        1.0 0.0
 pp1_kx23                 27.3423000        1.0 0.0
 pp1_kx24                 32.7915000        1.0 0.0
 pp1_kx25                 11.2902000        1.0 0.0
 pp1_kx26                 16.5398000        1.0 0.0
 pp1_kx27                 6.61835000        1.0 0.0
 pp1_kx28                 23.8517000        1.0 0.0
 pp1_kx29                 2.03511000        1.0 0.0
 pp1_kx30                 15.1115000        1.0 0.0
 pp1_kx31                 4.28609000        1.0 0.0
 pp1_kx32                 30.4651000        1.0 0.0
 pp2_mul1                 1.34591000        1.0 0.0
 pp2_mul2                 33.8297000        1.0 0.0
 pp2_mul3                0.194698000        1.0 0.0
 pp2_mul4                 1.18859000        1.0 0.0
 pp2_mul5                 1.07388000        1.0 0.0
 pp2_mul6                 2.32466000        1.0 0.0
 pp2_mul7                 1.42584000        1.0 0.0
 pp2_mul8                 1.31414000        1.0 0.0
 pp2_mul9                 1.86442000        1.0 0.0
 pp2_mul10               0.358375000        1.0 0.0
 pp2_mul11                2.17616000        1.0 0.0
 pp2_mul12               1.142780000E-02    1.0 0.0
 pp2_mul13               1.624000000E-02    1.0 0.0
 pp2_mul14               6.853890000E-02    1.0 0.0
 pp2_mul15               2.390240000E-02    1.0 0.0
 pp2_mul16               8.179590000E-02    1.0 0.0
 pp2_mul17               8.859740000E-02    1.0 0.0
 pp2_mul18               1.393210000E-02    1.0 0.0
 pp2_mul19               5.062720000E-03    1.0 0.0
 pp2_mul20               0.379062000        1.0 0.0
 pp2_mul21                1.09016000        1.0 0.0
 pp2_mul22                10.4597000        1.0 0.0
 pp2_mul23                7.86247000        1.0 0.0
 pp2_mul24                2.27626000        1.0 0.0
 pp2_mul25               0.921957000        1.0 0.0
 pp2_mul26               0.422040000        1.0 0.0
 pp2_mul27               0.812827000        1.0 0.0
 pp2_mul28                1.02313000        1.0 0.0
 pp2_mul29                8.85526000        1.0 0.0
 pp2_mul30                81.2842000        1.0 0.0
 pp2_mul31               5.691770000E-03    1.0 0.0
 pp2_mul32               0.100797000        1.0 0.0
 pp2_mul33                3.79907000        1.0 0.0
 pp2_mul34               0.175235000        1.0 0.0
 pp2_mul35               0.138987000        1.0 0.0
 pp2_mul36               0.512012000        1.0 0.0
 pp2_mul37                3.39531000        1.0 0.0
 pp2_mul38                12.9373000        1.0 0.0
 pp2_mul39                32.3167000        1.0 0.0
 pp2_mul40               0.812644000        1.0 0.0
 pp2_mul41                6.95591000        1.0 0.0
 pp2_mul42                3.26384000        1.0 0.0
 pp2_mul43                2.66414000        1.0 0.0
 pp2_mul44                30.1425000        1.0 0.0
 pp2_mul45                100.000000        1.0 0.0
 pp2_mul46                1.01810000        1.0 0.0
 pp2_mul47               0.305769000        1.0 0.0
 pp2_mul48               0.840584000        1.0 0.0
 pp2_mul49                2.68477000        1.0 0.0
 pp2_mul50                16.0841000        1.0 0.0
 pp2_mul51                4.43267000        1.0 0.0
 pp2_mul52                1.35690000        1.0 0.0
 pp2_mul53                2.11756000        1.0 0.0
 pp2_mul54                11.1199000        1.0 0.0
 pp2_mul55               4.805700000E-02    1.0 0.0
 pp2_mul56               5.134990000E-03    1.0 0.0
 pp2_mul57               6.828560000E-02    1.0 0.0
 pp2_mul58                2.34634000        1.0 0.0
 pp2_mul59               6.286350000E-02    1.0 0.0
 pp2_mul60                1.73095000        1.0 0.0
 pp2_mul61               0.824430000        1.0 0.0
 pp2_mul62                100.000000        1.0 0.0
 pp2_mul63                100.000000        1.0 0.0
 pp2_mul64                100.000000        1.0 0.0
 pp2_mul65                1.99402000        1.0 0.0
 pp2_mul66                1.59532000        1.0 0.0
 pp2_mul67                3.06787000        1.0 0.0
 pp2_mul68               5.000000000E-03    1.0 0.0
 pp2_mul69                2.85518000        1.0 0.0
 pp2_mul70               4.599330000E-02    1.0 0.0
 pp2_mul71                100.000000        1.0 0.0
 pp2_mul72                25.0105000        1.0 0.0
 pp2_mul73                74.3140000        1.0 0.0
 pp2_mul74                100.000000        1.0 0.0
 pp2_mul75                89.0323000        1.0 0.0
 pp2_mul76                7.15726000        1.0 0.0
 pp2_mul77               0.146736000        1.0 0.0
 pp2_mul78                2.35068000        1.0 0.0
 pp2_mul79                100.000000        1.0 0.0
 pp2_mul80                1.95845000        1.0 0.0
 pp2_mul81               0.162745000        1.0 0.0
 pp2_mul82               0.935787000        1.0 0.0
 pp2_mul83               0.443941000        1.0 0.0
 pp2_mul84                4.98955000        1.0 0.0
 pp2_mul85               2.426630000E-02    1.0 0.0
 pp2_mul86               2.317240000E-02    1.0 0.0
 pp2_mul87               7.693170000E-02    1.0 0.0
 pp2_mul88               0.284250000        1.0 0.0
 pp2_mul89               0.271658000        1.0 0.0
 pp2_mul90               6.323420000E-03    1.0 0.0
 pp2_mul91               7.157440000E-02    1.0 0.0
 pp2_mul92               5.000000000E-03    1.0 0.0
 pp2_mul93               5.000000000E-03    1.0 0.0
 pp2_mul94               4.127540000E-02    1.0 0.0
 pp2_mul95               0.337656000        1.0 0.0
 pp2_mul96               1.314070000E-02    1.0 0.0
 pp2_mul97               5.000000000E-03    1.0 0.0
 pp2_mul98               0.255232000        1.0 0.0
 pp2_mul99                1.77130000        1.0 0.0
 pp2_mul100               3.39050000        1.0 0.0
 pp2_mul101              5.000000000E-03    1.0 0.0
 pp2_mul102              6.625350000E-02    1.0 0.0
 pp2_mul103              4.522850000E-02    1.0 0.0
 pp2_mul104              0.522600000        1.0 0.0
 pp2_mul105              3.507150000E-02    1.0 0.0
 pp2_mul106              0.166599000        1.0 0.0
 pp2_mul107               6.22633000        1.0 0.0
 pp2_mul108              0.281965000        1.0 0.0
 pp2_mul109              0.327204000        1.0 0.0
 pp2_mul110               1.53342000        1.0 0.0
 pp2_mul111               2.83474000        1.0 0.0
 pp2_mul112               7.15858000        1.0 0.0
 pp2_mul113              8.117000000E-03    1.0 0.0
 pp2_mul114               4.41778000        1.0 0.0
 pp2_mul115              0.684571000        1.0 0.0
 pp2_mul116              0.663511000        1.0 0.0
 pp2_mul117               2.94041000        1.0 0.0
 pp2_mul118               5.60813000        1.0 0.0
 pp2_mul119              0.277738000        1.0 0.0
 pp2_mul120               5.11688000        1.0 0.0
 pp2_mul121              0.160979000        1.0 0.0
 pp2_mul122              0.781961000        1.0 0.0
 pp2_mul123              0.170548000        1.0 0.0
 pp2_mul124               6.38002000        1.0 0.0
 pp2_mul125               100.000000        1.0 0.0
 pp2_mul126              4.857830000E-02    1.0 0.0
 pp2_mul127               71.4031000        1.0 0.0
 pp2_mul128               100.000000        1.0 0.0
 pp2_mul129               2.45335000        1.0 0.0
 pp2_mul130              3.593090000E-02    1.0 0.0
 pp2_mul131              5.000000000E-03    1.0 0.0
 pp2_mul132              1.788140000E-02    1.0 0.0
 pp2_mul133               5.40505000        1.0 0.0
 pp2_mul134               2.27884000        1.0 0.0
 pp2_mul135               3.13313000        1.0 0.0
 pp2_mul136              0.182181000        1.0 0.0
 pp2_mul137               7.83393000        1.0 0.0
 pp2_mul138              0.373593000        1.0 0.0
 pp2_mul139               8.78727000        1.0 0.0
 pp2_mul140              3.005890000E-02    1.0 0.0
 pp2_mul141               1.82029000        1.0 0.0
 pp2_mul142               4.05230000        1.0 0.0
 pp2_mul143               2.54848000        1.0 0.0
 pp2_mul144              0.833100000        1.0 0.0
 pp2_mul145               1.38895000        1.0 0.0
 pp2_mul146              0.227760000        1.0 0.0
 pp2_mul147              0.162715000        1.0 0.0
 pp2_mul148              0.310413000        1.0 0.0
 pp2_mul149              2.791130000E-02    1.0 0.0
 pp2_mul150               28.6252000        1.0 0.0
 pp2_mul151               26.9812000        1.0 0.0
 pp2_mul152              9.915410000E-02    1.0 0.0
 pp2_mul153              0.462333000        1.0 0.0
 pp2_mul154              0.938993000        1.0 0.0
 pp2_mul155              0.157200000        1.0 0.0
 pp2_mul156              0.589699000        1.0 0.0
 pp2_mul157              0.116005000        1.0 0.0
 pp2_mul158               4.37806000        1.0 0.0
 pp2_mul159               1.13231000        1.0 0.0
 pp2_mul160               2.23601000        1.0 0.0
 pp2_mul161               2.21033000        1.0 0.0
 pp2_mul162               100.000000        1.0 0.0
 pp2_mul163               1.58297000        1.0 0.0
 pp2_mul164               94.5330000        1.0 0.0
 pp2_mul165               100.000000        1.0 0.0
 pp2_mul166               3.26748000        1.0 0.0
 pp2_mul167               1.12900000        1.0 0.0
 pp2_mul168               24.4191000        1.0 0.0
 pp2_mul169               17.3848000        1.0 0.0
 pp2_mul170              0.490781000        1.0 0.0
 pp2_mul171               5.38809000        1.0 0.0
 pp2_mul172               31.4847000        1.0 0.0
 pp2_mul173              0.858223000        1.0 0.0
 pp2_mul174              7.793490000E-02    1.0 0.0
 pp2_mul175              0.132498000        1.0 0.0
 pp2_mul176               100.000000        1.0 0.0
 pp2_mul177               100.000000        1.0 0.0
 pp2_mul178               4.78178000        1.0 0.0
 pp2_mul179               21.3821000        1.0 0.0
 pp2_mul180               57.3224000        1.0 0.0
 pp2_mul181               19.6092000        1.0 0.0
 pp2_mul182              9.431570000E-02    1.0 0.0
 pp2_mul183              0.711510000        1.0 0.0
 pp2_mul184              4.615330000E-02    1.0 0.0
 pp2_mul185              0.250410000        1.0 0.0
 pp2_mul186               4.52978000        1.0 0.0
 pp2_mul187              4.479880000E-02    1.0 0.0
 pp2_mul188              3.301530000E-02    1.0 0.0
 pp2_mul189               1.55858000        1.0 0.0
 pp2_mul190              6.773950000E-03    1.0 0.0
 pp2_mul191              0.294595000        1.0 0.0
 pp2_mul192              5.000000000E-03    1.0 0.0
 pp2_mul193               1.06949000        1.0 0.0
 pp2_mul194               1.72654000        1.0 0.0
 pp2_mul195               23.4068000        1.0 0.0
 pp2_mul196              0.295089000        1.0 0.0
 pp2_mul197               11.6520000        1.0 0.0
 pp2_mul198              5.000000000E-03    1.0 0.0
 pp2_mul199              0.369969000        1.0 0.0
 pp2_mul200              5.442080000E-03    1.0 0.0
 pp2_mul201              0.132138000        1.0 0.0
 pp2_mul202               4.95329000        1.0 0.0
 pp2_mul203              0.588512000        1.0 0.0
 pp2_mul204              0.110852000        1.0 0.0
 pp2_mul205               13.3753000        1.0 0.0
 pp2_mul206              0.147586000        1.0 0.0
 pp2_mul207              0.250803000        1.0 0.0
 pp2_mul208               18.7640000        1.0 0.0
 pp2_mul209              0.185003000        1.0 0.0
 pp2_mul210              0.382763000        1.0 0.0
 pp2_mul211               100.000000        1.0 0.0
 pp2_mul212              8.378720000E-02    1.0 0.0
 pp2_mul213              7.449580000E-02    1.0 0.0
 pp2_mul214              2.202670000E-02    1.0 0.0
 pp2_mul215              0.382340000        1.0 0.0
 pp2_mul216              0.280172000        1.0 0.0
 pp2_mul217              0.791718000        1.0 0.0
 pp2_mul218              0.456819000        1.0 0.0
 pp2_mul219               4.84336000        1.0 0.0
 pp2_mul220              2.142530000E-02    1.0 0.0
 pp2_mul221               1.53637000        1.0 0.0
 pp2_mul222              0.181543000        1.0 0.0
 pp2_mul223              0.274419000        1.0 0.0
 pp2_mul224              0.165513000        1.0 0.0
 pp2_mul225               3.49489000        1.0 0.0
 pp2_mul226              0.107489000        1.0 0.0
 pp2_mul227               51.2503000        1.0 0.0
 pp2_mul228               11.8812000        1.0 0.0
 pp2_mul229               10.1707000        1.0 0.0
 pp2_mul230               33.1025000        1.0 0.0
 pp2_mul231               100.000000        1.0 0.0
 pp2_mul232               8.28230000        1.0 0.0
 pp2_mul233              0.444509000        1.0 0.0
 pp2_mul234               9.44631000        1.0 0.0
 pp2_mul235              0.323870000        1.0 0.0
 pp2_mul236               11.6858000        1.0 0.0
 pp2_mul237               1.61386000        1.0 0.0
 pp2_mul238              3.133790000E-02    1.0 0.0
 pp2_mul239              0.495433000        1.0 0.0
 pp2_mul240              1.768550000E-02    1.0 0.0
 pp2_mul241              5.196420000E-02    1.0 0.0
 pp2_mul242              3.405640000E-02    1.0 0.0
 pp2_mul243              0.252915000        1.0 0.0
 pp2_mul244               6.12766000        1.0 0.0
 pp2_mul245              5.000000000E-03    1.0 0.0
 pp2_mul246               67.8193000        1.0 0.0
 pp2_mul247               12.8088000        1.0 0.0
 pp2_mul248               8.93142000        1.0 0.0
 pp2_mul249              3.196280000E-02    1.0 0.0
 pp2_mul250               1.02979000        1.0 0.0
 pp2_mul251               11.6363000        1.0 0.0
 pp2_mul252              0.384711000        1.0 0.0
 pp2_mul253               1.86339000        1.0 0.0
 pp2_mul254              5.095420000E-02    1.0 0.0
 pp2_mul255              5.000000000E-03    1.0 0.0
 pp2_mul256              5.000000000E-03    1.0 0.0
 pp2_mul257              2.036690000E-02    1.0 0.0
 pp2_mul258              3.080300000E-02    1.0 0.0
 pp2_mul259              0.666912000        1.0 0.0
 pp2_mul260               4.92798000        1.0 0.0
 pp2_mul261               100.000000        1.0 0.0
 pp2_mul262               2.15970000        1.0 0.0
 pp2_mul263               13.1687000        1.0 0.0
 pp2_mul264               1.26687000        1.0 0.0
 pp2_mul265               7.01530000        1.0 0.0
 pp2_mul266              2.282780000E-02    1.0 0.0
 pp2_mul267              1.285040000E-02    1.0 0.0
 pp2_mul268               51.6481000        1.0 0.0
 pp2_mul269              5.763620000E-03    1.0 0.0
 pp2_mul270               14.2562000        1.0 0.0
 pp2_mul271               1.48894000        1.0 0.0
 pp2_mul272               14.1965000        1.0 0.0
 pp2_mul273              7.580450000E-03    1.0 0.0
 pp2_mul274              0.120501000        1.0 0.0
 pp2_mul275              0.142360000        1.0 0.0
 pp2_mul276              0.163191000        1.0 0.0
 pp2_mul277              0.168374000        1.0 0.0
 pp3_mul1                 4.34000000        1.0 0.0
 pp3_mul2                 1.26235000        1.0 0.0
 pp3_mul3                0.595798000        1.0 0.0
 pp3_mul4                 1.43454000        1.0 0.0
 pp3_mul5                 1.14526000        1.0 0.0
 pp3_mul6                 1.65239000        1.0 0.0
 pp3_mul7                0.601284000        1.0 0.0
 pp3_mul8                0.758482000        1.0 0.0
 pp3_mul9                 1.21295000        1.0 0.0
 pp3_mul10                8.41989000        1.0 0.0
 pp3_mul11                5.63756000        1.0 0.0
 pp3_mul12                1.28980000        1.0 0.0
 pp3_mul13               0.944231000        1.0 0.0
 pp3_mul14               0.359317000        1.0 0.0
 pp3_mul15               0.742437000        1.0 0.0
 pp3_mul16               0.654944000        1.0 0.0
 pp3_mul17               0.364903000        1.0 0.0
 pp3_mul18               0.830150000        1.0 0.0
 pp3_mul19               0.617845000        1.0 0.0
 pp3_mul20               0.644592000        1.0 0.0
 pp3_mul21               0.373393000        1.0 0.0
 pp3_mul22               0.563023000        1.0 0.0
 pp3_mul23               0.195765000        1.0 0.0
 pp3_mul24               0.366943000        1.0 0.0
 pp3_mul25               0.899340000        1.0 0.0
 pp3_mul26               0.818394000        1.0 0.0
 pp3_mul27               0.513967000        1.0 0.0
 pp3_mul28                1.09912000        1.0 0.0
 pp3_mul29               0.945899000        1.0 0.0
 pp3_mul30               0.404783000        1.0 0.0
 pp3_mul31                1.04907000        1.0 0.0
 pp3_mul32                2.03407000        1.0 0.0
 pp3_mul33                1.39551000        1.0 0.0
 pp3_mul34               0.625672000        1.0 0.0
 pp3_mul35               0.969575000        1.0 0.0
 pp3_mul36               0.100000000        1.0 0.0
 pp3_mul37               0.364709000        1.0 0.0
 pp3_mul38               0.524448000        1.0 0.0
 pp3_mul39               0.819286000        1.0 0.0
 pp3_mul40                1.01177000        1.0 0.0
 pp3_mul41               0.909413000        1.0 0.0
 pp3_mul42               0.526960000        1.0 0.0
 pp3_mul43               0.306733000        1.0 0.0
 pp3_mul44               0.587170000        1.0 0.0
 pp3_mul45               0.357955000        1.0 0.0
 pp3_mul46               0.100000000        1.0 0.0
 pp3_mul47               0.604989000        1.0 0.0
 pp3_mul48                1.51596000        1.0 0.0
 pp3_mul49               0.388112000        1.0 0.0
 pp3_mul50               0.772026000        1.0 0.0
 pp3_mul51               0.766268000        1.0 0.0
 pp3_mul52               0.445423000        1.0 0.0
 pp3_mul53                1.59944000        1.0 0.0
 pp3_mul54                1.08969000        1.0 0.0
 pp3_mul55               0.757005000        1.0 0.0
 pp3_mul56               0.326352000        1.0 0.0
 pp3_mul57               0.100000000        1.0 0.0
 pp3_mul58               0.230937000        1.0 0.0
 pp3_mul59               0.685552000        1.0 0.0
 pp3_mul60               0.381019000        1.0 0.0
 pp3_mul61                1.19149000        1.0 0.0
 pp3_mul62               0.963171000        1.0 0.0
 pp3_mul63               0.139663000        1.0 0.0
 pp3_mul64               0.821816000        1.0 0.0
 pp3_mul65               0.688565000        1.0 0.0
 pp3_mul66               0.747160000        1.0 0.0
 pp3_mul67                3.80256000        1.0 0.0
 pp3_vanis1               24.1473000        1.0 0.0
 pp3_vanis2               16.3004000        1.0 0.0
 pp3_vanis3               8.36509000        1.0 0.0
 pp3_vanis4               7.18200000        1.0 0.0
 pp3_vanis5               5.69477000        1.0 0.0
 pp3_vanis6               7.49490000        1.0 0.0
 pp3_vanis7               19.6857000        1.0 0.0
 pp3_vanis8               10.7130000        1.0 0.0
 pp3_vanis9               6.18817000        1.0 0.0
 pp3_vanis10              20.5129000        1.0 0.0
 pp3_vanis11              20.8575000        1.0 0.0
 pp3_vanis12              11.0556000        1.0 0.0
 pp3_vanis13              15.2004000        1.0 0.0
 pp3_vanis14              29.4088000        1.0 0.0
 pp3_vanis15              23.6308000        1.0 0.0
 pp3_vanis16              21.1247000        1.0 0.0
 pp3_vanis17              17.6768000        1.0 0.0
 pp3_vanis18              11.3651000        1.0 0.0
 pp3_vanis19              13.3448000        1.0 0.0
 pp3_vanis20              17.4966000        1.0 0.0
 pp3_vanis21              10.9958000        1.0 0.0
 pp3_vanis22              15.9779000        1.0 0.0
 pp3_vanis23              25.5588000        1.0 0.0
 pp3_vanis24              18.7736000        1.0 0.0
 pp3_vanis25              29.2694000        1.0 0.0
 pp3_vanis26              19.3854000        1.0 0.0
 pp3_vanis27              9.21091000        1.0 0.0
 pp3_vanis28              4.00106000        1.0 0.0
 pp3_vanis29              11.0153000        1.0 0.0
 pp3_vanis30              7.41111000        1.0 0.0
 pp3_vanis31              13.8733000        1.0 0.0
 pp3_vanis32              20.9040000        1.0 0.0
 pp3_vanis33              15.9004000        1.0 0.0
 pp3_vanis34              13.9400000        1.0 0.0
 pp3_vanis35              14.9734000        1.0 0.0
 pp3_vanis36              15.1365000        1.0 0.0
 pp3_vanis37              14.3749000        1.0 0.0
 pp3_vanis38              10.1051000        1.0 0.0
 pp3_vanis39              12.9855000        1.0 0.0
 pp3_vanis40              16.7524000        1.0 0.0
 pp3_vanis41              11.8761000        1.0 0.0
 pp3_vanis42              44.2317000        1.0 0.0
 pp3_vanis43              20.2511000        1.0 0.0
 pp3_vanis44              13.4401000        1.0 0.0
 pp3_vanis45              30.3545000        1.0 0.0
 pp3_vanis46              19.9787000        1.0 0.0
 pp3_vanis47              9.61586000        1.0 0.0
 pp3_vanis48              10.2334000        1.0 0.0
 pp3_vanis49              19.3226000        1.0 0.0
 pp3_vanis50              7.37750000        1.0 0.0
 pp3_vanis51              22.3637000        1.0 0.0
 pp3_vanis52              12.3073000        1.0 0.0
 pp3_vanis53              12.4635000        1.0 0.0
 pp3_vanis54              25.0220000        1.0 0.0
 pp3_vanis55              39.5067000        1.0 0.0
 pp3_vanis56              10.6849000        1.0 0.0
 pp3_vanis57              18.4253000        1.0 0.0
 pp3_vanis58              12.9003000        1.0 0.0
 pp3_vanis59              7.94632000        1.0 0.0
 pp3_vanis60              11.8137000        1.0 0.0
 pp3_vanis61              14.8458000        1.0 0.0
 pp3_vanis62              9.88923000        1.0 0.0
 pp3_vanis63              51.9723000        1.0 0.0
 pp3_vanis64              9.71430000        1.0 0.0
 pp3_vanis65              15.8266000        1.0 0.0
 pp3_vanis66              8.87485000        1.0 0.0
 pp3_vanis67              14.3054000        1.0 0.0
 pp3_rech1               1.775400000E-03    1.0 0.0
 pp3_rech2               1.699260000E-03    1.0 0.0
 pp3_rech3               2.010470000E-03    1.0 0.0
 pp3_rech4               1.781910000E-03    1.0 0.0
 pp3_rech5               2.260930000E-03    1.0 0.0
 pp3_rech6               3.862280000E-03    1.0 0.0
 pp3_rech7               2.503320000E-03    1.0 0.0
 pp3_rech8               1.928110000E-03    1.0 0.0
 pp3_rech9               3.326290000E-03    1.0 0.0
 pp3_rech10              1.639300000E-03    1.0 0.0
 pp3_rech11              1.772980000E-03    1.0 0.0
 pp3_rech12              2.066550000E-03    1.0 0.0
 pp3_rech13              1.704270000E-03    1.0 0.0
 pp3_rech14              1.500000000E-03    1.0 0.0
 pp3_rech15              1.619010000E-03    1.0 0.0
 pp3_rech16              1.928860000E-03    1.0 0.0
 pp3_rech17              1.715310000E-03    1.0 0.0
 pp3_rech18              1.809300000E-03    1.0 0.0
 pp3_rech19              2.166930000E-03    1.0 0.0
 pp3_rech20              1.500000000E-03    1.0 0.0
 pp3_rech21              1.675740000E-03    1.0 0.0
 pp3_rech22              1.500000000E-03    1.0 0.0
 pp3_rech23              1.500000000E-03    1.0 0.0
 pp3_rech24              1.500000000E-03    1.0 0.0
 pp3_rech25              1.699940000E-03    1.0 0.0
 pp3_rech26              1.500000000E-03    1.0 0.0
 pp3_rech27              1.500000000E-03    1.0 0.0
 pp3_rech28              1.500000000E-03    1.0 0.0
 pp3_rech29              2.037840000E-03    1.0 0.0
 pp3_rech30              1.500000000E-03    1.0 0.0
 pp3_rech31              1.565270000E-03    1.0 0.0
 pp3_rech32              1.789520000E-03    1.0 0.0
 pp3_rech33              1.500000000E-03    1.0 0.0
 pp3_rech34              1.546690000E-03    1.0 0.0
 pp3_rech35              1.500000000E-03    1.0 0.0
 pp3_rech36              6.000000000E-03    1.0 0.0
 pp3_rech37              2.640250000E-03    1.0 0.0
 pp3_rech38              4.509710000E-03    1.0 0.0
 pp3_rech39              4.359650000E-03    1.0 0.0
 pp3_rech40              4.225440000E-03    1.0 0.0
 pp3_rech41              4.595420000E-03    1.0 0.0
 pp3_rech42              5.406390000E-03    1.0 0.0
 pp3_rech43              3.360460000E-03    1.0 0.0
 pp3_rech44              1.681870000E-03    1.0 0.0
 pp3_rech45              1.948390000E-03    1.0 0.0
 pp3_rech46              4.495490000E-03    1.0 0.0
 pp3_rech47              1.501470000E-03    1.0 0.0
 pp3_rech48              2.762040000E-03    1.0 0.0
 pp3_rech49              1.500000000E-03    1.0 0.0
 pp3_rech50              3.069110000E-03    1.0 0.0
 pp3_rech51              1.722190000E-03    1.0 0.0
 pp3_rech52              1.866250000E-03    1.0 0.0
 pp3_rech53              1.530430000E-03    1.0 0.0
 pp3_rech54              1.784170000E-03    1.0 0.0
 pp3_rech55              1.500000000E-03    1.0 0.0
 pp3_rech56              2.596890000E-03    1.0 0.0
 pp3_rech57              2.012230000E-03    1.0 0.0
 pp3_rech58              2.737110000E-03    1.0 0.0
 pp3_rech59              2.453450000E-03    1.0 0.0
 pp3_rech60              2.840850000E-03    1.0 0.0
 pp3_rech61              2.572830000E-03    1.0 0.0
 pp3_rech62              2.183200000E-03    1.0 0.0
 pp3_rech63              6.000000000E-03    1.0 0.0
 pp3_rech64              1.500000000E-03    1.0 0.0
 pp3_rech65              2.394600000E-03    1.0 0.0
 pp3_rech66              1.500000000E-03    1.0 0.0
 pp3_rech67              2.186430000E-03    1.0 0.0
 ppr_mul1                 17.9208000        1.0 0.0
 ppr_mul2                 1000.00000        1.0 0.0
 ppr_mul3                 327.388000        1.0 0.0
 ppr_mul4                 336.304000        1.0 0.0
 ppr_mul5                 795.487000        1.0 0.0
 ppr_mul6                 1000.00000        1.0 0.0
 ppr_mul7                 558.290000        1.0 0.0
 ppr_mul8                 66.8357000        1.0 0.0
 ppr_mul9                 10.4153000        1.0 0.0
 ppr_mul10                1.79152000        1.0 0.0
 ppr_mul11                1.34088000        1.0 0.0
 ppr_mul12                2.58730000        1.0 0.0
 ppr_mul13                2.49460000        1.0 0.0
 ppr_mul14                1.93832000        1.0 0.0
 ppr_mul15                3.84815000        1.0 0.0
 ppr_mul16                1.48639000        1.0 0.0
 ppr_mul17                5.45525000        1.0 0.0
 ppr_mul18                6.98691000        1.0 0.0
 ppr_mul19               0.446722000        1.0 0.0
 ppr_mul20               0.798299000        1.0 0.0
 ppr_mul21               0.689645000        1.0 0.0
 ppr_mul22               6.434580000E-03    1.0 0.0
 ppr_mul23               0.197281000        1.0 0.0
 ppr_mul24               0.153177000        1.0 0.0
 ppr_mul25               0.586434000        1.0 0.0
 ppr_mul26               0.833359000        1.0 0.0
 ppr_mul27                2.27615000        1.0 0.0
 ppr_mul28                1.09325000        1.0 0.0
 ppr_mul29                1.90071000        1.0 0.0
 ppr_mul30                1.08888000        1.0 0.0
 ppr_mul31                2.38443000        1.0 0.0
 ppr_mul32                3.01796000        1.0 0.0
 ppr_mul33               1.756850000E-02    1.0 0.0
 ppr_mul34               0.951552000        1.0 0.0
 ppr_mul35               0.496256000        1.0 0.0
 ppr_mul36                51.6424000        1.0 0.0
 ppr_mul37                3.00736000        1.0 0.0
 ppr_mul38               0.718767000        1.0 0.0
 ppr_mul39               0.907108000        1.0 0.0
 ppr_mul40                4.98858000        1.0 0.0
 ppr_mul41                3.80772000        1.0 0.0
 ppr_mul42                3.10429000        1.0 0.0
 ppr_mul43                2.63806000        1.0 0.0
 ppr_mul44                9.05167000        1.0 0.0
 ppr_mul45                8.45185000        1.0 0.0
 ppr_mul46                11.2378000        1.0 0.0
 ppr_mul47                1.57339000        1.0 0.0
 ppr_mul48                8.51174000        1.0 0.0
 ppr_mul49                1.04262000        1.0 0.0
 ppr_mul50                6.91770000        1.0 0.0
 ppr_mul51                4.23190000        1.0 0.0
 ppr_mul52                743.588000        1.0 0.0
 ppr_mul53                726.551000        1.0 0.0
 ppr_mul54                24.7576000        1.0 0.0
 ppr_mul55                5.08104000        1.0 0.0
 ppr_mul56                8.44811000        1.0 0.0
 ppr_mul57                17.0698000        1.0 0.0
 ppr_mul58                2.50641000        1.0 0.0
 ppr_mul59                2.35119000        1.0 0.0
 ppr_mul60                1.35690000        1.0 0.0
 ppr_mul61                2.12984000        1.0 0.0
 ppr_mul62                2.54022000        1.0 0.0
 ppr_mul63                18.5522000        1.0 0.0
 ppr_mul64                72.6846000        1.0 0.0
 ppr_mul65                249.651000        1.0 0.0
 ppr_mul66                9.02808000        1.0 0.0
 ppr_mul67               0.636623000        1.0 0.0
 ppr_mul68               0.418520000        1.0 0.0
 ppr_mul69                2.62263000        1.0 0.0
 ppr_mul70                9.18748000        1.0 0.0
 ppr_mul71                2.22318000        1.0 0.0
 ppr_mul72                42.6687000        1.0 0.0
 ppr_mul73                20.8730000        1.0 0.0
 ppr_mul74               0.356455000        1.0 0.0
 ppr_mul75               0.509727000        1.0 0.0
 ppr_mul76               0.529906000        1.0 0.0
 ppr_mul77               0.193550000        1.0 0.0
 ppr_mul78                2.90947000        1.0 0.0
 ppr_mul79                1.12649000        1.0 0.0
 ppr_mul80                4.07248000        1.0 0.0
 ppr_mul81                5.38046000        1.0 0.0
 ppr_mul82                4.02874000        1.0 0.0
 ppr_mul83               0.253630000        1.0 0.0
 ppr_mul84               7.002780000E-02    1.0 0.0
 ppr_mul85               0.632042000        1.0 0.0
 ppr_mul86               0.267482000        1.0 0.0
 ppr_mul87               7.156400000E-02    1.0 0.0
 ppr_mul88               0.264822000        1.0 0.0
 ppr_mul89               2.012810000E-02    1.0 0.0
 ppr_mul90               0.135063000        1.0 0.0
 ppr_mul91               9.030000000E-02    1.0 0.0
 ppr_mul92               9.274770000E-02    1.0 0.0
 ppr_mul93               3.779980000E-02    1.0 0.0
 ppr_mul94               0.117726000        1.0 0.0
 ppr_mul95               0.166016000        1.0 0.0
 ppr_mul96               0.467379000        1.0 0.0
 ppr_mul97               0.173932000        1.0 0.0
 ppr_mul98               0.508041000        1.0 0.0
 ppr_mul99                5.69369000        1.0 0.0
 ppr_mul100               36.5079000        1.0 0.0
 ppr_mul101               21.3321000        1.0 0.0
 ppr_mul102               8.31444000        1.0 0.0
 ppr_mul103               4.71204000        1.0 0.0
 ppr_mul104               5.21774000        1.0 0.0
 ppr_mul105               18.7201000        1.0 0.0
 ppr_mul106               1.23286000        1.0 0.0
 ppr_mul107               5.95539000        1.0 0.0
 ppr_mul108               8.99363000        1.0 0.0
 ppr_mul109               12.5093000        1.0 0.0
 ppr_mul110               13.5318000        1.0 0.0
 ppr_mul111              0.675980000        1.0 0.0
 ppr_mul112               1.58147000        1.0 0.0
 ppr_mul113               4.62212000        1.0 0.0
 ppr_mul114               7.67166000        1.0 0.0
 ppr_mul115               6.34167000        1.0 0.0
 ppr_mul116               3.72778000        1.0 0.0
 ppr_mul117               2.65408000        1.0 0.0
 ppr_mul118               5.76826000        1.0 0.0
 ppr_mul119               5.46608000        1.0 0.0
 ppr_mul120               3.26233000        1.0 0.0
 ppr_mul121              0.645129000        1.0 0.0
 ppr_mul122               41.0688000        1.0 0.0
 ppr_mul123               5.04644000        1.0 0.0
 ppr_mul124               3.16346000        1.0 0.0
 ppr_mul125               4.03961000        1.0 0.0
 ppr_mul126               7.78034000        1.0 0.0
 ppr_mul127              0.862486000        1.0 0.0
 ppr_mul128               8.92832000        1.0 0.0
 ppr_mul129               16.3493000        1.0 0.0
 ppr_mul130               27.9994000        1.0 0.0
 ppr_mul131               2.61098000        1.0 0.0
 ppr_mul132               12.2762000        1.0 0.0
 ppr_mul133               12.3531000        1.0 0.0
 ppr_mul134               4.71727000        1.0 0.0
 ppr_mul135               7.80843000        1.0 0.0
 ppr_mul136               8.06530000        1.0 0.0
 ppr_mul137               5.40169000        1.0 0.0
 ppr_mul138              0.631802000        1.0 0.0
 ppr_mul139              0.477235000        1.0 0.0
 ppr_mul140               13.7150000        1.0 0.0
 ppr_mul141               16.1912000        1.0 0.0
 ppr_mul142               13.7252000        1.0 0.0
 ppr_mul143               18.7618000        1.0 0.0
 ppr_mul144               1.05731000        1.0 0.0
 ppr_mul145               40.0663000        1.0 0.0
 ppr_mul146               6.79550000        1.0 0.0
 ppr_mul147               19.6761000        1.0 0.0
 ppr_add1                 9.99987000        1.0 0.0
 ppr_add2                 9.99987000        1.0 0.0
 ppr_add3                 9.99987000        1.0 0.0
 ppr_add4                 9.99987000        1.0 0.0
 ppr_add5                 9.99987000        1.0 0.0
 ppr_add6                 9.99987000        1.0 0.0
 ppr_add7                 9.99987000        1.0 0.0
 ppr_add8                 9.99987000        1.0 0.0
 ppr_add9                 9.99987000        1.0 0.0
 ppr_add10                9.99987000        1.0 0.0
 ppr_add11                9.99987000        1.0 0.0
 ppr_add12                9.99987000        1.0 0.0
 ppr_add13                9.99987000        1.0 0.0
 ppr_add14                9.99987000        1.0 0.0
 ppr_add15                9.99987000        1.0 0.0
 ppr_add16                9.99987000        1.0 0.0
 ppr_add17                9.99987000        1.0 0.0
 ppr_add18                9.99987000        1.0 0.0
 ppr_add19                9.99987000        1.0 0.0
 ppr_add20                9.99987000        1.0 0.0
 ppr_add21                9.99987000        1.0 0.0
 ppr_add22                9.99987000        1.0 0.0
 ppr_add23                9.99987000        1.0 0.0
 ppr_add24                9.99987000        1.0 0.0
 ppr_add25                9.99987000        1.0 0.0
 ppr_add26                9.99987000        1.0 0.0
 ppr_add27                9.99987000        1.0 0.0
 ppr_add28                9.99987000        1.0 0.0
 ppr_add29                9.99987000        1.0 0.0
 ppr_add30                9.99987000        1.0 0.0
 ppr_add31                9.99987000        1.0 0.0
 ppr_add32                9.99987000        1.0 0.0
 ppr_add33                9.99987000        1.0 0.0
 ppr_add34                9.99987000        1.0 0.0
 ppr_add35                9.99987000        1.0 0.0
 ppr_add36                9.99987000        1.0 0.0
 ppr_add37                9.99987000        1.0 0.0
 ppr_add38                9.99987000        1.0 0.0
 ppr_add39                9.99987000        1.0 0.0
 ppr_add40                9.99987000        1.0 0.0
 ppr_add41                9.99987000        1.0 0.0
 ppr_add42                9.99987000        1.0 0.0
 ppr_add43                9.99987000        1.0 0.0
 ppr_add44                9.99987000        1.0 0.0
 ppr_add45                9.99987000        1.0 0.0
 ppr_add46                9.99987000        1.0 0.0
 ppr_add47                9.99987000        1.0 0.0
 ppr_add48                9.99987000        1.0 0.0
 ppr_add49                9.99987000        1.0 0.0
 ppr_add50                9.99987000        1.0 0.0
 ppr_add51                9.99987000        1.0 0.0
 ppr_add52                9.99987000        1.0 0.0
 ppr_add53                9.99987000        1.0 0.0
 ppr_add54                9.99987000        1.0 0.0
 ppr_add55                9.99987000        1.0 0.0
 ppr_add56                9.99987000        1.0 0.0
 ppr_add57                9.99987000        1.0 0.0
 ppr_add58                9.99987000        1.0 0.0
 ppr_add59                9.99987000        1.0 0.0
 ppr_add60                9.99987000        1.0 0.0
 ppr_add61                9.99987000        1.0 0.0
 ppr_add62                9.99987000        1.0 0.0
 ppr_add63                9.99987000        1.0 0.0
 ppr_add64                9.99987000        1.0 0.0
 ppr_add65                9.99987000        1.0 0.0
 ppr_add66                9.99987000        1.0 0.0
 ppr_add67                9.99987000        1.0 0.0
 ppr_add68                9.99987000        1.0 0.0
 ppr_add69                9.99987000        1.0 0.0
 ppr_add70                9.99987000        1.0 0.0
 ppr_add71                9.99987000        1.0 0.0
 ppr_add72                9.99987000        1.0 0.0
 ppr_add73                9.99987000        1.0 0.0
 ppr_add74                9.99987000        1.0 0.0
 ppr_add75                9.99987000        1.0 0.0
 ppr_add76                9.99987000        1.0 0.0
 ppr_add77                9.99987000        1.0 0.0
 ppr_add78                9.99987000        1.0 0.0
 ppr_add79                9.99987000        1.0 0.0
 ppr_add80                9.99987000        1.0 0.0
 ppr_add81                9.99987000        1.0 0.0
 ppr_add82                9.99987000        1.0 0.0
 ppr_add83                9.99987000        1.0 0.0
 ppr_add84                9.99987000        1.0 0.0
 ppr_add85                9.99987000        1.0 0.0
 ppr_add86                9.99987000        1.0 0.0
 ppr_add87                9.99987000        1.0 0.0
 ppr_add88                9.99987000        1.0 0.0
 ppr_add89                9.99987000        1.0 0.0
 ppr_add90                9.99987000        1.0 0.0
 ppr_add91                9.99987000        1.0 0.0
 ppr_add92                9.99987000        1.0 0.0
 ppr_add93                9.99987000        1.0 0.0
 ppr_add94                9.99987000        1.0 0.0
 ppr_add95                9.99987000        1.0 0.0
 ppr_add96                9.99987000        1.0 0.0
 ppr_add97                9.99987000        1.0 0.0
 ppr_add98                9.99987000        1.0 0.0
 ppr_add99                9.99987000        1.0 0.0
 ppr_add100               9.99987000        1.0 0.0
 ppr_add101               9.99987000        1.0 0.0
 ppr_add102               9.99987000        1.0 0.0
 ppr_add103               9.99987000        1.0 0.0
 ppr_add104               9.99987000        1.0 0.0
 ppr_add105               9.99987000        1.0 0.0
 ppr_add106               9.99987000        1.0 0.0
 ppr_add107               9.99987000        1.0 0.0
 ppr_add108               9.99987000        1.0 0.0
 ppr_add109               9.99987000        1.0 0.0
 ppr_add110               9.99987000        1.0 0.0
 ppr_add111               9.99987000        1.0 0.0
 ppr_add112               9.99987000        1.0 0.0
 ppr_add113               9.99987000        1.0 0.0
 ppr_add114               9.99987000        1.0 0.0
 ppr_add115               9.99987000        1.0 0.0
 ppr_add116               9.99987000        1.0 0.0
 ppr_add117               9.99987000        1.0 0.0
 ppr_add118               9.99987000        1.0 0.0
 ppr_add119               9.99987000        1.0 0.0
 ppr_add120               9.99987000        1.0 0.0
 ppr_add121               9.99987000        1.0 0.0
 ppr_add122               9.99987000        1.0 0.0
 ppr_add123               9.99987000        1.0 0.0
 ppr_add124               9.99987000        1.0 0.0
 ppr_add125               9.99987000        1.0 0.0
 ppr_add126               9.99987000        1.0 0.0
 ppr_add127               9.99987000        1.0 0.0
 ppr_add128               9.99987000        1.0 0.0
 ppr_add129               9.99987000        1.0 0.0
 ppr_add130               9.99987000        1.0 0.0
 ppr_add131               9.99987000        1.0 0.0
 ppr_add132               9.99987000        1.0 0.0
 ppr_add133               9.99987000        1.0 0.0
 ppr_add134               9.99987000        1.0 0.0
 ppr_add135               9.99987000        1.0 0.0
 ppr_add136               9.99987000        1.0 0.0
 ppr_add137               9.99987000        1.0 0.0
 ppr_add138               9.99987000        1.0 0.0
 ppr_add139               9.99987000        1.0 0.0
 ppr_add140               9.99987000        1.0 0.0
 ppr_add141               9.99987000        1.0 0.0
 ppr_add142               9.99987000        1.0 0.0
 ppr_add143               9.99987000        1.0 0.0
 ppr_add144               9.99987000        1.0 0.0
 ppr_add145               9.99987000        1.0 0.0
 ppr_add146               9.99987000        1.0 0.0
 ppr_add147               9.99987000        1.0 0.0
 ppw_mul1                 20.0000000        1.0 0.0
 ppw_mul2                 20.0000000        1.0 0.0
 ppw_mul3                 20.0000000        1.0 0.0
 ppw_mul4                 19.9041000        1.0 0.0
 ppw_mul5                 20.0000000        1.0 0.0
 ppw_mul6                 7.85163000        1.0 0.0
 ppw_mul7                 14.8636000        1.0 0.0
 ppw_mul8                 5.16709000        1.0 0.0
 ppw_mul9                 2.35027000        1.0 0.0
 ppw_mul10                3.02850000        1.0 0.0
 ppw_mul11                1.55335000        1.0 0.0
 ppw_mul12                3.12637000        1.0 0.0
 ppw_mul13               0.881813000        1.0 0.0
 ppw_mul14               0.659523000        1.0 0.0
 ppw_mul15               0.337171000        1.0 0.0
 ppw_mul16               0.230295000        1.0 0.0
 ppw_mul17               0.199745000        1.0 0.0
 ppw_mul18               0.325770000        1.0 0.0
 ppw_mul19               0.288250000        1.0 0.0
 ppw_mul20               0.256768000        1.0 0.0
 ppw_mul21               0.641916000        1.0 0.0
 ppw_mul22               0.596619000        1.0 0.0
 ppw_mul23               0.260200000        1.0 0.0
 ppw_mul24               0.203705000        1.0 0.0
 ppw_mul25               0.393290000        1.0 0.0
 ppw_mul26               0.852438000        1.0 0.0
 ppw_mul27               0.405892000        1.0 0.0
 ppw_mul28               0.484321000        1.0 0.0
 ppw_mul29               0.626601000        1.0 0.0
 ppw_mul30               0.582485000        1.0 0.0
 ppw_mul31               0.624327000        1.0 0.0
 ppw_mul32               0.683744000        1.0 0.0
 ppw_mul33               0.980271000        1.0 0.0
 ppw_mul34                1.28036000        1.0 0.0
 ppw_mul35                2.19895000        1.0 0.0
 ppw_mul36                1.40139000        1.0 0.0
 ppw_mul37                1.75501000        1.0 0.0
 ppw_mul38                13.5180000        1.0 0.0
 ppw_mul39                8.95881000        1.0 0.0
 ppw_mul40                4.72116000        1.0 0.0
 ppw_mul41                1.49253000        1.0 0.0
 ppw_mul42                1.09101000        1.0 0.0
 ppw_mul43               0.955695000        1.0 0.0
 ppw_mul44               0.413682000        1.0 0.0
 ppw_mul45               0.355606000        1.0 0.0
 ppw_mul46               0.278519000        1.0 0.0
 ppw_mul47               0.516075000        1.0 0.0
 ppw_mul48               0.385894000        1.0 0.0
 ppw_mul49               0.400550000        1.0 0.0
 ppw_mul50               0.236274000        1.0 0.0
 ppw_mul51               0.223205000        1.0 0.0
 ppw_mul52               0.262341000        1.0 0.0
 ppw_mul53               0.326828000        1.0 0.0
 ppw_mul54               0.335543000        1.0 0.0
 ppw_mul55               0.451425000        1.0 0.0
 ppw_mul56               0.726837000        1.0 0.0
 ppw_mul57               0.499191000        1.0 0.0
 ppw_mul58               0.785199000        1.0 0.0
 ppw_mul59               0.985889000        1.0 0.0
 ppw_mul60                1.02451000        1.0 0.0
 ppw_mul61                1.46868000        1.0 0.0
