ppname	easting	northing	zone	kx1	kx2	kx3	rch
pp001	1319.291	8763.846	1	  2.4340750E+00	  4.7901440E-01	  5.3076240E+00	  5.3344436E-04
pp002	2061.07	8712.688	1	  3.7269780E+00	  3.4243994E-02	  1.4018350E+00	  1.9470956E-04
pp003	1677.391	9147.524	1	  3.3623610E+00	  1.3446010E-01	  3.5186900E+00	  3.0089683E-04
pp004	1677.391	8226.696	1	  2.6608870E+00	  7.4716506E-02	  4.4501490E+00	  2.8175607E-04
pp005	1319.291	3136.562	1	  1.3904850E+00	  1.0098760E-01	  1.7477800E+00	  4.4759541E-04
pp006	603.092	3724.869	1	  1.7539180E+00	  1.0788630E+00	  4.8163080E+00	  3.5132011E-04
pp007	603.092	3059.826	1	  3.8606850E+00	  7.0552969E-02	  4.0424990E+00	  3.8996507E-04
pp008	1268.134	3750.447	1	  9.4901210E-01	  7.1232670E-01	  3.0172890E+00	  4.0075458E-04
pp009	1779.706	3750.447	1	  3.0800340E-01	  1.9469270E-01	  1.7237120E+00	  2.6812042E-04
pp010	2316.855	3520.24	1	  3.5242990E-01	  1.4148986E-02	  3.7577000E+00	  4.4683634E-04
pp011	2572.641	3929.497	1	  6.2586240E-01	  1.0181480E-01	  1.4406120E+00	  3.1231522E-04
pp012	2035.491	4185.283	1	  1.1102820E-01	  1.1885800E-01	  4.0434570E+00	  2.4133344E-04
pp013	3825.991	4313.176	1	  3.5004540E+00	  2.1918618E-02	  8.5180980E-01	  3.1530250E-04
pp014	3595.784	4082.969	1	  4.4996950E+00	  1.4872357E-02	  1.3658630E+00	  4.2847276E-04
pp015	4158.512	4082.969	1	  5.3672170E+00	  1.8528471E-02	  9.5372170E-01	  2.6969317E-04
pp016	3928.305	3776.026	1	  1.3373500E+00	  2.3199970E-01	  8.4566560E-01	  3.7794621E-04
pp017	3928.305	3110.983	1	  3.5234590E+00	  6.2564040E-01	  1.7524410E+00	  2.7132651E-04
pp018	4772.397	3008.669	1	  1.9094450E+01	  1.2284153E-02	  2.1887470E+00	  2.1347926E-04
pp019	4158.512	3366.769	1	  6.0995560E+00	  2.7785940E-01	  1.3377890E+00	  2.5508092E-04
pp020	4337.562	2676.148	1	  6.6466830E+00	  4.5287944E-02	  1.0068370E+00	  2.8359024E-04
pp021	5974.59	9019.631	1	  4.2856130E+00	  2.8919331E-02	  1.2544830E+01	  3.1025137E-04
pp022	5590.911	9607.938	1	  3.8514510E+00	  1.4165940E-01	  2.9661370E+01	  3.4363917E-04
pp023	6383.847	8456.903	1	  1.4178280E+01	  1.5336160E-01	  1.5300450E+01	  3.7886706E-04
pp024	6562.897	8994.053	1	  5.2245350E+00	  2.3728520E-01	  8.2014490E+00	  2.3669034E-04
pp025	6204.797	7843.017	1	  6.1622800E+00	  3.1426700E-01	  6.8005910E+00	  3.5803671E-04
pp026	6716.368	7919.753	1	  5.6482780E+00	  1.7248610E-01	  1.1239750E+01	  2.9649229E-04
pp027	5846.697	8354.589	1	  1.2395100E+01	  1.1539960E-01	  2.4170460E+00	  4.0947062E-04
pp028	8711.496	8789.424	1	  7.6185940E-01	  2.6800400E-01	  5.9967680E+00	  3.8928611E-04
pp029	8327.818	8188.328	1	  1.8725520E+00	  2.6465990E+00	  7.2938090E+00	  3.6280560E-04
pp030	7163.993	7344.235	1	  4.6875820E+00	  1.0343000E+00	  5.9043160E+00	  1.6171499E-04
pp031	7586.039	7408.182	1	  2.5245420E+00	  8.1193190E-01	  1.1076390E+01	  1.5344820E-04
pp032	8020.875	7139.607	1	  2.4727380E+00	  1.4069160E+00	  2.5613470E+00	  1.6415336E-04
pp033	7624.407	6691.982	1	  6.5249570E+00	  2.1263640E-01	  7.4296180E+00	  1.0458933E-04
pp034	8148.768	6743.139	1	  5.1182010E+00	  7.2203752E-02	  1.4809150E+00	  1.3609869E-04
pp035	8481.289	7472.128	1	  1.7634790E+00	  1.8509970E-01	  6.1658860E+00	  2.3877208E-04
pp036	7074.468	6628.036	1	  8.2250530E+00	  6.2423952E-02	  5.5182520E+00	  1.7219860E-04
pp037	7586.039	6244.357	1	  3.1047620E+00	  5.7328267E-02	  1.2382710E+01	  1.1041700E-04
pp038	8289.45	6078.096	1	  3.8099510E+00	  1.7996350E-02	  5.4154380E+00	  2.2615874E-04
pp039	7790.668	7868.596	1	  1.6779930E+00	  4.6583960E-01	  8.4301030E+00	  2.2533477E-04
pp040	8903.335	7958.121	1	  4.1407070E-01	  1.7495500E-01	  4.8776500E+00	  3.1544410E-04
pp041	8864.967	9812.567	1	  2.3923520E+00	  2.1817711E-02	  9.2762480E+00	  4.4963452E-04
pp042	9261.435	9467.256	1	  1.5686410E+00	  2.9109446E-02	  7.3163530E+00	  4.3492921E-04
pp043	8353.396	9480.045	1	  7.9698460E-01	  2.0136230E-01	  1.4515130E+01	  3.2163506E-04
pp044	9146.332	8840.581	1	  7.4503280E-01	  1.2182400E-01	  4.8163590E+00	  3.6179285E-04
pp045	7681.959	5489.79	4	  2.0693450E+01	  9.8848647E-02	  4.9899610E+00	  3.0981270E-04
pp046	7234.334	4140.52	1	  2.3990920E+00	  1.2056760E-01	  1.9778220E+01	  1.4757437E-04
pp047	8206.319	4984.613	4	  1.6579020E+01	  3.1369870E-01	  3.0384850E+00	  2.3263615E-04
pp048	8462.105	5470.606	4	  1.1485000E+01	  6.7022714E-02	  6.9923030E+00	  2.5382804E-04
pp049	7963.323	5585.709	1	  4.3729300E+00	  8.7925955E-03	  3.5193450E+00	  1.3063464E-04
pp050	7726.721	5125.295	4	  2.6440690E+01	  8.7991701E-02	  4.5187890E+00	  3.1705301E-04
pp051	7061.679	5208.425	4	  1.0905930E+01	  6.2679186E-02	  7.0777260E-01	  1.7664246E-04
pp052	7061.679	4824.747	4	  1.2684940E+01	  6.1744880E-02	  9.7269280E-01	  2.0392322E-04
pp053	6588.475	1710.557	1	  1.7293640E+01	  1.3814320E-01	  4.8831650E+00	  3.4242513E-04
pp054	7074.468	1697.768	1	  1.8017380E+01	  1.7988310E-01	  9.9413070E+00	  3.3289886E-04
pp055	6850.656	1972.737	1	  1.1571940E+01	  3.7978800E-01	  1.3107860E+01	  2.8999652E-04
pp056	6844.261	1429.193	1	  1.1796430E+01	  5.6157272E-02	  7.8476080E+00	  4.3085612E-04
pp057	2457.537	2893.565	1	  3.9151590E-01	  9.0696629E-02	  1.9834560E+00	  3.1748954E-04
pp058	2802.848	2778.462	1	  1.3188310E+00	  1.9014350E-01	  4.9016830E+00	  3.5467272E-04
pp059	2917.952	3417.926	1	  6.7006490E-01	  6.2821649E-02	  1.3216330E+00	  3.5274844E-04
pp060	2035.491	2241.312	1	  2.0521060E+00	  4.3550850E-01	  1.2349480E+00	  3.3453851E-04
pp061	2559.852	2484.308	1	  1.1764240E+00	  3.5903210E-01	  3.7334040E+00	  2.5495344E-04
pp062	3154.553	2260.496	1	  1.5844140E+00	  1.5042630E-01	  2.6685990E+00	  2.6065253E-04
pp063	3458.299	1883.212	1	  8.6310870E+00	  3.1702158E-02	  2.4241520E+00	  2.3379331E-04
pp064	4238.445	1653.005	1	  1.3975490E+01	  1.0464160E-01	  1.6348350E+00	  2.0709604E-04
pp065	4251.234	1256.537	1	  1.9925080E+01	  1.5421505E-02	  3.4042470E+00	  2.6112024E-04
pp066	4558.177	1358.852	1	  1.3648400E+01	  5.5391924E-02	  1.9566610E+00	  1.3834259E-04
pp067	3381.563	1435.587	1	  1.5146670E+01	  3.4020581E-02	  5.8885630E+00	  2.2300253E-04
pp068	2217.738	1525.112	1	  2.2048200E+00	  2.6599011E-02	  1.2112530E+00	  2.6283429E-04
pp069	1552.696	1665.794	1	  1.3302110E+00	  3.7091849E-02	  1.5031210E+00	  3.0875672E-04
pp070	913.232	1218.17	1	  5.6327390E+00	  5.7974276E-02	  5.0544950E-01	  3.0847413E-04
pp071	1539.907	1103.066	1	  2.6544210E+00	  5.5164718E-02	  6.6548000E-01	  2.4125497E-04
pp072	1028.335	1729.741	1	  3.5633880E+00	  1.3401890E-01	  1.7213600E+00	  4.3037161E-04
pp073	2831.624	1013.541	1	  1.0217380E+01	  2.4910556E-02	  3.3806670E+00	  1.1819585E-04
pp074	2869.992	489.18	1	  8.1309530E+00	  4.8764657E-02	  2.2875790E+00	  1.4901587E-04
pp075	2946.727	1896.001	1	  3.1091500E+00	  6.2340567E-02	  4.3339580E+00	  1.8743384E-04
pp076	2946.727	1678.584	1	  8.7567100E+00	  3.6978169E-02	  3.8944260E+00	  1.4533465E-04
pp077	388.871	335.709	1	  2.9383740E+00	  1.2433957E-02	  9.0289190E-01	  1.9705464E-04
pp078	1284.121	284.552	1	  1.6554360E+00	  1.9878990E-01	  9.6345960E-01	  1.4131730E-04
pp079	2383.999	335.709	1	  1.0154630E+01	  7.6312648E-02	  1.5065880E+00	  1.8343371E-04
pp080	4097.763	386.866	1	  1.3792530E+01	  3.0543610E-01	  2.2210420E+00	  2.2136432E-04
pp081	5172.062	310.131	1	  1.6799910E+01	  7.1026388E-02	  2.7080200E+00	  1.9622553E-04
pp082	6911.405	514.759	1	  7.9354800E+00	  2.8825213E-02	  1.5745920E+00	  3.7263707E-04
pp083	8215.911	3763.237	1	  6.3718540E+00	  1.0822370E-01	  1.2314090E+01	  2.0838696E-04
pp084	7960.126	2535.466	1	  3.0749210E+00	  3.3219687E-02	  1.8118390E+01	  1.8106495E-04
pp085	7550.869	1384.43	1	  2.3741290E+01	  1.1802940E-01	  1.1916880E+01	  3.7416904E-04
pp086	5683.634	2126.209	1	  2.3492930E+01	  4.3917396E-02	  9.7975850E+00	  1.3132435E-04
pp087	5939.419	3302.822	1	  8.5334370E+00	  3.0368330E-01	  2.7815650E+01	  2.0092498E-04
pp088	7218.347	3021.458	1	  7.0895360E+00	  7.5594460E-02	  2.3935600E+01	  1.5319854E-04
pp089	9290.211	8392.956	1	  8.6981660E-01	  5.1363454E-02	  4.1299480E+00	  3.1825870E-04
pp090	9290.211	7600.021	1	  7.8286240E-01	  6.2790559E-02	  3.2504460E+00	  2.5463601E-04
pp091	9060.004	6500.143	1	  1.3438060E+00	  1.6998167E-02	  1.2614830E+00	  2.6761399E-04
pp092	8753.061	5809.522	1	  3.4623100E+00	  1.5888940E-01	  4.5197920E+00	  2.9475772E-04
pp093	286.557	9723.042	1	  1.6409490E+00	  1.3359010E-01	  2.0786630E+00	  4.9774930E-04
pp094	2639.785	9671.885	1	  5.4366110E+00	  7.4616667E-02	  4.5195440E+00	  2.5735448E-04
pp095	4276.813	9646.306	1	  9.1885000E+00	  2.9012830E-01	  3.6139300E+00	  2.4997014E-04
pp096	7064.876	9825.356	1	  5.9886070E+00	  1.8086270E-01	  8.7159340E+00	  2.3337498E-04
pp097	7781.076	8827.792	1	  1.4775470E+00	  3.7375990E-01	  5.3175080E+00	  2.8720429E-04
pp098	7064.876	8444.114	1	  8.2036630E+00	  1.9738540E-01	  1.0811320E+01	  2.1532056E-04
pp099	7013.719	5962.993	1	  8.6156130E+00	  5.4852904E-02	  2.8213380E+00	  1.6367576E-04
pp100	7320.662	5758.364	1	  7.8377870E+00	  2.4288540E-02	  2.9705450E+00	  1.2619174E-04
pp101	6502.148	7088.45	1	  6.4094160E+00	  1.1401150E-01	  2.5330050E+00	  2.7259041E-04
pp102	2946.727	4249.229	1	  7.5719120E-01	  7.9531093E-02	  1.2173890E+00	  4.2525053E-04
pp103	3560.613	3047.037	1	  1.4333870E+00	  5.9678910E-01	  1.9446340E+00	  3.0436029E-04
pp104	3381.563	3507.451	1	  1.8170410E+00	  1.9803280E-01	  5.2337750E-01	  3.1594569E-04
pp105	1463.171	2381.994	1	  1.3233830E+00	  5.1856440E-01	  5.4585230E-01	  2.9844016E-04
pp106	4021.027	2356.416	1	  6.1514770E+00	  2.3805610E-01	  1.2928300E+00	  2.2715514E-04
pp107	4660.491	4198.072	1	  1.9586110E+01	  3.2115231E-02	  1.8203530E+00	  4.4832220E-04
pp108	5530.162	4479.436	4	  2.7083970E+01	  1.8142592E-02	  1.4889660E+01	  4.0390104E-04
pp109	6655.619	4786.379	4	  5.8509650E+00	  2.7995550E-01	  1.0437980E+00	  2.5447580E-04
pp110	1284.121	5937.414	1	  2.0552660E+00	  2.1203950E-01	  2.6267840E-01	  2.5757624E-04
pp111	2281.685	5681.629	4	  7.1190240E-01	  3.6430589E-02	  1.9308250E+00	  1.5521481E-04
pp112	3151.356	5400.265	4	  6.0039420E-01	  3.5716580E-01	  3.2981460E+00	  4.2535252E-04
pp113	3995.449	5349.107	4	  8.4769610E-01	  1.5570466E-02	  5.8585510E+00	  1.2246575E-04
pp114	4941.855	5272.372	4	  1.5735500E+00	  5.6546665E-02	  6.7833060E+00	  3.6859993E-04
pp115	6016.155	5246.793	4	  1.3207520E+01	  1.6404360E-01	  2.3506820E+00	  7.5244890E-04
pp116	5146.484	4505.015	4	  2.3571770E+01	  7.1323942E-02	  1.8157220E+01	  3.5329425E-04
pp117	5376.691	4888.693	4	  3.8717480E+00	  5.9696660E-01	  1.9198250E+01	  5.8771947E-04
pp118	5913.841	4505.015	4	  1.5095120E+01	  2.5404780E-01	  1.5763420E+00	  7.7498867E-04
pp119	6118.469	4888.693	4	  2.2324150E+01	  3.5160619E-02	  2.5048800E+00	  6.6065139E-04
pp120	6425.412	4991.008	4	  2.5571190E+01	  1.5583060E-01	  1.0812900E+00	  4.1450597E-04
pp121	2869.992	4607.329	4	  3.5449850E+00	  2.6468820E-01	  4.9902190E+00	  4.3245092E-04
pp122	1667.799	4351.543	4	  2.9601940E+00	  4.8490958E-02	  1.8806230E+00	  2.4996102E-04
pp123	977.178	4249.229	4	  1.6178730E+00	  2.0384240E-01	  3.8459240E+00	  2.7923460E-04
pp124	798.128	6116.464	4	  2.8390150E+00	  6.8157664E-03	  1.2976890E+01	  3.6547743E-04
pp125	5542.952	5899.047	4	  4.7125860E+00	  1.1823939E-02	  3.6868720E+00	  2.1255811E-04
pp126	5542.952	5361.897	4	  4.8482840E+00	  2.5989930E-01	  1.0434290E+01	  5.6582448E-04
pp127	5696.423	3891.129	4	  3.1228240E+00	  2.1112730E-01	  1.0500030E+00	  2.4457723E-04
pp128	6297.519	4351.543	4	  1.5533640E+00	  9.5058719E-02	  4.9345470E-01	  6.9440058E-04
pp129	4174.498	5029.375	4	  1.1974590E+00	  2.6636707E-02	  9.0805630E+00	  1.4878770E-04
pp130	4404.706	5630.472	4	  6.1978860E-01	  5.5152065E-02	  4.0858440E+00	  2.3490790E-04
pp131	5184.852	5477	4	  1.9555170E+00	  5.6744070E-01	  2.8179280E+00	  2.4467662E-04
pp132	5056.959	4927.061	4	  6.5604000E+00	  5.6082719E-02	  4.5360120E+00	  4.4663010E-04
pp133	4698.859	4466.647	4	  8.4588230E+00	  1.3654870E-01	  1.0903280E+00	  3.6607096E-04
pp134	3688.506	4543.383	4	  6.0646200E-01	  1.8285662E-02	  3.3667790E+00	  1.7096760E-04
pp135	7819.444	4786.379	4	  2.2532650E+01	  8.8472757E-02	  1.8499640E+00	  2.9779546E-04
pp136	8510.065	4671.276	4	  3.1029650E+00	  5.7103440E-01	  1.7858790E+00	  2.1306397E-04
pp137	8650.747	5170.057	4	  1.0396420E+01	  1.0175840E-01	  6.7089010E+00	  3.0086823E-04
pp138	8676.326	4274.808	4	  1.9481480E+00	  5.5900206E-02	  1.1245220E+00	  2.5334012E-04
pp139	6514.937	5349.107	4	  3.1661540E+01	  2.0894670E-01	  1.8746030E+00	  2.4725357E-04
pp140	3790.82	5643.261	4	  2.7725010E-01	  2.7330530E-01	  8.7550230E-01	  2.9098652E-04
pp141	4136.131	6135.648	4	  4.8194520E-01	  7.6150110E-02	  1.7080700E+00	  2.1208484E-04
pp142	4948.25	6359.461	4	  3.4064610E+00	  3.7136490E-02	  2.6362280E+00	  3.1404237E-04
pp143	337.714	8974.869	1	  2.8189610E+00	  3.5770850E-01	  5.0322470E+00	  4.5431244E-04
pp144	286.557	8002.883	1	  1.6690890E+00	  7.7487000E-01	  5.2972590E+00	  2.6896462E-04
pp145	286.557	6903.005	1	  7.8396730E+00	  1.1758350E-01	  1.0882220E+01	  1.9816869E-04
pp146	260.978	6058.913	1	  2.0599800E+01	  2.2962070E-01	  5.7837070E+00	  2.0712581E-04
pp147	235.4	4575.356	1	  5.6492390E+00	  2.9999944E-02	  6.2091480E+00	  2.9942434E-04
pp148	286.557	5317.134	1	  3.9170940E+00	  7.7448656E-02	  6.2439410E+00	  2.2862262E-04
pp149	286.557	3603.371	1	  3.4250510E+00	  3.6223030E-01	  1.2369940E+01	  3.5225230E-04
pp150	286.557	2068.657	1	  4.4820830E+00	  2.9347603E-02	  5.2278410E+00	  3.1589995E-04
pp151	286.557	1198.986	1	  4.6510080E+00	  2.2655304E-02	  5.1855220E-01	  2.6670420E-04
pp152	1130.65	5214.82	1	  1.7086290E+00	  2.4110190E-01	  3.9378930E-01	  1.8941066E-04
pp153	1770.114	5163.663	1	  1.6139340E+00	  3.7632720E-01	  8.1012550E-01	  1.7918540E-04
pp154	2665.363	4984.613	1	  2.3638470E+00	  5.3975121E-02	  9.9371670E-01	  3.8930490E-04
pp155	3893.134	4805.563	1	  9.9278970E+00	  3.5561100E-02	  1.0550560E+00	  3.7982954E-04
pp156	1258.542	7465.733	1	  6.5822790E+00	  1.9453730E-01	  1.9648480E+00	  2.1571993E-04
pp157	1718.956	6596.062	1	  3.2937960E+00	  1.8088130E-01	  5.8829770E-01	  3.5385055E-04
pp158	3023.463	8054.04	1	  3.0261400E+00	  9.4497918E-02	  1.6003250E+00	  2.9832744E-04
pp159	2511.892	7235.526	1	  1.0771430E+00	  1.8082740E-02	  1.8216540E+00	  4.9105727E-04
pp160	3944.291	8744.662	1	  7.9440120E+00	  7.6538440E-02	  1.2817060E+00	  3.3709257E-04
pp161	5274.377	7414.576	1	  8.5893340E+00	  1.7975350E-02	  2.3419790E+00	  1.7753459E-04
pp162	6220.784	6621.641	1	  3.4656700E+00	  3.8868379E-02	  1.3928710E+00	  3.0174421E-04
pp163	4097.763	7593.626	1	  1.5729770E+01	  3.9375460E-01	  4.1403690E+00	  3.6584032E-04
pp164	4558.177	6749.534	1	  3.7077580E+01	  1.6826470E-01	  3.1595410E+00	  2.5268747E-04
pp165	6144.048	5956.598	1	  7.1395890E+00	  1.7695185E-02	  3.6930270E+00	  3.0330010E-04
pp166	2869.992	5841.495	1	  5.7707500E+00	  7.1765648E-03	  5.7944670E-01	  3.3851424E-04
pp167	3279.249	5854.284	1	  6.9420380E+00	  2.6950400E-01	  1.5506350E+00	  3.4418186E-04
pp168	3573.402	5854.284	1	  1.4138870E+01	  3.0406770E-01	  1.4631150E+00	  5.0988821E-04
pp169	3893.134	5854.284	1	  2.1154940E+01	  3.3737350E-01	  2.6693080E+00	  5.4177566E-04
pp170	4302.391	5879.863	4	  3.3416600E-01	  5.3639864E-02	  1.6719190E+00	  2.1360179E-04
pp171	3381.563	5624.077	1	  9.1139170E+00	  1.4885640E-01	  1.8905030E+00	  3.7766292E-04
pp172	3547.824	5457.816	4	  2.6631400E-01	  2.8458921E-02	  1.3265140E+00	  2.3467431E-04
pp173	4187.288	5662.445	4	  5.2194220E-01	  1.3477070E-01	  1.4426670E+00	  1.9112564E-04
pp174	4583.755	5419.448	4	  6.0594000E-01	  2.5030883E-02	  8.2732130E+00	  3.0643884E-04
pp175	4583.755	5048.559	4	  2.3214930E+00	  3.4543711E-02	  4.8916210E+00	  3.1739505E-04
pp176	4174.498	5202.031	4	  5.2972690E-01	  5.0664612E-03	  7.8562540E+00	  1.3063808E-04
pp177	3176.935	5048.559	1	  9.6723610E+00	  1.3280160E-01	  2.2581860E+00	  4.5351103E-04
pp178	3739.663	5099.716	4	  8.1757990E-01	  7.7056497E-02	  6.2183010E+00	  2.1545094E-04
pp179	2933.938	6110.07	1	  6.8267660E+00	  9.8822341E-02	  5.4118320E-01	  4.9200903E-04
pp180	3240.881	6135.648	1	  5.6111620E+00	  3.0901150E-01	  2.2812620E+00	  5.3624972E-04
pp181	3611.77	6148.437	1	  1.0751480E+01	  7.3234280E-01	  2.9743460E+00	  5.6566687E-04
pp182	3969.87	6148.437	1	  1.4655490E+01	  9.6187310E-01	  2.8367680E+00	  4.7699725E-04
pp183	4647.702	5649.656	1	  1.3969230E+01	  4.4842693E-02	  1.3449700E+00	  4.2225396E-04
pp184	4558.177	5918.23	1	  1.0770220E+01	  2.0592930E-01	  1.2524740E+00	  2.9247195E-04
pp185	4404.706	6199.595	1	  1.4928680E+01	  2.4142730E-01	  2.9249880E+00	  3.1115315E-04
pp186	4404.706	6378.645	1	  1.1304840E+01	  1.4776380E-01	  3.8575610E+00	  2.5653662E-04
pp187	4123.341	6404.223	4	  2.5756130E+00	  5.2229408E-02	  2.0606830E+00	  2.0009743E-04
pp188	3854.766	6455.38	1	  1.1676390E+01	  5.6025760E-01	  3.7023100E+00	  3.8723018E-04
pp189	3535.034	6404.223	1	  3.8378950E+00	  2.5961105E-02	  2.4094350E+00	  4.8521027E-04
pp190	3304.827	6429.802	1	  6.4799340E+00	  3.8474800E-02	  2.7405010E+00	  5.1584562E-04
pp191	2946.727	6442.591	1	  3.3526340E+00	  6.6282546E-02	  5.3613730E-01	  5.0224502E-04
pp192	3087.41	6634.43	1	  1.7858860E+00	  3.3730710E-02	  9.7782360E-01	  5.8593293E-04
pp193	3394.352	7069.266	1	  3.5181480E+00	  7.3589183E-02	  1.9491690E+00	  6.5844748E-04
pp194	3483.877	6711.166	1	  3.7410230E+00	  5.5773461E-02	  2.6926170E+00	  4.9545647E-04
pp195	3905.924	6851.848	1	  1.8084850E+01	  1.4841700E-01	  1.6165480E+00	  4.1118688E-04
pp196	4327.97	6749.534	1	  5.2101250E+01	  2.2961380E-01	  4.5512110E+00	  2.4368074E-04
pp197	4941.855	5943.809	1	  1.0760200E+01	  8.0330880E-02	  4.7566980E+00	  3.5978686E-04
pp198	2690.942	6225.173	1	  3.0742790E+00	  2.0155868E-02	  2.3457770E-01	  4.2138241E-04
pp199	2396.788	5982.177	1	  2.6081190E+00	  7.0816822E-03	  4.0850610E-01	  2.3216036E-04
pp200	2652.574	5675.234	1	  3.7102580E+00	  9.8559818E-03	  6.3065690E-01	  3.3002384E-04
pp201	2626.995	5432.238	4	  1.5224380E+00	  7.8722780E-01	  2.1075580E+00	  2.7150665E-04
pp202	4993.012	5675.234	4	  7.9521880E-01	  1.6561270E-01	  2.2636980E+00	  5.8568767E-04
pp203	6412.623	2618.596	1	  1.5480310E+01	  7.0715964E-02	  1.9708300E+01	  2.9521788E-04
pp204	5875.473	1109.461	1	  9.5390060E+01	  1.9621800E-01	  2.1667530E+00	  3.3817730E-04
pp205	6821.88	3437.11	1	  3.5411130E+00	  3.8164720E-01	  5.8169890E+01	  2.1854104E-04
pp206	4724.438	8373.772	1	  8.6830040E+00	  1.5938460E-01	  5.6733600E+00	  2.4643035E-04
pp207	1757.324	2925.539	1	  3.4874760E-01	  4.1047570E-02	  1.5430660E+00	  2.9190629E-04
pp208	1092.282	2746.489	1	  3.7617220E+00	  1.7421470E-01	  2.3050180E+00	  5.3940268E-04
pp209	1936.374	3309.217	1	  2.6067790E-01	  4.2460169E-02	  3.3755480E+00	  3.3997058E-04
pp210	715.2287082	9766.392871	1	  2.6895460E+00	  2.5463520E-01	  4.5134540E+00	  6.8916282E-04
pp211	698.6210675	9317.986573	1	  3.6727890E+00	  9.2687820E-01	  3.3163690E+00	  7.6105976E-04
pp212	1612.041304	9633.531746	1	  8.9943250E+00	  2.4669580E-01	  4.5007040E+00	  3.3927479E-04
pp213	1147.027365	9583.708824	1	  3.5608930E+00	  1.7523150E-01	  6.1647490E+00	  5.6295500E-04
pp214	1147.027365	9068.871963	1	  3.0622410E+00	  3.1349210E-01	  7.8021520E+00	  5.7598359E-04
pp215	947.7356775	8670.288587	1	  3.6697810E+00	  2.2603990E+00	  3.1793040E+00	  4.6633918E-04
pp216	432.8988168	8437.781618	1	  2.2303130E+00	  1.1654580E+00	  8.1276040E+00	  3.9579448E-04
pp217	1296.496131	8022.590601	1	  1.8356170E+00	  5.0147030E-01	  4.1923690E+00	  3.1783337E-04
pp218	765.0516302	7839.906554	1	  2.7198360E+00	  1.0959280E+00	  8.5257660E+00	  2.2584625E-04
pp219	366.4682542	7125.778005	1	  4.1815110E+00	  7.0227715E-02	  6.2629860E+00	  1.7212241E-04
pp220	200.3918475	7590.791944	1	  2.9992820E+00	  2.3219810E-01	  6.7375110E+00	  2.8532023E-04
pp221	715.2287082	7325.069693	1	  2.3626050E+00	  1.1134630E-01	  9.5591380E+00	  2.1489243E-04
pp222	814.8745522	6777.017551	1	  1.0588150E+01	  4.4378190E-02	  5.0641550E+00	  2.4863175E-04
pp223	1163.635006	6561.118223	1	  4.5812440E+00	  2.6370135E-02	  5.2418770E-01	  1.9703008E-04
pp224	1445.964897	7125.778005	1	  4.7408240E+00	  6.4644012E-02	  1.1351200E+00	  2.4670065E-04
pp225	549.1523015	6561.118223	1	  8.5615380E+00	  1.5909590E-01	  4.9888030E+00	  2.5595564E-04
pp226	1844.548273	7291.854412	1	  1.8952880E+00	  3.6540971E-02	  1.9687170E+00	  2.8713598E-04
pp227	2093.662883	8055.805883	1	  1.8018340E+00	  3.0011600E-02	  4.9752210E-01	  2.6693425E-04
pp228	2375.992775	7922.944757	1	  1.3178270E+00	  7.2639794E-03	  1.1938720E+00	  2.8839660E-04
pp229	2542.069181	8819.757353	1	  2.6042730E+00	  9.2981980E-02	  1.5574950E+00	  1.6246691E-04
pp230	3123.336605	8587.250384	1	  2.3498900E+00	  7.2394647E-02	  1.2086690E+00	  2.3023307E-04
pp231	3272.805371	9019.049041	1	  2.6709990E+00	  3.8470400E-01	  1.5234980E+00	  3.0016732E-04
pp232	2425.815697	9317.986573	1	  5.5011100E+00	  1.4169200E-01	  3.4626670E+00	  2.1656187E-04
pp233	1927.586477	9650.139386	1	  7.3526280E+00	  8.0912322E-02	  1.8079460E+00	  2.4217730E-04
pp234	3472.097059	9600.316464	1	  4.3453790E+00	  1.3400510E-01	  1.2724230E+00	  3.7762789E-04
pp235	3920.503357	9151.910167	1	  1.2461240E+01	  1.8047360E-01	  9.4314070E-01	  2.7202303E-04
pp236	4833.923593	9401.024777	1	  1.6323040E+01	  1.3625370E-01	  1.3144120E+01	  2.9076027E-04
pp237	5083.038203	9666.747027	1	  1.1570830E+01	  1.2695330E-01	  2.1733870E+01	  3.5126886E-04
pp238	5564.659783	9301.378933	1	  3.5600470E+00	  9.1813565E-02	  3.3312510E+01	  3.3366115E-04
pp239	4601.416624	9052.264323	1	  1.8877740E+01	  1.8269430E-01	  2.8421930E+00	  2.5060833E-04
pp240	5249.11461	8686.896228	1	  1.0970260E+01	  9.7823378E-02	  5.9336620E+00	  3.6780097E-04
pp241	5780.559111	8221.882289	1	  2.0681180E+01	  1.0940330E-01	  4.2160330E+00	  3.7442979E-04
pp242	5215.899329	7756.868351	1	  7.0196340E+00	  1.6917702E-02	  3.4506620E+00	  1.6113620E-04
pp243	4352.302014	7939.552398	1	  1.9384050E+01	  6.0384460E-01	  2.1210760E+00	  2.5710471E-04
pp244	4153.010326	8437.781618	1	  1.9191330E+01	  1.6020640E-01	  5.2601950E+00	  2.4485358E-04
pp245	3671.388747	7856.514195	1	  7.0163070E+00	  1.8623770E-01	  1.6413460E+00	  4.9315540E-04
pp246	2890.829635	7258.639131	1	  8.4526900E-01	  3.5491620E-02	  1.0054350E+00	  6.4937800E-04
pp247	3372.451215	7740.26071	1	  2.2325180E+00	  7.9868474E-02	  9.7364790E-01	  5.3990613E-04
pp248	3937.110997	7341.677334	1	  2.3456000E+01	  5.1530070E-01	  2.6018710E+00	  4.9151402E-04
pp249	4618.024265	7158.993287	1	  3.0213050E+01	  2.0005840E-01	  1.8724660E+00	  1.9954028E-04
pp250	5132.861125	7524.361381	1	  8.0368310E+00	  3.5605084E-02	  1.3601470E+00	  1.5434232E-04
pp251	4667.847187	7308.462053	1	  2.4826140E+01	  1.7764970E-01	  1.6406800E+00	  1.6886327E-04
pp252	5531.444501	6610.941145	1	  1.0280270E+01	  7.5177633E-02	  1.1312380E+00	  2.3949455E-04
pp253	5548.052142	6710.586989	1	  7.1275970E+00	  1.4492350E-01	  1.3016320E+00	  2.2259468E-04
pp254	5730.736189	7408.107897	1	  5.2473270E+00	  5.4347281E-02	  3.1261570E+00	  3.0167298E-04
pp255	6096.104284	7142.385646	1	  5.9491210E+00	  2.3285560E-01	  3.0191900E+00	  2.8393229E-04
pp256	5880.204955	6943.093958	1	  4.3001130E+00	  4.4946180E-01	  1.5533930E+00	  2.5424577E-04
pp257	5166.076407	6959.701599	1	  1.0281230E+01	  4.0929073E-02	  2.9502840E+00	  2.2779313E-04
pp258	5747.34383	6527.902941	1	  6.0442270E+00	  1.6264750E-01	  1.4552390E+00	  1.8241005E-04
pp259	6046.281362	6129.319565	1	  5.9231650E+00	  4.0938699E-02	  3.6782380E+00	  2.2035987E-04
pp260	6029.673721	5747.34383	1	  8.0199170E+00	  1.7599484E-02	  3.8480260E+00	  3.0630824E-04
pp261	6511.295301	5597.875064	1	  2.1071610E+00	  4.1639958E-02	  6.9320290E+00	  2.7210651E-04
pp262	6660.764067	5747.34383	1	  3.5662580E+00	  1.0515920E-01	  6.1852450E+00	  2.7453097E-04
pp263	6909.878677	5564.659783	1	  4.4895720E+00	  2.6829302E-02	  3.1971950E+00	  1.6494802E-04
pp264	7042.739802	5431.798657	1	  3.6243210E+00	  1.8318666E-02	  4.5519990E+00	  1.6606251E-04
pp265	7707.045429	5581.267423	1	  7.1927140E+00	  1.6448670E-02	  8.3515690E+00	  1.0902106E-04
pp266	7989.37532	5763.951471	1	  4.7829300E+00	  1.0209248E-02	  5.5792070E+00	  1.5191108E-04
pp267	8321.528133	5747.34383	1	  4.8928950E+00	  2.3518532E-02	  8.2452160E+00	  1.7858763E-04
pp268	8670.288587	5564.659783	1	  2.7682850E+00	  1.5448090E-01	  5.2741520E+00	  2.2863294E-04
pp269	8936.010838	5979.850799	1	  2.7763000E+00	  1.4133340E-01	  2.3402240E+00	  2.7918305E-04
pp270	8470.996899	6295.395972	1	  3.8870350E+00	  1.1329808E-02	  3.3934560E+00	  2.9199668E-04
pp271	8703.503869	6644.156426	1	  1.6951540E+00	  7.3401195E-03	  1.8373140E+00	  2.9056074E-04
pp272	8869.580275	7158.993287	1	  1.5828910E+00	  4.3450636E-02	  2.1964980E+00	  3.0464853E-04
pp273	8720.111509	7225.423849	1	  1.2265800E+00	  1.1056180E-01	  3.4854940E+00	  3.2718777E-04
pp274	8454.389259	6976.309239	1	  1.6087010E+00	  3.9048561E-02	  2.7657350E+00	  1.6513399E-04
pp275	9234.94837	7026.132161	1	  1.4045200E+00	  6.6117774E-02	  1.5979410E+00	  3.0411663E-04
pp276	9168.517807	7408.107897	1	  5.3487110E-01	  1.1947080E-01	  4.5885750E+00	  2.8499719E-04
pp277	9002.441401	7806.691273	1	  6.4572080E-01	  1.0451830E-01	  8.6836860E+00	  3.1996462E-04
pp278	9168.517807	7956.160039	1	  9.3482380E-01	  8.5791323E-02	  6.5396410E+00	  2.9991214E-04
pp279	8537.427462	8437.781618	1	  1.7346220E+00	  2.7108850E-01	  8.8141020E+00	  5.0941093E-04
pp280	8155.451727	8936.010838	1	  9.2603840E-01	  3.2451670E-01	  7.4614450E+00	  3.3900486E-04
pp281	8803.149713	9234.94837	1	  3.6004310E-01	  1.2335520E-01	  7.3228000E+00	  3.7509608E-04
pp282	8172.059367	9301.378933	1	  1.2710220E+00	  2.7452960E-01	  1.3595390E+01	  2.9759964E-04
pp283	7839.906554	9284.771292	1	  1.2622350E+00	  6.7395930E-01	  1.7797530E+01	  3.2498599E-04
pp284	7590.791944	9567.101183	1	  3.6830140E+00	  4.9118730E-01	  2.1632190E+01	  3.5954468E-04
pp285	7142.385646	9052.264323	1	  3.5222270E+00	  3.2974020E-01	  6.4433270E+00	  2.4872372E-04
pp286	6594.333504	9533.885902	1	  6.0206690E+00	  2.4644050E-01	  1.3754190E+01	  2.6598329E-04
pp287	5996.45844	9600.316464	1	  2.7640800E+00	  1.0231400E-01	  1.2657350E+01	  2.8828746E-04
pp288	6743.80227	9650.139386	1	  4.7963560E+00	  6.5042530E-01	  1.4360300E+01	  2.4587176E-04
pp289	7208.816209	9450.847699	1	  3.1080570E+00	  4.6950990E-01	  1.1841860E+01	  2.9495029E-04
pp290	7491.1461	9417.632417	1	  4.2966940E+00	  5.0197900E-01	  1.0332380E+01	  2.7895250E-04
pp291	7906.337117	9749.78523	1	  2.4195490E+00	  5.7112580E-01	  1.7053300E+01	  4.3002278E-04
pp292	8188.667008	9733.17759	1	  1.3578220E+00	  2.6292410E-01	  1.1010960E+01	  3.7197501E-04
pp293	6328.611253	9168.517807	1	  4.8516910E+00	  2.0264880E-01	  1.2884220E+01	  2.7858935E-04
pp294	6046.281362	8653.680947	1	  1.2727570E+01	  6.8913864E-02	  6.1923100E+00	  3.3768170E-04
pp295	5747.34383	8703.503869	1	  1.4300460E+01	  8.5604703E-02	  5.5217560E+00	  3.1817218E-04
pp296	7175.600927	8819.757353	1	  5.1682220E+00	  7.9178760E-01	  5.6206380E+00	  2.1802668E-04
pp297	7507.753741	8487.60454	1	  3.7479370E+00	  3.7530700E-01	  1.8224860E+01	  2.1985454E-04
pp298	7258.639131	7673.830147	1	  3.0980100E+00	  5.3600150E-01	  2.2032650E+01	  1.4397237E-04
pp299	6810.232833	8138.844086	1	  7.0108260E+00	  1.5383640E-01	  1.0712540E+01	  3.0030465E-04
pp300	7109.170365	8105.628805	1	  3.2689800E+00	  4.0189460E-01	  1.2159390E+01	  2.3524772E-04
pp301	7474.538459	7922.944757	1	  3.2402400E+00	  9.7909280E-01	  1.5037230E+01	  1.7417539E-04
pp302	6411.649457	7557.576663	1	  6.8303110E+00	  5.1382950E-01	  8.7494990E+00	  3.0854412E-04
pp303	6727.194629	7408.107897	1	  8.5396350E+00	  4.1362030E-01	  8.0925870E+00	  2.2307707E-04
pp304	6876.663395	7092.562724	1	  6.3619910E+00	  8.8089928E-02	  1.1849550E+01	  1.5296809E-04
pp305	6428.257097	6245.57305	1	  6.0129210E+00	  1.0395670E-01	  1.9771280E+00	  2.5979842E-04
pp306	6826.840473	6494.68766	1	  8.1802960E+00	  2.7204112E-02	  6.4718260E+00	  1.9739893E-04
pp307	6627.548785	6677.371707	1	  9.2209580E+00	  3.0812424E-02	  5.0951920E+00	  2.2880874E-04
pp308	2757.96851	6777.017551	1	  2.5288410E+00	  3.6558858E-02	  4.3475680E-01	  6.2407569E-04
pp309	2292.954571	6544.510582	1	  3.1139020E+00	  6.6554454E-02	  5.4843420E-01	  3.4189481E-04
pp310	2010.62468	6710.586989	1	  2.4739130E+00	  7.4672690E-02	  5.5209420E-01	  3.1691804E-04
pp311	2259.73929	6145.927206	1	  2.9614920E+00	  6.4248254E-03	  5.9831200E-01	  2.7508957E-04
pp312	1612.041304	6295.395972	1	  1.0572700E+00	  3.1506852E-02	  4.0489370E-01	  2.4799761E-04
pp313	914.5203961	6029.673721	1	  3.1426000E+00	  4.3857960E-01	  2.8345600E-01	  2.0978961E-04
pp314	200.3918475	5730.736189	1	  1.8335850E+01	  4.0706880E-01	  1.3230060E+01	  1.8782982E-04
pp315	831.4821928	5597.875064	1	  2.8164560E+00	  1.1170210E+00	  7.7973490E-01	  1.6503658E-04
pp316	1429.357257	5415.191017	1	  1.2478340E+00	  6.5921220E-01	  4.3240870E-01	  1.9766115E-04
pp317	1827.940633	5381.975735	1	  1.5952150E+00	  1.2144200E-01	  8.6227890E-01	  2.7896070E-04
pp318	2326.169853	5298.937532	1	  2.6927860E+00	  6.1647791E-03	  3.8202860E-01	  3.1240299E-04
pp319	2176.701087	5000	1	  9.1336870E-01	  9.6513890E-02	  1.0110140E+00	  2.5637444E-04
pp320	2708.145588	4767.493031	1	  3.0467040E+00	  2.1657850E-01	  1.6630570E+00	  3.7887091E-04
pp321	3040.298401	4966.784719	1	  8.6184640E+00	  1.5953850E-01	  2.3957490E+00	  3.9706466E-04
pp322	3389.058855	4833.923593	1	  5.0944330E+00	  3.1376003E-02	  8.0378850E-01	  3.9451166E-04
pp323	3804.249872	4800.708312	1	  1.0586660E+01	  4.3185613E-02	  9.6636870E-01	  4.6310569E-04
pp324	4302.479092	4717.670109	1	  2.0387570E+01	  1.6486880E-02	  7.6040100E-01	  6.6674304E-04
pp325	4717.670109	4800.708312	1	  4.2445470E+01	  1.9601866E-02	  2.2674730E+00	  8.2191800E-04
pp326	1994.017039	4568.201343	1	  4.2187010E-01	  2.0578560E-01	  3.8685780E+00	  2.1191429E-04
pp327	1379.534335	4983.392359	1	  8.3628910E-01	  1.6495940E-01	  7.3163660E-01	  2.6174661E-04
pp328	1578.826023	4750.88539	1	  5.1119720E-01	  4.2184940E-01	  1.0692790E+00	  2.0737135E-04
pp329	1578.826023	4651.239546	1	  5.8691680E-01	  6.1178100E-01	  1.4489780E+00	  2.1608120E-04
pp330	947.7356775	5066.430563	1	  2.0880180E+00	  1.2875960E-01	  3.7898580E-01	  2.5526028E-04
pp331	598.9752235	5000	1	  3.7179100E+00	  2.0466486E-02	  1.9798220E+00	  2.4965813E-04
pp332	748.4439895	4534.986061	1	  1.9747830E+00	  2.1807759E-02	  3.4175000E+00	  2.5382223E-04
pp333	549.1523015	4202.833248	1	  3.0451100E+00	  1.9023050E-01	  3.4920000E+00	  2.9722245E-04
pp334	399.6835355	4020.149201	1	  3.2679380E+00	  5.4249300E-01	  1.0302820E+01	  3.4061813E-04
pp335	1014.16624	4003.54156	1	  5.1265560E-01	  5.6035770E-01	  2.3020610E+00	  2.4789431E-04
pp336	1578.826023	3920.503357	1	  5.0381710E-01	  4.5449800E-01	  1.4481300E+00	  2.6967026E-04
pp337	2027.232321	4169.617967	1	  1.1828690E-01	  1.3018840E-01	  3.8105820E+00	  2.3385879E-04
pp338	2060.447602	3870.680435	1	  2.0120580E-01	  1.8438970E-01	  2.8175000E+00	  2.9115192E-04
pp339	2459.030978	4153.010326	1	  2.7225000E-01	  1.0503420E-01	  2.1523220E+00	  2.9728550E-04
pp340	2741.360869	4285.871451	1	  9.3830620E-01	  2.1043540E-01	  1.7697960E+00	  4.2756735E-04
pp341	2824.399073	3920.503357	1	  1.5266030E+00	  1.8497969E-02	  8.1144900E-01	  3.0180194E-04
pp342	3289.413011	4153.010326	1	  1.8903020E+00	  2.8906792E-02	  9.4220010E-01	  3.7194382E-04
pp343	3339.235933	3687.996387	1	  1.9401200E+00	  2.5277880E-01	  1.0322830E+00	  3.2962004E-04
pp344	3040.298401	3953.718638	1	  8.7993470E-01	  2.2188646E-02	  5.2406860E-01	  2.5702268E-04
pp345	3007.08312	3671.388747	1	  4.8590620E-01	  3.6092615E-02	  1.2095020E+00	  2.8358816E-04
pp346	3306.020652	3189.767167	1	  1.2259590E+00	  7.4399410E-01	  1.3564130E+00	  3.5923800E-04
pp347	3073.513683	2841.006713	1	  1.9143730E+00	  7.6123030E-01	  3.7946440E+00	  3.2915928E-04
pp348	2326.169853	3372.451215	1	  5.9094720E-01	  1.5286351E-02	  2.5389730E+00	  4.3385890E-04
pp349	1794.725351	3040.298401	1	  3.7139260E-01	  2.9941869E-02	  1.9281870E+00	  3.0339300E-04
pp350	1479.180179	3422.274137	1	  1.0775940E+00	  2.4025100E-01	  1.2840500E+00	  5.1054015E-04
pp351	682.0134268	3339.235933	1	  2.6991810E+00	  2.2733550E-01	  3.6483940E+00	  3.9739883E-04
pp352	1047.381521	3139.944245	1	  2.5554590E+00	  1.5757420E-01	  2.3086530E+00	  4.5341183E-04
pp353	1063.989162	2890.829635	1	  2.3378870E+00	  1.0858310E-01	  2.7536850E+00	  5.6484730E-04
pp354	266.8224102	3173.159527	1	  5.0769230E+00	  8.6239132E-02	  1.0483200E+01	  2.6811166E-04
pp355	349.8606135	2841.006713	1	  4.9961830E+00	  1.2752715E-02	  9.8588980E+00	  2.8607304E-04
pp356	980.9509588	2608.499744	1	  8.7087000E+00	  1.6399040E-01	  3.0335370E+00	  5.1559814E-04
pp357	632.1905048	2475.638619	1	  6.6330230E+00	  1.9110254E-02	  2.7137830E+00	  4.4122700E-04
pp358	615.5828642	2193.308727	1	  3.5122140E+00	  5.3256603E-02	  4.2756210E+00	  3.9592431E-04
pp359	848.0898335	1944.194117	1	  2.4656670E+00	  5.2268134E-02	  2.5682240E+00	  4.1273573E-04
pp360	383.0758948	1728.294789	1	  2.9552060E+00	  4.6065951E-02	  1.6881850E+00	  3.4612040E-04
pp361	798.2669115	1313.103772	1	  7.2595470E+00	  4.0459373E-02	  1.1321820E+00	  3.0273744E-04
pp362	665.4057862	615.5828642	1	  6.4497320E+00	  5.0162715E-02	  6.7200920E-01	  2.1231178E-04
pp363	-15.50748115	831.4821928	1	  2.6381080E+00	  1.0147786E-02	  1.0323290E+00	  2.6301269E-04
pp364	881.3051148	682.0134268	1	  4.4030100E+00	  2.7660870E-02	  1.0580220E+00	  1.7921256E-04
pp365	715.2287082	167.1765662	1	  6.5883660E+00	  7.2343291E-02	  6.2818950E-01	  1.9828034E-04
pp366	1761.51007	582.3675828	1	  2.4974210E+00	  9.3913424E-02	  9.8040490E-01	  1.8131595E-04
pp367	2176.701087	366.4682542	1	  1.0918820E+01	  1.5969310E-01	  2.6245200E+00	  2.1359042E-04
pp368	2359.385134	1047.381521	1	  3.0994350E+00	  1.7713767E-02	  8.1331610E-01	  2.1253654E-04
pp369	1661.864226	1512.39546	1	  2.1481130E+00	  6.1454271E-02	  1.4035080E+00	  2.6877129E-04
pp370	2475.638619	1994.017039	1	  1.9980990E+00	  1.0834860E-01	  1.6532920E+00	  2.9169074E-04
pp371	2492.246259	2209.916368	1	  1.2975750E+00	  1.4526650E-01	  1.9967480E+00	  3.9968156E-04
pp372	2176.701087	2542.069181	1	  9.1624210E-01	  2.0352750E-01	  1.7435560E+00	  3.1636197E-04
pp373	3422.274137	2425.815697	1	  2.2905030E+00	  1.2448200E-01	  2.7311760E+00	  2.7912693E-04
pp374	3671.388747	2525.461541	1	  5.6740170E+00	  4.6481200E-01	  2.0022440E+00	  2.5977364E-04
pp375	4269.263811	2940.652557	1	  5.5670780E+00	  8.2024530E-02	  1.7881810E+00	  2.9576372E-04
pp376	4601.416624	3704.604028	1	  8.6216560E+00	  4.4077570E-02	  1.1771990E+00	  3.7038007E-04
pp377	5365.368095	4119.795045	1	  7.4607320E+00	  2.7035860E-01	  3.6451860E+00	  4.1758276E-04
pp378	4800.708312	3887.288075	1	  1.4226010E+01	  3.3966459E-02	  3.1281370E+00	  3.6789888E-04
pp379	5315.545173	3571.742903	1	  1.1341070E+01	  1.9885470E-01	  6.6108990E+00	  2.9980916E-04
pp380	4734.277749	3173.159527	1	  1.7782050E+01	  2.8411047E-02	  2.0292460E+00	  2.2659447E-04
pp381	5631.090345	3106.728964	1	  2.2418380E+01	  6.8539823E-02	  2.1035610E+01	  1.8281910E-04
pp382	4900.354156	3422.274137	1	  2.1808690E+01	  8.8077381E-02	  5.9659650E+00	  2.2737525E-04
pp383	5116.253485	3472.097059	1	  2.0917480E+01	  3.6936156E-02	  2.0965730E+00	  2.3264537E-04
pp384	5398.583376	2874.221995	1	  2.4393220E+01	  4.6030489E-02	  1.4149360E+01	  1.9685699E-04
pp385	4568.201343	2442.423337	1	  9.2729180E+00	  2.3965506E-02	  1.7487310E+00	  1.8903706E-04
pp386	5249.11461	2641.715025	1	  2.6057050E+01	  2.5371972E-02	  8.3818590E+00	  1.5284803E-04
pp387	4900.354156	2724.753229	1	  2.1514980E+01	  1.0665607E-02	  8.7227260E+00	  1.2607593E-04
pp388	4701.062468	2077.055243	1	  1.1709700E+01	  2.5953059E-02	  3.7502760E+00	  1.9232230E-04
pp389	4219.440889	2027.232321	1	  1.5841390E+01	  8.3331349E-02	  1.5906670E+00	  2.6432958E-04
pp390	3787.642231	1445.964897	1	  1.7465190E+01	  5.5702338E-02	  3.5093980E+00	  2.1754546E-04
pp391	3903.895716	864.6974742	1	  2.0530220E+01	  3.1114000E-02	  1.0165640E+01	  2.3660857E-04
pp392	3920.503357	1977.409399	1	  2.5365990E+01	  1.9556900E-01	  3.2933230E+00	  2.2705519E-04
pp393	4153.010326	2691.537947	1	  8.9456520E+00	  1.1320620E-01	  1.3419930E+00	  2.4828082E-04
pp394	3737.819309	3538.527621	1	  1.9594680E+00	  4.2424740E-01	  6.8678510E-01	  2.9238644E-04
pp395	5000	2508.8539	1	  2.5425250E+01	  2.5698974E-02	  3.0068100E+00	  1.0108641E-04
pp396	4385.517295	3588.350543	1	  7.1654570E+00	  9.6388034E-02	  1.9667370E+00	  3.0896357E-04
pp397	4402.124936	3970.326279	1	  8.3026820E+00	  1.7673692E-02	  8.7645700E-01	  3.5328399E-04
pp398	3721.211669	980.9509588	1	  2.1013170E+01	  2.2695118E-02	  4.2543770E+00	  2.5705845E-04
pp399	3272.805371	980.9509588	1	  1.7571700E+01	  1.8410425E-02	  5.1774850E+00	  1.8594895E-04
pp400	2841.006713	1445.964897	1	  9.3380090E+00	  1.8052510E-02	  2.4253030E+00	  1.4900447E-04
pp401	2591.892103	1329.711413	1	  3.9587110E+00	  9.4041881E-03	  1.8371280E+00	  1.4813742E-04
pp402	2243.131649	1927.586477	1	  1.0433030E+00	  9.3480613E-02	  1.0604030E+00	  2.4158913E-04
pp403	1794.725351	1894.371195	1	  2.0447960E+00	  1.5888400E-01	  9.3039750E-01	  3.4030069E-04
pp404	914.5203961	2126.878165	1	  2.8197950E+00	  4.4805762E-02	  5.8998900E+00	  4.9261840E-04
pp405	1047.381521	2176.701087	1	  2.4479070E+00	  7.3575233E-02	  4.1202110E+00	  5.3317449E-04
pp406	1412.749616	1994.017039	1	  1.1106920E+00	  2.5482850E-01	  1.1000440E+00	  2.8677806E-04
pp407	3073.513683	515.9370202	1	  6.1101500E+00	  3.3586661E-02	  2.7786210E+00	  1.8022631E-04
pp408	2093.662883	665.4057862	1	  5.5135970E+00	  1.2355900E-01	  1.4713660E+00	  1.9951740E-04
pp409	2093.662883	864.6974742	1	  3.1044040E+00	  3.9246260E-02	  7.8646000E-01	  2.0408080E-04
pp410	2874.221995	715.2287082	1	  1.0013610E+01	  3.4091124E-02	  2.3683490E+00	  1.2837079E-04
pp411	3754.42695	682.0134268	1	  1.2370650E+01	  3.1653411E-02	  4.2315420E+00	  3.0668663E-04
pp412	3721.211669	-65.33040315	1	  1.1149520E+01	  3.8602070E-01	  4.7129330E+00	  3.2024119E-04
pp413	3322.628293	333.2529728	1	  5.0466500E+00	  2.8778994E-02	  5.6452670E+00	  2.9605542E-04
pp414	3222.982449	183.7842068	1	  3.3259110E+00	  5.6890878E-02	  7.3241250E+00	  2.4377533E-04
pp415	4368.909655	216.9994882	1	  7.4105690E+00	  4.0006730E-01	  3.6848220E+00	  2.2606129E-04
pp416	4534.986061	582.3675828	1	  2.5714250E+01	  3.1801120E-01	  5.3680860E+00	  1.8372700E-04
pp417	4734.277749	914.5203961	1	  1.1115650E+01	  2.7862180E-01	  2.2300040E+00	  1.5010614E-04
pp418	4916.961797	449.5064575	1	  1.6006300E+01	  3.2428650E-01	  3.1996980E+00	  2.6516335E-04
pp419	5697.520908	283.4300508	1	  4.7188540E+01	  9.4926599E-03	  2.4984810E+00	  2.7762845E-04
pp420	5448.406298	748.4439895	1	  3.5521820E+01	  3.6935900E-01	  1.3686200E+00	  1.7394395E-04
pp421	5166.076407	980.9509588	1	  4.2908670E+01	  3.4346070E-01	  9.2517570E-01	  1.5830532E-04
pp422	5481.621579	798.2669115	1	  3.3916320E+01	  5.1206780E-01	  1.8070580E+00	  1.8442602E-04
pp423	5481.621579	1346.319053	1	  3.4445660E+01	  1.7947710E-01	  1.6059620E+00	  1.4935615E-04
pp424	4867.138875	1628.648945	1	  1.1842070E+01	  2.0796600E-01	  2.8302970E+00	  1.3919061E-04
pp425	5415.191017	2010.62468	1	  3.7356000E+01	  1.4454420E-01	  4.5651510E+00	  1.2661343E-04
pp426	5680.913267	1595.433663	1	  4.0865020E+01	  1.5325530E-01	  2.6316660E+00	  1.6881610E-04
pp427	5763.951471	1628.648945	1	  4.1483800E+01	  1.1112300E-01	  3.3616160E+00	  1.7118746E-04
pp428	5249.11461	1811.332992	1	  5.1694480E+01	  1.4166370E-01	  2.2036590E+00	  1.1194460E-04
pp429	4983.392359	2110.270524	1	  2.2537080E+01	  1.9402310E-01	  3.1006000E+00	  1.2252741E-04
pp430	5548.052142	2459.030978	1	  1.7602200E+01	  5.2001314E-02	  4.2196740E+00	  1.7365208E-04
pp431	6145.927206	2874.221995	1	  1.0146340E+01	  4.6616847E-02	  2.8073520E+01	  2.8794130E-04
pp432	6179.142487	3322.628293	1	  3.7009710E+00	  3.8732461E-02	  2.7092960E+01	  3.1510963E-04
pp433	6610.941145	3953.718638	1	  5.7387280E+00	  2.2655660E-01	  6.0629480E+01	  2.4955237E-04
pp434	6777.017551	4368.909655	1	  5.0974640E+00	  1.8549150E-01	  3.0202190E+01	  2.0510792E-04
pp435	6444.864738	4219.440889	1	  1.9659160E+00	  8.3362870E-01	  3.5440360E+01	  2.4151437E-04
pp436	6312.003613	3787.642231	1	  5.5793020E+00	  2.5416330E-01	  1.6707150E+01	  2.4694780E-04
pp437	6212.357769	3687.996387	1	  5.7782600E+00	  4.7453230E-01	  2.4267360E+01	  2.6556010E-04
pp438	7075.955083	3870.680435	1	  3.8258920E+00	  1.0768850E-01	  3.5471100E+01	  1.7672867E-04
pp439	7225.423849	4319.086733	1	  2.3804110E+00	  6.4991496E-02	  3.4703810E+01	  1.5389767E-04
pp440	7624.007225	4119.795045	1	  5.6594220E+00	  7.8971744E-02	  5.2117780E+01	  1.3080002E-04
pp441	8039.198242	4036.756841	1	  7.0829130E+00	  3.6846390E-01	  7.5226310E+00	  1.0759224E-04
pp442	8836.364994	3937.110997	1	  1.5269890E+01	  7.9973930E-01	  4.9573300E+00	  2.1362346E-04
pp443	8554.035103	3555.135262	1	  6.8444880E+00	  4.8617560E-01	  3.3247550E+00	  2.5946537E-04
pp444	8155.451727	3206.374808	1	  6.8988290E+00	  1.3036120E-01	  9.8248720E+00	  1.5022290E-04
pp445	7889.729476	2741.360869	1	  4.2848550E+00	  3.6470177E-02	  1.5380620E+01	  1.6419536E-04
pp446	8072.413523	2558.676822	1	  3.7667840E+00	  4.0429882E-02	  2.6575700E+01	  2.0053024E-04
pp447	7673.830147	1811.332992	1	  1.7940860E+01	  4.0467648E-02	  4.8818460E+01	  3.3572163E-04
pp448	7242.03149	2425.815697	1	  1.5070640E+01	  1.5960830E-01	  2.2598720E+01	  2.4050919E-04
pp449	7956.160039	3189.767167	1	  1.0526300E+01	  3.5037980E-01	  1.1932210E+01	  1.4554975E-04
pp450	7491.1461	3604.958184	1	  4.6245030E+00	  3.9119941E-02	  2.7150990E+01	  1.6386900E-04
pp451	7474.538459	3339.235933	1	  5.5448070E+00	  2.7347787E-02	  2.4015260E+01	  1.9672043E-04
pp452	7540.969022	3156.551886	1	  2.7826720E+00	  2.4597826E-02	  9.1210140E+00	  1.9447032E-04
pp453	7026.132161	3123.336605	1	  3.8117690E+00	  6.7159418E-02	  3.1815050E+01	  1.7054457E-04
pp454	6743.80227	2591.892103	1	  5.7706310E+00	  7.6838884E-02	  2.1896990E+01	  2.5106605E-04
pp455	7208.816209	2459.030978	1	  1.3562530E+01	  1.8688160E-01	  3.3269590E+01	  2.2297236E-04
pp456	6295.395972	2309.562212	1	  1.0920110E+01	  6.3211675E-02	  4.4104450E+00	  2.7352771E-04
pp457	6228.965409	1695.079507	1	  5.1249320E+01	  7.3891289E-02	  5.8025040E+00	  3.4073010E-04
pp458	6461.472379	1279.888491	1	  2.7871250E+01	  9.6016413E-02	  4.9411570E+00	  2.9884498E-04
pp459	5963.243159	499.3293795	1	  2.5665910E+01	  3.1358957E-02	  1.3163200E+00	  3.0440502E-04
pp460	6361.826535	449.5064575	1	  1.7101100E+01	  3.3096133E-02	  1.0297290E+00	  2.4401696E-04
pp461	6262.180691	964.3433181	1	  2.2896540E+01	  1.6772600E-01	  4.4244630E+00	  3.1446905E-04
pp462	6627.548785	831.4821928	1	  5.9943010E+00	  7.4554368E-02	  2.8549010E+00	  2.8379909E-04
pp463	7059.347443	914.5203961	1	  1.0277300E+01	  3.2352911E-02	  3.4673750E+00	  4.4548824E-04
pp464	7225.423849	1246.673209	1	  1.4468400E+01	  2.8262120E-01	  5.1197340E+00	  3.6219275E-04
pp465	7358.284975	682.0134268	1	  1.2169100E+01	  1.5785088E-02	  3.1930430E+00	  4.1363674E-04
pp466	7391.500256	300.0376915	1	  6.5853640E+00	  2.3014152E-02	  9.7101000E-01	  4.4632643E-04
pp467	7756.868351	316.6453322	1	  8.2120270E+00	  2.2326414E-02	  3.2422080E+00	  4.3731869E-04
pp468	7756.868351	1014.16624	1	  6.3966620E+00	  2.8021391E-02	  1.2433480E+01	  3.2097002E-04
pp469	7424.715537	2143.485805	1	  1.1920260E+01	  4.8416840E-01	  6.5590230E+00	  4.6440807E-04
pp470	8039.198242	2160.093446	1	  7.1560160E+00	  1.0260360E-01	  7.1874280E+01	  2.1144511E-04
pp471	6295.395972	2060.447602	1	  1.2604040E+01	  1.2772837E-02	  4.0597610E+00	  3.0115160E-04
pp472	6793.625192	200.3918475	1	  7.1178040E+00	  3.2700904E-02	  1.0065130E+00	  3.3914516E-04
pp473	1379.534335	731.8363488	1	  3.6670050E+00	  2.5202489E-02	  7.4950130E-01	  1.4863120E-04
pp474	1379.534335	1263.28085	1	  1.6562560E+00	  5.0012927E-02	  6.4053300E-01	  2.6418750E-04
pp475	2186.468586	4223.414406	1	  2.0602620E-01	  2.4706020E-01	  2.3718170E+00	  3.1392062E-04
pp476	2542.934104	4554.418102	1	  1.4948490E+00	  1.4323140E-01	  1.2602750E+00	  3.4782275E-04
pp477	3421.366989	4452.570811	1	  5.1665360E+00	  4.2950512E-02	  1.1423030E+00	  4.4039524E-04
pp478	4401.647165	4337.992608	1	  1.0628440E+01	  1.0986256E-02	  2.4459330E+00	  3.7142958E-04
pp479	4668.996304	4605.341747	1	  2.6577970E+01	  3.1652516E-02	  2.6302520E+00	  6.5394360E-04
pp480	5280.08005	4299.799874	1	  7.6423880E+00	  1.4844420E-01	  2.0267680E+00	  4.9639326E-04
pp481	5687.469214	3917.872533	1	  3.8794680E+00	  1.0239590E+00	  6.3685580E+00	  2.8091490E-04
pp482	5789.316505	3739.639774	1	  5.3251120E+00	  2.1111080E-01	  1.0519770E+01	  1.8549633E-04
pp483	6655.018479	4401.647165	1	  5.1415100E+00	  1.2303480E-01	  3.2490670E+01	  1.9960850E-04
pp484	6082.127467	4783.574507	1	  6.5890290E+00	  5.2816460E-01	  7.6152640E+00	  3.7596264E-04
pp485	5700.200126	5089.11638	1	  1.8954620E+00	  8.9050635E-02	  9.6777620E-01	  3.4138171E-04
pp486	5916.625619	5496.505544	1	  6.2712760E+00	  3.4613653E-02	  3.3919640E+00	  3.4434872E-04
pp487	5471.043721	5725.661948	1	  1.8928400E+01	  2.6431465E-02	  1.7955990E+00	  2.4789250E-04
pp488	5381.927341	5241.887316	1	  3.8133810E+00	  2.4655004E-02	  1.3775790E+00	  2.9035827E-04
pp489	4758.112684	5369.19643	1	  4.4142950E+01	  4.0992260E-02	  9.1971120E-01	  5.3138299E-04
pp490	4057.912558	5662.007392	1	  2.4004890E+01	  1.8516720E-01	  1.9889210E+00	  6.0931187E-04
pp491	3561.407014	5432.850987	1	  1.5780050E+01	  5.3818858E-02	  6.9911380E-01	  6.1325451E-04
pp492	4287.068963	5241.887316	1	  2.0148180E+01	  1.6918415E-02	  1.4099910E+00	  5.2098425E-04
pp493	4134.298026	5458.31281	1	  2.3955400E+01	  1.9894273E-02	  1.5404130E+00	  6.6115469E-04
pp494	3204.941496	5432.850987	1	  5.8574370E+00	  3.3567240E-01	  8.6412280E-01	  3.6540265E-04
pp495	2084.621295	5623.814657	1	  1.2514860E+00	  1.7374416E-02	  3.9812200E-01	  2.5622369E-04
pp496	1231.650232	5763.854683	1	  1.6746500E+00	  4.1544570E-01	  2.3078830E-01	  1.9297216E-04
pp497	1078.879296	5891.163796	1	  2.7237230E+00	  1.0304790E+00	  2.9048670E-01	  2.1196592E-04
pp498	7100.600377	4185.221672	1	  1.7905080E+00	  1.9611780E-01	  5.1159080E+01	  1.5467913E-04
pp499	6145.782024	4834.498152	1	  1.0551420E+01	  4.5639640E-01	  6.9945440E+00	  3.7862811E-04
pp500	6820.520327	5432.850987	1	  2.7366050E+00	  5.2276548E-02	  4.4102420E+00	  1.9959483E-04
pp501	6909.636707	4961.807266	1	  2.3415870E+00	  4.7930986E-02	  2.2235410E+01	  1.6592063E-04
pp502	6731.403947	4719.91995	1	  4.6195680E+00	  5.7246348E-02	  2.8880750E+01	  1.3349025E-04
pp503	7329.756782	4936.345443	1	  8.3267530E+00	  5.6734089E-02	  3.9867320E+01	  1.4288708E-04
pp504	7571.644098	5254.618228	1	  3.9538720E+00	  3.2274754E-02	  8.3025860E+00	  9.1300000E-05
pp505	7991.764174	5267.349139	1	  4.3491150E+00	  1.8477716E-02	  1.4754140E+01	  1.3559795E-04
pp506	7673.491389	4809.036329	1	  4.0433030E+00	  4.1686176E-02	  3.4948830E+01	  1.0412716E-04
pp507	8284.575135	4694.458127	1	  1.3272090E+01	  3.6572830E-01	  1.2978390E+01	  1.9272394E-04
pp508	8742.887945	5114.578202	1	  6.0282920E+00	  3.8308140E-01	  4.4175420E+00	  2.3453652E-04
pp509	8322.767869	5369.19643	1	  5.6743280E+00	  4.2723613E-02	  5.7649280E+00	  1.4726980E-04
pp510	8271.844224	5534.698278	1	  6.7325550E+00	  2.7153982E-02	  5.0160970E+00	  1.4792660E-04
pp511	8551.924274	4439.839899	1	  1.4864060E+01	  3.6191180E-01	  4.7440000E+00	  2.2426954E-04
pp512	8080.880553	4427.108988	1	  5.8276970E+00	  4.4283810E-01	  2.7382380E+01	  1.5799157E-04
pp513	7355.218605	4618.072659	1	  3.4971390E+00	  4.2117396E-02	  2.7009790E+01	  1.8736996E-04
pp514	7864.45506	4579.879925	1	  4.1239660E+00	  1.3525020E-01	  7.6140680E+01	  1.0769687E-04
pp515	6285.822049	4197.952583	1	  3.0866040E+00	  3.3819120E-01	  2.8049150E+01	  2.8966925E-04
pp516	5878.432885	4261.60714	1	  2.0312980E+00	  6.7374730E-01	  1.6170410E+01	  2.8797715E-04
pp517	5674.738303	4809.036329	1	  1.1295650E+00	  2.5507380E-01	  1.2616580E+00	  5.2958554E-04
pp518	1855.601646	7858.543958	1	  2.2827110E+00	  2.0662860E-01	  1.8781070E+00	  2.0705061E-04
pp519	2332.025639	7591.746522	1	  1.6345030E+00	  6.3049562E-02	  1.9717130E+00	  3.2874687E-04
pp520	2732.221794	7572.689562	1	  1.7960610E+00	  1.5756840E-02	  2.1596200E+00	  5.2974875E-04
pp521	2655.993955	8373.08187	1	  1.7196620E+00	  7.5315713E-02	  9.7897640E-01	  2.2676317E-04
pp522	3570.728021	8163.455313	1	  7.5816890E+00	  1.5384510E-01	  1.2367360E+00	  3.7533259E-04
pp523	4294.89249	8049.113555	1	  1.7457250E+01	  4.0688240E-01	  2.8068990E+00	  2.3838595E-04
