  1 2830     140.94892883    1000.00000000  1
  1 2842     139.41760254    1000.00000000  1
  1 2843     138.98307800    1000.00000000  1
  1 2845     139.76692200    1000.00000000  1
  1 2846     140.12881470    1000.00000000  1
  1 2847     139.87527466    1000.00000000  1
  1 2848     139.36170959    1000.00000000  1
  1 2854     138.29095459    1000.00000000  1
  1 2855     137.97273254    1000.00000000  1
  1 2856     137.55987549    1000.00000000  1
  1 2857     137.21325684    1000.00000000  1
  1 2858     137.65238953    1000.00000000  1
  1 2870     136.57574463    1000.00000000  1
  1 2871     136.24092102    1000.00000000  1
  1 2874     135.90707397    1000.00000000  1
  1 2875     135.57432556    1000.00000000  1
  1 2880     134.91270447    1000.00000000  1
  1 2881     134.57838440    1000.00000000  1
  1 2884     134.23027039    1000.00000000  1
  1 2885     133.87829590    1000.00000000  1
  1 2898     133.16310120    1000.00000000  1
  1 2899     132.82168579    1000.00000000  1
  1 2902     132.48745728    1000.00000000  1
  1 2904     132.61286926    1000.00000000  1
  1 2905     132.24163818    1000.00000000  1
  1 2910     131.51754761    1000.00000000  1
  1 2911     131.16175842    1000.00000000  1
  1 2914     130.80834961    1000.00000000  1
  1 2915     130.45629883    1000.00000000  1
  1 2925     129.78453064    1000.00000000  1
  1 2926     129.45254517    1000.00000000  1
  1 2929     129.12196350    1000.00000000  1
  1 2932     129.15356445    1000.00000000  1
  1 2933     128.80433655    1000.00000000  1
  1 2938     128.09814453    1000.00000000  1
  1 2939     127.74836731    1000.00000000  1
  1 2942     127.42294312    1000.00000000  1
  1 2943     127.09448242    1000.00000000  1
  1 2950     126.43228149    1000.00000000  1
  1 2951     126.12805176    1000.00000000  1
  1 2953     126.11300659    1000.00000000  1
  1 2956     125.71177673    1000.00000000  1
  1 2957     125.38627625    1000.00000000  1
  1 2962     124.74716187    1000.00000000  1
  1 2963     124.42984009    1000.00000000  1
  1 2966     124.11621094    1000.00000000  1
  1 3010     106.08220673    1000.00000000  1
  1 3011     104.91427612    1000.00000000  1
  1 3015     103.56811523    1000.00000000  1
  1 3017     102.69724274    1000.00000000  1
  1 3018     102.99445343    1000.00000000  1
  1 3019     102.89657593    1000.00000000  1
  1 3020     103.82995605    1000.00000000  1
  1 3021     103.58644104    1000.00000000  1
  1 3022     104.31425476    1000.00000000  1
  1 3030     101.16681671    1000.00000000  1
  1 3031     100.76856232    1000.00000000  1
  1 3036     100.05654144    1000.00000000  1
  1 3037      99.72547150    1000.00000000  1
  1 3040      99.40077209    1000.00000000  1
  1 3041      99.15164185    1000.00000000  1
  1 3042     102.18315887    1000.00000000  1
  1 3043     102.10232544    1000.00000000  1
  1 3046     102.05285645    1000.00000000  1
  1 3062      97.68768311    1000.00000000  1
  1 3063      98.71369171    1000.00000000  1
  1 3064      98.47105408    1000.00000000  1
  1 3065      97.54783630    1000.00000000  1
  1 3066      97.51295471    1000.00000000  1
  1 3077      96.86720276    1000.00000000  1
  1 3078      96.47791290    1000.00000000  1
  1 3081      95.99910736    1000.00000000  1
  1 3261     157.20172119    1000.00000000  1
  1 3264     156.84829712    1000.00000000  1
  1 3265     156.52485657    1000.00000000  1
  1 3269     155.48519897    1000.00000000  1
  1 3270     155.87597656    1000.00000000  1
  1 3271     155.54989624    1000.00000000  1
  1 3272     155.12814331    1000.00000000  1
  1 3273     154.77615356    1000.00000000  1
  1 3286     154.10334778    1000.00000000  1
  1 3287     153.77345276    1000.00000000  1
  1 3290     153.44372559    1000.00000000  1
  1 3291     153.11407471    1000.00000000  1
  1 3296     152.43653870    1000.00000000  1
  1 3297     152.09403992    1000.00000000  1
  1 3300     151.75161743    1000.00000000  1
  1 3301     151.40982056    1000.00000000  1
  1 3314     150.75207520    1000.00000000  1
  1 3315     150.42671204    1000.00000000  1
  1 3317     150.49763489    1000.00000000  1
  1 3320     150.14834595    1000.00000000  1
  1 3321     149.79924011    1000.00000000  1
  1 3326     149.10162354    1000.00000000  1
  1 3327     148.75845337    1000.00000000  1
  1 3330     148.42298889    1000.00000000  1
  1 3331     148.08755493    1000.00000000  1
  1 3344     144.71214294    1000.00000000  1
  1 3347     147.41751099    1000.00000000  1
  1 3348     147.08271790    1000.00000000  1
  1 3350     146.39512634    1000.00000000  1
  1 3351     146.74858093    1000.00000000  1
  1 3352     146.42578125    1000.00000000  1
  1 3355     145.68450928    1000.00000000  1
  1 3356     145.36201477    1000.00000000  1
  1 3359     145.03918457    1000.00000000  1
  1 3360     144.71365356    1000.00000000  1
  1 3369     142.86938477    1000.00000000  1
  1 3371     143.59378052    1000.00000000  1
  1 3372     143.91931152    1000.00000000  1
  1 3373     143.55433655    1000.00000000  1
  1 3374     143.19950867    1000.00000000  1
  1 3375     142.81011963    1000.00000000  1
  1 3379     141.66189575    1000.00000000  1
  1 3380     142.06065369    1000.00000000  1
  1 3381     141.77708435    1000.00000000  1
  1 3382     141.35147095    1000.00000000  1
  1 3383     141.20858765    1000.00000000  1
  1 3423     124.18763733    1000.00000000  1
  1 3424     123.81753540    1000.00000000  1
  1 3431     123.07929993    1000.00000000  1
  1 3432     122.70878601    1000.00000000  1
  1 3435     122.33508301    1000.00000000  1
  1 3436     121.95627594    1000.00000000  1
  1 3441     121.42705536    1000.00000000  1
  1 3443     121.40378571    1000.00000000  1
  1 3444     121.02072144    1000.00000000  1
  1 3447     120.63170624    1000.00000000  1
  1 3448     120.25042725    1000.00000000  1
  1 3455     119.90151215    1000.00000000  1
  1 3456     119.61042786    1000.00000000  1
  1 3459     119.32991791    1000.00000000  1
  1 3462     118.94729614    1000.00000000  1
  1 3463     118.55519104    1000.00000000  1
  1 3468     117.96264648    1000.00000000  1
  1 3469     117.66700745    1000.00000000  1
  1 3472     117.36540985    1000.00000000  1
  1 3474     117.26510620    1000.00000000  1
  1 3475     116.87754822    1000.00000000  1
  1 3488     116.20101166    1000.00000000  1
  1 3489     115.89495850    1000.00000000  1
  1 3492     115.58674622    1000.00000000  1
  1 3493     115.27692413    1000.00000000  1
  1 3498     114.65421295    1000.00000000  1
  1 3499     114.33720398    1000.00000000  1
  1 3506     114.44267273    1000.00000000  1
  1 3509     114.08169556    1000.00000000  1
  1 3510     113.71822357    1000.00000000  1
  1 3523     112.98375702    1000.00000000  1
  1 3524     112.61254120    1000.00000000  1
  1 3527     112.24895477    1000.00000000  1
  1 3528     111.90277100    1000.00000000  1
  1 3533     111.20854187    1000.00000000  1
  1 3534     110.86061096    1000.00000000  1
  1 3537     110.51216888    1000.00000000  1
  1 3538     110.18052673    1000.00000000  1
  1 3549     108.97172546    1000.00000000  1
  1 3554     107.76271057    1000.00000000  1
  1 3556     107.89952850    1000.00000000  1
  1 3557     107.86071777    1000.00000000  1
  1 3558     107.41826630    1000.00000000  1
  1 3559     107.17255402    1000.00000000  1
  1 3560     106.71498108    1000.00000000  1
  1 3563     109.65287781    1000.00000000  1
  1 3564     109.39402771    1000.00000000  1
  1 3567     109.13790894    1000.00000000  1
  1 3568     108.88316345    1000.00000000  1
  1 3578     105.41850281    1000.00000000  1
  1 3579     105.93222809    1000.00000000  1
  1 3580     105.84342957    1000.00000000  1
  1 3581     105.46980286    1000.00000000  1
  1 1270     155.52236938    1000.00000000  2
  1 1272     154.78224182    1000.00000000  2
  1 1273     155.20268250    1000.00000000  2
  1 1274     154.88928223    1000.00000000  2
  1 1277     156.68557739    1000.00000000  2
  1 1278     157.09468079    1000.00000000  2
  1 1279     156.74327087    1000.00000000  2
  1 1282     155.97956848    1000.00000000  2
  1 1283     155.60957336    1000.00000000  2
  1 1291     154.18037415    1000.00000000  2
  1 1292     153.88221741    1000.00000000  2
  1 1295     153.56172180    1000.00000000  2
  1 1296     153.23962402    1000.00000000  2
  1 1301     152.58436584    1000.00000000  2
  1 1302     152.25610352    1000.00000000  2
  1 1305     151.87274170    1000.00000000  2
  1 1307     151.93804932    1000.00000000  2
  1 1308     151.60000610    1000.00000000  2
  1 1321     150.83131409    1000.00000000  2
  1 1322     150.44529724    1000.00000000  2
  1 1329     150.54914856    1000.00000000  2
  1 1332     150.18405151    1000.00000000  2
  1 1334     150.17329407    1000.00000000  2
  1 1335     149.80624390    1000.00000000  2
  1 1340     149.00823975    1000.00000000  2
  1 1343     149.05787659    1000.00000000  2
  1 1344     148.65611267    1000.00000000  2
  1 1347     148.24130249    1000.00000000  2
  1 1349     148.29792786    1000.00000000  2
  1 1350     147.88652039    1000.00000000  2
  1 1462     147.91566467    1000.00000000  2
  1 1469     147.22166443    1000.00000000  2
  1 1470     146.88406372    1000.00000000  2
  1 1473     146.53788757    1000.00000000  2
  1 1475     146.56040955    1000.00000000  2
  1 1476     146.22366333    1000.00000000  2
  1 1481     145.57244873    1000.00000000  2
  1 1482     145.25161743    1000.00000000  2
  1 1485     144.93038940    1000.00000000  2
  1 1486     144.60864258    1000.00000000  2
  1 1493     143.96855164    1000.00000000  2
  1 1494     143.64738464    1000.00000000  2
  1 1497     143.32658386    1000.00000000  2
  1 1498     143.00633240    1000.00000000  2
  1 1503     142.16169739    1000.00000000  2
  1 1506     142.15988159    1000.00000000  2
  1 1507     141.72332764    1000.00000000  2
  1 1509     141.71112061    1000.00000000  2
  1 1512     141.28555298    1000.00000000  2
  1 1516     141.10411072    1000.00000000  2
  1 1518     140.95037842    1000.00000000  2
  1 1521     140.82901001    1000.00000000  2
  1 1522     140.34501648    1000.00000000  2
  1 1524     140.21723938    1000.00000000  2
  1 1645     140.14982605    1000.00000000  2
  1 1652     139.28143311    1000.00000000  2
  1 1654     138.95700073    1000.00000000  2
  1 1655     138.74923706    1000.00000000  2
  1 1658     138.48187256    1000.00000000  2
  1 1660     138.38284302    1000.00000000  2
  1 1663     137.99647522    1000.00000000  2
  1 1664     137.73205566    1000.00000000  2
  1 1669     137.15771484    1000.00000000  2
  1 1676     137.05950928    1000.00000000  2
  1 1677     136.67478943    1000.00000000  2
  1 1680     136.36970520    1000.00000000  2
  1 1681     136.06427002    1000.00000000  2
  1 1691     135.16586304    1000.00000000  2
  1 1694     134.81555176    1000.00000000  2
  1 1695     134.46473694    1000.00000000  2
  1 1700     133.75016785    1000.00000000  2
  1 1701     133.38543701    1000.00000000  2
  1 1703     133.04258728    1000.00000000  2
  1 1704     133.07005310    1000.00000000  2
  1 1705     132.76594543    1000.00000000  2
  1 1706     135.45285034    1000.00000000  2
  1 1707     135.14935303    1000.00000000  2
  1 1719     132.29849243    1000.00000000  2
  1 1720     131.93713379    1000.00000000  2
  1 1723     131.60272217    1000.00000000  2
  1 1724     131.27137756    1000.00000000  2
  1 1729     130.62205505    1000.00000000  2
  1 1730     130.32788086    1000.00000000  2
  1 1732     130.20785522    1000.00000000  2
  1 1735     129.83924866    1000.00000000  2
  1 1736     129.56266785    1000.00000000  2
  1 1749     129.04017639    1000.00000000  2
  1 1750     128.79907227    1000.00000000  2
  1 1757     128.61218262    1000.00000000  2
  1 1760     128.24185181    1000.00000000  2
  1 1761     127.87338257    1000.00000000  2
  1 1766     127.29563904    1000.00000000  2
  1 1768     127.25073242    1000.00000000  2
  1 1769     126.90371704    1000.00000000  2
  1 1772     126.55737305    1000.00000000  2
  1 1773     126.21058655    1000.00000000  2
  1 1786     125.65942383    1000.00000000  2
  1 1787     125.34574890    1000.00000000  2
  1 1790     125.03036499    1000.00000000  2
  1 1791     124.71384430    1000.00000000  2
  1 1796     124.03490448    1000.00000000  2
  1 1797     123.63904572    1000.00000000  2
  1 1800     123.34184265    1000.00000000  2
  1 1801     123.05781555    1000.00000000  2
  1 1810     121.71968079    1000.00000000  2
  1 1815     120.83704376    1000.00000000  2
  1 1816     120.33828735    1000.00000000  2
  1 1817     120.51295471    1000.00000000  2
  1 1818     119.99619293    1000.00000000  2
  1 1819     120.05545807    1000.00000000  2
  1 1821     122.35668182    1000.00000000  2
  1 1822     122.04370880    1000.00000000  2
  1 1823     122.51847076    1000.00000000  2
  1 1825     121.79590607    1000.00000000  2
  1 1826     121.55549622    1000.00000000  2
  1 1838     118.73722076    1000.00000000  2
  1 1839     118.18402863    1000.00000000  2
  1 1840     118.99983978    1000.00000000  2
  1 1841     118.73526001    1000.00000000  2
  1 1844     118.48886871    1000.00000000  2
  1 1850     117.45323944    1000.00000000  2
  1 1851     117.13285065    1000.00000000  2
  1 1854     116.81497955    1000.00000000  2
  1 1855     116.49938202    1000.00000000  2
  1 1865     116.06570435    1000.00000000  2
  1 1868     115.83982086    1000.00000000  2
  1 1869     115.40920258    1000.00000000  2
  1 1872     115.23652649    1000.00000000  2
  1 1873     115.09064484    1000.00000000  2
  1 1875     114.84571838    1000.00000000  2
  1 1880     114.56913757    1000.00000000  2
  1 1887     114.23275757    1000.00000000  2
  1 1888     113.70044708    1000.00000000  2
  1 1891     113.37372589    1000.00000000  2
  1 1893     113.36968994    1000.00000000  2
  1 1894     112.90527344    1000.00000000  2
  1 1897     112.90147400    1000.00000000  2
  1 1904     112.52159882    1000.00000000  2
  1 1906     112.03302002    1000.00000000  2
  1 1907     112.04551697    1000.00000000  2
  1 2031     111.38140106    1000.00000000  2
  1 2033     111.68189240    1000.00000000  2
  1 2036     110.77936554    1000.00000000  2
  1 2039     111.11810303    1000.00000000  2
  1 2040     110.37083435    1000.00000000  2
  1 2042     110.52101898    1000.00000000  2
  1 2047     109.83957672    1000.00000000  2
  1 2054     109.47418213    1000.00000000  2
  1 2055     109.04861450    1000.00000000  2
  1 2057     108.94142151    1000.00000000  2
  1 2060     108.60946655    1000.00000000  2
  1 2061     108.32830048    1000.00000000  2
  1 2063     108.59603882    1000.00000000  2
  1 2064     108.28948975    1000.00000000  2
  1 2073     106.86313629    1000.00000000  2
  1 2076     105.80738831    1000.00000000  2
  1 2077     105.36038208    1000.00000000  2
  1 2078     105.41987610    1000.00000000  2
  1 2080     104.90682220    1000.00000000  2
  1 2081     104.44629669    1000.00000000  2
  1 2086     107.59757233    1000.00000000  2
  1 2087     107.23598480    1000.00000000  2
  1 2088     106.96956635    1000.00000000  2
  1 2089     106.31630707    1000.00000000  2
  1 2090     106.76570129    1000.00000000  2
  1 2100     103.73176575    1000.00000000  2
  1 2101     103.55423737    1000.00000000  2
  1 2104     103.45330811    1000.00000000  2
  1 2106     103.13768005    1000.00000000  2
  1 2107     102.71176910    1000.00000000  2
  1 2112     102.47946930    1000.00000000  2
  1 2113     102.54695892    1000.00000000  2
  1 2120     101.72594452    1000.00000000  2
  1 2123     101.32280731    1000.00000000  2
  1 2125     101.38003540    1000.00000000  2
  1 2126     100.87449646    1000.00000000  2
  1 2129     101.02288818    1000.00000000  2
  1 2136     100.39961243    1000.00000000  2
  1 2137     100.78137970    1000.00000000  2
  1 2139      99.92277527    1000.00000000  2
  1 2142     100.41922760    1000.00000000  2
  1 2392      99.17133331    1000.00000000  2
  1 2393      98.92664337    1000.00000000  2
  1 2395      98.69334412    1000.00000000  2
  1 2400      99.37758636    1000.00000000  2
  1 2403      97.86891937    1000.00000000  2
  1 2404      98.89804840    1000.00000000  2
  1 2406      97.43084717    1000.00000000  2
  1 2409      98.41815948    1000.00000000  2
  1 2413      96.99398804    1000.00000000  2
  1 2414      96.91487122    1000.00000000  2
  1 2416      96.53025055    1000.00000000  2
  1 2419      96.99343872    1000.00000000  2
  1 2429      96.93178558    1000.00000000  2
  1 2162      92.95631409    1000.00000000  3
  1 2164      91.04825592    1000.00000000  3
  1 2165      91.45989227    1000.00000000  3
  1 2166      91.30890656    1000.00000000  3
  1 2167      90.90287781    1000.00000000  3
  1 2168      90.85562134    1000.00000000  3
  1 2171      91.30867767    1000.00000000  3
  1 2173      91.78815460    1000.00000000  3
  1 2178      92.62166595    1000.00000000  3
  1 2180      92.37626648    1000.00000000  3
  1 2183      92.14665985    1000.00000000  3
  1 2185      91.85453033    1000.00000000  3
  1 2190      90.46047974    1000.00000000  3
  1 2191      90.74297333    1000.00000000  3
  1 2193      90.68501282    1000.00000000  3
  1 2196      90.29386902    1000.00000000  3
  1 2199      90.96051025    1000.00000000  3
  1 2200      90.07701111    1000.00000000  3
  1 2202      90.59310913    1000.00000000  3
  1 2207      90.82277679    1000.00000000  3
  1 2214      90.06117249    1000.00000000  3
  1 2216      89.72788239    1000.00000000  3
  1 2219      89.56758881    1000.00000000  3
  1 2220      91.08982849    1000.00000000  3
  1 2222      90.95513153    1000.00000000  3
  1 2238      86.42504883    1000.00000000  3
  1 2239      85.75097656    1000.00000000  3
  1 2242      85.61947632    1000.00000000  3
  1 2243      85.50241852    1000.00000000  3
  1 2250      85.22930145    1000.00000000  3
  1 2251      85.57999420    1000.00000000  3
  1 2254      85.84234619    1000.00000000  3
  1 2429      96.93178558    1000.00000000  3
  1 2430      97.05606842    1000.00000000  3
  1 2432      96.69277191    1000.00000000  3
  1 2435      96.67712402    1000.00000000  3
  1 2436      96.80047607    1000.00000000  3
  1 2449      93.87799835    1000.00000000  3
  1 2450      92.17015839    1000.00000000  3
  1 2451      93.28630829    1000.00000000  3
  1 2454      92.74793243    1000.00000000  3
  1 2456      92.35603333    1000.00000000  3
  1 2463      93.18731689    1000.00000000  3
  1 2465      92.86986542    1000.00000000  3
  1 2466      92.91248322    1000.00000000  3
  1 2471      92.90560150    1000.00000000  3
  1 2472      93.38376617    1000.00000000  3
  1 2473      93.26101685    1000.00000000  3
  1 2484      90.28367615    1000.00000000  3
  1 2486      89.77394867    1000.00000000  3
  1 2489      89.15487671    1000.00000000  3
  1 2491      88.97657013    1000.00000000  3
  1 2498      89.38697052    1000.00000000  3
  1 2501      88.89472961    1000.00000000  3
  1 2503      88.74118805    1000.00000000  3
  1 2506      89.22682190    1000.00000000  3
  1 2507      88.41437531    1000.00000000  3
  1 2509      88.75275421    1000.00000000  3
  1 2516      89.03417969    1000.00000000  3
  1 2525      88.15918732    1000.00000000  3
  1 2528      86.42488098    1000.00000000  3
  1 2530      86.12651062    1000.00000000  3
  1 2532      86.79183960    1000.00000000  3
  1 2533      86.37104034    1000.00000000  3
  1 2534      86.47153473    1000.00000000  3
  1 2536      87.06861877    1000.00000000  3
  1 2544      86.92293549    1000.00000000  3
  1 2546      86.65032959    1000.00000000  3
  1 2547      86.79050446    1000.00000000  3
  1 2551      87.08755493    1000.00000000  3
  1 2552      86.91584778    1000.00000000  3
  1 2553      86.98997498    1000.00000000  3
  1 2561      86.68083191    1000.00000000  3
  1 2562      85.74175262    1000.00000000  3
  1 2567      84.87522125    1000.00000000  3
  1 2569      84.95059967    1000.00000000  3
  1 2570      84.52828217    1000.00000000  3
  1 2573      84.98531342    1000.00000000  3
  1 2576      84.31005859    1000.00000000  3
  1 2577      84.54183960    1000.00000000  3
  1 2579      84.35810089    1000.00000000  3
  1 2589      84.51873779    1000.00000000  3
  1 2590      84.69918823    1000.00000000  3
  1 2597      84.46475983    1000.00000000  3
  1 2598      84.09183502    1000.00000000  3
  1 2600      84.28419495    1000.00000000  3
  1 2603      83.94996643    1000.00000000  3
  1 2604      83.80719757    1000.00000000  3
  1 2609      83.65402222    1000.00000000  3
  1 2610      83.60797882    1000.00000000  3
  1 2613      83.64704132    1000.00000000  3
  1 2623      83.41536713    1000.00000000  3
  1 2625      83.69917297    1000.00000000  3
  1 2626      82.87338257    1000.00000000  3
  1 2627      82.79166412    1000.00000000  3
  1 2628      82.86293793    1000.00000000  3
  1 2629      82.50657654    1000.00000000  3
  1 2634      82.21463776    1000.00000000  3
  1 2635      82.33363342    1000.00000000  3
  1 2636      82.08522797    1000.00000000  3
  1 2637      81.91346741    1000.00000000  3
  1 2638      82.43247223    1000.00000000  3
  1 2647      81.99359894    1000.00000000  3
  1 2648      81.90988159    1000.00000000  3
  1 2651      81.83503723    1000.00000000  3
  1 2652      81.67222595    1000.00000000  3
  1 2657      81.12914276    1000.00000000  3
  1 2658      81.22020721    1000.00000000  3
  1 2660      81.43170929    1000.00000000  3
  1 2663      81.06340790    1000.00000000  3
  1 2664      80.75827026    1000.00000000  3
  1 2671      81.81497955    1000.00000000  3
  1 2674      80.66872406    1000.00000000  3
  1 2675      80.52188873    1000.00000000  3
  1 2678      80.77993011    1000.00000000  3
  1 2680      80.56281281    1000.00000000  3
  1 2681      80.21588135    1000.00000000  3
  1 2686      80.26549530    1000.00000000  3
  1 2687      80.31232452    1000.00000000  3
  1 2690      80.32213593    1000.00000000  3
  1 2697      80.19546509    1000.00000000  3
  1 2698      80.03573608    1000.00000000  3
  1 2708      79.88198090    1000.00000000  3
  1 2711      79.66866302    1000.00000000  3
  1 2712      79.43376923    1000.00000000  3
  1 2717      79.19698334    1000.00000000  3
  1 2718      79.39548492    1000.00000000  3
  1 2719      78.99341583    1000.00000000  3
  1 2720      78.95640564    1000.00000000  3
  1 2722      78.66686249    1000.00000000  3
  1 2723      78.76961517    1000.00000000  3
  1 2726      79.73670959    1000.00000000  3
  1 2727      79.72031403    1000.00000000  3
  1 2738      78.76328278    1000.00000000  3
  1 2739      78.37669373    1000.00000000  3
  1 2740      78.43695068    1000.00000000  3
  1 2741      78.14183044    1000.00000000  3
  1 2742      78.00662231    1000.00000000  3
  1 2747      77.85672760    1000.00000000  3
  1 2748      77.76968384    1000.00000000  3
  1 2751      77.65932465    1000.00000000  3
  1 2752      77.51130676    1000.00000000  3
  1 2762      77.22603607    1000.00000000  3
  1 2763      77.05780792    1000.00000000  3
  1 3058      96.65835571    1000.00000000  3
  1 3069      96.34697723    1000.00000000  3
  1 3070      96.41296387    1000.00000000  3
  1 3072      96.19615173    1000.00000000  3
  1 3075      96.29763031    1000.00000000  3
  1 3081      95.99910736    1000.00000000  3
  1 3083      96.35601807    1000.00000000  3
  1 3084      95.88799286    1000.00000000  3
  1 3091      96.17773438    1000.00000000  3
  1 3093      96.49055481    1000.00000000  3
  1 3104      94.14205170    1000.00000000  3
  1 3106      93.95143890    1000.00000000  3
  1 3109      95.85224152    1000.00000000  3
  1 3112      95.54798889    1000.00000000  3
  1 3114      95.29113007    1000.00000000  3
  1 3115      95.84571838    1000.00000000  3
  1 3118      94.23834229    1000.00000000  3
  1 3119      94.11009979    1000.00000000  3
  1 3120      94.02404785    1000.00000000  3
  1 3123      94.37925720    1000.00000000  3
  1 3125      94.26238251    1000.00000000  3
  1 3126      94.39561462    1000.00000000  3
  1 3130      93.32517242    1000.00000000  3
  1 3132      93.75753784    1000.00000000  3
  1 3135      94.24893188    1000.00000000  3
  1 3153      88.64907074    1000.00000000  3
  1 3154      87.88159943    1000.00000000  3
  1 3156      88.81358337    1000.00000000  3
  1 3159      88.32791138    1000.00000000  3
  1 3160      88.10182953    1000.00000000  3
  1 3164      87.60337067    1000.00000000  3
  1 3165      87.67176056    1000.00000000  3
  1 3166      87.81090546    1000.00000000  3
  1 3167      87.22875214    1000.00000000  3
  1 3168      87.41751099    1000.00000000  3
  1 3605      95.10905457    1000.00000000  3
  1 3607      95.31861115    1000.00000000  3
  1 3610      95.20740509    1000.00000000  3
  1 3613      94.97933960    1000.00000000  3
  1 3614      94.65171814    1000.00000000  3
  1 3617      94.44202423    1000.00000000  3
  1 3618      95.78227234    1000.00000000  3
  1 3619      95.07302094    1000.00000000  3
  1 3622      95.75080872    1000.00000000  3
