  1 2830     140.94892883    28.4202678  stream-1
  1 2842     139.41760254    32.3010273  stream-1
  1 2843     138.98307800    33.3338071  stream-1
  1 2845     139.76692200    30.7791457  stream-1
  1 2846     140.12881470    29.3289659  stream-1
  1 2847     139.87527466    30.2667101  stream-1
  1 2848     139.36170959    31.7632627  stream-1
  1 2854     138.29095459    34.4669473  stream-1
  1 2855     137.97273254    35.6852638  stream-1
  1 2856     137.55987549    37.2474980  stream-1
  1 2857     137.21325684    38.5640687  stream-1
  1 2858     137.65238953    36.9466096  stream-1
  1 2870     136.57574463    39.9272058  stream-1
  1 2871     136.24092102    40.8506963  stream-1
  1 2874     135.90707397    41.7527835  stream-1
  1 2875     135.57432556    42.6747915  stream-1
  1 2880     134.91270447    43.6171511  stream-1
  1 2881     134.57838440    44.5885778  stream-1
  1 2884     134.23027039    45.5677630  stream-1
  1 2885     133.87829590    46.5684450  stream-1
  1 2898     133.16310120    47.5910653  stream-1
  1 2899     132.82168579    48.6361977  stream-1
  1 2902     132.48745728    49.6923120  stream-1
  1 2904     132.61286926    49.8322390  stream-1
  1 2905     132.24163818    50.9234155  stream-1
  1 2910     131.51754761    52.0384701  stream-1
  1 2911     131.16175842    53.1779535  stream-1
  1 2914     130.80834961    54.3423940  stream-1
  1 2915     130.45629883    55.0000000  stream-1
  1 2925     129.78453064    55.0000000  stream-1
  1 2926     129.45254517    55.0000000  stream-1
  1 2929     129.12196350    70.0000000  stream-1
  1 2932     129.15356445    70.0000000  stream-1
  1 2933     128.80433655    70.0000000  stream-1
  1 2938     128.09814453    70.6294481  stream-1
  1 2939     127.74836731    71.5660973  stream-1
  1 2942     127.42294312    72.5151882  stream-1
  1 2943     127.09448242    73.4768552  stream-1
  1 2950     126.43228149    74.4512910  stream-1
  1 2951     126.12805176    75.4265088  stream-1
  1 2953     126.11300659    75.5964699  stream-1
  1 2956     125.71177673    76.5952023  stream-1
  1 2957     125.38627625    77.6071901  stream-1
  1 2962     124.74716187    78.6325370  stream-1
  1 2963     124.42984009    79.6714218  stream-1
  1 2966     124.11621094    80.7171483  stream-1
  1 3010     106.08220673    106.514120  stream-1
  1 3011     104.91427612    106.947668  stream-1
  1 3015     103.56811523    108.387921  stream-1
  1 3017     102.69724274    109.581308  stream-1
  1 3018     102.99445343    108.854034  stream-1
  1 3019     102.89657593    109.322138  stream-1
  1 3020     103.82995605    107.668528  stream-1
  1 3021     103.58644104    108.131547  stream-1
  1 3022     104.31425476    107.383038  stream-1
  1 3030     101.16681671    111.499932  stream-1
  1 3031     100.76856232    112.140602  stream-1
  1 3036     100.05654144    112.784928  stream-1
  1 3037      99.72547150    113.464756  stream-1
  1 3040      99.40077209    114.138596  stream-1
  1 3041      99.15164185    114.816422  stream-1
  1 3042     102.18315887    110.056708  stream-1
  1 3043     102.10232544    110.689088  stream-1
  1 3046     102.05285645    111.325157  stream-1
  1 3062      97.68768311    116.239936  stream-1
  1 3063      98.71369171    115.498273  stream-1
  1 3064      98.47105408    116.184107  stream-1
  1 3065      97.54783630    116.908300  stream-1
  1 3066      97.51295471    117.604823  stream-1
  1 3077      96.86720276    118.305540  stream-1
  1 3078      96.47791290    119.010405  stream-1
  1 3081      95.99910736    118.517856  stream-1
  1 3261     157.20172119    10.0000000  stream-1
  1 3264     156.84829712    10.1390782  stream-1
  1 3265     156.52485657    10.3818829  stream-1
  1 3269     155.48519897    10.9100370  stream-1
  1 3270     155.87597656    10.6305023  stream-1
  1 3271     155.54989624    10.8850754  stream-1
  1 3272     155.12814331    11.1713040  stream-1
  1 3273     154.77615356    11.4348080  stream-1
  1 3286     154.10334778    11.7096419  stream-1
  1 3287     153.77345276    11.9910808  stream-1
  1 3290     153.44372559    12.2792846  stream-1
  1 3291     153.11407471    12.5744141  stream-1
  1 3296     152.43653870    12.8729733  stream-1
  1 3297     152.09403992    13.1823301  stream-1
  1 3300     151.75161743    13.4991212  stream-1
  1 3301     151.40982056    13.8235266  stream-1
  1 3314     150.75207520    14.1502632  stream-1
  1 3315     150.42671204    14.4892338  stream-1
  1 3317     150.49763489    14.5213674  stream-1
  1 3320     150.14834595    14.8692236  stream-1
  1 3321     149.79924011    15.2254058  stream-1
  1 3326     149.10162354    15.5901316  stream-1
  1 3327     148.75845337    15.9568247  stream-1
  1 3330     148.42298889    16.3407479  stream-1
  1 3331     148.08755493    16.7338960  stream-1
  1 3344     144.71214294    20.6197198  stream-1
  1 3347     147.41751099    17.1365060  stream-1
  1 3348     147.08271790    17.5488131  stream-1
  1 3350     146.39512634    18.4633184  stream-1
  1 3351     146.74858093    17.9475596  stream-1
  1 3352     146.42578125    18.3691780  stream-1
  1 3355     145.68450928    18.8970502  stream-1
  1 3356     145.36201477    19.3409660  stream-1
  1 3359     145.03918457    19.7953135  stream-1
  1 3360     144.71365356    20.3300668  stream-1
  1 3369     142.86938477    24.2514095  stream-1
  1 3371     143.59378052    22.3289926  stream-1
  1 3372     143.91931152    21.3060982  stream-1
  1 3373     143.55433655    22.0153356  stream-1
  1 3374     143.19950867    23.0722839  stream-1
  1 3375     142.81011963    23.8135075  stream-1
  1 3379     141.66189575    26.2594954  stream-1
  1 3380     142.06065369    25.0066121  stream-1
  1 3381     141.77708435    25.7853292  stream-1
  1 3382     141.35147095    27.0772309  stream-1
  1 3383     141.20858765    27.9204280  stream-1
  1 3423     124.18763733    80.9163258  stream-1
  1 3424     123.81753540    81.9822441  stream-1
  1 3431     123.07929993    83.0621477  stream-1
  1 3432     122.70878601    84.1563750  stream-1
  1 3435     122.33508301    85.0000000  stream-1
  1 3436     121.95627594    85.0000000  stream-1
  1 3441     121.42705536    85.0000000  stream-1
  1 3443     121.40378571    85.0000000  stream-1
  1 3444     121.02072144    70.0000000  stream-1
  1 3447     120.63170624    70.0000000  stream-1
  1 3448     120.25042725    70.4554609  stream-1
  1 3455     119.90151215    71.4123424  stream-1
  1 3456     119.61042786    72.3822363  stream-1
  1 3459     119.32991791    72.5705675  stream-1
  1 3462     118.94729614    73.5561631  stream-1
  1 3463     118.55519104    74.5551637  stream-1
  1 3468     117.96264648    75.5691540  stream-1
  1 3469     117.66700745    76.5981647  stream-1
  1 3472     117.36540985    77.6411921  stream-1
  1 3474     117.26510620    77.8285049  stream-1
  1 3475     116.87754822    78.8882832  stream-1
  1 3488     116.20101166    79.9625085  stream-1
  1 3489     115.89495850    80.0000000  stream-1
  1 3492     115.58674622    80.0000000  stream-1
  1 3493     115.27692413    90.0000000  stream-1
  1 3498     114.65421295    90.0000000  stream-1
  1 3499     114.33720398    90.0715568  stream-1
  1 3506     114.44267273    90.1676045  stream-1
  1 3509     114.08169556    91.1450541  stream-1
  1 3510     113.71822357    92.1331396  stream-1
  1 3523     112.98375702    93.1318400  stream-1
  1 3524     112.61254120    94.1414606  stream-1
  1 3527     112.24895477    95.1639650  stream-1
  1 3528     111.90277100    96.2000901  stream-1
  1 3533     111.20854187    97.2474964  stream-1
  1 3534     110.86061096    98.3063402  stream-1
  1 3537     110.51216888    99.3767134  stream-1
  1 3538     110.18052673    100.219014  stream-1
  1 3549     108.97172546    102.252951  stream-1
  1 3554     107.76271057    104.626251  stream-1
  1 3556     107.89952850    103.486676  stream-1
  1 3557     107.86071777    102.800458  stream-1
  1 3558     107.41826630    103.243302  stream-1
  1 3559     107.17255402    103.932534  stream-1
  1 3560     106.71498108    104.380211  stream-1
  1 3563     109.65287781    100.706703  stream-1
  1 3564     109.39402771    101.196891  stream-1
  1 3567     109.13790894    101.689328  stream-1
  1 3568     108.88316345    102.184186  stream-1
  1 3578     105.41850281    105.791837  stream-1
  1 3579     105.93222809    105.074436  stream-1
  1 3580     105.84342957    105.502153  stream-1
  1 3581     105.46980286    106.222459  stream-1
  1 1270     155.52236938    125.288202  stream-2
  1 1272     154.78224182    122.573646  stream-2
  1 1273     155.20268250    124.159265  stream-2
  1 1274     154.88928223    122.964619  stream-2
  1 1277     156.68557739    128.145824  stream-2
  1 1278     157.09468079    129.971676  stream-2
  1 1279     156.74327087    128.883933  stream-2
  1 1282     155.97956848    127.073379  stream-2
  1 1283     155.60957336    126.009919  stream-2
  1 1291     154.18037415    121.394309  stream-2
  1 1292     153.88221741    120.226207  stream-2
  1 1295     153.56172180    118.092900  stream-2
  1 1296     153.23962402    115.959138  stream-2
  1 1301     152.58436584    113.863929  stream-2
  1 1302     152.25610352    111.806610  stream-2
  1 1305     151.87274170    109.948055  stream-2
  1 1307     151.93804932    109.228532  stream-2
  1 1308     151.60000610    107.381868  stream-2
  1 1321     150.83131409    105.566406  stream-2
  1 1322     150.44529724    103.932334  stream-2
  1 1329     150.54914856    102.981653  stream-2
  1 1332     150.18405151    101.393213  stream-2
  1 1334     150.17329407    100.424239  stream-2
  1 1335     149.80624390    98.8752195  stream-2
  1 1340     149.00823975    97.3502396  stream-2
  1 1343     149.05787659    96.4027328  stream-2
  1 1344     148.65611267    94.9370690  stream-2
  1 1347     148.24130249    93.4936450  stream-2
  1 1349     148.29792786    92.5674676  stream-2
  1 1350     147.88652039    91.1601232  stream-2
  1 1462     147.91566467    90.2569510  stream-2
  1 1469     147.22166443    89.3936848  stream-2
  1 1470     146.88406372    88.5422808  stream-2
  1 1473     146.53788757    87.6989620  stream-2
  1 1475     146.56040955    87.4513242  stream-2
  1 1476     146.22366333    86.6184138  stream-2
  1 1481     145.57244873    85.8256390  stream-2
  1 1482     145.25161743    84.9758931  stream-2
  1 1485     144.93038940    84.1345373  stream-2
  1 1486     144.60864258    83.3015227  stream-2
  1 1493     143.96855164    82.4095891  stream-2
  1 1494     143.64738464    81.5946582  stream-2
  1 1497     143.32658386    80.7878132  stream-2
  1 1498     143.00633240    79.9329580  stream-2
  1 1503     142.16169739    79.4535621  stream-2
  1 1506     142.15988159    78.9730841  stream-2
  1 1507     141.72332764    78.4994203  stream-2
  1 1509     141.71112061    78.0247073  stream-2
  1 1512     141.28555298    77.5567341  stream-2
  1 1516     141.10411072    77.0945688  stream-2
  1 1518     140.95037842    76.4846275  stream-2
  1 1521     140.82901001    75.8795119  stream-2
  1 1522     140.34501648    75.6412599  stream-2
  1 1524     140.21723938    75.0428166  stream-2
  1 1645     140.14982605    74.5090405  stream-2
  1 1652     139.28143311    74.1628938  stream-2
  1 1654     138.95700073    73.6336167  stream-2
  1 1655     138.74923706    73.2914987  stream-2
  1 1658     138.48187256    72.7684684  stream-2
  1 1660     138.38284302    72.3473790  stream-2
  1 1663     137.99647522    71.8693820  stream-2
  1 1664     137.73205566    71.2963726  stream-2
  1 1669     137.15771484    70.7279381  stream-2
  1 1676     137.05950928    70.5172002  stream-2
  1 1677     136.67478943    69.9612077  stream-2
  1 1680     136.36970520    69.2835735  stream-2
  1 1681     136.06427002    68.6124966  stream-2
  1 1691     135.16586304    67.1904755  stream-2
  1 1694     134.81555176    66.5486627  stream-2
  1 1695     134.46473694    65.9130220  stream-2
  1 1700     133.75016785    65.2833866  stream-2
  1 1701     133.38543701    64.6513996  stream-2
  1 1703     133.04258728    63.3218959  stream-2
  1 1704     133.07005310    64.0284934  stream-2
  1 1705     132.76594543    63.4115257  stream-2
  1 1706     135.45285034    67.9478818  stream-2
  1 1707     135.14935303    67.3184508  stream-2
  1 1719     132.29849243    62.7117913  stream-2
  1 1720     131.93713379    62.1275743  stream-2
  1 1723     131.60272217    61.5228716  stream-2
  1 1724     131.27137756    60.9240629  stream-2
  1 1729     130.62205505    60.3310729  stream-2
  1 1730     130.32788086    59.7580198  stream-2
  1 1732     130.20785522    59.5811244  stream-2
  1 1735     129.83924866    58.9174057  stream-2
  1 1736     129.56266785    58.2610456  stream-2
  1 1749     129.04017639    57.6120554  stream-2
  1 1750     128.79907227    56.9860596  stream-2
  1 1757     128.61218262    56.7869570  stream-2
  1 1760     128.24185181    56.1631002  stream-2
  1 1761     127.87338257    55.5460982  stream-2
  1 1766     127.29563904    54.9358536  stream-2
  1 1768     127.25073242    54.7717618  stream-2
  1 1769     126.90371704    54.1588383  stream-2
  1 1772     126.55737305    53.5471407  stream-2
  1 1773     126.21058655    52.9423519  stream-2
  1 1786     125.65942383    52.3111802  stream-2
  1 1787     125.34574890    51.7085594  stream-2
  1 1790     125.03036499    51.1129218  stream-2
  1 1791     124.71384430    50.5241264  stream-2
  1 1796     124.03490448    49.9000140  stream-2
  1 1797     123.63904572    49.3484865  stream-2
  1 1800     123.34184265    48.8030828  stream-2
  1 1801     123.05781555    48.2636990  stream-2
  1 1810     121.71968079    45.9114414  stream-2
  1 1815     120.83704376    45.4212279  stream-2
  1 1816     120.33828735    44.9360287  stream-2
  1 1817     120.51295471    44.2938567  stream-2
  1 1818     119.99619293    43.8206751  stream-2
  1 1819     120.05545807    44.4559866  stream-2
  1 1821     122.35668182    47.5883789  stream-2
  1 1822     122.04370880    47.0801933  stream-2
  1 1823     122.51847076    47.7631514  stream-2
  1 1825     121.79590607    46.5774453  stream-2
  1 1826     121.55549622    46.0800710  stream-2
  1 1838     118.73722076    42.2914276  stream-2
  1 1839     118.18402863    41.8249871  stream-2
  1 1840     118.99983978    43.3418647  stream-2
  1 1841     118.73526001    42.8633006  stream-2
  1 1844     118.48886871    42.3900163  stream-2
  1 1850     117.45323944    41.3764089  stream-2
  1 1851     117.13285065    40.9097056  stream-2
  1 1854     116.81497955    40.4482594  stream-2
  1 1855     116.49938202    40.0000000  stream-2
  1 1865     116.06570435    39.4785115  stream-2
  1 1868     115.83982086    39.3161636  stream-2
  1 1869     115.40920258    38.7705392  stream-2
  1 1872     115.23652649    38.2324821  stream-2
  1 1873     115.09064484    37.7715245  stream-2
  1 1875     114.84571838    37.4735929  stream-2
  1 1880     114.56913757    37.0221812  stream-2
  1 1887     114.23275757    36.7239709  stream-2
  1 1888     113.70044708    36.2815874  stream-2
  1 1891     113.37372589    35.8445450  stream-2
  1 1893     113.36968994    35.5129359  stream-2
  1 1894     112.90527344    35.1673638  stream-2
  1 1897     112.90147400    34.7895724  stream-2
  1 1904     112.52159882    34.4510134  stream-2
  1 1906     112.03302002    34.0809175  stream-2
  1 1907     112.04551697    33.7492628  stream-2
  1 2031     111.38140106    33.3840295  stream-2
  1 2033     111.68189240    33.0000511  stream-2
  1 2036     110.77936554    32.7090590  stream-2
  1 2039     111.11810303    32.3328333  stream-2
  1 2040     110.37083435    32.0477417  stream-2
  1 2042     110.52101898    31.6900705  stream-2
  1 2047     109.83957672    31.3817934  stream-2
  1 2054     109.47418213    31.0445585  stream-2
  1 2055     109.04861450    30.7425830  stream-2
  1 2057     108.94142151    30.4122190  stream-2
  1 2060     108.60946655    31.0229812  stream-2
  1 2061     108.32830048    34.7216676  stream-2
  1 2063     108.59603882    30.7583353  stream-2
  1 2064     108.28948975    34.4254728  stream-2
  1 2073     106.86313629    62.2340330  stream-2
  1 2076     105.80738831    72.1218441  stream-2
  1 2077     105.36038208    78.5194764  stream-2
  1 2078     105.41987610    67.3984021  stream-2
  1 2080     104.90682220    87.7048637  stream-2
  1 2081     104.44629669    97.9649106  stream-2
  1 2086     107.59757233    38.8613350  stream-2
  1 2087     107.23598480    43.4945442  stream-2
  1 2088     106.96956635    53.0455570  stream-2
  1 2089     106.31630707    57.4474327  stream-2
  1 2090     106.76570129    48.9656760  stream-2
  1 2100     103.73176575    109.949800  stream-2
  1 2101     103.55423737    109.457137  stream-2
  1 2104     103.45330811    108.966712  stream-2
  1 2106     103.13768005    108.798686  stream-2
  1 2107     102.71176910    108.311217  stream-2
  1 2112     102.47946930    107.825929  stream-2
  1 2113     102.54695892    107.418576  stream-2
  1 2120     101.72594452    107.126717  stream-2
  1 2123     101.32280731    106.710624  stream-2
  1 2125     101.38003540    106.420697  stream-2
  1 2126     100.87449646    106.007302  stream-2
  1 2129     101.02288818    105.678390  stream-2
  1 2136     100.39961243    105.305346  stream-2
  1 2137     100.78137970    104.933576  stream-2
  1 2139      99.92277527    104.601608  stream-2
  1 2142     100.41922760    104.232308  stream-2
  1 2392      99.17133331    103.902602  stream-2
  1 2393      98.92664337    103.538816  stream-2
  1 2395      98.69334412    103.206898  stream-2
  1 2400      99.37758636    102.846469  stream-2
  1 2403      97.86891937    102.516856  stream-2
  1 2404      98.89804840    102.158787  stream-2
  1 2406      97.43084717    101.803632  stream-2
  1 2409      98.41815948    101.509272  stream-2
  1 2413      96.99398804    101.127977  stream-2
  1 2414      96.91487122    100.835605  stream-2
  1 2416      96.53025055    100.456777  stream-2
  1 2419      96.99343872    100.079511  stream-2
  1 2429      96.93178558    101.136840  stream-2
  1 2162      92.95631409    10.8629171  stream-3
  1 2164      91.04825592    10.0000000  stream-3
  1 2165      91.45989227    10.3379261  stream-3
  1 2166      91.30890656    10.1915156  stream-3
  1 2167      90.90287781    10.3532287  stream-3
  1 2168      90.85562134    10.8603751  stream-3
  1 2171      91.30867767    10.5403573  stream-3
  1 2173      91.78815460    10.7962843  stream-3
  1 2178      92.62166595    11.1187010  stream-3
  1 2180      92.37626648    11.3805044  stream-3
  1 2183      92.14665985    11.6527301  stream-3
  1 2185      91.85453033    11.9322492  stream-3
  1 2190      90.46047974    11.3622769  stream-3
  1 2191      90.74297333    11.8490775  stream-3
  1 2193      90.68501282    12.1269381  stream-3
  1 2196      90.29386902    12.6464954  stream-3
  1 2199      90.96051025    12.9430608  stream-3
  1 2200      90.07701111    13.4953515  stream-3
  1 2202      90.59310913    14.0502297  stream-3
  1 2207      90.82277679    14.4196609  stream-3
  1 2214      90.06117249    15.0187824  stream-3
  1 2216      89.72788239    15.7402424  stream-3
  1 2219      89.56758881    16.4963536  stream-3
  1 2220      91.08982849    16.6586128  stream-3
  1 2222      90.95513153    17.4316279  stream-3
  1 2238      86.42504883    48.2583656  stream-3
  1 2239      85.75097656    49.4750313  stream-3
  1 2242      85.61947632    50.8510964  stream-3
  1 2243      85.50241852    52.0646193  stream-3
  1 2250      85.22930145    53.3071408  stream-3
  1 2251      85.57999420    54.6088429  stream-3
  1 2254      85.84234619    55.8282226  stream-3
  1 2429      96.93178558    101.136840  stream-3
  1 2430      97.05606842    103.187098  stream-3
  1 2432      96.69277191    103.987713  stream-3
  1 2435      96.67712402    106.095757  stream-3
  1 2436      96.80047607    108.162203  stream-3
  1 2449      93.87799835    12.2698490  stream-3
  1 2450      92.17015839    12.2184739  stream-3
  1 2451      93.28630829    12.5682860  stream-3
  1 2454      92.74793243    12.8669133  stream-3
  1 2456      92.35603333    13.1726361  stream-3
  1 2463      93.18731689    13.5698869  stream-3
  1 2465      92.86986542    13.8864602  stream-3
  1 2466      92.91248322    13.4764929  stream-3
  1 2471      92.90560150    14.2093958  stream-3
  1 2472      93.38376617    14.6537369  stream-3
  1 2473      93.26101685    14.5350064  stream-3
  1 2484      90.28367615    18.2805850  stream-3
  1 2486      89.77394867    19.1708867  stream-3
  1 2489      89.15487671    20.1062675  stream-3
  1 2491      88.97657013    21.0545465  stream-3
  1 2498      89.38697052    22.0475466  stream-3
  1 2501      88.89472961    22.3397634  stream-3
  1 2503      88.74118805    23.4009186  stream-3
  1 2506      89.22682190    24.3757880  stream-3
  1 2507      88.41437531    24.9960042  stream-3
  1 2509      88.75275421    26.0373355  stream-3
  1 2516      89.03417969    26.9556337  stream-3
  1 2525      88.15918732    36.2487607  stream-3
  1 2528      86.42488098    46.4040896  stream-3
  1 2530      86.12651062    45.2504737  stream-3
  1 2532      86.79183960    43.4876013  stream-3
  1 2533      86.37104034    44.0251724  stream-3
  1 2534      86.47153473    42.3087953  stream-3
  1 2536      87.06861877    47.4511303  stream-3
  1 2544      86.92293549    40.6941610  stream-3
  1 2546      86.65032959    39.5687930  stream-3
  1 2547      86.79050446    41.1387566  stream-3
  1 2551      87.08755493    37.8191306  stream-3
  1 2552      86.91584778    38.5671936  stream-3
  1 2553      86.98997498    36.9657661  stream-3
  1 2561      86.68083191    56.2922661  stream-3
  1 2562      85.74175262    57.5492429  stream-3
  1 2567      84.87522125    58.7280216  stream-3
  1 2569      84.95059967    59.5253735  stream-3
  1 2570      84.52828217    60.6883147  stream-3
  1 2573      84.98531342    61.5122582  stream-3
  1 2576      84.31005859    62.7152684  stream-3
  1 2577      84.54183960    63.9311756  stream-3
  1 2579      84.35810089    64.8125895  stream-3
  1 2589      84.51873779    66.1799042  stream-3
  1 2590      84.69918823    67.6713204  stream-3
  1 2597      84.46475983    74.2792188  stream-3
  1 2598      84.09183502    75.3375625  stream-3
  1 2600      84.28419495    68.1956987  stream-3
  1 2603      83.94996643    69.7325261  stream-3
  1 2604      83.80719757    70.8552791  stream-3
  1 2609      83.65402222    71.9069218  stream-3
  1 2610      83.60797882    72.9285891  stream-3
  1 2613      83.64704132    73.9676860  stream-3
  1 2623      83.41536713    80.5054806  stream-3
  1 2625      83.69917297    77.8911011  stream-3
  1 2626      82.87338257    76.3987810  stream-3
  1 2627      82.79166412    77.4441838  stream-3
  1 2628      82.86293793    78.9569324  stream-3
  1 2629      82.50657654    80.0333935  stream-3
  1 2634      82.21463776    81.6026432  stream-3
  1 2635      82.33363342    82.7147806  stream-3
  1 2636      82.08522797    84.2870341  stream-3
  1 2637      81.91346741    85.4872169  stream-3
  1 2638      82.43247223    83.9310251  stream-3
  1 2647      81.99359894    86.7618708  stream-3
  1 2648      81.90988159    88.0514609  stream-3
  1 2651      81.83503723    89.3602505  stream-3
  1 2652      81.67222595    90.7068266  stream-3
  1 2657      81.12914276    91.9516017  stream-3
  1 2658      81.22020721    93.2134524  stream-3
  1 2660      81.43170929    93.6224255  stream-3
  1 2663      81.06340790    94.8563862  stream-3
  1 2664      80.75827026    96.1065457  stream-3
  1 2671      81.81497955    97.3732066  stream-3
  1 2674      80.66872406    97.8729232  stream-3
  1 2675      80.52188873    99.1573691  stream-3
  1 2678      80.77993011    100.458713  stream-3
  1 2680      80.56281281    100.981987  stream-3
  1 2681      80.21588135    102.274349  stream-3
  1 2686      80.26549530    103.658536  stream-3
  1 2687      80.31232452    105.061447  stream-3
  1 2690      80.32213593    106.638494  stream-3
  1 2697      80.19546509    106.784175  stream-3
  1 2698      80.03573608    108.286339  stream-3
  1 2708      79.88198090    110.996827  stream-3
  1 2711      79.66866302    112.011096  stream-3
  1 2712      79.43376923    113.052115  stream-3
  1 2717      79.19698334    117.844105  stream-3
  1 2718      79.39548492    114.442981  stream-3
  1 2719      78.99341583    115.421996  stream-3
  1 2720      78.95640564    114.019271  stream-3
  1 2722      78.66686249    116.407464  stream-3
  1 2723      78.76961517    117.399833  stream-3
  1 2726      79.73670959    109.809586  stream-3
  1 2727      79.72031403    110.787150  stream-3
  1 2738      78.76328278    120.224846  stream-3
  1 2739      78.37669373    118.848670  stream-3
  1 2740      78.43695068    119.948252  stream-3
  1 2741      78.14183044    121.311918  stream-3
  1 2742      78.00662231    122.382807  stream-3
  1 2747      77.85672760    123.523428  stream-3
  1 2748      77.76968384    124.674663  stream-3
  1 2751      77.65932465    125.835502  stream-3
  1 2752      77.51130676    127.007323  stream-3
  1 2762      77.22603607    128.190113  stream-3
  1 2763      77.05780792    129.365754  stream-3
  1 3058      96.65835571    109.371317  stream-3
  1 3069      96.34697723    111.403525  stream-3
  1 3070      96.41296387    113.095351  stream-3
  1 3072      96.19615173    114.982511  stream-3
  1 3075      96.29763031    116.572718  stream-3
  1 3081      95.99910736    118.517856  stream-3
  1 3083      96.35601807    119.715947  stream-3
  1 3084      95.88799286    102.055812  stream-3
  1 3091      96.17773438    84.5257296  stream-3
  1 3093      96.49055481    70.0067559  stream-3
  1 3104      94.14205170    15.8177875  stream-3
  1 3106      93.95143890    16.1759172  stream-3
  1 3109      95.85224152    64.2423005  stream-3
  1 3112      95.54798889    53.1771056  stream-3
  1 3114      95.29113007    43.8892632  stream-3
  1 3115      95.84571838    40.6036239  stream-3
  1 3118      94.23834229    16.7024727  stream-3
  1 3119      94.11009979    16.5349122  stream-3
  1 3120      94.02404785    17.0716024  stream-3
  1 3123      94.37925720    17.6257198  stream-3
  1 3125      94.26238251    18.0293805  stream-3
  1 3126      94.39561462    17.4488936  stream-3
  1 3130      93.32517242    14.9895296  stream-3
  1 3132      93.75753784    15.3313410  stream-3
  1 3135      94.24893188    15.6784570  stream-3
  1 3153      88.64907074    27.7289864  stream-3
  1 3154      87.88159943    28.8229182  stream-3
  1 3156      88.81358337    29.6498431  stream-3
  1 3159      88.32791138    30.4298308  stream-3
  1 3160      88.10182953    31.3552846  stream-3
  1 3164      87.60337067    33.5809425  stream-3
  1 3165      87.67176056    32.3088857  stream-3
  1 3166      87.81090546    33.1971902  stream-3
  1 3167      87.22875214    34.5273360  stream-3
  1 3168      87.41751099    35.5004032  stream-3
  1 3605      95.10905457    33.5118496  stream-3
  1 3607      95.31861115    28.1397000  stream-3
  1 3610      95.20740509    24.7949394  stream-3
  1 3613      94.97933960    21.0449018  stream-3
  1 3614      94.65171814    19.6717566  stream-3
  1 3617      94.44202423    18.6396478  stream-3
  1 3618      95.78227234    18.3974839  stream-3
  1 3619      95.07302094    19.0202102  stream-3
  1 3622      95.75080872    19.2682889  stream-3
