  1 2830     140.94892883    24.5637228  stream-1
  1 2842     139.41760254    26.4734889  stream-1
  1 2843     138.98307800    26.9653962  stream-1
  1 2845     139.76692200    25.7365611  stream-1
  1 2846     140.12881470    25.0201444  stream-1
  1 2847     139.87527466    25.4850401  stream-1
  1 2848     139.36170959    26.2147731  stream-1
  1 2854     138.29095459    27.4978809  stream-1
  1 2855     137.97273254    28.0623538  stream-1
  1 2856     137.55987549    28.7745897  stream-1
  1 2857     137.21325684    29.3652487  stream-1
  1 2858     137.65238953    28.6383885  stream-1
  1 2870     136.57574463    29.9680533  stream-1
  1 2871     136.24092102    30.1318854  stream-1
  1 2874     135.90707397    30.2693993  stream-1
  1 2875     135.57432556    30.4075409  stream-1
  1 2880     134.91270447    30.5463066  stream-1
  1 2881     134.57838440    30.6868895  stream-1
  1 2884     134.23027039    30.8261520  stream-1
  1 2885     133.87829590    30.9660670  stream-1
  1 2898     133.16310120    31.1066031  stream-1
  1 2899     132.82168579    31.2477747  stream-1
  1 2902     132.48745728    31.3880228  stream-1
  1 2904     132.61286926    31.4064185  stream-1
  1 2905     132.24163818    31.5485602  stream-1
  1 2910     131.51754761    31.6913265  stream-1
  1 2911     131.16175842    31.8347471  stream-1
  1 2914     130.80834961    31.9788209  stream-1
  1 2915     130.45629883    32.1235293  stream-1
  1 2925     129.78453064    32.2688650  stream-1
  1 2926     129.45254517    32.4148750  stream-1
  1 2929     129.12196350    32.5615420  stream-1
  1 2932     129.15356445    32.5808361  stream-1
  1 2933     128.80433655    32.7282474  stream-1
  1 2938     128.09814453    32.8768777  stream-1
  1 2939     127.74836731    33.0253056  stream-1
  1 2942     127.42294312    33.1744061  stream-1
  1 2943     127.09448242    33.3241735  stream-1
  1 2950     126.43228149    33.4746165  stream-1
  1 2951     126.12805176    33.6238933  stream-1
  1 2953     126.11300659    33.6497727  stream-1
  1 2956     125.71177673    33.8011256  stream-1
  1 2957     125.38627625    33.9531530  stream-1
  1 2962     124.74716187    34.1058705  stream-1
  1 2963     124.42984009    34.2592573  stream-1
  1 2966     124.11621094    34.4123580  stream-1
  1 3010     106.08220673    46.3688463  stream-1
  1 3011     104.91427612    46.8119688  stream-1
  1 3015     103.56811523    48.3012515  stream-1
  1 3017     102.69724274    49.5555627  stream-1
  1 3018     102.99445343    48.7889657  stream-1
  1 3019     102.89657593    49.2815998  stream-1
  1 3020     103.82995605    47.5540436  stream-1
  1 3021     103.58644104    48.0342130  stream-1
  1 3022     104.31425476    47.2593468  stream-1
  1 3030     101.16681671    51.4392700  stream-1
  1 3031     100.76856232    52.0605408  stream-1
  1 3036     100.05654144    52.6893050  stream-1
  1 3037      99.72547150    53.3569792  stream-1
  1 3040      99.40077209    54.0231006  stream-1
  1 3041      99.15164185    54.6975314  stream-1
  1 3042     102.18315887    50.0540264  stream-1
  1 3043     102.10232544    50.6585674  stream-1
  1 3046     102.05285645    51.2704314  stream-1
  1 3062      97.68768311    56.1281726  stream-1
  1 3063      98.71369171    55.3803819  stream-1
  1 3064      98.47105408    56.0717298  stream-1
  1 3065      97.54783630    56.8065214  stream-1
  1 3066      97.51295471    57.5180215  stream-1
  1 3077      96.86720276    58.2384520  stream-1
  1 3078      96.47791290    58.9678952  stream-1
  1 3081      95.99910736    85.2413109  stream-1
  1 3261     157.20172119    10.0000000  stream-1
  1 3264     156.84829712    10.1390782  stream-1
  1 3265     156.52485657    10.3818829  stream-1
  1 3269     155.48519897    10.9100370  stream-1
  1 3270     155.87597656    10.6305023  stream-1
  1 3271     155.54989624    10.8850754  stream-1
  1 3272     155.12814331    11.1713040  stream-1
  1 3273     154.77615356    11.4348080  stream-1
  1 3286     154.10334778    11.7096419  stream-1
  1 3287     153.77345276    11.9910808  stream-1
  1 3290     153.44372559    12.2792846  stream-1
  1 3291     153.11407471    12.5744141  stream-1
  1 3296     152.43653870    12.8729733  stream-1
  1 3297     152.09403992    13.1823301  stream-1
  1 3300     151.75161743    13.4991212  stream-1
  1 3301     151.40982056    13.8235266  stream-1
  1 3314     150.75207520    14.1502632  stream-1
  1 3315     150.42671204    14.4892338  stream-1
  1 3317     150.49763489    14.5213674  stream-1
  1 3320     150.14834595    14.8692236  stream-1
  1 3321     149.79924011    15.2254058  stream-1
  1 3326     149.10162354    15.5901316  stream-1
  1 3327     148.75845337    15.9568247  stream-1
  1 3330     148.42298889    16.3407479  stream-1
  1 3331     148.08755493    16.7338960  stream-1
  1 3344     144.71214294    20.3602159  stream-1
  1 3347     147.41751099    17.1365060  stream-1
  1 3348     147.08271790    17.5488131  stream-1
  1 3350     146.39512634    18.4633184  stream-1
  1 3351     146.74858093    17.9475596  stream-1
  1 3352     146.42578125    18.3691780  stream-1
  1 3355     145.68450928    18.8970502  stream-1
  1 3356     145.36201477    19.3409660  stream-1
  1 3359     145.03918457    19.7953135  stream-1
  1 3360     144.71365356    20.1924183  stream-1
  1 3369     142.86938477    22.3869766  stream-1
  1 3371     143.59378052    21.3311418  stream-1
  1 3372     143.91931152    20.7539695  stream-1
  1 3373     143.55433655    21.1553485  stream-1
  1 3374     143.19950867    21.7436865  stream-1
  1 3375     142.81011963    22.1496206  stream-1
  1 3379     141.66189575    23.4533856  stream-1
  1 3380     142.06065369    22.7921818  stream-1
  1 3381     141.77708435    23.2047189  stream-1
  1 3382     141.35147095    23.8778929  stream-1
  1 3383     141.20858765    24.3100813  stream-1
  1 3423     124.18763733    34.4413677  stream-1
  1 3424     123.81753540    34.5958218  stream-1
  1 3431     123.07929993    34.7509685  stream-1
  1 3432     122.70878601    34.9068115  stream-1
  1 3435     122.33508301    35.0631635  stream-1
  1 3436     121.95627594    35.2201850  stream-1
  1 3441     121.42705536    35.3779240  stream-1
  1 3443     121.40378571    35.4088953  stream-1
  1 3444     121.02072144    35.5674651  stream-1
  1 3447     120.63170624    35.7267449  stream-1
  1 3448     120.25042725    35.8868046  stream-1
  1 3455     119.90151215    36.0476159  stream-1
  1 3456     119.61042786    36.2091441  stream-1
  1 3459     119.32991791    36.2403483  stream-1
  1 3462     118.94729614    36.4027438  stream-1
  1 3463     118.55519104    36.5658552  stream-1
  1 3468     117.96264648    36.7299336  stream-1
  1 3469     117.66700745    36.8949569  stream-1
  1 3472     117.36540985    37.0607085  stream-1
  1 3474     117.26510620    37.0903175  stream-1
  1 3475     116.87754822    37.2569518  stream-1
  1 3488     116.20101166    37.4243328  stream-1
  1 3489     115.89495850    37.5923239  stream-1
  1 3492     115.58674622    37.7620164  stream-1
  1 3493     115.27692413    37.9324685  stream-1
  1 3498     114.65421295    38.1036880  stream-1
  1 3499     114.33720398    38.2803279  stream-1
  1 3506     114.44267273    38.2974698  stream-1
  1 3509     114.08169556    38.4713955  stream-1
  1 3510     113.71822357    38.6461101  stream-1
  1 3523     112.98375702    38.8216182  stream-1
  1 3524     112.61254120    38.9979234  stream-1
  1 3527     112.24895477    39.1753605  stream-1
  1 3528     111.90277100    39.3540650  stream-1
  1 3533     111.20854187    39.5335760  stream-1
  1 3534     110.86061096    39.7138886  stream-1
  1 3537     110.51216888    39.8950320  stream-1
  1 3538     110.18052673    40.2054082  stream-1
  1 3549     108.97172546    42.1418299  stream-1
  1 3554     107.76271057    44.4675618  stream-1
  1 3556     107.89952850    43.3418927  stream-1
  1 3557     107.86071777    42.6720222  stream-1
  1 3558     107.41826630    43.1036473  stream-1
  1 3559     107.17255402    43.7803128  stream-1
  1 3560     106.71498108    44.2231327  stream-1
  1 3563     109.65287781    40.6649856  stream-1
  1 3564     109.39402771    41.1298575  stream-1
  1 3567     109.13790894    41.5999986  stream-1
  1 3568     108.88316345    42.0755218  stream-1
  1 3578     105.41850281    45.6360320  stream-1
  1 3579     105.93222809    44.9147935  stream-1
  1 3580     105.84342957    45.3440310  stream-1
  1 3581     105.46980286    46.0721564  stream-1
  1 1270     155.52236938    74.4467214  stream-2
  1 1272     154.78224182    77.2175068  stream-2
  1 1273     155.20268250    75.5793622  stream-2
  1 1274     154.88928223    76.8083007  stream-2
  1 1277     156.68557739    71.6978556  stream-2
  1 1278     157.09468079    70.0253782  stream-2
  1 1279     156.74327087    71.0140443  stream-2
  1 1282     155.97956848    72.7101438  stream-2
  1 1283     155.60957336    73.7367291  stream-2
  1 1291     154.18037415    78.4731117  stream-2
  1 1292     153.88221741    79.7490672  stream-2
  1 1295     153.56172180    80.5264505  stream-2
  1 1296     153.23962402    81.1298441  stream-2
  1 1301     152.58436584    81.7377590  stream-2
  1 1302     152.25610352    82.3502505  stream-2
  1 1305     151.87274170    82.9173627  stream-2
  1 1307     151.93804932    83.1405559  stream-2
  1 1308     151.60000610    83.7229928  stream-2
  1 1321     150.83131409    84.3094998  stream-2
  1 1322     150.44529724    84.8497257  stream-2
  1 1329     150.54914856    85.1695212  stream-2
  1 1332     150.18405151    85.7132795  stream-2
  1 1334     150.17329407    86.0509397  stream-2
  1 1335     149.80624390    86.6003021  stream-2
  1 1340     149.00823975    87.1532993  stream-2
  1 1343     149.05787659    87.5029212  stream-2
  1 1344     148.65611267    88.0535042  stream-2
  1 1347     148.24130249    88.6075098  stream-2
  1 1349     148.29792786    88.9695228  stream-2
  1 1350     147.88652039    89.5293426  stream-2
  1 1462     147.91566467    89.8950122  stream-2
  1 1469     147.22166443    90.5458484  stream-2
  1 1470     146.88406372    91.3243217  stream-2
  1 1473     146.53788757    92.1094605  stream-2
  1 1475     146.56040955    92.3427329  stream-2
  1 1476     146.22366333    93.1366459  stream-2
  1 1481     145.57244873    93.9058430  stream-2
  1 1482     145.25161743    94.7454292  stream-2
  1 1485     144.93038940    95.5924969  stream-2
  1 1486     144.60864258    96.4471510  stream-2
  1 1493     143.96855164    97.3804878  stream-2
  1 1494     143.64738464    98.2499452  stream-2
  1 1497     143.32658386    99.1271987  stream-2
  1 1498     143.00633240    100.059837  stream-2
  1 1503     142.16169739    100.490425  stream-2
  1 1506     142.15988159    100.926448  stream-2
  1 1507     141.72332764    101.360731  stream-2
  1 1509     141.71112061    101.800523  stream-2
  1 1512     141.28555298    102.238570  stream-2
  1 1516     141.10411072    102.675638  stream-2
  1 1518     140.95037842    103.259410  stream-2
  1 1521     140.82901001    103.846500  stream-2
  1 1522     140.34501648    104.079862  stream-2
  1 1524     140.21723938    104.671618  stream-2
  1 1645     140.14982605    105.206342  stream-2
  1 1652     139.28143311    105.556571  stream-2
  1 1654     138.95700073    106.097602  stream-2
  1 1655     138.74923706    106.450739  stream-2
  1 1658     138.48187256    106.996398  stream-2
  1 1660     138.38284302    107.440509  stream-2
  1 1663     137.99647522    107.950091  stream-2
  1 1664     137.73205566    108.568629  stream-2
  1 1669     137.15771484    109.190722  stream-2
  1 1676     137.05950928    109.423552  stream-2
  1 1677     136.67478943    110.034420  stream-2
  1 1680     136.36970520    110.640640  stream-2
  1 1681     136.06427002    111.250190  stream-2
  1 1691     135.16586304    112.573105  stream-2
  1 1694     134.81555176    113.184622  stream-2
  1 1695     134.46473694    113.799540  stream-2
  1 1700     133.75016785    114.417672  stream-2
  1 1701     133.38543701    115.047660  stream-2
  1 1703     133.04258728    116.404854  stream-2
  1 1704     133.07005310    115.678194  stream-2
  1 1705     132.76594543    116.312052  stream-2
  1 1706     135.45285034    111.863027  stream-2
  1 1707     135.14935303    112.452234  stream-2
  1 1719     132.29849243    117.042810  stream-2
  1 1720     131.93713379    117.662829  stream-2
  1 1723     131.60272217    118.314206  stream-2
  1 1724     131.27137756    118.969205  stream-2
  1 1729     130.62205505    119.627809  stream-2
  1 1730     130.32788086    120.213087  stream-2
  1 1732     130.20785522    120.369647  stream-2
  1 1735     129.83924866    120.963102  stream-2
  1 1736     129.56266785    121.559396  stream-2
  1 1749     129.04017639    122.158773  stream-2
  1 1750     128.79907227    122.746086  stream-2
  1 1757     128.61218262    122.934814  stream-2
  1 1760     128.24185181    123.532486  stream-2
  1 1761     127.87338257    124.133062  stream-2
  1 1766     127.29563904    124.736506  stream-2
  1 1768     127.25073242    124.900356  stream-2
  1 1769     126.90371704    125.519057  stream-2
  1 1772     126.55737305    126.146550  stream-2
  1 1773     126.21058655    126.777179  stream-2
  1 1786     125.65942383    127.446444  stream-2
  1 1787     125.34574890    128.096319  stream-2
  1 1790     125.03036499    128.749632  stream-2
  1 1791     124.71384430    129.406216  stream-2
  1 1796     124.03490448    129.906699  stream-2
  1 1797     123.63904572    129.389793  stream-2
  1 1800     123.34184265    128.875036  stream-2
  1 1801     123.05781555    128.362300  stream-2
  1 1810     121.71968079    126.082154  stream-2
  1 1815     120.83704376    125.597554  stream-2
  1 1816     120.33828735    125.114700  stream-2
  1 1817     120.51295471    124.470364  stream-2
  1 1818     119.99619293    123.991755  stream-2
  1 1819     120.05545807    124.633612  stream-2
  1 1821     122.35668182    127.715123  stream-2
  1 1822     122.04370880    127.224195  stream-2
  1 1823     122.51847076    127.883148  stream-2
  1 1825     121.79590607    126.735191  stream-2
  1 1826     121.55549622    126.248085  stream-2
  1 1838     118.73722076    122.421914  stream-2
  1 1839     118.18402863    121.935855  stream-2
  1 1840     118.99983978    123.504053  stream-2
  1 1841     118.73526001    123.013163  stream-2
  1 1844     118.48886871    122.524207  stream-2
  1 1850     117.45323944    121.465126  stream-2
  1 1851     117.13285065    120.971903  stream-2
  1 1854     116.81497955    120.480654  stream-2
  1 1855     116.49938202    120.000000  stream-2
  1 1865     116.06570435    119.524641  stream-2
  1 1868     115.83982086    119.375748  stream-2
  1 1869     115.40920258    118.872243  stream-2
  1 1872     115.23652649    118.370840  stream-2
  1 1873     115.09064484    117.937364  stream-2
  1 1875     114.84571838    117.655237  stream-2
  1 1880     114.56913757    117.224748  stream-2
  1 1887     114.23275757    116.938365  stream-2
  1 1888     113.70044708    116.510491  stream-2
  1 1891     113.37372589    116.084233  stream-2
  1 1893     113.36968994    115.758336  stream-2
  1 1894     112.90527344    115.416527  stream-2
  1 1897     112.90147400    115.040103  stream-2
  1 1904     112.52159882    114.700301  stream-2
  1 1906     112.03302002    114.326213  stream-2
  1 1907     112.04551697    113.988553  stream-2
  1 2031     111.38140106    113.613982  stream-2
  1 2033     111.68189240    113.217181  stream-2
  1 2036     110.77936554    112.914293  stream-2
  1 2039     111.11810303    112.519887  stream-2
  1 2040     110.37083435    112.218944  stream-2
  1 2042     110.52101898    111.838612  stream-2
  1 2047     109.83957672    111.508413  stream-2
  1 2054     109.47418213    111.144581  stream-2
  1 2055     109.04861450    110.816540  stream-2
  1 2057     108.94142151    110.454973  stream-2
  1 2060     108.60946655    109.729769  stream-2
  1 2061     108.32830048    108.826848  stream-2
  1 2063     108.59603882    109.798752  stream-2
  1 2064     108.28948975    108.895273  stream-2
  1 2073     106.86313629    104.266713  stream-2
  1 2076     105.80738831    103.144954  stream-2
  1 2077     105.36038208    102.503926  stream-2
  1 2078     105.41987610    103.658768  stream-2
  1 2080     104.90682220    101.675355  stream-2
  1 2081     104.44629669    100.853636  stream-2
  1 2086     107.59757233    107.931389  stream-2
  1 2087     107.23598480    107.043271  stream-2
  1 2088     106.96956635    105.495769  stream-2
  1 2089     106.31630707    104.880643  stream-2
  1 2090     106.76570129    106.116950  stream-2
  1 2100     103.73176575    99.9495488  stream-2
  1 2101     103.55423737    99.4545891  stream-2
  1 2104     103.45330811    98.9621086  stream-2
  1 2106     103.13768005    98.7934330  stream-2
  1 2107     102.71176910    98.3042313  stream-2
  1 2112     102.47946930    97.8174488  stream-2
  1 2113     102.54695892    97.4090224  stream-2
  1 2120     101.72594452    97.1164926  stream-2
  1 2123     101.32280731    96.6995912  stream-2
  1 2125     101.38003540    96.4091995  stream-2
  1 2126     100.87449646    95.9952946  stream-2
  1 2129     101.02288818    95.6660848  stream-2
  1 2136     100.39961243    95.2928439  stream-2
  1 2137     100.78137970    94.9210209  stream-2
  1 2139      99.92277527    94.5891159  stream-2
  1 2142     100.41922760    94.2200261  stream-2
  1 2392      99.17133331    93.8906103  stream-2
  1 2393      98.92664337    93.5272812  stream-2
  1 2395      98.69334412    93.1958994  stream-2
  1 2400      99.37758636    92.8361793  stream-2
  1 2403      97.86891937    92.5073218  stream-2
  1 2404      98.89804840    92.1502152  stream-2
  1 2406      97.43084717    91.7961378  stream-2
  1 2409      98.41815948    91.5027694  stream-2
  1 2413      96.99398804    91.1228943  stream-2
  1 2414      96.91487122    90.8317075  stream-2
  1 2416      96.53025055    90.4545636  stream-2
  1 2419      96.99343872    90.0791068  stream-2
  1 2429      96.93178558    89.6752714  stream-2
  1 2162      92.95631409    71.1250755  stream-3
  1 2164      91.04825592    70.0000000  stream-3
  1 2165      91.45989227    70.4496118  stream-3
  1 2166      91.30890656    70.2562814  stream-3
  1 2167      90.90287781    69.6598813  stream-3
  1 2168      90.85562134    69.1939974  stream-3
  1 2171      91.30867767    70.7132902  stream-3
  1 2173      91.78815460    71.0408518  stream-3
  1 2178      92.62166595    71.4447140  stream-3
  1 2180      92.37626648    71.7657584  stream-3
  1 2183      92.14665985    72.0933495  stream-3
  1 2185      91.85453033    72.4232926  stream-3
  1 2190      90.46047974    68.7567780  stream-3
  1 2191      90.74297333    68.3532434  stream-3
  1 2193      90.68501282    68.1312757  stream-3
  1 2196      90.29386902    67.7313854  stream-3
  1 2199      90.96051025    67.5114883  stream-3
  1 2200      90.07701111    67.1168205  stream-3
  1 2202      90.59310913    66.7384395  stream-3
  1 2207      90.82277679    66.4958045  stream-3
  1 2214      90.06117249    66.1170607  stream-3
  1 2216      89.72788239    65.6832510  stream-3
  1 2219      89.56758881    65.2522375  stream-3
  1 2220      91.08982849    65.1626553  stream-3
  1 2222      90.95513153    64.7492984  stream-3
  1 2238      86.42504883    50.6367247  stream-3
  1 2239      85.75097656    50.1886999  stream-3
  1 2242      85.61947632    49.4434444  stream-3
  1 2243      85.50241852    48.6761211  stream-3
  1 2250      85.22930145    47.9207422  stream-3
  1 2251      85.57999420    47.1600935  stream-3
  1 2254      85.84234619    46.4744302  stream-3
  1 2429      96.93178558    89.6752714  stream-3
  1 2430      97.05606842    89.1016524  stream-3
  1 2432      96.69277191    88.8817214  stream-3
  1 2435      96.67712402    88.3131842  stream-3
  1 2436      96.80047607    87.7701014  stream-3
  1 2449      93.87799835    72.8135957  stream-3
  1 2450      92.17015839    72.7547547  stream-3
  1 2451      93.28630829    73.1514742  stream-3
  1 2454      92.74793243    73.4831457  stream-3
  1 2456      92.35603333    73.8163209  stream-3
  1 2463      93.18731689    74.2400317  stream-3
  1 2465      92.86986542    74.5705937  stream-3
  1 2466      92.91248322    74.1412992  stream-3
  1 2471      92.90560150    74.9015888  stream-3
  1 2472      93.38376617    75.3472194  stream-3
  1 2473      93.26101685    75.2292157  stream-3
  1 2484      90.28367615    64.3186948  stream-3
  1 2486      89.77394867    63.8909469  stream-3
  1 2489      89.15487671    63.4653079  stream-3
  1 2491      88.97657013    63.0562423  stream-3
  1 2498      89.38697052    62.6498144  stream-3
  1 2501      88.89472961    62.5341760  stream-3
  1 2503      88.74118805    62.1282994  stream-3
  1 2506      89.22682190    61.7734827  stream-3
  1 2507      88.41437531    61.5560977  stream-3
  1 2509      88.75275421    61.2045909  stream-3
  1 2516      89.03417969    60.9076450  stream-3
  1 2525      88.15918732    56.0819051  stream-3
  1 2528      86.42488098    51.3498214  stream-3
  1 2530      86.12651062    51.8132863  stream-3
  1 2532      86.79183960    52.5533862  stream-3
  1 2533      86.37104034    52.3234423  stream-3
  1 2534      86.47153473    53.0714181  stream-3
  1 2536      87.06861877    50.9425175  stream-3
  1 2544      86.92293549    53.8135663  stream-3
  1 2546      86.65032959    54.3549065  stream-3
  1 2547      86.79050446    53.6052676  stream-3
  1 2551      87.08755493    55.2394090  stream-3
  1 2552      86.91584778    54.8545750  stream-3
  1 2553      86.98997498    55.6912082  stream-3
  1 2561      86.68083191    46.2200118  stream-3
  1 2562      85.74175262    45.5480215  stream-3
  1 2567      84.87522125    44.9396567  stream-3
  1 2569      84.95059967    44.5395216  stream-3
  1 2570      84.52828217    43.9716913  stream-3
  1 2573      84.98531342    43.5801604  stream-3
  1 2576      84.31005859    43.0239499  stream-3
  1 2577      84.54183960    42.4795384  stream-3
  1 2579      84.35810089    42.0955310  stream-3
  1 2589      84.51873779    41.5166930  stream-3
  1 2590      84.69918823    40.9076331  stream-3
  1 2597      84.46475983    37.3733211  stream-3
  1 2598      84.09183502    36.7729235  stream-3
  1 2600      84.28419495    40.6987697  stream-3
  1 2603      83.94996643    40.1016996  stream-3
  1 2604      83.80719757    39.4477623  stream-3
  1 2609      83.65402222    38.7880764  stream-3
  1 2610      83.60797882    38.1666929  stream-3
  1 2613      83.64704132    37.5535466  stream-3
  1 2623      83.41536713    34.0835520  stream-3
  1 2625      83.69917297    35.3962310  stream-3
  1 2626      82.87338257    36.1888201  stream-3
  1 2627      82.79166412    35.6301625  stream-3
  1 2628      82.86293793    34.8498136  stream-3
  1 2629      82.50657654    34.3137720  stream-3
  1 2634      82.21463776    33.5594814  stream-3
  1 2635      82.33363342    33.0434757  stream-3
  1 2636      82.08522797    32.3388586  stream-3
  1 2637      81.91346741    31.8196684  stream-3
  1 2638      82.43247223    32.4959280  stream-3
  1 2647      81.99359894    31.2851116  stream-3
  1 2648      81.90988159    30.7611567  stream-3
  1 2651      81.83503723    30.2459853  stream-3
  1 2652      81.67222595    29.5295173  stream-3
  1 2657      81.12914276    28.7273852  stream-3
  1 2658      81.22020721    27.9470408  stream-3
  1 2660      81.43170929    27.7008874  stream-3
  1 2663      81.06340790    26.9776488  stream-3
  1 2664      80.75827026    26.2732801  stream-3
  1 2671      81.81497955    25.5873078  stream-3
  1 2674      80.66872406    25.3240250  stream-3
  1 2675      80.52188873    24.6655804  stream-3
  1 2678      80.77993011    24.0242627  stream-3
  1 2680      80.56281281    23.7733803  stream-3
  1 2681      80.21588135    23.1703176  stream-3
  1 2686      80.26549530    22.5494168  stream-3
  1 2687      80.31232452    21.9451545  stream-3
  1 2690      80.32213593    21.2943477  stream-3
  1 2697      80.19546509    21.2356582  stream-3
  1 2698      80.03573608    20.6446761  stream-3
  1 2708      79.88198090    19.2652441  stream-3
  1 2711      79.66866302    18.5516426  stream-3
  1 2712      79.43376923    17.8530439  stream-3
  1 2717      79.19698334    15.0281353  stream-3
  1 2718      79.39548492    16.9698501  stream-3
  1 2719      78.99341583    16.3805191  stream-3
  1 2720      78.95640564    17.2330448  stream-3
  1 2722      78.66686249    15.8127587  stream-3
  1 2723      78.76961517    15.2655039  stream-3
  1 2726      79.73670959    20.0701350  stream-3
  1 2727      79.72031403    19.4169684  stream-3
  1 2738      78.76328278    13.8312907  stream-3
  1 2739      78.37669373    14.5080315  stream-3
  1 2740      78.43695068    13.9641272  stream-3
  1 2741      78.14183044    13.3242634  stream-3
  1 2742      78.00662231    12.8470952  stream-3
  1 2747      77.85672760    12.3619864  stream-3
  1 2748      77.76968384    11.8951939  stream-3
  1 2751      77.65932465    11.4464565  stream-3
  1 2752      77.51130676    11.0145736  stream-3
  1 2762      77.22603607    10.5989884  stream-3
  1 2763      77.05780792    10.2050080  stream-3
  1 3058      96.65835571    87.4587243  stream-3
  1 3069      96.34697723    86.9453849  stream-3
  1 3070      96.41296387    86.5277496  stream-3
  1 3072      96.19615173    86.0705886  stream-3
  1 3075      96.29763031    85.6940212  stream-3
  1 3081      95.99910736    85.2413109  stream-3
  1 3083      96.35601807    59.7027967  stream-3
  1 3084      95.88799286    84.4479567  stream-3
  1 3091      96.17773438    83.9211975  stream-3
  1 3093      96.49055481    83.3977458  stream-3
  1 3104      94.14205170    76.4649723  stream-3
  1 3106      93.95143890    76.7955058  stream-3
  1 3109      95.85224152    83.1601429  stream-3
  1 3112      95.54798889    82.6398858  stream-3
  1 3114      95.29113007    82.1149011  stream-3
  1 3115      95.84571838    81.9030383  stream-3
  1 3118      94.23834229    77.2708445  stream-3
  1 3119      94.11009979    77.1208914  stream-3
  1 3120      94.02404785    77.5969210  stream-3
  1 3123      94.37925720    78.0759438  stream-3
  1 3125      94.26238251    78.4172361  stream-3
  1 3126      94.39561462    77.9243987  stream-3
  1 3130      93.32517242    75.6767955  stream-3
  1 3132      93.75753784    76.0061867  stream-3
  1 3135      94.24893188    76.3347371  stream-3
  1 3153      88.64907074    60.6663885  stream-3
  1 3154      87.88159943    60.3379446  stream-3
  1 3156      88.81358337    60.0989450  stream-3
  1 3159      88.32791138    59.6961129  stream-3
  1 3160      88.10182953    59.0611895  stream-3
  1 3164      87.60337067    57.6331671  stream-3
  1 3165      87.67176056    58.4330222  stream-3
  1 3166      87.81090546    57.8700801  stream-3
  1 3167      87.22875214    57.0642986  stream-3
  1 3168      87.41751099    56.5010483  stream-3
  1 3605      95.10905457    81.3827503  stream-3
  1 3607      95.31861115    80.9120212  stream-3
  1 3610      95.20740509    80.5727977  stream-3
  1 3613      94.97933960    80.1353820  stream-3
  1 3614      94.65171814    79.7453436  stream-3
  1 3617      94.44202423    78.9217116  stream-3
  1 3618      95.78227234    78.7231451  stream-3
  1 3619      95.07302094    79.2295879  stream-3
  1 3622      95.75080872    79.4276489  stream-3
