single point
        k_ppt1                      1.774529556647525    1.000000000000000   0.0000000000000000
        k_ppt2                      1.365386592695078    1.000000000000000   0.0000000000000000
        k_ppt3                      1.586824169767455    1.000000000000000   0.0000000000000000
        k_ppt4                      2.403244540543119    1.000000000000000   0.0000000000000000
        k_ppt5                      5.320533052610898    1.000000000000000   0.0000000000000000
        k_ppt6                      2.288196722755120    1.000000000000000   0.0000000000000000
        k_ppt7                      1.150132051140165    1.000000000000000   0.0000000000000000
        k_ppt8                      1.368381160634766    1.000000000000000   0.0000000000000000
        k_ppt9                      2.121021577602907    1.000000000000000   0.0000000000000000
       k_ppt10                      0.7992228569614158    1.000000000000000   0.0000000000000000
       k_ppt11                      2.504952882185022    1.000000000000000   0.0000000000000000
       k_ppt12                      2.460597771760516    1.000000000000000   0.0000000000000000
       k_ppt13                      2.356273916881904    1.000000000000000   0.0000000000000000
       k_ppt14                      2.610129569108457    1.000000000000000   0.0000000000000000
       k_ppt15                      2.571993407306004    1.000000000000000   0.0000000000000000
       k_ppt16                      2.293091335121263    1.000000000000000   0.0000000000000000
       k_ppt17                      1.208611012069359    1.000000000000000   0.0000000000000000
       k_ppt18                      0.7965250830075190    1.000000000000000   0.0000000000000000
       k_ppt19                      1.023327536878666    1.000000000000000   0.0000000000000000
       k_ppt20                      0.9810958872850508    1.000000000000000   0.0000000000000000
       k_ppt21                      2.822731459518526    1.000000000000000   0.0000000000000000
       k_ppt22                      2.832788304737532    1.000000000000000   0.0000000000000000
       k_ppt23                      2.725492148831192    1.000000000000000   0.0000000000000000
       k_ppt24                      1.201571284266512    1.000000000000000   0.0000000000000000
       k_ppt25                      0.7344470474177388    1.000000000000000   0.0000000000000000
       k_ppt26                      0.3313949280092015    1.000000000000000   0.0000000000000000
       k_ppt27                      0.7780060465919648    1.000000000000000   0.0000000000000000
       k_ppt28                      1.373168624187816    1.000000000000000   0.0000000000000000
       k_ppt29                      3.995510609019337    1.000000000000000   0.0000000000000000
       k_ppt30                      3.234387306122886    1.000000000000000   0.0000000000000000
       k_ppt31                      1.935664109083474    1.000000000000000   0.0000000000000000
       k_ppt32                      2.096472468914194    1.000000000000000   0.0000000000000000
       k_ppt33                      0.8493760284481174    1.000000000000000   0.0000000000000000
       k_ppt34                      0.4036367083772744    1.000000000000000   0.0000000000000000
       k_ppt35                      0.6787792544962823    1.000000000000000   0.0000000000000000
       k_ppt36                      0.4660377077871951    1.000000000000000   0.0000000000000000
       k_ppt37                      1.329028323526842    1.000000000000000   0.0000000000000000
       k_ppt38                      1.550888226477209    1.000000000000000   0.0000000000000000
       k_ppt39                      1.047314308725948    1.000000000000000   0.0000000000000000
       k_ppt40                      1.063873017470377    1.000000000000000   0.0000000000000000
       k_ppt41                      1.216157452423801    1.000000000000000   0.0000000000000000
       k_ppt42                      1.071810231576733    1.000000000000000   0.0000000000000000
       k_ppt43                      1.013062851130488    1.000000000000000   0.0000000000000000
       k_ppt44                      2.630271811000601    1.000000000000000   0.0000000000000000
       k_ppt45                      1.979590798951000    1.000000000000000   0.0000000000000000
       k_ppt46                      3.238137516315336    1.000000000000000   0.0000000000000000
       k_ppt47                      1.285044594810068    1.000000000000000   0.0000000000000000
       k_ppt48                      0.5194480114328797    1.000000000000000   0.0000000000000000
       k_ppt49                      0.6156825623010599    1.000000000000000   0.0000000000000000
       k_ppt50                      1.637051299798951    1.000000000000000   0.0000000000000000
       k_ppt51                      1.452833019131462    1.000000000000000   0.0000000000000000
       k_ppt52                      2.082422834971067    1.000000000000000   0.0000000000000000
       k_ppt53                      2.403128076348274    1.000000000000000   0.0000000000000000
       k_ppt54                      1.370439399116551    1.000000000000000   0.0000000000000000
       k_ppt55                      0.5473563363173823    1.000000000000000   0.0000000000000000
       k_ppt56                      1.773416532465180    1.000000000000000   0.0000000000000000
       k_ppt57                      0.5532151821335167    1.000000000000000   0.0000000000000000
       k_ppt58                      1.244652667687679    1.000000000000000   0.0000000000000000
       k_ppt59                      1.216670921968453    1.000000000000000   0.0000000000000000
       k_ppt60                      2.122596808039822    1.000000000000000   0.0000000000000000
       k_ppt61                      2.437324092535755    1.000000000000000   0.0000000000000000
       k_ppt62                      1.361139255532426    1.000000000000000   0.0000000000000000
       k_ppt63                      1.599478839726128    1.000000000000000   0.0000000000000000
       k_ppt64                      1.997056498103817    1.000000000000000   0.0000000000000000
       k_ppt65                      0.7941838051632694    1.000000000000000   0.0000000000000000
       k_ppt66                      1.227288808237405    1.000000000000000   0.0000000000000000
       k_ppt67                      2.113950055923220    1.000000000000000   0.0000000000000000
       k_ppt68                      3.010988214708241    1.000000000000000   0.0000000000000000
       k_ppt69                      4.161648214317514    1.000000000000000   0.0000000000000000
       k_ppt70                      1.578501082309754    1.000000000000000   0.0000000000000000
       k_ppt71                      1.564851305846827    1.000000000000000   0.0000000000000000
       k_ppt72                      0.5798423897233549    1.000000000000000   0.0000000000000000
       k_ppt73                      0.5315848970716979    1.000000000000000   0.0000000000000000
       k_ppt74                      0.6411511434034864    1.000000000000000   0.0000000000000000
       k_ppt75                      0.9568077351332365    1.000000000000000   0.0000000000000000
       k_ppt76                      1.904743815544715    1.000000000000000   0.0000000000000000
       k_ppt77                      2.153859373723077    1.000000000000000   0.0000000000000000
       k_ppt78                      2.006165495991165    1.000000000000000   0.0000000000000000
       k_ppt79                      1.851733720505604    1.000000000000000   0.0000000000000000
       k_ppt80                      0.4368036772241860    1.000000000000000   0.0000000000000000
       k_ppt81                      0.9673556691032027    1.000000000000000   0.0000000000000000
       k_ppt82                      0.8981050230783810    1.000000000000000   0.0000000000000000
       k_ppt83                      1.129073512877948    1.000000000000000   0.0000000000000000
       k_ppt84                      1.448166886369298    1.000000000000000   0.0000000000000000
       k_ppt85                      1.823429942403134    1.000000000000000   0.0000000000000000
       k_ppt86                      1.715766621090404    1.000000000000000   0.0000000000000000
       k_ppt87                      1.100996318304619    1.000000000000000   0.0000000000000000
       k_ppt88                      0.8122615973077891    1.000000000000000   0.0000000000000000
       k_ppt89                      1.937880972220166    1.000000000000000   0.0000000000000000
       k_ppt90                      0.9666059700853924    1.000000000000000   0.0000000000000000
       k_ppt91                      0.6975337675411122    1.000000000000000   0.0000000000000000
       k_ppt92                      0.6921439368444654    1.000000000000000   0.0000000000000000
       k_ppt93                      0.8777339958144648    1.000000000000000   0.0000000000000000
       k_ppt94                      0.8292816188832545    1.000000000000000   0.0000000000000000
       k_ppt95                      0.9915271065178940    1.000000000000000   0.0000000000000000
       k_ppt96                      1.094053908506481    1.000000000000000   0.0000000000000000
       k_ppt97                      0.7175722290696304    1.000000000000000   0.0000000000000000
       k_ppt98                      0.8017203545297703    1.000000000000000   0.0000000000000000
       k_ppt99                      0.3928643493406760    1.000000000000000   0.0000000000000000
      k_ppt100                      0.4595555437390806    1.000000000000000   0.0000000000000000
      k_ppt101                      0.5589608204917871    1.000000000000000   0.0000000000000000
      k_ppt102                      0.4577023811431857    1.000000000000000   0.0000000000000000
      k_ppt103                      0.7331527049572053    1.000000000000000   0.0000000000000000
      k_ppt104                      0.5525115695953322    1.000000000000000   0.0000000000000000
