single point
        k_ppt1                      1.448180521905568    1.000000000000000   0.0000000000000000
        k_ppt2                      1.163859788016761    1.000000000000000   0.0000000000000000
        k_ppt3                      1.260781325932933    1.000000000000000   0.0000000000000000
        k_ppt4                      2.264354852650672    1.000000000000000   0.0000000000000000
        k_ppt5                      4.110971057748163    1.000000000000000   0.0000000000000000
        k_ppt6                      2.085516406815022    1.000000000000000   0.0000000000000000
        k_ppt7                      1.335950781264444    1.000000000000000   0.0000000000000000
        k_ppt8                      1.666743473272396    1.000000000000000   0.0000000000000000
        k_ppt9                      1.725184311030074    1.000000000000000   0.0000000000000000
       k_ppt10                      0.9342897559353511    1.000000000000000   0.0000000000000000
       k_ppt11                      1.737183176663187    1.000000000000000   0.0000000000000000
       k_ppt12                      2.038694726891392    1.000000000000000   0.0000000000000000
       k_ppt13                      2.433832500900105    1.000000000000000   0.0000000000000000
       k_ppt14                      2.496906782128404    1.000000000000000   0.0000000000000000
       k_ppt15                      2.354042746692326    1.000000000000000   0.0000000000000000
       k_ppt16                      2.239869882228865    1.000000000000000   0.0000000000000000
       k_ppt17                      0.9522536532161677    1.000000000000000   0.0000000000000000
       k_ppt18                      0.8372281823260206    1.000000000000000   0.0000000000000000
       k_ppt19                      0.8522881900502051    1.000000000000000   0.0000000000000000
       k_ppt20                      0.9846652746023837    1.000000000000000   0.0000000000000000
       k_ppt21                      2.534879175350302    1.000000000000000   0.0000000000000000
       k_ppt22                      2.191808721196272    1.000000000000000   0.0000000000000000
       k_ppt23                      2.388344031503739    1.000000000000000   0.0000000000000000
       k_ppt24                      1.434938803162918    1.000000000000000   0.0000000000000000
       k_ppt25                      0.7155251332428790    1.000000000000000   0.0000000000000000
       k_ppt26                      0.4878085322132220    1.000000000000000   0.0000000000000000
       k_ppt27                      0.8965428402013275    1.000000000000000   0.0000000000000000
       k_ppt28                      1.261683540525360    1.000000000000000   0.0000000000000000
       k_ppt29                      2.962836710301629    1.000000000000000   0.0000000000000000
       k_ppt30                      2.608390464999588    1.000000000000000   0.0000000000000000
       k_ppt31                      1.503152766439304    1.000000000000000   0.0000000000000000
       k_ppt32                      1.690179911975511    1.000000000000000   0.0000000000000000
       k_ppt33                      0.6632164014871936    1.000000000000000   0.0000000000000000
       k_ppt34                      0.4485473744056657    1.000000000000000   0.0000000000000000
       k_ppt35                      0.7744566847362744    1.000000000000000   0.0000000000000000
       k_ppt36                      0.6077147411627389    1.000000000000000   0.0000000000000000
       k_ppt37                      1.480218730626552    1.000000000000000   0.0000000000000000
       k_ppt38                      1.791477837395747    1.000000000000000   0.0000000000000000
       k_ppt39                      1.398078090496765    1.000000000000000   0.0000000000000000
       k_ppt40                      1.308697533139320    1.000000000000000   0.0000000000000000
       k_ppt41                      1.011283559670537    1.000000000000000   0.0000000000000000
       k_ppt42                      0.8000398698258769    1.000000000000000   0.0000000000000000
       k_ppt43                      0.9393065612571936    1.000000000000000   0.0000000000000000
       k_ppt44                      2.012812093025969    1.000000000000000   0.0000000000000000
       k_ppt45                      1.971093177632238    1.000000000000000   0.0000000000000000
       k_ppt46                      2.768138775641282    1.000000000000000   0.0000000000000000
       k_ppt47                      1.644201867884949    1.000000000000000   0.0000000000000000
       k_ppt48                      0.8224838385427130    1.000000000000000   0.0000000000000000
       k_ppt49                      0.7986123983340342    1.000000000000000   0.0000000000000000
       k_ppt50                      1.341776515411298    1.000000000000000   0.0000000000000000
       k_ppt51                      1.377347529893975    1.000000000000000   0.0000000000000000
       k_ppt52                      1.880572219020939    1.000000000000000   0.0000000000000000
       k_ppt53                      2.220897050595100    1.000000000000000   0.0000000000000000
       k_ppt54                      1.659354671881704    1.000000000000000   0.0000000000000000
       k_ppt55                      0.7770890785344964    1.000000000000000   0.0000000000000000
       k_ppt56                      1.759306664466475    1.000000000000000   0.0000000000000000
       k_ppt57                      0.7350072037530853    1.000000000000000   0.0000000000000000
       k_ppt58                      1.022484973268168    1.000000000000000   0.0000000000000000
       k_ppt59                      0.9180017823188998    1.000000000000000   0.0000000000000000
       k_ppt60                      1.830826315547416    1.000000000000000   0.0000000000000000
       k_ppt61                      2.266859259987162    1.000000000000000   0.0000000000000000
       k_ppt62                      1.601537650512749    1.000000000000000   0.0000000000000000
       k_ppt63                      1.617949627817082    1.000000000000000   0.0000000000000000
       k_ppt64                      1.873264702957623    1.000000000000000   0.0000000000000000
       k_ppt65                      0.9002495339924264    1.000000000000000   0.0000000000000000
       k_ppt66                      1.056985281923653    1.000000000000000   0.0000000000000000
       k_ppt67                      1.465656471969570    1.000000000000000   0.0000000000000000
       k_ppt68                      2.143438094552303    1.000000000000000   0.0000000000000000
       k_ppt69                      2.920729698814824    1.000000000000000   0.0000000000000000
       k_ppt70                      1.718497152648683    1.000000000000000   0.0000000000000000
       k_ppt71                      1.380863566662265    1.000000000000000   0.0000000000000000
       k_ppt72                      0.8679570206931010    1.000000000000000   0.0000000000000000
       k_ppt73                      0.6915789423432027    1.000000000000000   0.0000000000000000
       k_ppt74                      0.6718783889398324    1.000000000000000   0.0000000000000000
       k_ppt75                      1.006517799339219    1.000000000000000   0.0000000000000000
       k_ppt76                      2.150339773519537    1.000000000000000   0.0000000000000000
       k_ppt77                      1.762533940899965    1.000000000000000   0.0000000000000000
       k_ppt78                      1.957371873720334    1.000000000000000   0.0000000000000000
       k_ppt79                      1.768438835141957    1.000000000000000   0.0000000000000000
       k_ppt80                      0.7996556138307630    1.000000000000000   0.0000000000000000
       k_ppt81                      0.8631811457495135    1.000000000000000   0.0000000000000000
       k_ppt82                      0.7721658405771900    1.000000000000000   0.0000000000000000
       k_ppt83                      1.068510855844737    1.000000000000000   0.0000000000000000
       k_ppt84                      1.478664735664001    1.000000000000000   0.0000000000000000
       k_ppt85                      1.590492298558707    1.000000000000000   0.0000000000000000
       k_ppt86                      1.475810154228827    1.000000000000000   0.0000000000000000
       k_ppt87                      1.088078585487840    1.000000000000000   0.0000000000000000
       k_ppt88                      0.9721548379625417    1.000000000000000   0.0000000000000000
       k_ppt89                      1.392959575970222    1.000000000000000   0.0000000000000000
       k_ppt90                      0.7288965502199236    1.000000000000000   0.0000000000000000
       k_ppt91                      0.7141599408964150    1.000000000000000   0.0000000000000000
       k_ppt92                      0.7903911464110058    1.000000000000000   0.0000000000000000
       k_ppt93                      0.8427545635020401    1.000000000000000   0.0000000000000000
       k_ppt94                      0.7523906990247390    1.000000000000000   0.0000000000000000
       k_ppt95                      0.8740531459069760    1.000000000000000   0.0000000000000000
       k_ppt96                      1.026245998304468    1.000000000000000   0.0000000000000000
       k_ppt97                      0.7793454636422277    1.000000000000000   0.0000000000000000
       k_ppt98                      0.7279487436817804    1.000000000000000   0.0000000000000000
       k_ppt99                      0.4930132599517052    1.000000000000000   0.0000000000000000
      k_ppt100                      0.5173956283638428    1.000000000000000   0.0000000000000000
      k_ppt101                      0.4854618863662907    1.000000000000000   0.0000000000000000
      k_ppt102                      0.4922897830115131    1.000000000000000   0.0000000000000000
      k_ppt103                      0.6583128863436895    1.000000000000000   0.0000000000000000
      k_ppt104                      0.6056770189716814    1.000000000000000   0.0000000000000000
