  single point
        k_ppt1     1.002528000000000         1.000000         0.000000    
        k_ppt2     1.002333000000000         1.000000         0.000000    
        k_ppt3     1.001795000000000         1.000000         0.000000    
        k_ppt4     1.000996000000000         1.000000         0.000000    
        k_ppt5     1.000031000000000         1.000000         0.000000    
        k_ppt6    0.9992513000000000         1.000000         0.000000    
        k_ppt7    0.9976159000000000         1.000000         0.000000    
        k_ppt8    0.9938327000000000         1.000000         0.000000    
        k_ppt9     1.191998000000000         1.000000         0.000000    
       k_ppt10     1.003666000000000         1.000000         0.000000    
       k_ppt11     1.005918000000000         1.000000         0.000000    
       k_ppt12     1.279303000000000         1.000000         0.000000    
       k_ppt13     1.007555000000000         1.000000         0.000000    
       k_ppt14    0.9995087000000000         1.000000         0.000000    
       k_ppt15    0.9644295000000000         1.000000         0.000000    
       k_ppt16    0.8812037000000000         1.000000         0.000000    
       k_ppt17    0.9747309000000000         1.000000         0.000000    
       k_ppt18    0.9857689000000000         1.000000         0.000000    
       k_ppt19     1.014869000000000         1.000000         0.000000    
       k_ppt20     1.127389000000000         1.000000         0.000000    
       k_ppt21     1.121544000000000         1.000000         0.000000    
       k_ppt22     1.012029000000000         1.000000         0.000000    
       k_ppt23    0.8313887000000000         1.000000         0.000000    
       k_ppt24    0.8778827000000000         1.000000         0.000000    
       k_ppt25     1.010182000000000         1.000000         0.000000    
       k_ppt26     1.134514000000000         1.000000         0.000000    
       k_ppt27     1.035218000000000         1.000000         0.000000    
       k_ppt28     1.006595000000000         1.000000         0.000000    
       k_ppt29     1.040872000000000         1.000000         0.000000    
       k_ppt30     1.046015000000000         1.000000         0.000000    
       k_ppt31     1.240006000000000         1.000000         0.000000    
       k_ppt32     1.442097000000000         1.000000         0.000000    
       k_ppt33    0.9865630000000000         1.000000         0.000000    
       k_ppt34    0.9340810000000000         1.000000         0.000000    
       k_ppt35     1.060862000000000         1.000000         0.000000    
       k_ppt36     1.043889000000000         1.000000         0.000000    
       k_ppt37     1.115057000000000         1.000000         0.000000    
       k_ppt38     1.032578000000000         1.000000         0.000000    
       k_ppt39     1.285943000000000         1.000000         0.000000    
       k_ppt40     1.493895000000000         1.000000         0.000000    
       k_ppt41     1.015104000000000         1.000000         0.000000    
       k_ppt42     1.151867000000000         1.000000         0.000000    
       k_ppt43     1.051819000000000         1.000000         0.000000    
       k_ppt44     1.166177000000000         1.000000         0.000000    
       k_ppt45     1.225181000000000         1.000000         0.000000    
       k_ppt46     1.079874000000000         1.000000         0.000000    
       k_ppt47     1.219214000000000         1.000000         0.000000    
       k_ppt48     1.457253000000000         1.000000         0.000000    
       k_ppt49     1.242526000000000         1.000000         0.000000    
       k_ppt50     1.158148000000000         1.000000         0.000000    
       k_ppt51     1.100549000000000         1.000000         0.000000    
       k_ppt52     1.962303000000000         1.000000         0.000000    
       k_ppt53     2.129048000000000         1.000000         0.000000    
       k_ppt54     1.119818000000000         1.000000         0.000000    
       k_ppt55     1.505506000000000         1.000000         0.000000    
       k_ppt56     1.885705000000000         1.000000         0.000000    
       k_ppt57     1.093122000000000         1.000000         0.000000    
       k_ppt58     1.136351000000000         1.000000         0.000000    
       k_ppt59     1.105538000000000         1.000000         0.000000    
       k_ppt60     2.778620000000000         1.000000         0.000000    
       k_ppt61     2.855468000000000         1.000000         0.000000    
       k_ppt62     1.181119000000000         1.000000         0.000000    
       k_ppt63     1.572615000000000         1.000000         0.000000    
       k_ppt64     1.739116000000000         1.000000         0.000000    
       k_ppt65     1.012930000000000         1.000000         0.000000    
       k_ppt66    0.9230539000000000         1.000000         0.000000    
       k_ppt67     1.089916000000000         1.000000         0.000000    
       k_ppt68     3.100362000000000         1.000000         0.000000    
       k_ppt69     3.128813000000000         1.000000         0.000000    
       k_ppt70     1.104506000000000         1.000000         0.000000    
       k_ppt71     1.623231000000000         1.000000         0.000000    
       k_ppt72     1.471857000000000         1.000000         0.000000    
       k_ppt73     1.779476000000000         1.000000         0.000000    
       k_ppt74     1.395670000000000         1.000000         0.000000    
       k_ppt75     1.053816000000000         1.000000         0.000000    
       k_ppt76    0.6024799000000000         1.000000         0.000000    
       k_ppt77    0.5925552000000000         1.000000         0.000000    
       k_ppt78     1.052330000000000         1.000000         0.000000    
       k_ppt79     1.210987000000000         1.000000         0.000000    
       k_ppt80     1.417575000000000         1.000000         0.000000    
       k_ppt81     1.608511000000000         1.000000         0.000000    
       k_ppt82     1.565961000000000         1.000000         0.000000    
       k_ppt83     1.045505000000000         1.000000         0.000000    
       k_ppt84    0.7165210000000000         1.000000         0.000000    
       k_ppt85    0.7499424000000000         1.000000         0.000000    
       k_ppt86     1.039591000000000         1.000000         0.000000    
       k_ppt87     1.045692000000000         1.000000         0.000000    
       k_ppt88     1.225697000000000         1.000000         0.000000    
       k_ppt89     1.101430000000000         1.000000         0.000000    
       k_ppt90     1.146193000000000         1.000000         0.000000    
       k_ppt91     1.028962000000000         1.000000         0.000000    
       k_ppt92    0.9592298000000000         1.000000         0.000000    
       k_ppt93    0.9507741000000000         1.000000         0.000000    
       k_ppt94     1.008588000000000         1.000000         0.000000    
       k_ppt95    0.9383804000000000         1.000000         0.000000    
       k_ppt96     1.002246000000000         1.000000         0.000000    
       k_ppt97    0.7392447000000000         1.000000         0.000000    
       k_ppt98    0.6653300000000000         1.000000         0.000000    
       k_ppt99    0.7049489000000000         1.000000         0.000000    
      k_ppt100    0.4000502000000000         1.000000         0.000000    
      k_ppt101    0.3840357000000000         1.000000         0.000000    
      k_ppt102    0.6814358000000000         1.000000         0.000000    
      k_ppt103    0.5655847000000002         1.000000         0.000000    
      k_ppt104    0.5757834000000000         1.000000         0.000000    
