  single point
        k_ppt1    0.9447083200000000         1.000000         0.000000    
        k_ppt2    0.9542046600000000         1.000000         0.000000    
        k_ppt3    0.9730848600000000         1.000000         0.000000    
        k_ppt4    0.9914574300000000         1.000000         0.000000    
        k_ppt5    0.9960238300000000         1.000000         0.000000    
        k_ppt6    0.9869602200000000         1.000000         0.000000    
        k_ppt7    0.9782414100000000         1.000000         0.000000    
        k_ppt8    0.9814193400000000         1.000000         0.000000    
        k_ppt9    0.9241270200000000         1.000000         0.000000    
       k_ppt10    0.9340414100000000         1.000000         0.000000    
       k_ppt11    0.9609901200000000         1.000000         0.000000    
       k_ppt12    0.9942818800000000         1.000000         0.000000    
       k_ppt13     1.006873000000000         1.000000         0.000000    
       k_ppt14    0.9973955200000000         1.000000         0.000000    
       k_ppt15    0.9894518600000000         1.000000         0.000000    
       k_ppt16    0.9979685800000000         1.000000         0.000000    
       k_ppt17    0.9043170600000000         1.000000         0.000000    
       k_ppt18    0.9099870600000000         1.000000         0.000000    
       k_ppt19    0.9353041200000000         1.000000         0.000000    
       k_ppt20    0.9769065400000000         1.000000         0.000000    
       k_ppt21     1.006765700000000         1.000000         0.000000    
       k_ppt22     1.024174800000000         1.000000         0.000000    
       k_ppt23     1.042205500000000         1.000000         0.000000    
       k_ppt24     1.062567500000000         1.000000         0.000000    
       k_ppt25    0.8978680200000000         1.000000         0.000000    
       k_ppt26    0.9028385100000000         1.000000         0.000000    
       k_ppt27    0.9227996100000000         1.000000         0.000000    
       k_ppt28    0.9507588200000000         1.000000         0.000000    
       k_ppt29     1.008560400000000         1.000000         0.000000    
       k_ppt30     1.098340900000000         1.000000         0.000000    
       k_ppt31     1.173505400000000         1.000000         0.000000    
       k_ppt32     1.201471700000000         1.000000         0.000000    
       k_ppt33    0.9168992500000000         1.000000         0.000000    
       k_ppt34    0.9417913200000000         1.000000         0.000000    
       k_ppt35    0.9892259900000000         1.000000         0.000000    
       k_ppt36     1.050081800000000         1.000000         0.000000    
       k_ppt37     1.150225100000000         1.000000         0.000000    
       k_ppt38     1.278295800000000         1.000000         0.000000    
       k_ppt39     1.361153800000000         1.000000         0.000000    
       k_ppt40     1.363098300000000         1.000000         0.000000    
       k_ppt41    0.9600956900000000         1.000000         0.000000    
       k_ppt42     1.033787600000000         1.000000         0.000000    
       k_ppt43     1.166618900000000         1.000000         0.000000    
       k_ppt44     1.324768000000000         1.000000         0.000000    
       k_ppt45     1.488657700000000         1.000000         0.000000    
       k_ppt46     1.610002900000000         1.000000         0.000000    
       k_ppt47     1.621664100000000         1.000000         0.000000    
       k_ppt48     1.542125700000000         1.000000         0.000000    
       k_ppt49     1.009826500000000         1.000000         0.000000    
       k_ppt50     1.141431600000000         1.000000         0.000000    
       k_ppt51     1.407040100000000         1.000000         0.000000    
       k_ppt52     1.766917100000000         1.000000         0.000000    
       k_ppt53     2.016884000000000         1.000000         0.000000    
       k_ppt54     2.025290000000000         1.000000         0.000000    
       k_ppt55     1.894864000000000         1.000000         0.000000    
       k_ppt56     1.699760500000000         1.000000         0.000000    
       k_ppt57     1.057659300000000         1.000000         0.000000    
       k_ppt58     1.206303100000000         1.000000         0.000000    
       k_ppt59     1.539443400000000         1.000000         0.000000    
       k_ppt60     2.007601200000000         1.000000         0.000000    
       k_ppt61     2.294577600000000         1.000000         0.000000    
       k_ppt62     2.204432300000000         1.000000         0.000000    
       k_ppt63     1.962504700000000         1.000000         0.000000    
       k_ppt64     1.712943700000000         1.000000         0.000000    
       k_ppt65     1.146682300000000         1.000000         0.000000    
       k_ppt66     1.240785800000000         1.000000         0.000000    
       k_ppt67     1.460476800000000         1.000000         0.000000    
       k_ppt68     1.789852400000000         1.000000         0.000000    
       k_ppt69     2.005016200000000         1.000000         0.000000    
       k_ppt70     1.923202100000000         1.000000         0.000000    
       k_ppt71     1.748781900000000         1.000000         0.000000    
       k_ppt72     1.568220800000000         1.000000         0.000000    
       k_ppt73     1.309005600000000         1.000000         0.000000    
       k_ppt74     1.308774000000000         1.000000         0.000000    
       k_ppt75     1.254768500000000         1.000000         0.000000    
       k_ppt76     1.250664600000000         1.000000         0.000000    
       k_ppt77     1.324719500000000         1.000000         0.000000    
       k_ppt78     1.392149800000000         1.000000         0.000000    
       k_ppt79     1.394545100000000         1.000000         0.000000    
       k_ppt80     1.339398900000000         1.000000         0.000000    
       k_ppt81     1.271661700000000         1.000000         0.000000    
       k_ppt82     1.193076500000000         1.000000         0.000000    
       k_ppt83     1.020589000000000         1.000000         0.000000    
       k_ppt84    0.9156379000000000         1.000000         0.000000    
       k_ppt85    0.9073530400000000         1.000000         0.000000    
       k_ppt86    0.9591370000000000         1.000000         0.000000    
       k_ppt87     1.025505500000000         1.000000         0.000000    
       k_ppt88     1.059603100000000         1.000000         0.000000    
       k_ppt89     1.041051700000000         1.000000         0.000000    
       k_ppt90    0.9322630200000000         1.000000         0.000000    
       k_ppt91    0.7770109600000000         1.000000         0.000000    
       k_ppt92    0.6830048400000000         1.000000         0.000000    
       k_ppt93    0.6548711400000000         1.000000         0.000000    
       k_ppt94    0.6764911000000000         1.000000         0.000000    
       k_ppt95    0.7396264300000000         1.000000         0.000000    
       k_ppt96    0.8072826400000002         1.000000         0.000000    
       k_ppt97    0.7900555000000000         1.000000         0.000000    
       k_ppt98    0.6916154400000000         1.000000         0.000000    
       k_ppt99    0.6004110000000000         1.000000         0.000000    
      k_ppt100    0.5251184200000000         1.000000         0.000000    
      k_ppt101    0.5020560800000000         1.000000         0.000000    
      k_ppt102    0.5273872500000000         1.000000         0.000000    
      k_ppt103    0.5733249700000000         1.000000         0.000000    
      k_ppt104    0.6431445700000000         1.000000         0.000000    
