  single point
        k_ppt1     1.024038000000000         1.000000         0.000000    
        k_ppt2     1.016851000000000         1.000000         0.000000    
        k_ppt3     1.011104000000000         1.000000         0.000000    
        k_ppt4     1.005623000000000         1.000000         0.000000    
        k_ppt5     1.000137000000000         1.000000         0.000000    
        k_ppt6    0.9926813000000000         1.000000         0.000000    
        k_ppt7    0.9828192000000000         1.000000         0.000000    
        k_ppt8    0.9701610000000000         1.000000         0.000000    
        k_ppt9     1.062305000000000         1.000000         0.000000    
       k_ppt10     1.050612000000000         1.000000         0.000000    
       k_ppt11     1.028232000000000         1.000000         0.000000    
       k_ppt12     1.011722000000000         1.000000         0.000000    
       k_ppt13     1.003286000000000         1.000000         0.000000    
       k_ppt14    0.9867804000000000         1.000000         0.000000    
       k_ppt15    0.9376811000000000         1.000000         0.000000    
       k_ppt16    0.9276570000000000         1.000000         0.000000    
       k_ppt17     1.083238000000000         1.000000         0.000000    
       k_ppt18     1.073725000000000         1.000000         0.000000    
       k_ppt19     1.039744000000000         1.000000         0.000000    
       k_ppt20     1.020373000000000         1.000000         0.000000    
       k_ppt21     1.021362000000000         1.000000         0.000000    
       k_ppt22     1.022427000000000         1.000000         0.000000    
       k_ppt23    0.9371896000000000         1.000000         0.000000    
       k_ppt24    0.9529247000000000         1.000000         0.000000    
       k_ppt25     1.008338000000000         1.000000         0.000000    
       k_ppt26     1.008624000000000         1.000000         0.000000    
       k_ppt27     1.040003000000000         1.000000         0.000000    
       k_ppt28     1.056764000000000         1.000000         0.000000    
       k_ppt29     1.078860000000000         1.000000         0.000000    
       k_ppt30     1.125082000000000         1.000000         0.000000    
       k_ppt31     1.259446000000000         1.000000         0.000000    
       k_ppt32     1.352635000000000         1.000000         0.000000    
       k_ppt33     1.026245000000000         1.000000         0.000000    
       k_ppt34     1.032420000000000         1.000000         0.000000    
       k_ppt35     1.058276000000000         1.000000         0.000000    
       k_ppt36     1.019506000000000         1.000000         0.000000    
       k_ppt37     1.056154000000000         1.000000         0.000000    
       k_ppt38     1.185584000000000         1.000000         0.000000    
       k_ppt39     1.268855000000000         1.000000         0.000000    
       k_ppt40     1.416860000000000         1.000000         0.000000    
       k_ppt41     1.083863000000000         1.000000         0.000000    
       k_ppt42     1.103419000000000         1.000000         0.000000    
       k_ppt43     1.163125000000000         1.000000         0.000000    
       k_ppt44     1.050399000000000         1.000000         0.000000    
       k_ppt45     1.093996000000000         1.000000         0.000000    
       k_ppt46     1.311128000000000         1.000000         0.000000    
       k_ppt47     1.292854000000000         1.000000         0.000000    
       k_ppt48     1.466555000000000         1.000000         0.000000    
       k_ppt49     1.239709000000000         1.000000         0.000000    
       k_ppt50     1.285278000000000         1.000000         0.000000    
       k_ppt51     1.402561000000000         1.000000         0.000000    
       k_ppt52     1.797660000000000         1.000000         0.000000    
       k_ppt53     1.881084000000000         1.000000         0.000000    
       k_ppt54     1.615682000000000         1.000000         0.000000    
       k_ppt55     1.623902000000000         1.000000         0.000000    
       k_ppt56     1.849007000000000         1.000000         0.000000    
       k_ppt57     1.211976000000000         1.000000         0.000000    
       k_ppt58     1.271133000000000         1.000000         0.000000    
       k_ppt59     1.518029000000000         1.000000         0.000000    
       k_ppt60     2.047480000000000         1.000000         0.000000    
       k_ppt61     2.137221000000000         1.000000         0.000000    
       k_ppt62     1.766564000000000         1.000000         0.000000    
       k_ppt63     1.712168000000000         1.000000         0.000000    
       k_ppt64     1.923782000000000         1.000000         0.000000    
       k_ppt65     1.162199000000000         1.000000         0.000000    
       k_ppt66     1.181845000000000         1.000000         0.000000    
       k_ppt67     1.402803000000000         1.000000         0.000000    
       k_ppt68     1.996347000000000         1.000000         0.000000    
       k_ppt69     2.042895000000000         1.000000         0.000000    
       k_ppt70     1.540460000000000         1.000000         0.000000    
       k_ppt71     1.574853000000000         1.000000         0.000000    
       k_ppt72     1.723074000000000         1.000000         0.000000    
       k_ppt73     1.364424000000000         1.000000         0.000000    
       k_ppt74     1.314198000000000         1.000000         0.000000    
       k_ppt75     1.154981000000000         1.000000         0.000000    
       k_ppt76    0.8550283000000000         1.000000         0.000000    
       k_ppt77    0.8473219000000000         1.000000         0.000000    
       k_ppt78     1.097330000000000         1.000000         0.000000    
       k_ppt79     1.036704000000000         1.000000         0.000000    
       k_ppt80     1.080498000000000         1.000000         0.000000    
       k_ppt81     1.296108000000000         1.000000         0.000000    
       k_ppt82     1.215496000000000         1.000000         0.000000    
       k_ppt83     1.031108000000000         1.000000         0.000000    
       k_ppt84    0.8962749000000000         1.000000         0.000000    
       k_ppt85    0.8695889000000000         1.000000         0.000000    
       k_ppt86    0.9254215000000000         1.000000         0.000000    
       k_ppt87    0.9710145000000000         1.000000         0.000000    
       k_ppt88    0.9737670000000000         1.000000         0.000000    
       k_ppt89     1.120349000000000         1.000000         0.000000    
       k_ppt90     1.075123000000000         1.000000         0.000000    
       k_ppt91    0.9343489000000000         1.000000         0.000000    
       k_ppt92    0.9721021000000000         1.000000         0.000000    
       k_ppt93    0.9425822000000000         1.000000         0.000000    
       k_ppt94    0.8516610000000000         1.000000         0.000000    
       k_ppt95    0.9356637000000000         1.000000         0.000000    
       k_ppt96    0.8887414000000000         1.000000         0.000000    
       k_ppt97    0.6957583000000002         1.000000         0.000000    
       k_ppt98    0.6765720000000000         1.000000         0.000000    
       k_ppt99    0.6740096000000000         1.000000         0.000000    
      k_ppt100    0.5361310000000000         1.000000         0.000000    
      k_ppt101    0.5138772000000000         1.000000         0.000000    
      k_ppt102    0.6039402000000000         1.000000         0.000000    
      k_ppt103    0.5711228000000000         1.000000         0.000000    
      k_ppt104    0.5296812000000000         1.000000         0.000000    
