single point
k_ppt1                    1.95857000             1.0   0.0
k_ppt2                    1.58638000             1.0   0.0
k_ppt3                    2.11664000             1.0   0.0
k_ppt4                    2.60752000             1.0   0.0
k_ppt5                    6.22913000             1.0   0.0
k_ppt6                    2.27191000             1.0   0.0
k_ppt7                   0.975002000             1.0   0.0
k_ppt8                    1.13445000             1.0   0.0
k_ppt9                    2.61465000             1.0   0.0
k_ppt10                  0.765279000             1.0   0.0
k_ppt11                   3.51343000             1.0   0.0
k_ppt12                   2.83792000             1.0   0.0
k_ppt13                   2.26544000             1.0   0.0
k_ppt14                   2.63621000             1.0   0.0
k_ppt15                   2.65640000             1.0   0.0
k_ppt16                   2.28453000             1.0   0.0
k_ppt17                   1.57449000             1.0   0.0
k_ppt18                  0.763360000             1.0   0.0
k_ppt19                   1.13886000             1.0   0.0
k_ppt20                  0.949302000             1.0   0.0
k_ppt21                   2.97767000             1.0   0.0
k_ppt22                   3.49614000             1.0   0.0
k_ppt23                   2.99345000             1.0   0.0
k_ppt24                   1.08265000             1.0   0.0
k_ppt25                  0.727095000             1.0   0.0
k_ppt26                  0.243687000             1.0   0.0
k_ppt27                  0.725452000             1.0   0.0
k_ppt28                   1.57768000             1.0   0.0
k_ppt29                   5.01698000             1.0   0.0
k_ppt30                   3.81080000             1.0   0.0
k_ppt31                   2.47399000             1.0   0.0
k_ppt32                   2.61720000             1.0   0.0
k_ppt33                  0.972673000             1.0   0.0
k_ppt34                  0.382405000             1.0   0.0
k_ppt35                  0.656436000             1.0   0.0
k_ppt36                  0.387946000             1.0   0.0
k_ppt37                   1.23513000             1.0   0.0
k_ppt38                   1.39778000             1.0   0.0
k_ppt39                  0.849246000             1.0   0.0
k_ppt40                  0.993156000             1.0   0.0
k_ppt41                   1.39847000             1.0   0.0
k_ppt42                   1.38407000             1.0   0.0
k_ppt43                   1.02037000             1.0   0.0
k_ppt44                   3.19908000             1.0   0.0
k_ppt45                   2.03977000             1.0   0.0
k_ppt46                   3.70087000             1.0   0.0
k_ppt47                   1.07295000             1.0   0.0
k_ppt48                  0.357950000             1.0   0.0
k_ppt49                  0.518429000             1.0   0.0
k_ppt50                   1.87218000             1.0   0.0
k_ppt51                   1.39818000             1.0   0.0
k_ppt52                   2.36564000             1.0   0.0
k_ppt53                   2.59444000             1.0   0.0
k_ppt54                   1.14305000             1.0   0.0
k_ppt55                  0.421983000             1.0   0.0
k_ppt56                   1.72160000             1.0   0.0
k_ppt57                  0.439468000             1.0   0.0
k_ppt58                   1.41059000             1.0   0.0
k_ppt59                   1.54881000             1.0   0.0
k_ppt60                   2.37981000             1.0   0.0
k_ppt61                   2.49635000             1.0   0.0
k_ppt62                   1.19584000             1.0   0.0
k_ppt63                   1.54744000             1.0   0.0
k_ppt64                   1.96929000             1.0   0.0
k_ppt65                  0.696260000             1.0   0.0
k_ppt66                   1.35462000             1.0   0.0
k_ppt67                   2.81852000             1.0   0.0
k_ppt68                   4.07332000             1.0   0.0
k_ppt69                   5.41588000             1.0   0.0
k_ppt70                   1.45560000             1.0   0.0
k_ppt71                   1.69020000             1.0   0.0
k_ppt72                  0.405771000             1.0   0.0
k_ppt73                  0.422371000             1.0   0.0
k_ppt74                  0.611866000             1.0   0.0
k_ppt75                  0.925819000             1.0   0.0
k_ppt76                   1.59990000             1.0   0.0
k_ppt77                   2.42600000             1.0   0.0
k_ppt78                   1.92943000             1.0   0.0
k_ppt79                   1.92794000             1.0   0.0
k_ppt80                  0.275324000             1.0   0.0
k_ppt81                   1.06177000             1.0   0.0
k_ppt82                   1.01745000             1.0   0.0
k_ppt83                   1.10246000             1.0   0.0
k_ppt84                   1.34143000             1.0   0.0
k_ppt85                   1.96224000             1.0   0.0
k_ppt86                   1.95824000             1.0   0.0
k_ppt87                   1.11371000             1.0   0.0
k_ppt88                  0.672065000             1.0   0.0
k_ppt89                   2.60490000             1.0   0.0
k_ppt90                   1.22611000             1.0   0.0
k_ppt91                  0.663221000             1.0   0.0
k_ppt92                  0.615490000             1.0   0.0
k_ppt93                  0.909674000             1.0   0.0
k_ppt94                  0.920753000             1.0   0.0
k_ppt95                   1.07508000             1.0   0.0
k_ppt96                   1.09395000             1.0   0.0
k_ppt97                  0.707710000             1.0   0.0
k_ppt98                  0.867340000             1.0   0.0
k_ppt99                  0.336861000             1.0   0.0
k_ppt100                 0.414161000             1.0   0.0
k_ppt101                 0.619887000             1.0   0.0
k_ppt102                 0.409405000             1.0   0.0
k_ppt103                 0.760852000             1.0   0.0
k_ppt104                 0.532326000             1.0   0.0
