single point
        k_ppt1                      0.9200427555682097    1.000000000000000   0.0000000000000000
        k_ppt2                      1.004444243264046    1.000000000000000   0.0000000000000000
        k_ppt3                      1.333948868597583    1.000000000000000   0.0000000000000000
        k_ppt4                      2.104536583660689    1.000000000000000   0.0000000000000000
        k_ppt5                      2.763578446028305    1.000000000000000   0.0000000000000000
        k_ppt6                      1.444489664796375    1.000000000000000   0.0000000000000000
        k_ppt7                      1.213401553246314    1.000000000000000   0.0000000000000000
        k_ppt8                      1.722819621303135    1.000000000000000   0.0000000000000000
        k_ppt9                      1.079400965769876    1.000000000000000   0.0000000000000000
       k_ppt10                      0.8128494869663729    1.000000000000000   0.0000000000000000
       k_ppt11                      1.246539233708093    1.000000000000000   0.0000000000000000
       k_ppt12                      1.414902328215811    1.000000000000000   0.0000000000000000
       k_ppt13                      2.020113388782089    1.000000000000000   0.0000000000000000
       k_ppt14                      1.951138687756100    1.000000000000000   0.0000000000000000
       k_ppt15                      1.587066361405733    1.000000000000000   0.0000000000000000
       k_ppt16                      1.708904673022428    1.000000000000000   0.0000000000000000
       k_ppt17                      0.8820569603409266    1.000000000000000   0.0000000000000000
       k_ppt18                      0.7017472831843014    1.000000000000000   0.0000000000000000
       k_ppt19                      0.7262487950621734    1.000000000000000   0.0000000000000000
       k_ppt20                      0.9810718466696848    1.000000000000000   0.0000000000000000
       k_ppt21                      1.639415890489250    1.000000000000000   0.0000000000000000
       k_ppt22                      1.453693238412227    1.000000000000000   0.0000000000000000
       k_ppt23                      1.844912625699489    1.000000000000000   0.0000000000000000
       k_ppt24                      1.470753264269784    1.000000000000000   0.0000000000000000
       k_ppt25                      0.6346235223550896    1.000000000000000   0.0000000000000000
       k_ppt26                      0.5324477172793201    1.000000000000000   0.0000000000000000
       k_ppt27                      0.9135716647384642    1.000000000000000   0.0000000000000000
       k_ppt28                      1.269945957316587    1.000000000000000   0.0000000000000000
       k_ppt29                      1.966986517937455    1.000000000000000   0.0000000000000000
       k_ppt30                      1.965125077100754    1.000000000000000   0.0000000000000000
       k_ppt31                      1.664720448168803    1.000000000000000   0.0000000000000000
       k_ppt32                      1.523537332142434    1.000000000000000   0.0000000000000000
       k_ppt33                      0.5594856543132961    1.000000000000000   0.0000000000000000
       k_ppt34                      0.5988704272321465    1.000000000000000   0.0000000000000000
       k_ppt35                      1.081401299014292    1.000000000000000   0.0000000000000000
       k_ppt36                      0.8279163986846482    1.000000000000000   0.0000000000000000
       k_ppt37                      1.722455021922732    1.000000000000000   0.0000000000000000
       k_ppt38                      1.752132070586466    1.000000000000000   0.0000000000000000
       k_ppt39                      1.744496937505144    1.000000000000000   0.0000000000000000
       k_ppt40                      1.622881140355009    1.000000000000000   0.0000000000000000
       k_ppt41                      0.9945761150154518    1.000000000000000   0.0000000000000000
       k_ppt42                      0.8541089983999048    1.000000000000000   0.0000000000000000
       k_ppt43                      1.036123208037172    1.000000000000000   0.0000000000000000
       k_ppt44                      1.660650018384435    1.000000000000000   0.0000000000000000
       k_ppt45                      1.749147146756768    1.000000000000000   0.0000000000000000
       k_ppt46                      2.179010478976444    1.000000000000000   0.0000000000000000
       k_ppt47                      2.268380543482611    1.000000000000000   0.0000000000000000
       k_ppt48                      1.216079608155682    1.000000000000000   0.0000000000000000
       k_ppt49                      0.9437209838816327    1.000000000000000   0.0000000000000000
       k_ppt50                      1.317355889939881    1.000000000000000   0.0000000000000000
       k_ppt51                      1.183892978243791    1.000000000000000   0.0000000000000000
       k_ppt52                      1.730123624306224    1.000000000000000   0.0000000000000000
       k_ppt53                      1.877614770389818    1.000000000000000   0.0000000000000000
       k_ppt54                      1.720741981809110    1.000000000000000   0.0000000000000000
       k_ppt55                      1.357390154636281    1.000000000000000   0.0000000000000000
       k_ppt56                      1.657562933664889    1.000000000000000   0.0000000000000000
       k_ppt57                      0.9252449016224628    1.000000000000000   0.0000000000000000
       k_ppt58                      1.024501774925540    1.000000000000000   0.0000000000000000
       k_ppt59                      0.9074952906248636    1.000000000000000   0.0000000000000000
       k_ppt60                      1.451295329281197    1.000000000000000   0.0000000000000000
       k_ppt61                      1.936139044425398    1.000000000000000   0.0000000000000000
       k_ppt62                      1.633238094211259    1.000000000000000   0.0000000000000000
       k_ppt63                      1.458976064708777    1.000000000000000   0.0000000000000000
       k_ppt64                      1.650531119344461    1.000000000000000   0.0000000000000000
       k_ppt65                      0.8991349701759479    1.000000000000000   0.0000000000000000
       k_ppt66                      1.024118446109627    1.000000000000000   0.0000000000000000
       k_ppt67                      1.139436384433497    1.000000000000000   0.0000000000000000
       k_ppt68                      1.461628031422556    1.000000000000000   0.0000000000000000
       k_ppt69                      2.058553783097465    1.000000000000000   0.0000000000000000
       k_ppt70                      1.770329120290079    1.000000000000000   0.0000000000000000
       k_ppt71                      1.299896074032287    1.000000000000000   0.0000000000000000
       k_ppt72                      1.009063543690844    1.000000000000000   0.0000000000000000
       k_ppt73                      0.7270475967989427    1.000000000000000   0.0000000000000000
       k_ppt74                      0.8197427475139116    1.000000000000000   0.0000000000000000
       k_ppt75                      1.102165223017862    1.000000000000000   0.0000000000000000
       k_ppt76                      1.612566915613946    1.000000000000000   0.0000000000000000
       k_ppt77                      1.383425577760621    1.000000000000000   0.0000000000000000
       k_ppt78                      1.419229792389452    1.000000000000000   0.0000000000000000
       k_ppt79                      1.472076052786375    1.000000000000000   0.0000000000000000
       k_ppt80                      1.078553925522509    1.000000000000000   0.0000000000000000
       k_ppt81                      0.6860511570272680    1.000000000000000   0.0000000000000000
       k_ppt82                      0.7801634304041907    1.000000000000000   0.0000000000000000
       k_ppt83                      0.9588785145242392    1.000000000000000   0.0000000000000000
       k_ppt84                      1.420950426768969    1.000000000000000   0.0000000000000000
       k_ppt85                      1.290864074315798    1.000000000000000   0.0000000000000000
       k_ppt86                      1.173270892434483    1.000000000000000   0.0000000000000000
       k_ppt87                      1.166415051769916    1.000000000000000   0.0000000000000000
       k_ppt88                      1.193992579827342    1.000000000000000   0.0000000000000000
       k_ppt89                      0.9673902420587794    1.000000000000000   0.0000000000000000
       k_ppt90                      0.6698546888586653    1.000000000000000   0.0000000000000000
       k_ppt91                      0.6221659483579055    1.000000000000000   0.0000000000000000
       k_ppt92                      0.8485204716518769    1.000000000000000   0.0000000000000000
       k_ppt93                      0.7936090314212826    1.000000000000000   0.0000000000000000
       k_ppt94                      0.7554073159595737    1.000000000000000   0.0000000000000000
       k_ppt95                      0.7736323522913416    1.000000000000000   0.0000000000000000
       k_ppt96                      1.054339006710219    1.000000000000000   0.0000000000000000
       k_ppt97                      0.8575078809642377    1.000000000000000   0.0000000000000000
       k_ppt98                      0.7237668687647505    1.000000000000000   0.0000000000000000
       k_ppt99                      0.5865204151082326    1.000000000000000   0.0000000000000000
      k_ppt100                      0.6203336779661848    1.000000000000000   0.0000000000000000
      k_ppt101                      0.5814957403629489    1.000000000000000   0.0000000000000000
      k_ppt102                      0.5738331190844089    1.000000000000000   0.0000000000000000
      k_ppt103                      0.6514805747211927    1.000000000000000   0.0000000000000000
      k_ppt104                      0.6358386536201647    1.000000000000000   0.0000000000000000
