  single point
        k_ppt1    0.8912205000000000         1.000000         0.000000    
        k_ppt2     1.738510100000000         1.000000         0.000000    
        k_ppt3    0.7204862600000000         1.000000         0.000000    
        k_ppt4     1.001138800000000         1.000000         0.000000    
        k_ppt5    0.3787614500000000         1.000000         0.000000    
        k_ppt6    8.9350996000000000E-02     1.000000         0.000000    
        k_ppt7    0.1204775600000000         1.000000         0.000000    
        k_ppt8    0.2451152900000000         1.000000         0.000000    
        k_ppt9    0.9437010200000000         1.000000         0.000000    
       k_ppt10    0.6909943900000000         1.000000         0.000000    
       k_ppt11     3.882436400000000         1.000000         0.000000    
       k_ppt12    0.3622779900000000         1.000000         0.000000    
       k_ppt13    0.3229451300000000         1.000000         0.000000    
       k_ppt14    9.9756006000000000E-02     1.000000         0.000000    
       k_ppt15    0.4088078100000000         1.000000         0.000000    
       k_ppt16    0.4186910600000000         1.000000         0.000000    
       k_ppt17    0.7505735800000000         1.000000         0.000000    
       k_ppt18     1.492253100000000         1.000000         0.000000    
       k_ppt19     1.744991100000000         1.000000         0.000000    
       k_ppt20    0.7533941000000000         1.000000         0.000000    
       k_ppt21    0.2956649000000000         1.000000         0.000000    
       k_ppt22    0.4163679500000000         1.000000         0.000000    
       k_ppt23    0.6317632900000000         1.000000         0.000000    
       k_ppt24     1.000782800000000         1.000000         0.000000    
       k_ppt25     2.040625900000000         1.000000         0.000000    
       k_ppt26     2.105792500000000         1.000000         0.000000    
       k_ppt27     3.073378800000000         1.000000         0.000000    
       k_ppt28     1.237255900000000         1.000000         0.000000    
       k_ppt29    0.4153606300000000         1.000000         0.000000    
       k_ppt30    0.2477339500000000         1.000000         0.000000    
       k_ppt31    0.6058104800000000         1.000000         0.000000    
       k_ppt32     1.306354100000000         1.000000         0.000000    
       k_ppt33    0.8007053200000002         1.000000         0.000000    
       k_ppt34     2.935158000000000         1.000000         0.000000    
       k_ppt35     1.456142600000000         1.000000         0.000000    
       k_ppt36     2.029112300000000         1.000000         0.000000    
       k_ppt37     1.061482300000000         1.000000         0.000000    
       k_ppt38    0.6988661500000000         1.000000         0.000000    
       k_ppt39     1.188347000000000         1.000000         0.000000    
       k_ppt40     1.789616900000000         1.000000         0.000000    
       k_ppt41    0.9196105500000000         1.000000         0.000000    
       k_ppt42    0.5388444500000000         1.000000         0.000000    
       k_ppt43    0.8598466600000000         1.000000         0.000000    
       k_ppt44    0.5983571300000000         1.000000         0.000000    
       k_ppt45    0.7980516200000000         1.000000         0.000000    
       k_ppt46    0.5825451300000000         1.000000         0.000000    
       k_ppt47     1.322880800000000         1.000000         0.000000    
       k_ppt48     2.435593700000000         1.000000         0.000000    
       k_ppt49    0.9913849900000000         1.000000         0.000000    
       k_ppt50    0.4797130300000000         1.000000         0.000000    
       k_ppt51     1.392682000000000         1.000000         0.000000    
       k_ppt52     1.756739700000000         1.000000         0.000000    
       k_ppt53     1.326725000000000         1.000000         0.000000    
       k_ppt54    0.7470089900000000         1.000000         0.000000    
       k_ppt55     1.481023600000000         1.000000         0.000000    
       k_ppt56     1.988509200000000         1.000000         0.000000    
       k_ppt57     3.351288500000000         1.000000         0.000000    
       k_ppt58     1.343186700000000         1.000000         0.000000    
       k_ppt59    0.6845794200000000         1.000000         0.000000    
       k_ppt60     2.287522000000000         1.000000         0.000000    
       k_ppt61     2.098400900000000         1.000000         0.000000    
       k_ppt62    0.8003876500000000         1.000000         0.000000    
       k_ppt63     1.104084100000000         1.000000         0.000000    
       k_ppt64     4.739661700000000         1.000000         0.000000    
       k_ppt65     2.209909400000000         1.000000         0.000000    
       k_ppt66     2.771198100000000         1.000000         0.000000    
       k_ppt67     2.604395100000000         1.000000         0.000000    
       k_ppt68     2.637243700000000         1.000000         0.000000    
       k_ppt69     1.456979100000000         1.000000         0.000000    
       k_ppt70     1.342219700000000         1.000000         0.000000    
       k_ppt71     1.917273200000000         1.000000         0.000000    
       k_ppt72     3.795083500000000         1.000000         0.000000    
       k_ppt73     1.921863900000000         1.000000         0.000000    
       k_ppt74     1.899595400000000         1.000000         0.000000    
       k_ppt75     2.236969100000000         1.000000         0.000000    
       k_ppt76    0.7839412700000000         1.000000         0.000000    
       k_ppt77    0.4465200000000000         1.000000         0.000000    
       k_ppt78    0.7884156100000000         1.000000         0.000000    
       k_ppt79     1.152721400000000         1.000000         0.000000    
       k_ppt80     1.761889800000000         1.000000         0.000000    
       k_ppt81     1.353875600000000         1.000000         0.000000    
       k_ppt82     1.652250300000000         1.000000         0.000000    
       k_ppt83     1.250068500000000         1.000000         0.000000    
       k_ppt84    0.5637652700000000         1.000000         0.000000    
       k_ppt85    0.4701405300000000         1.000000         0.000000    
       k_ppt86    0.3114011300000001         1.000000         0.000000    
       k_ppt87    0.3304054600000000         1.000000         0.000000    
       k_ppt88     1.467704300000000         1.000000         0.000000    
       k_ppt89     1.761587200000000         1.000000         0.000000    
       k_ppt90     1.576168100000000         1.000000         0.000000    
       k_ppt91     1.799283500000000         1.000000         0.000000    
       k_ppt92    0.8198237200000000         1.000000         0.000000    
       k_ppt93    0.4889765800000000         1.000000         0.000000    
       k_ppt94    0.2562873400000000         1.000000         0.000000    
       k_ppt95    0.6888641700000000         1.000000         0.000000    
       k_ppt96    0.9877753000000000         1.000000         0.000000    
       k_ppt97    0.7889880300000000         1.000000         0.000000    
       k_ppt98     1.157243700000000         1.000000         0.000000    
       k_ppt99    0.5129328600000000         1.000000         0.000000    
      k_ppt100    0.5848838200000002         1.000000         0.000000    
      k_ppt101    0.2220008700000000         1.000000         0.000000    
      k_ppt102    0.1275264800000000         1.000000         0.000000    
      k_ppt103    0.4764882500000000         1.000000         0.000000    
      k_ppt104    0.8030821900000000         1.000000         0.000000    
