single point
          par1                      -0.1698959660740881    1.000000000000000   0.0000000000000000
          par2                      0.8255367904786306    1.000000000000000   0.0000000000000000
          par3                      0.6169144012241671    1.000000000000000   0.0000000000000000
          par4                      0.4329447879331429    1.000000000000000   0.0000000000000000
          par5                      -0.4400122091316955    1.000000000000000   0.0000000000000000
          par6                      -0.1345712902988159    1.000000000000000   0.0000000000000000
          par7                      0.1176601564350513    1.000000000000000   0.0000000000000000
          par8                      0.4289972152661213    1.000000000000000   0.0000000000000000
          par9                      0.2503475425256224    1.000000000000000   0.0000000000000000
         par10                      -0.1684259881860289    1.000000000000000   0.0000000000000000
         par11                      -0.6134518256918369    1.000000000000000   0.0000000000000000
         par12                      -0.8332636486970213    1.000000000000000   0.0000000000000000
         par13                      -0.2136861063722375    1.000000000000000   0.0000000000000000
         par14                      0.003924923452922349    1.000000000000000   0.0000000000000000
