single point
          par1                      -0.1731941623913728    1.000000000000000   0.0000000000000000
          par2                      0.9016541002797265    1.000000000000000   0.0000000000000000
          par3                      0.7372693684819538    1.000000000000000   0.0000000000000000
          par4                      0.4467519591019017    1.000000000000000   0.0000000000000000
          par5                      -0.5295724201918248    1.000000000000000   0.0000000000000000
          par6                      -0.01525594757974892    1.000000000000000   0.0000000000000000
          par7                      0.2137902857534074    1.000000000000000   0.0000000000000000
          par8                      0.5454195260007936    1.000000000000000   0.0000000000000000
          par9                      0.04506159700312171    1.000000000000000   0.0000000000000000
         par10                      -0.3661001726483600    1.000000000000000   0.0000000000000000
         par11                      -0.8213976585060048    1.000000000000000   0.0000000000000000
         par12                      -0.8537652144964373    1.000000000000000   0.0000000000000000
         par13                      -0.3548904133898905    1.000000000000000   0.0000000000000000
         par14                      0.3494501576798786    1.000000000000000   0.0000000000000000
