  single point
        k_ppt1     1.000000000000000         1.000000         0.000000    
        k_ppt2     1.000000000000000         1.000000         0.000000    
        k_ppt3     1.000000000000000         1.000000         0.000000    
        k_ppt4     1.000000000000000         1.000000         0.000000    
        k_ppt5     1.000000000000000         1.000000         0.000000    
        k_ppt6     1.000000000000000         1.000000         0.000000    
        k_ppt7     1.000000000000000         1.000000         0.000000    
        k_ppt8     1.000000000000000         1.000000         0.000000    
        k_ppt9     1.000000000000000         1.000000         0.000000    
       k_ppt10     1.000000000000000         1.000000         0.000000    
       k_ppt11     1.000000000000000         1.000000         0.000000    
       k_ppt12     1.000000000000000         1.000000         0.000000    
       k_ppt13     1.000000000000000         1.000000         0.000000    
       k_ppt14     1.000000000000000         1.000000         0.000000    
       k_ppt15     1.000000000000000         1.000000         0.000000    
       k_ppt16     1.000000000000000         1.000000         0.000000    
       k_ppt17     1.000000000000000         1.000000         0.000000    
       k_ppt18     1.000000000000000         1.000000         0.000000    
       k_ppt19     1.000000000000000         1.000000         0.000000    
       k_ppt20     1.000000000000000         1.000000         0.000000    
       k_ppt21     1.000000000000000         1.000000         0.000000    
       k_ppt22     1.000000000000000         1.000000         0.000000    
       k_ppt23     1.000000000000000         1.000000         0.000000    
       k_ppt24     1.000000000000000         1.000000         0.000000    
       k_ppt25     1.000000000000000         1.000000         0.000000    
       k_ppt26     1.000000000000000         1.000000         0.000000    
       k_ppt27     1.000000000000000         1.000000         0.000000    
       k_ppt28     1.000000000000000         1.000000         0.000000    
       k_ppt29     1.000000000000000         1.000000         0.000000    
       k_ppt30     1.000000000000000         1.000000         0.000000    
       k_ppt31     1.000000000000000         1.000000         0.000000    
       k_ppt32     1.000000000000000         1.000000         0.000000    
       k_ppt33     1.000000000000000         1.000000         0.000000    
       k_ppt34     1.000000000000000         1.000000         0.000000    
       k_ppt35     1.000000000000000         1.000000         0.000000    
       k_ppt36     1.000000000000000         1.000000         0.000000    
       k_ppt37     1.000000000000000         1.000000         0.000000    
       k_ppt38     1.000000000000000         1.000000         0.000000    
       k_ppt39     1.000000000000000         1.000000         0.000000    
       k_ppt40     1.000000000000000         1.000000         0.000000    
       k_ppt41     1.000000000000000         1.000000         0.000000    
       k_ppt42     1.000000000000000         1.000000         0.000000    
       k_ppt43     1.000000000000000         1.000000         0.000000    
       k_ppt44     1.000000000000000         1.000000         0.000000    
       k_ppt45     1.000000000000000         1.000000         0.000000    
       k_ppt46     1.000000000000000         1.000000         0.000000    
       k_ppt47     1.000000000000000         1.000000         0.000000    
       k_ppt48     1.000000000000000         1.000000         0.000000    
       k_ppt49     1.000000000000000         1.000000         0.000000    
       k_ppt50     1.000000000000000         1.000000         0.000000    
       k_ppt51     1.000000000000000         1.000000         0.000000    
       k_ppt52     1.000000000000000         1.000000         0.000000    
       k_ppt53     1.000000000000000         1.000000         0.000000    
       k_ppt54     1.000000000000000         1.000000         0.000000    
       k_ppt55     1.000000000000000         1.000000         0.000000    
       k_ppt56     1.000000000000000         1.000000         0.000000    
       k_ppt57     1.000000000000000         1.000000         0.000000    
       k_ppt58     1.000000000000000         1.000000         0.000000    
       k_ppt59     1.000000000000000         1.000000         0.000000    
       k_ppt60     1.000000000000000         1.000000         0.000000    
       k_ppt61     1.000000000000000         1.000000         0.000000    
       k_ppt62     1.000000000000000         1.000000         0.000000    
       k_ppt63     1.000000000000000         1.000000         0.000000    
       k_ppt64     1.000000000000000         1.000000         0.000000    
       k_ppt65     1.000000000000000         1.000000         0.000000    
       k_ppt66     1.000000000000000         1.000000         0.000000    
       k_ppt67     1.000000000000000         1.000000         0.000000    
       k_ppt68     1.000000000000000         1.000000         0.000000    
       k_ppt69     1.000000000000000         1.000000         0.000000    
       k_ppt70     1.000000000000000         1.000000         0.000000    
       k_ppt71     1.000000000000000         1.000000         0.000000    
       k_ppt72     1.000000000000000         1.000000         0.000000    
       k_ppt73     1.000000000000000         1.000000         0.000000    
       k_ppt74     1.000000000000000         1.000000         0.000000    
       k_ppt75     1.000000000000000         1.000000         0.000000    
       k_ppt76     1.000000000000000         1.000000         0.000000    
       k_ppt77     1.000000000000000         1.000000         0.000000    
       k_ppt78     1.000000000000000         1.000000         0.000000    
       k_ppt79     1.000000000000000         1.000000         0.000000    
       k_ppt80     1.000000000000000         1.000000         0.000000    
       k_ppt81     1.000000000000000         1.000000         0.000000    
       k_ppt82     1.000000000000000         1.000000         0.000000    
       k_ppt83     1.000000000000000         1.000000         0.000000    
       k_ppt84     1.000000000000000         1.000000         0.000000    
       k_ppt85     1.000000000000000         1.000000         0.000000    
       k_ppt86     1.000000000000000         1.000000         0.000000    
       k_ppt87     1.000000000000000         1.000000         0.000000    
       k_ppt88     1.000000000000000         1.000000         0.000000    
       k_ppt89     1.000000000000000         1.000000         0.000000    
       k_ppt90     1.000000000000000         1.000000         0.000000    
       k_ppt91     1.000000000000000         1.000000         0.000000    
       k_ppt92     1.000000000000000         1.000000         0.000000    
       k_ppt93     1.000000000000000         1.000000         0.000000    
       k_ppt94     1.000000000000000         1.000000         0.000000    
       k_ppt95     1.000000000000000         1.000000         0.000000    
       k_ppt96     1.000000000000000         1.000000         0.000000    
       k_ppt97     1.000000000000000         1.000000         0.000000    
       k_ppt98     1.000000000000000         1.000000         0.000000    
       k_ppt99     1.000000000000000         1.000000         0.000000    
      k_ppt100     1.000000000000000         1.000000         0.000000    
      k_ppt101     1.000000000000000         1.000000         0.000000    
      k_ppt102     1.000000000000000         1.000000         0.000000    
      k_ppt103     1.000000000000000         1.000000         0.000000    
      k_ppt104     1.000000000000000         1.000000         0.000000    
