single point
k_ppt1                   0.320941000             1.0   0.0
k_ppt2                    2.95029000             1.0   0.0
k_ppt3                    5.96291000             1.0   0.0
k_ppt4                    1.65988000             1.0   0.0
k_ppt5                    4.61403000             1.0   0.0
k_ppt6                   0.424346000             1.0   0.0
k_ppt7                    1.21453000             1.0   0.0
k_ppt8                    3.35089000             1.0   0.0
k_ppt9                   0.975022000             1.0   0.0
k_ppt10                  0.519702000             1.0   0.0
k_ppt11                   6.33332000             1.0   0.0
k_ppt12                   6.96688000             1.0   0.0
k_ppt13                   1.14909000             1.0   0.0
k_ppt14                   1.27234000             1.0   0.0
k_ppt15                   4.12188000             1.0   0.0
k_ppt16                   3.67551000             1.0   0.0
k_ppt17                   1.18021000             1.0   0.0
k_ppt18                  0.469352000             1.0   0.0
k_ppt19                   1.63147000             1.0   0.0
k_ppt20                  0.550084000             1.0   0.0
k_ppt21                   2.14770000             1.0   0.0
k_ppt22                   1.92510000             1.0   0.0
k_ppt23                   2.94463000             1.0   0.0
k_ppt24                   1.54639000             1.0   0.0
k_ppt25                  0.519833000             1.0   0.0
k_ppt26                  0.372254000             1.0   0.0
k_ppt27                  0.941301000             1.0   0.0
k_ppt28                   1.83803000             1.0   0.0
k_ppt29                   3.37742000             1.0   0.0
k_ppt30                   3.11845000             1.0   0.0
k_ppt31                   4.71953000             1.0   0.0
k_ppt32                   5.11811000             1.0   0.0
k_ppt33                  0.319767000             1.0   0.0
k_ppt34                  0.305426000             1.0   0.0
k_ppt35                   1.48250000             1.0   0.0
k_ppt36                  0.340629000             1.0   0.0
k_ppt37                   1.00989000             1.0   0.0
k_ppt38                  0.492952000             1.0   0.0
k_ppt39                  0.694296000             1.0   0.0
k_ppt40                   2.56402000             1.0   0.0
k_ppt41                  0.931565000             1.0   0.0
k_ppt42                   1.71876000             1.0   0.0
k_ppt43                  0.383746000             1.0   0.0
k_ppt44                   2.61154000             1.0   0.0
k_ppt45                   5.47787000             1.0   0.0
k_ppt46                   5.09283000             1.0   0.0
k_ppt47                   1.30178000             1.0   0.0
k_ppt48                  0.180345000             1.0   0.0
k_ppt49                  0.409998000             1.0   0.0
k_ppt50                   1.13929000             1.0   0.0
k_ppt51                  0.548114000             1.0   0.0
k_ppt52                   5.01937000             1.0   0.0
k_ppt53                   7.43386000             1.0   0.0
k_ppt54                   1.04725000             1.0   0.0
k_ppt55                  0.543509000             1.0   0.0
k_ppt56                   2.71944000             1.0   0.0
k_ppt57                  0.394025000             1.0   0.0
k_ppt58                   1.00967000             1.0   0.0
k_ppt59                   5.24900000             1.0   0.0
k_ppt60                   4.28924000             1.0   0.0
k_ppt61                   1.63459000             1.0   0.0
k_ppt62                   1.02152000             1.0   0.0
k_ppt63                  0.969371000             1.0   0.0
k_ppt64                   1.24136000             1.0   0.0
k_ppt65                  0.993643000             1.0   0.0
k_ppt66                   1.65778000             1.0   0.0
k_ppt67                   3.54794000             1.0   0.0
k_ppt68                   10.1648000             1.0   0.0
k_ppt69                   4.46057000             1.0   0.0
k_ppt70                   1.36261000             1.0   0.0
k_ppt71                   1.43569000             1.0   0.0
k_ppt72                  0.204463000             1.0   0.0
k_ppt73                  0.528035000             1.0   0.0
k_ppt74                  0.420449000             1.0   0.0
k_ppt75                   2.73183000             1.0   0.0
k_ppt76                   1.60518000             1.0   0.0
k_ppt77                   2.78031000             1.0   0.0
k_ppt78                   2.38879000             1.0   0.0
k_ppt79                   1.37207000             1.0   0.0
k_ppt80                  0.286949000             1.0   0.0
k_ppt81                   1.00634000             1.0   0.0
k_ppt82                   1.38138000             1.0   0.0
k_ppt83                  0.517273000             1.0   0.0
k_ppt84                   1.11045000             1.0   0.0
k_ppt85                   2.39925000             1.0   0.0
k_ppt86                   2.86669000             1.0   0.0
k_ppt87                   1.72707000             1.0   0.0
k_ppt88                  0.485571000             1.0   0.0
k_ppt89                   1.78321000             1.0   0.0
k_ppt90                  0.702194000             1.0   0.0
k_ppt91                  0.249973000             1.0   0.0
k_ppt92                  0.626244000             1.0   0.0
k_ppt93                   1.05187000             1.0   0.0
k_ppt94                   1.17959000             1.0   0.0
k_ppt95                   1.21653000             1.0   0.0
k_ppt96                  0.812086000             1.0   0.0
k_ppt97                  0.993493000             1.0   0.0
k_ppt98                   1.08632000             1.0   0.0
k_ppt99                  0.207608000             1.0   0.0
k_ppt100                 0.310725000             1.0   0.0
k_ppt101                 0.589335000             1.0   0.0
k_ppt102                 0.510988000             1.0   0.0
k_ppt103                 0.773824000             1.0   0.0
k_ppt104                 0.696588000             1.0   0.0
