single point
        k_ppt1                      1.002150763252560    1.000000000000000   0.0000000000000000
        k_ppt2                      1.002063346946840    1.000000000000000   0.0000000000000000
        k_ppt3                      1.001605041311560    1.000000000000000   0.0000000000000000
        k_ppt4                      1.000910625560550    1.000000000000000   0.0000000000000000
        k_ppt5                      1.000034085953340    1.000000000000000   0.0000000000000000
        k_ppt6                      0.9993559673072701    1.000000000000000   0.0000000000000000
        k_ppt7                      0.9978891736677999    1.000000000000000   0.0000000000000000
        k_ppt8                      0.9943015270908599    1.000000000000000   0.0000000000000000
        k_ppt9                      1.190893290578960    1.000000000000000   0.0000000000000000
       k_ppt10                      1.002908314577960    1.000000000000000   0.0000000000000000
       k_ppt11                      1.005386808348620    1.000000000000000   0.0000000000000000
       k_ppt12                      1.279168830567040    1.000000000000000   0.0000000000000000
       k_ppt13                      1.007582938822140    1.000000000000000   0.0000000000000000
       k_ppt14                      0.9996424287630900    1.000000000000000   0.0000000000000000
       k_ppt15                      0.9654662539345200    1.000000000000000   0.0000000000000000
       k_ppt16                      0.8822523893170000    1.000000000000000   0.0000000000000000
       k_ppt17                      0.9732743349183600    1.000000000000000   0.0000000000000000
       k_ppt18                      0.9844674837719800    1.000000000000000   0.0000000000000000
       k_ppt19                      1.013735654852600    1.000000000000000   0.0000000000000000
       k_ppt20                      1.126905398049560    1.000000000000000   0.0000000000000000
       k_ppt21                      1.121048064070090    1.000000000000000   0.0000000000000000
       k_ppt22                      1.011173129894670    1.000000000000000   0.0000000000000000
       k_ppt23                      0.8321254296995000    1.000000000000000   0.0000000000000000
       k_ppt24                      0.8782795692265900    1.000000000000000   0.0000000000000000
       k_ppt25                      1.008352923863190    1.000000000000000   0.0000000000000000
       k_ppt26                      1.132588500145400    1.000000000000000   0.0000000000000000
       k_ppt27                      1.033184039870480    1.000000000000000   0.0000000000000000
       k_ppt28                      1.003896997552910    1.000000000000000   0.0000000000000000
       k_ppt29                      1.037739084156530    1.000000000000000   0.0000000000000000
       k_ppt30                      1.042645780371930    1.000000000000000   0.0000000000000000
       k_ppt31                      1.233539381181730    1.000000000000000   0.0000000000000000
       k_ppt32                      1.432464386042340    1.000000000000000   0.0000000000000000
       k_ppt33                      0.9842828449948900    1.000000000000000   0.0000000000000000
       k_ppt34                      0.9319737528830300    1.000000000000000   0.0000000000000000
       k_ppt35                      1.058064280096000    1.000000000000000   0.0000000000000000
       k_ppt36                      1.041368085624270    1.000000000000000   0.0000000000000000
       k_ppt37                      1.111738401053260    1.000000000000000   0.0000000000000000
       k_ppt38                      1.027988365401910    1.000000000000000   0.0000000000000000
       k_ppt39                      1.278869314725570    1.000000000000000   0.0000000000000000
       k_ppt40                      1.482417752873660    1.000000000000000   0.0000000000000000
       k_ppt41                      1.011997665781760    1.000000000000000   0.0000000000000000
       k_ppt42                      1.148223141723160    1.000000000000000   0.0000000000000000
       k_ppt43                      1.047572318023200    1.000000000000000   0.0000000000000000
       k_ppt44                      1.162905736408690    1.000000000000000   0.0000000000000000
       k_ppt45                      1.220958700279120    1.000000000000000   0.0000000000000000
       k_ppt46                      1.073470988233010    1.000000000000000   0.0000000000000000
       k_ppt47                      1.212342083432510    1.000000000000000   0.0000000000000000
       k_ppt48                      1.445445526540410    1.000000000000000   0.0000000000000000
       k_ppt49                      1.236340806943540    1.000000000000000   0.0000000000000000
       k_ppt50                      1.151964267211830    1.000000000000000   0.0000000000000000
       k_ppt51                      1.093231554624620    1.000000000000000   0.0000000000000000
       k_ppt52                      1.942333606272530    1.000000000000000   0.0000000000000000
       k_ppt53                      2.105878830483330    1.000000000000000   0.0000000000000000
       k_ppt54                      1.109897182985630    1.000000000000000   0.0000000000000000
       k_ppt55                      1.492043679642210    1.000000000000000   0.0000000000000000
       k_ppt56                      1.864077272298930    1.000000000000000   0.0000000000000000
       k_ppt57                      1.088137118834850    1.000000000000000   0.0000000000000000
       k_ppt58                      1.130563181232690    1.000000000000000   0.0000000000000000
       k_ppt59                      1.097012059944170    1.000000000000000   0.0000000000000000
       k_ppt60                      2.744724996443190    1.000000000000000   0.0000000000000000
       k_ppt61                      2.818745865731070    1.000000000000000   0.0000000000000000
       k_ppt62                      1.169221647795880    1.000000000000000   0.0000000000000000
       k_ppt63                      1.557364619387940    1.000000000000000   0.0000000000000000
       k_ppt64                      1.718269193820860    1.000000000000000   0.0000000000000000
       k_ppt65                      1.009097886071130    1.000000000000000   0.0000000000000000
       k_ppt66                      0.9194951235540800    1.000000000000000   0.0000000000000000
       k_ppt67                      1.083021005740890    1.000000000000000   0.0000000000000000
       k_ppt68                      3.063688529743620    1.000000000000000   0.0000000000000000
       k_ppt69                      3.090691895286280    1.000000000000000   0.0000000000000000
       k_ppt70                      1.095912621275390    1.000000000000000   0.0000000000000000
       k_ppt71                      1.609750456019380    1.000000000000000   0.0000000000000000
       k_ppt72                      1.456946643097810    1.000000000000000   0.0000000000000000
       k_ppt73                      1.769294921731100    1.000000000000000   0.0000000000000000
       k_ppt74                      1.388757192838810    1.000000000000000   0.0000000000000000
       k_ppt75                      1.050650821429250    1.000000000000000   0.0000000000000000
       k_ppt76                      0.6036331750113800    1.000000000000000   0.0000000000000000
       k_ppt77                      0.5937781190800600    1.000000000000000   0.0000000000000000
       k_ppt78                      1.050032847629720    1.000000000000000   0.0000000000000000
       k_ppt79                      1.209551121046910    1.000000000000000   0.0000000000000000
       k_ppt80                      1.414416126738030    1.000000000000000   0.0000000000000000
       k_ppt81                      1.600767319697290    1.000000000000000   0.0000000000000000
       k_ppt82                      1.560217068020420    1.000000000000000   0.0000000000000000
       k_ppt83                      1.044246397735860    1.000000000000000   0.0000000000000000
       k_ppt84                      0.7175735819654900    1.000000000000000   0.0000000000000000
       k_ppt85                      0.7514040316454000    1.000000000000000   0.0000000000000000
       k_ppt86                      1.040121161082750    1.000000000000000   0.0000000000000000
       k_ppt87                      1.045650237140490    1.000000000000000   0.0000000000000000
       k_ppt88                      1.225152882983680    1.000000000000000   0.0000000000000000
       k_ppt89                      1.098308720665110    1.000000000000000   0.0000000000000000
       k_ppt90                      1.143883505134440    1.000000000000000   0.0000000000000000
       k_ppt91                      1.028930972837460    1.000000000000000   0.0000000000000000
       k_ppt92                      0.9593312269953800    1.000000000000000   0.0000000000000000
       k_ppt93                      0.9513298620074000    1.000000000000000   0.0000000000000000
       k_ppt94                      1.010031256289590    1.000000000000000   0.0000000000000000
       k_ppt95                      0.9386496664729500    1.000000000000000   0.0000000000000000
       k_ppt96                      1.002879656581050    1.000000000000000   0.0000000000000000
       k_ppt97                      0.7412988513312500    1.000000000000000   0.0000000000000000
       k_ppt98                      0.6675079198871000    1.000000000000000   0.0000000000000000
       k_ppt99                      0.7072519516673800    1.000000000000000   0.0000000000000000
      k_ppt100                      0.4023143427842900    1.000000000000000   0.0000000000000000
      k_ppt101                      0.3864465804224600    1.000000000000000   0.0000000000000000
      k_ppt102                      0.6847694178801400    1.000000000000000   0.0000000000000000
      k_ppt103                      0.5688206473404700    1.000000000000000   0.0000000000000000
      k_ppt104                      0.5795213182043299    1.000000000000000   0.0000000000000000
