  single point
        k_ppt1    0.8932683000000000         1.000000         0.000000    
        k_ppt2     1.737656000000000         1.000000         0.000000    
        k_ppt3    0.7196779000000000         1.000000         0.000000    
        k_ppt4     1.000235000000000         1.000000         0.000000    
        k_ppt5    0.3799900000000000         1.000000         0.000000    
        k_ppt6    8.9769660000000000E-02     1.000000         0.000000    
        k_ppt7    0.1204803000000000         1.000000         0.000000    
        k_ppt8    0.2487212000000000         1.000000         0.000000    
        k_ppt9    0.9514083000000000         1.000000         0.000000    
       k_ppt10    0.6931461000000000         1.000000         0.000000    
       k_ppt11     3.842309000000000         1.000000         0.000000    
       k_ppt12    0.3482822000000000         1.000000         0.000000    
       k_ppt13    0.3108790000000000         1.000000         0.000000    
       k_ppt14    9.9657937000000000E-02     1.000000         0.000000    
       k_ppt15    0.4178780000000001         1.000000         0.000000    
       k_ppt16    0.4383695000000000         1.000000         0.000000    
       k_ppt17    0.7598858000000000         1.000000         0.000000    
       k_ppt18     1.510286000000000         1.000000         0.000000    
       k_ppt19     1.739996000000000         1.000000         0.000000    
       k_ppt20    0.7103935000000000         1.000000         0.000000    
       k_ppt21    0.2834913000000000         1.000000         0.000000    
       k_ppt22    0.4292396000000000         1.000000         0.000000    
       k_ppt23    0.6666454000000002         1.000000         0.000000    
       k_ppt24     1.086096000000000         1.000000         0.000000    
       k_ppt25     2.041630000000000         1.000000         0.000000    
       k_ppt26     2.118378000000000         1.000000         0.000000    
       k_ppt27     3.164354000000000         1.000000         0.000000    
       k_ppt28     1.360003000000000         1.000000         0.000000    
       k_ppt29    0.4651460000000000         1.000000         0.000000    
       k_ppt30    0.2656112000000000         1.000000         0.000000    
       k_ppt31    0.6468091000000000         1.000000         0.000000    
       k_ppt32     1.439491000000000         1.000000         0.000000    
       k_ppt33    0.7938607000000000         1.000000         0.000000    
       k_ppt34     2.949443000000000         1.000000         0.000000    
       k_ppt35     1.513877000000000         1.000000         0.000000    
       k_ppt36     2.214241000000000         1.000000         0.000000    
       k_ppt37     1.151505000000000         1.000000         0.000000    
       k_ppt38    0.7426481000000000         1.000000         0.000000    
       k_ppt39     1.309225000000000         1.000000         0.000000    
       k_ppt40     2.035654000000000         1.000000         0.000000    
       k_ppt41    0.9001743000000000         1.000000         0.000000    
       k_ppt42    0.5373595000000000         1.000000         0.000000    
       k_ppt43    0.8703719000000000         1.000000         0.000000    
       k_ppt44    0.6306962000000000         1.000000         0.000000    
       k_ppt45    0.8219758000000000         1.000000         0.000000    
       k_ppt46    0.5859749000000000         1.000000         0.000000    
       k_ppt47     1.429306000000000         1.000000         0.000000    
       k_ppt48     2.686761000000000         1.000000         0.000000    
       k_ppt49     1.017617000000000         1.000000         0.000000    
       k_ppt50    0.5013215000000000         1.000000         0.000000    
       k_ppt51     1.387513000000000         1.000000         0.000000    
       k_ppt52     1.639393000000000         1.000000         0.000000    
       k_ppt53     1.237948000000000         1.000000         0.000000    
       k_ppt54    0.6978814000000000         1.000000         0.000000    
       k_ppt55     1.245163000000000         1.000000         0.000000    
       k_ppt56     1.650821000000000         1.000000         0.000000    
       k_ppt57     3.683937000000000         1.000000         0.000000    
       k_ppt58     1.458300000000000         1.000000         0.000000    
       k_ppt59    0.7031165000000000         1.000000         0.000000    
       k_ppt60     2.159664000000000         1.000000         0.000000    
       k_ppt61     2.002525000000000         1.000000         0.000000    
       k_ppt62    0.7349319000000000         1.000000         0.000000    
       k_ppt63    0.8773530000000000         1.000000         0.000000    
       k_ppt64     3.576739000000000         1.000000         0.000000    
       k_ppt65     2.480417000000000         1.000000         0.000000    
       k_ppt66     3.079678000000000         1.000000         0.000000    
       k_ppt67     2.915192000000000         1.000000         0.000000    
       k_ppt68     2.891109000000000         1.000000         0.000000    
       k_ppt69     1.395074000000000         1.000000         0.000000    
       k_ppt70     1.211030000000000         1.000000         0.000000    
       k_ppt71     1.472205000000000         1.000000         0.000000    
       k_ppt72     2.898002000000000         1.000000         0.000000    
       k_ppt73     1.894872000000000         1.000000         0.000000    
       k_ppt74     1.909405000000000         1.000000         0.000000    
       k_ppt75     2.460757000000000         1.000000         0.000000    
       k_ppt76    0.8578931000000000         1.000000         0.000000    
       k_ppt77    0.4160044000000000         1.000000         0.000000    
       k_ppt78    0.7565894000000000         1.000000         0.000000    
       k_ppt79     1.335748000000000         1.000000         0.000000    
       k_ppt80     2.108856000000000         1.000000         0.000000    
       k_ppt81     1.345004000000000         1.000000         0.000000    
       k_ppt82     1.681715000000000         1.000000         0.000000    
       k_ppt83     1.335917000000000         1.000000         0.000000    
       k_ppt84    0.5887717000000000         1.000000         0.000000    
       k_ppt85    0.4745174000000000         1.000000         0.000000    
       k_ppt86    0.3302258000000000         1.000000         0.000000    
       k_ppt87    0.3921773000000000         1.000000         0.000000    
       k_ppt88     1.834306000000000         1.000000         0.000000    
       k_ppt89     1.831723000000000         1.000000         0.000000    
       k_ppt90     1.662862000000000         1.000000         0.000000    
       k_ppt91     1.902025000000000         1.000000         0.000000    
       k_ppt92    0.8575103000000000         1.000000         0.000000    
       k_ppt93    0.5083979000000000         1.000000         0.000000    
       k_ppt94    0.2782243000000000         1.000000         0.000000    
       k_ppt95    0.7784375000000000         1.000000         0.000000    
       k_ppt96     1.171825000000000         1.000000         0.000000    
       k_ppt97    0.8990676000000000         1.000000         0.000000    
       k_ppt98     1.367858000000000         1.000000         0.000000    
       k_ppt99    0.5960918000000000         1.000000         0.000000    
      k_ppt100    0.6798128000000000         1.000000         0.000000    
      k_ppt101    0.2490576000000000         1.000000         0.000000    
      k_ppt102    0.1463404000000000         1.000000         0.000000    
      k_ppt103    0.5589416000000000         1.000000         0.000000    
      k_ppt104    0.9563305000000000         1.000000         0.000000    
