single point
        k_ppt1                      0.9994007746038500    1.000000000000000   0.0000000000000000
        k_ppt2                      1.000022755851940    1.000000000000000   0.0000000000000000
        k_ppt3                      1.000003305467970    1.000000000000000   0.0000000000000000
        k_ppt4                      1.000216714217600    1.000000000000000   0.0000000000000000
        k_ppt5                      1.000022079433550    1.000000000000000   0.0000000000000000
        k_ppt6                      0.9999988136100100    1.000000000000000   0.0000000000000000
        k_ppt7                      0.9999798810624499    1.000000000000000   0.0000000000000000
        k_ppt8                      0.9978466807464900    1.000000000000000   0.0000000000000000
        k_ppt9                      1.183227182503390    1.000000000000000   0.0000000000000000
       k_ppt10                      0.9976399132582700    1.000000000000000   0.0000000000000000
       k_ppt11                      1.000464885128670    1.000000000000000   0.0000000000000000
       k_ppt12                      1.278719752056520    1.000000000000000   0.0000000000000000
       k_ppt13                      1.008225258718790    1.000000000000000   0.0000000000000000
       k_ppt14                      0.9998029042279000    1.000000000000000   0.0000000000000000
       k_ppt15                      0.9740303231003000    1.000000000000000   0.0000000000000000
       k_ppt16                      0.8903897801477100    1.000000000000000   0.0000000000000000
       k_ppt17                      0.9604688674369100    1.000000000000000   0.0000000000000000
       k_ppt18                      0.9730806639063100    1.000000000000000   0.0000000000000000
       k_ppt19                      1.000291213856270    1.000000000000000   0.0000000000000000
       k_ppt20                      1.121563937395240    1.000000000000000   0.0000000000000000
       k_ppt21                      1.115581573755030    1.000000000000000   0.0000000000000000
       k_ppt22                      0.9997172218668400    1.000000000000000   0.0000000000000000
       k_ppt23                      0.8366998319170800    1.000000000000000   0.0000000000000000
       k_ppt24                      0.8786201555437900    1.000000000000000   0.0000000000000000
       k_ppt25                      0.9780665071411000    1.000000000000000   0.0000000000000000
       k_ppt26                      1.100861844733470    1.000000000000000   0.0000000000000000
       k_ppt27                      1.004688237656990    1.000000000000000   0.0000000000000000
       k_ppt28                      0.9672092899897000    1.000000000000000   0.0000000000000000
       k_ppt29                      0.9972059287276800    1.000000000000000   0.0000000000000000
       k_ppt30                      1.003800991599560    1.000000000000000   0.0000000000000000
       k_ppt31                      1.166485017505900    1.000000000000000   0.0000000000000000
       k_ppt32                      1.334385761447590    1.000000000000000   0.0000000000000000
       k_ppt33                      0.9491555746676400    1.000000000000000   0.0000000000000000
       k_ppt34                      0.9005504820986000    1.000000000000000   0.0000000000000000
       k_ppt35                      1.019304399239790    1.000000000000000   0.0000000000000000
       k_ppt36                      1.003195044968150    1.000000000000000   0.0000000000000000
       k_ppt37                      1.066253481376980    1.000000000000000   0.0000000000000000
       k_ppt38                      0.9762572918396401    1.000000000000000   0.0000000000000000
       k_ppt39                      1.204782426729830    1.000000000000000   0.0000000000000000
       k_ppt40                      1.366141672311960    1.000000000000000   0.0000000000000000
       k_ppt41                      0.9698769463476899    1.000000000000000   0.0000000000000000
       k_ppt42                      1.101789195473640    1.000000000000000   0.0000000000000000
       k_ppt43                      0.9964471034772800    1.000000000000000   0.0000000000000000
       k_ppt44                      1.116435501479530    1.000000000000000   0.0000000000000000
       k_ppt45                      1.166356231767410    1.000000000000000   0.0000000000000000
       k_ppt46                      1.006044935847140    1.000000000000000   0.0000000000000000
       k_ppt47                      1.141109447288460    1.000000000000000   0.0000000000000000
       k_ppt48                      1.326781762698740    1.000000000000000   0.0000000000000000
       k_ppt49                      1.159448419592960    1.000000000000000   0.0000000000000000
       k_ppt50                      1.080139353178730    1.000000000000000   0.0000000000000000
       k_ppt51                      1.016404654745640    1.000000000000000   0.0000000000000000
       k_ppt52                      1.757027824969020    1.000000000000000   0.0000000000000000
       k_ppt53                      1.894659091024000    1.000000000000000   0.0000000000000000
       k_ppt54                      1.014552445325900    1.000000000000000   0.0000000000000000
       k_ppt55                      1.362326105276790    1.000000000000000   0.0000000000000000
       k_ppt56                      1.657529184800260    1.000000000000000   0.0000000000000000
       k_ppt57                      1.023225202924370    1.000000000000000   0.0000000000000000
       k_ppt58                      1.061727907640260    1.000000000000000   0.0000000000000000
       k_ppt59                      1.010156336488170    1.000000000000000   0.0000000000000000
       k_ppt60                      2.441435590119940    1.000000000000000   0.0000000000000000
       k_ppt61                      2.494610162411640    1.000000000000000   0.0000000000000000
       k_ppt62                      1.057432877010570    1.000000000000000   0.0000000000000000
       k_ppt63                      1.413390580613700    1.000000000000000   0.0000000000000000
       k_ppt64                      1.520702915909160    1.000000000000000   0.0000000000000000
       k_ppt65                      0.9548779124648999    1.000000000000000   0.0000000000000000
       k_ppt66                      0.8721754073976300    1.000000000000000   0.0000000000000000
       k_ppt67                      1.007347247014570    1.000000000000000   0.0000000000000000
       k_ppt68                      2.730912667297590    1.000000000000000   0.0000000000000000
       k_ppt69                      2.747490300694190    1.000000000000000   0.0000000000000000
       k_ppt70                      1.008019557899810    1.000000000000000   0.0000000000000000
       k_ppt71                      1.476947810285830    1.000000000000000   0.0000000000000000
       k_ppt72                      1.307402551679520    1.000000000000000   0.0000000000000000
       k_ppt73                      1.645982390497420    1.000000000000000   0.0000000000000000
       k_ppt74                      1.304182440915680    1.000000000000000   0.0000000000000000
       k_ppt75                      1.001732348708170    1.000000000000000   0.0000000000000000
       k_ppt76                      0.5976327314443000    1.000000000000000   0.0000000000000000
       k_ppt77                      0.5885281681998999    1.000000000000000   0.0000000000000000
       k_ppt78                      1.007192880257450    1.000000000000000   0.0000000000000000
       k_ppt79                      1.169136833124870    1.000000000000000   0.0000000000000000
       k_ppt80                      1.344334978567150    1.000000000000000   0.0000000000000000
       k_ppt81                      1.501346327817140    1.000000000000000   0.0000000000000000
       k_ppt82                      1.480909514048800    1.000000000000000   0.0000000000000000
       k_ppt83                      1.008002510402310    1.000000000000000   0.0000000000000000
       k_ppt84                      0.7076433085464400    1.000000000000000   0.0000000000000000
       k_ppt85                      0.7436707546527400    1.000000000000000   0.0000000000000000
       k_ppt86                      1.016818241176230    1.000000000000000   0.0000000000000000
       k_ppt87                      1.020326965529160    1.000000000000000   0.0000000000000000
       k_ppt88                      1.181251476048370    1.000000000000000   0.0000000000000000
       k_ppt89                      1.045154832629930    1.000000000000000   0.0000000000000000
       k_ppt90                      1.099760949962460    1.000000000000000   0.0000000000000000
       k_ppt91                      1.001752027894490    1.000000000000000   0.0000000000000000
       k_ppt92                      0.9357347310205200    1.000000000000000   0.0000000000000000
       k_ppt93                      0.9313549696990900    1.000000000000000   0.0000000000000000
       k_ppt94                      0.9943628645237000    1.000000000000000   0.0000000000000000
       k_ppt95                      0.9185048117739300    1.000000000000000   0.0000000000000000
       k_ppt96                      0.9745158843460100    1.000000000000000   0.0000000000000000
       k_ppt97                      0.7232146087063900    1.000000000000000   0.0000000000000000
       k_ppt98                      0.6561410486164601    1.000000000000000   0.0000000000000000
       k_ppt99                      0.6975146856392800    1.000000000000000   0.0000000000000000
      k_ppt100                      0.4035261321731200    1.000000000000000   0.0000000000000000
      k_ppt101                      0.3894454884564300    1.000000000000000   0.0000000000000000
      k_ppt102                      0.6844605847513900    1.000000000000000   0.0000000000000000
      k_ppt103                      0.5713207540168000    1.000000000000000   0.0000000000000000
      k_ppt104                      0.5803264297604500    1.000000000000000   0.0000000000000000
