single point
          par1                      0.0000000000000000    1.000000000000000   0.0000000000000000
          par2                      0.0000000000000000    1.000000000000000   0.0000000000000000
          par3                      0.0000000000000000    1.000000000000000   0.0000000000000000
          par4                      0.0000000000000000    1.000000000000000   0.0000000000000000
          par5                      0.0000000000000000    1.000000000000000   0.0000000000000000
          par6                      0.0000000000000000    1.000000000000000   0.0000000000000000
          par7                      0.0000000000000000    1.000000000000000   0.0000000000000000
          par8                      0.0000000000000000    1.000000000000000   0.0000000000000000
          par9                      0.0000000000000000    1.000000000000000   0.0000000000000000
         par10                      0.0000000000000000    1.000000000000000   0.0000000000000000
         par11                      0.0000000000000000    1.000000000000000   0.0000000000000000
         par12                      0.0000000000000000    1.000000000000000   0.0000000000000000
         par13                      0.0000000000000000    1.000000000000000   0.0000000000000000
         par14                      0.0000000000000000    1.000000000000000   0.0000000000000000
