single point
        k_ppt1                      1.002340174001740    1.000000000000000   0.0000000000000000
        k_ppt2                      1.002199587741850    1.000000000000000   0.0000000000000000
        k_ppt3                      1.001702267397710    1.000000000000000   0.0000000000000000
        k_ppt4                      1.000953821509400    1.000000000000000   0.0000000000000000
        k_ppt5                      1.000032532428830    1.000000000000000   0.0000000000000000
        k_ppt6                      0.9993044450753900    1.000000000000000   0.0000000000000000
        k_ppt7                      0.9977511738211200    1.000000000000000   0.0000000000000000
        k_ppt8                      0.9940652398947299    1.000000000000000   0.0000000000000000
        k_ppt9                      1.191445047421620    1.000000000000000   0.0000000000000000
       k_ppt10                      1.003286646858690    1.000000000000000   0.0000000000000000
       k_ppt11                      1.005663096955350    1.000000000000000   0.0000000000000000
       k_ppt12                      1.279230621638780    1.000000000000000   0.0000000000000000
       k_ppt13                      1.007564065479800    1.000000000000000   0.0000000000000000
       k_ppt14                      0.9995824444543400    1.000000000000000   0.0000000000000000
       k_ppt15                      0.9649372447383500    1.000000000000000   0.0000000000000000
       k_ppt16                      0.8817221787906000    1.000000000000000   0.0000000000000000
       k_ppt17                      0.9740265353678900    1.000000000000000   0.0000000000000000
       k_ppt18                      0.9851389131075300    1.000000000000000   0.0000000000000000
       k_ppt19                      1.014351955171480    1.000000000000000   0.0000000000000000
       k_ppt20                      1.127163457925460    1.000000000000000   0.0000000000000000
       k_ppt21                      1.121312569776210    1.000000000000000   0.0000000000000000
       k_ppt22                      1.011650195385550    1.000000000000000   0.0000000000000000
       k_ppt23                      0.8317632062186500    1.000000000000000   0.0000000000000000
       k_ppt24                      0.8781038283209300    1.000000000000000   0.0000000000000000
       k_ppt25                      1.009427504271940    1.000000000000000   0.0000000000000000
       k_ppt26                      1.133718081792380    1.000000000000000   0.0000000000000000
       k_ppt27                      1.034331967309250    1.000000000000000   0.0000000000000000
       k_ppt28                      1.005412935796260    1.000000000000000   0.0000000000000000
       k_ppt29                      1.039480126710890    1.000000000000000   0.0000000000000000
       k_ppt30                      1.044471803757610    1.000000000000000   0.0000000000000000
       k_ppt31                      1.236978690252050    1.000000000000000   0.0000000000000000
       k_ppt32                      1.437576315993820    1.000000000000000   0.0000000000000000
       k_ppt33                      0.9856002679001000    1.000000000000000   0.0000000000000000
       k_ppt34                      0.9331810994127300    1.000000000000000   0.0000000000000000
       k_ppt35                      1.059638354256300    1.000000000000000   0.0000000000000000
       k_ppt36                      1.042823710961260    1.000000000000000   0.0000000000000000
       k_ppt37                      1.113609651980270    1.000000000000000   0.0000000000000000
       k_ppt38                      1.030465632194660    1.000000000000000   0.0000000000000000
       k_ppt39                      1.282641712909340    1.000000000000000   0.0000000000000000
       k_ppt40                      1.488508146315810    1.000000000000000   0.0000000000000000
       k_ppt41                      1.013734957658220    1.000000000000000   0.0000000000000000
       k_ppt42                      1.150232614558220    1.000000000000000   0.0000000000000000
       k_ppt43                      1.049881249450490    1.000000000000000   0.0000000000000000
       k_ppt44                      1.164758555700520    1.000000000000000   0.0000000000000000
       k_ppt45                      1.223301108810440    1.000000000000000   0.0000000000000000
       k_ppt46                      1.076872084292990    1.000000000000000   0.0000000000000000
       k_ppt47                      1.215992133741540    1.000000000000000   0.0000000000000000
       k_ppt48                      1.451691142982600    1.000000000000000   0.0000000000000000
       k_ppt49                      1.239706373335030    1.000000000000000   0.0000000000000000
       k_ppt50                      1.155283226756120    1.000000000000000   0.0000000000000000
       k_ppt51                      1.097093401932740    1.000000000000000   0.0000000000000000
       k_ppt52                      1.952661587248140    1.000000000000000   0.0000000000000000
       k_ppt53                      2.117836376229670    1.000000000000000   0.0000000000000000
       k_ppt54                      1.115066236863580    1.000000000000000   0.0000000000000000
       k_ppt55                      1.499058806491300    1.000000000000000   0.0000000000000000
       k_ppt56                      1.875361738343290    1.000000000000000   0.0000000000000000
       k_ppt57                      1.090874093072830    1.000000000000000   0.0000000000000000
       k_ppt58                      1.133682820562730    1.000000000000000   0.0000000000000000
       k_ppt59                      1.101482181126490    1.000000000000000   0.0000000000000000
       k_ppt60                      2.762157047908000    1.000000000000000   0.0000000000000000
       k_ppt61                      2.837602913138390    1.000000000000000   0.0000000000000000
       k_ppt62                      1.175390362797670    1.000000000000000   0.0000000000000000
       k_ppt63                      1.565288137007080    1.000000000000000   0.0000000000000000
       k_ppt64                      1.729130070659320    1.000000000000000   0.0000000000000000
       k_ppt65                      1.011234347073770    1.000000000000000   0.0000000000000000
       k_ppt66                      0.9214527551432899    1.000000000000000   0.0000000000000000
       k_ppt67                      1.086670845030770    1.000000000000000   0.0000000000000000
       k_ppt68                      3.082570976312250    1.000000000000000   0.0000000000000000
       k_ppt69                      3.110302523828120    1.000000000000000   0.0000000000000000
       k_ppt70                      1.100415727210040    1.000000000000000   0.0000000000000000
       k_ppt71                      1.616798119064160    1.000000000000000   0.0000000000000000
       k_ppt72                      1.464774144445000    1.000000000000000   0.0000000000000000
       k_ppt73                      1.774732195820750    1.000000000000000   0.0000000000000000
       k_ppt74                      1.392454290953230    1.000000000000000   0.0000000000000000
       k_ppt75                      1.052422794522510    1.000000000000000   0.0000000000000000
       k_ppt76                      0.6031638800311800    1.000000000000000   0.0000000000000000
       k_ppt77                      0.5932724511718900    1.000000000000000   0.0000000000000000
       k_ppt78                      1.051373050720840    1.000000000000000   0.0000000000000000
       k_ppt79                      1.210475073449340    1.000000000000000   0.0000000000000000
       k_ppt80                      1.416323707748160    1.000000000000000   0.0000000000000000
       k_ppt81                      1.604942026696100    1.000000000000000   0.0000000000000000
       k_ppt82                      1.563353313808910    1.000000000000000   0.0000000000000000
       k_ppt83                      1.045059908901750    1.000000000000000   0.0000000000000000
       k_ppt84                      0.7171750621057100    1.000000000000000   0.0000000000000000
       k_ppt85                      0.7508067043189400    1.000000000000000   0.0000000000000000
       k_ppt86                      1.040040768962580    1.000000000000000   0.0000000000000000
       k_ppt87                      1.045849569057220    1.000000000000000   0.0000000000000000
       k_ppt88                      1.225702507193010    1.000000000000000   0.0000000000000000
       k_ppt89                      1.100067910744620    1.000000000000000   0.0000000000000000
       k_ppt90                      1.145221585044530    1.000000000000000   0.0000000000000000
       k_ppt91                      1.029109047537090    1.000000000000000   0.0000000000000000
       k_ppt92                      0.9594442026142300    1.000000000000000   0.0000000000000000
       k_ppt93                      0.9512128531691399    1.000000000000000   0.0000000000000000
       k_ppt94                      1.009466478883630    1.000000000000000   0.0000000000000000
       k_ppt95                      0.9386682426748900    1.000000000000000   0.0000000000000000
       k_ppt96                      1.002774710558110    1.000000000000000   0.0000000000000000
       k_ppt97                      0.7404020853266100    1.000000000000000   0.0000000000000000
       k_ppt98                      0.6665260663596400    1.000000000000000   0.0000000000000000
       k_ppt99                      0.7062159828945700    1.000000000000000   0.0000000000000000
      k_ppt100                      0.4012400629991400    1.000000000000000   0.0000000000000000
      k_ppt101                      0.3852945005782000    1.000000000000000   0.0000000000000000
      k_ppt102                      0.6832010027051700    1.000000000000000   0.0000000000000000
      k_ppt103                      0.5672684898736600    1.000000000000000   0.0000000000000000
      k_ppt104                      0.5777371484793000    1.000000000000000   0.0000000000000000
