single point
        k_ppt1                      1.002527576173330    1.000000000000000   0.0000000000000000
        k_ppt2                      1.002333215668580    1.000000000000000   0.0000000000000000
        k_ppt3                      1.001794915810040    1.000000000000000   0.0000000000000000
        k_ppt4                      1.000995759371170    1.000000000000000   0.0000000000000000
        k_ppt5                      1.000030737357810    1.000000000000000   0.0000000000000000
        k_ppt6                      0.9992513171815000    1.000000000000000   0.0000000000000000
        k_ppt7                      0.9976159232004700    1.000000000000000   0.0000000000000000
        k_ppt8                      0.9938326730385300    1.000000000000000   0.0000000000000000
        k_ppt9                      1.191997734309930    1.000000000000000   0.0000000000000000
       k_ppt10                      1.003665637500630    1.000000000000000   0.0000000000000000
       k_ppt11                      1.005918498475330    1.000000000000000   0.0000000000000000
       k_ppt12                      1.279303454523210    1.000000000000000   0.0000000000000000
       k_ppt13                      1.007554794264820    1.000000000000000   0.0000000000000000
       k_ppt14                      0.9995086692748000    1.000000000000000   0.0000000000000000
       k_ppt15                      0.9644294970685600    1.000000000000000   0.0000000000000000
       k_ppt16                      0.8812037243781100    1.000000000000000   0.0000000000000000
       k_ppt17                      0.9747308544458700    1.000000000000000   0.0000000000000000
       k_ppt18                      0.9857689029340200    1.000000000000000   0.0000000000000000
       k_ppt19                      1.014868876645800    1.000000000000000   0.0000000000000000
       k_ppt20                      1.127388823153400    1.000000000000000   0.0000000000000000
       k_ppt21                      1.121543734327280    1.000000000000000   0.0000000000000000
       k_ppt22                      1.012028871934720    1.000000000000000   0.0000000000000000
       k_ppt23                      0.8313887379381000    1.000000000000000   0.0000000000000000
       k_ppt24                      0.8778826925012500    1.000000000000000   0.0000000000000000
       k_ppt25                      1.010181931669790    1.000000000000000   0.0000000000000000
       k_ppt26                      1.134514387118030    1.000000000000000   0.0000000000000000
       k_ppt27                      1.035218447819260    1.000000000000000   0.0000000000000000
       k_ppt28                      1.006595405792360    1.000000000000000   0.0000000000000000
       k_ppt29                      1.040871726916330    1.000000000000000   0.0000000000000000
       k_ppt30                      1.046015075125180    1.000000000000000   0.0000000000000000
       k_ppt31                      1.240005641951560    1.000000000000000   0.0000000000000000
       k_ppt32                      1.442096914050920    1.000000000000000   0.0000000000000000
       k_ppt33                      0.9865630452367600    1.000000000000000   0.0000000000000000
       k_ppt34                      0.9340809622065200    1.000000000000000   0.0000000000000000
       k_ppt35                      1.060861622084030    1.000000000000000   0.0000000000000000
       k_ppt36                      1.043889142130940    1.000000000000000   0.0000000000000000
       k_ppt37                      1.115056636929590    1.000000000000000   0.0000000000000000
       k_ppt38                      1.032578090271420    1.000000000000000   0.0000000000000000
       k_ppt39                      1.285943492916400    1.000000000000000   0.0000000000000000
       k_ppt40                      1.493894586285260    1.000000000000000   0.0000000000000000
       k_ppt41                      1.015103533855620    1.000000000000000   0.0000000000000000
       k_ppt42                      1.151866732658550    1.000000000000000   0.0000000000000000
       k_ppt43                      1.051819057735610    1.000000000000000   0.0000000000000000
       k_ppt44                      1.166177103261700    1.000000000000000   0.0000000000000000
       k_ppt45                      1.225181038388100    1.000000000000000   0.0000000000000000
       k_ppt46                      1.079874440589330    1.000000000000000   0.0000000000000000
       k_ppt47                      1.219213944484910    1.000000000000000   0.0000000000000000
       k_ppt48                      1.457252784853250    1.000000000000000   0.0000000000000000
       k_ppt49                      1.242526142877270    1.000000000000000   0.0000000000000000
       k_ppt50                      1.158147630953930    1.000000000000000   0.0000000000000000
       k_ppt51                      1.100548698741390    1.000000000000000   0.0000000000000000
       k_ppt52                      1.962302970463910    1.000000000000000   0.0000000000000000
       k_ppt53                      2.129048499876230    1.000000000000000   0.0000000000000000
       k_ppt54                      1.119818268414320    1.000000000000000   0.0000000000000000
       k_ppt55                      1.505506380783690    1.000000000000000   0.0000000000000000
       k_ppt56                      1.885705159062700    1.000000000000000   0.0000000000000000
       k_ppt57                      1.093122303217890    1.000000000000000   0.0000000000000000
       k_ppt58                      1.136351294682680    1.000000000000000   0.0000000000000000
       k_ppt59                      1.105538154226110    1.000000000000000   0.0000000000000000
       k_ppt60                      2.778619540513960    1.000000000000000   0.0000000000000000
       k_ppt61                      2.855468139490160    1.000000000000000   0.0000000000000000
       k_ppt62                      1.181119138786570    1.000000000000000   0.0000000000000000
       k_ppt63                      1.572614924762770    1.000000000000000   0.0000000000000000
       k_ppt64                      1.739115576158680    1.000000000000000   0.0000000000000000
       k_ppt65                      1.012929877428790    1.000000000000000   0.0000000000000000
       k_ppt66                      0.9230539213998700    1.000000000000000   0.0000000000000000
       k_ppt67                      1.089915570547240    1.000000000000000   0.0000000000000000
       k_ppt68                      3.100362279975920    1.000000000000000   0.0000000000000000
       k_ppt69                      3.128812758902740    1.000000000000000   0.0000000000000000
       k_ppt70                      1.104505628205470    1.000000000000000   0.0000000000000000
       k_ppt71                      1.623230830824240    1.000000000000000   0.0000000000000000
       k_ppt72                      1.471857330755160    1.000000000000000   0.0000000000000000
       k_ppt73                      1.779476259793700    1.000000000000000   0.0000000000000000
       k_ppt74                      1.395670436624640    1.000000000000000   0.0000000000000000
       k_ppt75                      1.053816203337200    1.000000000000000   0.0000000000000000
       k_ppt76                      0.6024799142587600    1.000000000000000   0.0000000000000000
       k_ppt77                      0.5925552142429800    1.000000000000000   0.0000000000000000
       k_ppt78                      1.052330453086480    1.000000000000000   0.0000000000000000
       k_ppt79                      1.210987462842460    1.000000000000000   0.0000000000000000
       k_ppt80                      1.417574649821270    1.000000000000000   0.0000000000000000
       k_ppt81                      1.608511449238170    1.000000000000000   0.0000000000000000
       k_ppt82                      1.565960612681000    1.000000000000000   0.0000000000000000
       k_ppt83                      1.045504624420470    1.000000000000000   0.0000000000000000
       k_ppt84                      0.7165209956083900    1.000000000000000   0.0000000000000000
       k_ppt85                      0.7499424299049500    1.000000000000000   0.0000000000000000
       k_ppt86                      1.039591042452370    1.000000000000000   0.0000000000000000
       k_ppt87                      1.045692099431050    1.000000000000000   0.0000000000000000
       k_ppt88                      1.225697253710690    1.000000000000000   0.0000000000000000
       k_ppt89                      1.101429785787170    1.000000000000000   0.0000000000000000
       k_ppt90                      1.146192657078810    1.000000000000000   0.0000000000000000
       k_ppt91                      1.028961878361470    1.000000000000000   0.0000000000000000
       k_ppt92                      0.9592297681880499    1.000000000000000   0.0000000000000000
       k_ppt93                      0.9507741035528300    1.000000000000000   0.0000000000000000
       k_ppt94                      1.008588049849410    1.000000000000000   0.0000000000000000
       k_ppt95                      0.9383803723262401    1.000000000000000   0.0000000000000000
       k_ppt96                      1.002245957089420    1.000000000000000   0.0000000000000000
       k_ppt97                      0.7392446542878400    1.000000000000000   0.0000000000000000
       k_ppt98                      0.6653299783140800    1.000000000000000   0.0000000000000000
       k_ppt99                      0.7049489287772200    1.000000000000000   0.0000000000000000
      k_ppt100                      0.4000502330013800    1.000000000000000   0.0000000000000000
      k_ppt101                      0.3840357391362700    1.000000000000000   0.0000000000000000
      k_ppt102                      0.6814357896313000    1.000000000000000   0.0000000000000000
      k_ppt103                      0.5655847066422300    1.000000000000000   0.0000000000000000
      k_ppt104                      0.5757834376423400    1.000000000000000   0.0000000000000000
