single point
        k_ppt1                      0.9650094799106886    1.000000000000000   0.0000000000000000
        k_ppt2                      1.042304481445396    1.000000000000000   0.0000000000000000
        k_ppt3                      1.165232021338450    1.000000000000000   0.0000000000000000
        k_ppt4                      1.353354901129640    1.000000000000000   0.0000000000000000
        k_ppt5                      1.328041145168642    1.000000000000000   0.0000000000000000
        k_ppt6                      1.110923383876790    1.000000000000000   0.0000000000000000
        k_ppt7                      1.021574300051246    1.000000000000000   0.0000000000000000
        k_ppt8                      1.090880512391785    1.000000000000000   0.0000000000000000
        k_ppt9                      1.014153559135317    1.000000000000000   0.0000000000000000
       k_ppt10                      0.9868993716352992    1.000000000000000   0.0000000000000000
       k_ppt11                      1.180563918246129    1.000000000000000   0.0000000000000000
       k_ppt12                      1.242385200974892    1.000000000000000   0.0000000000000000
       k_ppt13                      1.262054696927631    1.000000000000000   0.0000000000000000
       k_ppt14                      1.241193062593463    1.000000000000000   0.0000000000000000
       k_ppt15                      1.107656395595999    1.000000000000000   0.0000000000000000
       k_ppt16                      1.093352652863195    1.000000000000000   0.0000000000000000
       k_ppt17                      0.9800928328699808    1.000000000000000   0.0000000000000000
       k_ppt18                      0.9182891675080217    1.000000000000000   0.0000000000000000
       k_ppt19                      1.007997823594580    1.000000000000000   0.0000000000000000
       k_ppt20                      1.142941271458303    1.000000000000000   0.0000000000000000
       k_ppt21                      1.262794272994909    1.000000000000000   0.0000000000000000
       k_ppt22                      1.117626361725746    1.000000000000000   0.0000000000000000
       k_ppt23                      1.168934640646391    1.000000000000000   0.0000000000000000
       k_ppt24                      1.100452698521730    1.000000000000000   0.0000000000000000
       k_ppt25                      0.9239644323617705    1.000000000000000   0.0000000000000000
       k_ppt26                      0.9436719867588583    1.000000000000000   0.0000000000000000
       k_ppt27                      1.106049160324965    1.000000000000000   0.0000000000000000
       k_ppt28                      1.198075808193037    1.000000000000000   0.0000000000000000
       k_ppt29                      1.424513260460613    1.000000000000000   0.0000000000000000
       k_ppt30                      1.339645214345137    1.000000000000000   0.0000000000000000
       k_ppt31                      1.241859846707088    1.000000000000000   0.0000000000000000
       k_ppt32                      1.165726045134479    1.000000000000000   0.0000000000000000
       k_ppt33                      0.8705184731119874    1.000000000000000   0.0000000000000000
       k_ppt34                      0.9566082585695143    1.000000000000000   0.0000000000000000
       k_ppt35                      1.135286891237603    1.000000000000000   0.0000000000000000
       k_ppt36                      1.113662979580457    1.000000000000000   0.0000000000000000
       k_ppt37                      1.424610036787211    1.000000000000000   0.0000000000000000
       k_ppt38                      1.292147809568532    1.000000000000000   0.0000000000000000
       k_ppt39                      1.268487645122086    1.000000000000000   0.0000000000000000
       k_ppt40                      1.208898250375174    1.000000000000000   0.0000000000000000
       k_ppt41                      1.061588428758218    1.000000000000000   0.0000000000000000
       k_ppt42                      0.9589408014854309    1.000000000000000   0.0000000000000000
       k_ppt43                      0.9807736144225672    1.000000000000000   0.0000000000000000
       k_ppt44                      1.271152765633669    1.000000000000000   0.0000000000000000
       k_ppt45                      1.289117592424282    1.000000000000000   0.0000000000000000
       k_ppt46                      1.255637081244433    1.000000000000000   0.0000000000000000
       k_ppt47                      1.286281328238629    1.000000000000000   0.0000000000000000
       k_ppt48                      1.137734754232010    1.000000000000000   0.0000000000000000
       k_ppt49                      1.022637230583310    1.000000000000000   0.0000000000000000
       k_ppt50                      1.068979725164959    1.000000000000000   0.0000000000000000
       k_ppt51                      1.011873540970266    1.000000000000000   0.0000000000000000
       k_ppt52                      1.184016222900522    1.000000000000000   0.0000000000000000
       k_ppt53                      1.178178771957408    1.000000000000000   0.0000000000000000
       k_ppt54                      1.251552253039411    1.000000000000000   0.0000000000000000
       k_ppt55                      1.231982815379806    1.000000000000000   0.0000000000000000
       k_ppt56                      1.177870693227398    1.000000000000000   0.0000000000000000
       k_ppt57                      1.069681026689912    1.000000000000000   0.0000000000000000
       k_ppt58                      1.022817748559900    1.000000000000000   0.0000000000000000
       k_ppt59                      0.9658427595270584    1.000000000000000   0.0000000000000000
       k_ppt60                      1.077261468940466    1.000000000000000   0.0000000000000000
       k_ppt61                      1.240728986216772    1.000000000000000   0.0000000000000000
       k_ppt62                      1.169912128672328    1.000000000000000   0.0000000000000000
       k_ppt63                      1.162807641885087    1.000000000000000   0.0000000000000000
       k_ppt64                      1.140899841308749    1.000000000000000   0.0000000000000000
       k_ppt65                      1.037872407495051    1.000000000000000   0.0000000000000000
       k_ppt66                      0.9704314870050034    1.000000000000000   0.0000000000000000
       k_ppt67                      0.9891538035242792    1.000000000000000   0.0000000000000000
       k_ppt68                      1.096535370099420    1.000000000000000   0.0000000000000000
       k_ppt69                      1.115794114728359    1.000000000000000   0.0000000000000000
       k_ppt70                      1.127067822871018    1.000000000000000   0.0000000000000000
       k_ppt71                      1.042062455322307    1.000000000000000   0.0000000000000000
       k_ppt72                      1.006483271397630    1.000000000000000   0.0000000000000000
       k_ppt73                      0.9554307201576969    1.000000000000000   0.0000000000000000
       k_ppt74                      0.9594185183715680    1.000000000000000   0.0000000000000000
       k_ppt75                      1.019719638641023    1.000000000000000   0.0000000000000000
       k_ppt76                      1.047465721796427    1.000000000000000   0.0000000000000000
       k_ppt77                      0.9783208332655096    1.000000000000000   0.0000000000000000
       k_ppt78                      0.9475914220607232    1.000000000000000   0.0000000000000000
       k_ppt79                      1.028698323370319    1.000000000000000   0.0000000000000000
       k_ppt80                      0.9670976134658350    1.000000000000000   0.0000000000000000
       k_ppt81                      0.8817556148992044    1.000000000000000   0.0000000000000000
       k_ppt82                      0.8728724854740831    1.000000000000000   0.0000000000000000
       k_ppt83                      0.9328932639105078    1.000000000000000   0.0000000000000000
       k_ppt84                      1.032696308993025    1.000000000000000   0.0000000000000000
       k_ppt85                      0.9690729625604645    1.000000000000000   0.0000000000000000
       k_ppt86                      0.9636151092653628    1.000000000000000   0.0000000000000000
       k_ppt87                      0.9619187738125069    1.000000000000000   0.0000000000000000
       k_ppt88                      0.9594022360970890    1.000000000000000   0.0000000000000000
       k_ppt89                      0.8989430138170406    1.000000000000000   0.0000000000000000
       k_ppt90                      0.7791010565530854    1.000000000000000   0.0000000000000000
       k_ppt91                      0.7612093086498138    1.000000000000000   0.0000000000000000
       k_ppt92                      0.9236998018047815    1.000000000000000   0.0000000000000000
       k_ppt93                      0.8621387557564042    1.000000000000000   0.0000000000000000
       k_ppt94                      0.8606833690606591    1.000000000000000   0.0000000000000000
       k_ppt95                      0.8885931693680542    1.000000000000000   0.0000000000000000
       k_ppt96                      0.9451314897967777    1.000000000000000   0.0000000000000000
       k_ppt97                      0.9384356282215469    1.000000000000000   0.0000000000000000
       k_ppt98                      0.8590787989554531    1.000000000000000   0.0000000000000000
       k_ppt99                      0.8209719522788632    1.000000000000000   0.0000000000000000
      k_ppt100                      0.8929710310487222    1.000000000000000   0.0000000000000000
      k_ppt101                      0.8770456045891973    1.000000000000000   0.0000000000000000
      k_ppt102                      0.8128365967635690    1.000000000000000   0.0000000000000000
      k_ppt103                      0.8464842888747985    1.000000000000000   0.0000000000000000
      k_ppt104                      0.8579375636639178    1.000000000000000   0.0000000000000000
