  double point
          par1     9.870040194344000         1.000000        -10.00000    
          par2     9.901117588477056         1.000000        -10.00000    
          par3     10.04842946182102         1.000000        -10.00000    
          par4     9.945871735157132         1.000000        -10.00000    
          par5     9.920237569408386         1.000000        -10.00000    
          par6     9.995756975959778         1.000000        -10.00000    
          par7     9.958026879852044         1.000000        -10.00000    
          par8     10.07654518122720         1.000000        -10.00000    
          par9     10.01219740599320         1.000000        -10.00000    
         par10     9.933733669815914         1.000000        -10.00000    
         par11     10.14786892936299         1.000000        -10.00000    
         par12     9.974879887031150         1.000000        -10.00000    
