single point
          par1                      -0.1719549855224902    1.000000000000000   0.0000000000000000
          par2                      0.8961003066784355    1.000000000000000   0.0000000000000000
          par3                      0.6799443788871670    1.000000000000000   0.0000000000000000
          par4                      0.4624549894662721    1.000000000000000   0.0000000000000000
          par5                      -0.5812153594663240    1.000000000000000   0.0000000000000000
          par6                      0.02217110345076993    1.000000000000000   0.0000000000000000
          par7                      0.2905715729098550    1.000000000000000   0.0000000000000000
          par8                      0.5901417340066262    1.000000000000000   0.0000000000000000
          par9                      -0.06149378173741898    1.000000000000000   0.0000000000000000
         par10                      -0.3515697820462543    1.000000000000000   0.0000000000000000
         par11                      -1.031493349046932    1.000000000000000   0.0000000000000000
         par12                      -0.9184172235107771    1.000000000000000   0.0000000000000000
         par13                      -0.4128390655053210    1.000000000000000   0.0000000000000000
         par14                      0.4129204320393075    1.000000000000000   0.0000000000000000
