  single point
          par1   -0.1442239000000000         1.000000         0.000000    
          par2    0.7894672000000000         1.000000         0.000000    
          par3    0.6028578000000000         1.000000         0.000000    
          par4    0.4237248000000000         1.000000         0.000000    
          par5   -0.1678851000000000         1.000000         0.000000    
          par6   -0.1385687000000000         1.000000         0.000000    
          par7   -2.9166267000000000E-02     1.000000         0.000000    
          par8    0.3929846000000000         1.000000         0.000000    
          par9    0.2184678000000000         1.000000         0.000000    
         par10   -7.1189967000000008E-02     1.000000         0.000000    
         par11   -0.3940859000000000         1.000000         0.000000    
         par12   -0.4843216000000000         1.000000         0.000000    
         par13   -0.1776627000000000         1.000000         0.000000    
         par14    9.6553841000000000E-02     1.000000         0.000000    
