  single point
          par1   -0.1442239100000000         1.000000         0.000000    
          par2    0.7894671800000000         1.000000         0.000000    
          par3    0.6028577600000000         1.000000         0.000000    
          par4    0.4237247600000000         1.000000         0.000000    
          par5   -0.1678850800000000         1.000000         0.000000    
          par6   -0.1385687200000000         1.000000         0.000000    
          par7   -2.9166267000000000E-02     1.000000         0.000000    
          par8    0.3929845900000000         1.000000         0.000000    
          par9    0.2184677800000000         1.000000         0.000000    
         par10   -7.1189967000000008E-02     1.000000         0.000000    
         par11   -0.3940858700000000         1.000000         0.000000    
         par12   -0.4843216100000000         1.000000         0.000000    
         par13   -0.1776626500000000         1.000000         0.000000    
         par14    9.6553841000000000E-02     1.000000         0.000000    
