single point
        k_ppt1                      1.644655699355324    1.000000000000000   0.0000000000000000
        k_ppt2                      1.271968708863409    1.000000000000000   0.0000000000000000
        k_ppt3                      1.421738812360482    1.000000000000000   0.0000000000000000
        k_ppt4                      2.331109549266003    1.000000000000000   0.0000000000000000
        k_ppt5                      4.731481963997518    1.000000000000000   0.0000000000000000
        k_ppt6                      2.214176339890514    1.000000000000000   0.0000000000000000
        k_ppt7                      1.255550122197503    1.000000000000000   0.0000000000000000
        k_ppt8                      1.526106275572917    1.000000000000000   0.0000000000000000
        k_ppt9                      1.900799309814409    1.000000000000000   0.0000000000000000
       k_ppt10                      0.8493578772788984    1.000000000000000   0.0000000000000000
       k_ppt11                      2.134913026714731    1.000000000000000   0.0000000000000000
       k_ppt12                      2.289343350908474    1.000000000000000   0.0000000000000000
       k_ppt13                      2.369311176446156    1.000000000000000   0.0000000000000000
       k_ppt14                      2.528912084058281    1.000000000000000   0.0000000000000000
       k_ppt15                      2.494260906507103    1.000000000000000   0.0000000000000000
       k_ppt16                      2.312760951963978    1.000000000000000   0.0000000000000000
       k_ppt17                      1.045923392158671    1.000000000000000   0.0000000000000000
       k_ppt18                      0.8200213021806343    1.000000000000000   0.0000000000000000
       k_ppt19                      0.9669821439250191    1.000000000000000   0.0000000000000000
       k_ppt20                      0.9920588275050913    1.000000000000000   0.0000000000000000
       k_ppt21                      2.723148373011556    1.000000000000000   0.0000000000000000
       k_ppt22                      2.525869896860068    1.000000000000000   0.0000000000000000
       k_ppt23                      2.545540303465418    1.000000000000000   0.0000000000000000
       k_ppt24                      1.302102913932506    1.000000000000000   0.0000000000000000
       k_ppt25                      0.7237115475942250    1.000000000000000   0.0000000000000000
       k_ppt26                      0.3978478167230027    1.000000000000000   0.0000000000000000
       k_ppt27                      0.8301203058048870    1.000000000000000   0.0000000000000000
       k_ppt28                      1.299950806392389    1.000000000000000   0.0000000000000000
       k_ppt29                      3.506393360254567    1.000000000000000   0.0000000000000000
       k_ppt30                      2.930538999611944    1.000000000000000   0.0000000000000000
       k_ppt31                      1.692739060737894    1.000000000000000   0.0000000000000000
       k_ppt32                      1.878415702267846    1.000000000000000   0.0000000000000000
       k_ppt33                      0.7614935082279369    1.000000000000000   0.0000000000000000
       k_ppt34                      0.4164683925598313    1.000000000000000   0.0000000000000000
       k_ppt35                      0.7074652223915846    1.000000000000000   0.0000000000000000
       k_ppt36                      0.5214442801027834    1.000000000000000   0.0000000000000000
       k_ppt37                      1.394020847086026    1.000000000000000   0.0000000000000000
       k_ppt38                      1.635381975488941    1.000000000000000   0.0000000000000000
       k_ppt39                      1.198948751462653    1.000000000000000   0.0000000000000000
       k_ppt40                      1.145521595681134    1.000000000000000   0.0000000000000000
       k_ppt41                      1.104822245580557    1.000000000000000   0.0000000000000000
       k_ppt42                      0.9289558046881246    1.000000000000000   0.0000000000000000
       k_ppt43                      0.9895114669096106    1.000000000000000   0.0000000000000000
       k_ppt44                      2.352506826284154    1.000000000000000   0.0000000000000000
       k_ppt45                      2.007979804191169    1.000000000000000   0.0000000000000000
       k_ppt46                      3.026531903477665    1.000000000000000   0.0000000000000000
       k_ppt47                      1.442279597165341    1.000000000000000   0.0000000000000000
       k_ppt48                      0.6479815126829856    1.000000000000000   0.0000000000000000
       k_ppt49                      0.6837756369437121    1.000000000000000   0.0000000000000000
       k_ppt50                      1.498391995395724    1.000000000000000   0.0000000000000000
       k_ppt51                      1.444109045710229    1.000000000000000   0.0000000000000000
       k_ppt52                      1.980225743998363    1.000000000000000   0.0000000000000000
       k_ppt53                      2.337259866040180    1.000000000000000   0.0000000000000000
       k_ppt54                      1.508433344582235    1.000000000000000   0.0000000000000000
       k_ppt55                      0.6401551058043542    1.000000000000000   0.0000000000000000
       k_ppt56                      1.820376709504311    1.000000000000000   0.0000000000000000
       k_ppt57                      0.6210170704299135    1.000000000000000   0.0000000000000000
       k_ppt58                      1.140686079427446    1.000000000000000   0.0000000000000000
       k_ppt59                      1.064171420499189    1.000000000000000   0.0000000000000000
       k_ppt60                      1.991282522874498    1.000000000000000   0.0000000000000000
       k_ppt61                      2.355351143214318    1.000000000000000   0.0000000000000000
       k_ppt62                      1.475107265869921    1.000000000000000   0.0000000000000000
       k_ppt63                      1.637397735130961    1.000000000000000   0.0000000000000000
       k_ppt64                      1.986195956790108    1.000000000000000   0.0000000000000000
       k_ppt65                      0.8472083958347053    1.000000000000000   0.0000000000000000
       k_ppt66                      1.143960804083037    1.000000000000000   0.0000000000000000
       k_ppt67                      1.784750900860501    1.000000000000000   0.0000000000000000
       k_ppt68                      2.547927158742111    1.000000000000000   0.0000000000000000
       k_ppt69                      3.500979762415846    1.000000000000000   0.0000000000000000
       k_ppt70                      1.627881718011357    1.000000000000000   0.0000000000000000
       k_ppt71                      1.485623154574224    1.000000000000000   0.0000000000000000
       k_ppt72                      0.7102068537076403    1.000000000000000   0.0000000000000000
       k_ppt73                      0.6033910427661412    1.000000000000000   0.0000000000000000
       k_ppt74                      0.6478206098501803    1.000000000000000   0.0000000000000000
       k_ppt75                      0.9802120704693900    1.000000000000000   0.0000000000000000
       k_ppt76                      2.029255677727198    1.000000000000000   0.0000000000000000
       k_ppt77                      1.962255316692628    1.000000000000000   0.0000000000000000
       k_ppt78                      2.002707201406620    1.000000000000000   0.0000000000000000
       k_ppt79                      1.802426490262321    1.000000000000000   0.0000000000000000
       k_ppt80                      0.5809951854260900    1.000000000000000   0.0000000000000000
       k_ppt81                      0.9242612016925248    1.000000000000000   0.0000000000000000
       k_ppt82                      0.8396445843065850    1.000000000000000   0.0000000000000000
       k_ppt83                      1.100396464496978    1.000000000000000   0.0000000000000000
       k_ppt84                      1.473245457311178    1.000000000000000   0.0000000000000000
       k_ppt85                      1.730523920242879    1.000000000000000   0.0000000000000000
       k_ppt86                      1.604082021856426    1.000000000000000   0.0000000000000000
       k_ppt87                      1.092544233884956    1.000000000000000   0.0000000000000000
       k_ppt88                      0.8922089386785917    1.000000000000000   0.0000000000000000
       k_ppt89                      1.657841575169247    1.000000000000000   0.0000000000000000
       k_ppt90                      0.8373866214965714    1.000000000000000   0.0000000000000000
       k_ppt91                      0.7011055572070086    1.000000000000000   0.0000000000000000
       k_ppt92                      0.7320975600657204    1.000000000000000   0.0000000000000000
       k_ppt93                      0.8677283984893327    1.000000000000000   0.0000000000000000
       k_ppt94                      0.7965603642412006    1.000000000000000   0.0000000000000000
       k_ppt95                      0.9548470685693529    1.000000000000000   0.0000000000000000
       k_ppt96                      1.076632865751206    1.000000000000000   0.0000000000000000
       k_ppt97                      0.7445097746589419    1.000000000000000   0.0000000000000000
       k_ppt98                      0.7627130411186072    1.000000000000000   0.0000000000000000
       k_ppt99                      0.4298558987055082    1.000000000000000   0.0000000000000000
      k_ppt100                      0.4804185721149809    1.000000000000000   0.0000000000000000
      k_ppt101                      0.5217805511418857    1.000000000000000   0.0000000000000000
      k_ppt102                      0.4859059553651175    1.000000000000000   0.0000000000000000
      k_ppt103                      0.7123163034570444    1.000000000000000   0.0000000000000000
      k_ppt104                      0.5741456549081501    1.000000000000000   0.0000000000000000
