  single point
        k_ppt1    0.8750892700000000         1.000000         0.000000    
        k_ppt2     1.723402400000000         1.000000         0.000000    
        k_ppt3    0.7178724000000000         1.000000         0.000000    
        k_ppt4     1.009104000000000         1.000000         0.000000    
        k_ppt5    0.3900865000000000         1.000000         0.000000    
        k_ppt6    9.0967125000000000E-02     1.000000         0.000000    
        k_ppt7    0.1191069500000000         1.000000         0.000000    
        k_ppt8    0.2446772000000000         1.000000         0.000000    
        k_ppt9    0.8979439800000000         1.000000         0.000000    
       k_ppt10    0.6659944400000000         1.000000         0.000000    
       k_ppt11     3.855558100000000         1.000000         0.000000    
       k_ppt12    0.3716919300000000         1.000000         0.000000    
       k_ppt13    0.3334759000000000         1.000000         0.000000    
       k_ppt14    0.1005881300000000         1.000000         0.000000    
       k_ppt15    0.4120388900000000         1.000000         0.000000    
       k_ppt16    0.4265380900000000         1.000000         0.000000    
       k_ppt17    0.7014101400000000         1.000000         0.000000    
       k_ppt18     1.400660000000000         1.000000         0.000000    
       k_ppt19     1.720615100000000         1.000000         0.000000    
       k_ppt20    0.7862687400000000         1.000000         0.000000    
       k_ppt21    0.3065863700000000         1.000000         0.000000    
       k_ppt22    0.4217124900000000         1.000000         0.000000    
       k_ppt23    0.6477533300000000         1.000000         0.000000    
       k_ppt24     1.046408300000000         1.000000         0.000000    
       k_ppt25     2.023161300000000         1.000000         0.000000    
       k_ppt26     2.099724000000000         1.000000         0.000000    
       k_ppt27     3.034713000000000         1.000000         0.000000    
       k_ppt28     1.172665000000000         1.000000         0.000000    
       k_ppt29    0.3877710200000000         1.000000         0.000000    
       k_ppt30    0.2470189100000000         1.000000         0.000000    
       k_ppt31    0.6217457700000000         1.000000         0.000000    
       k_ppt32     1.384681300000000         1.000000         0.000000    
       k_ppt33    0.7212530900000000         1.000000         0.000000    
       k_ppt34     2.789592200000000         1.000000         0.000000    
       k_ppt35     1.470204300000000         1.000000         0.000000    
       k_ppt36     1.940304800000000         1.000000         0.000000    
       k_ppt37    0.9806793200000000         1.000000         0.000000    
       k_ppt38    0.6886122400000000         1.000000         0.000000    
       k_ppt39     1.232885400000000         1.000000         0.000000    
       k_ppt40     1.877839900000000         1.000000         0.000000    
       k_ppt41    0.7376951400000000         1.000000         0.000000    
       k_ppt42    0.4886080100000000         1.000000         0.000000    
       k_ppt43    0.9508193900000000         1.000000         0.000000    
       k_ppt44    0.6366958500000000         1.000000         0.000000    
       k_ppt45    0.8078833100000000         1.000000         0.000000    
       k_ppt46    0.6106576600000000         1.000000         0.000000    
       k_ppt47     1.385489200000000         1.000000         0.000000    
       k_ppt48     2.422526900000000         1.000000         0.000000    
       k_ppt49    0.9194993900000000         1.000000         0.000000    
       k_ppt50    0.4994526900000000         1.000000         0.000000    
       k_ppt51     1.723347700000000         1.000000         0.000000    
       k_ppt52     2.922085400000000         1.000000         0.000000    
       k_ppt53     2.135493200000000         1.000000         0.000000    
       k_ppt54    0.8803495700000000         1.000000         0.000000    
       k_ppt55     1.365901300000000         1.000000         0.000000    
       k_ppt56     1.588325900000000         1.000000         0.000000    
       k_ppt57     2.732617500000000         1.000000         0.000000    
       k_ppt58     1.182664400000000         1.000000         0.000000    
       k_ppt59    0.7848208200000000         1.000000         0.000000    
       k_ppt60     4.546456700000000         1.000000         0.000000    
       k_ppt61     4.350243600000000         1.000000         0.000000    
       k_ppt62    0.9663693900000000         1.000000         0.000000    
       k_ppt63    0.8729279300000000         1.000000         0.000000    
       k_ppt64     3.033015100000000         1.000000         0.000000    
       k_ppt65     1.603153800000000         1.000000         0.000000    
       k_ppt66     1.787666100000000         1.000000         0.000000    
       k_ppt67     1.956869500000000         1.000000         0.000000    
       k_ppt68     5.156708600000000         1.000000         0.000000    
       k_ppt69     3.568954900000000         1.000000         0.000000    
       k_ppt70     1.316590200000000         1.000000         0.000000    
       k_ppt71     1.218920600000000         1.000000         0.000000    
       k_ppt72     2.171447800000000         1.000000         0.000000    
       k_ppt73     2.842443800000000         1.000000         0.000000    
       k_ppt74     2.102527400000000         1.000000         0.000000    
       k_ppt75     1.401115200000000         1.000000         0.000000    
       k_ppt76    0.3274934200000000         1.000000         0.000000    
       k_ppt77    0.2265702100000000         1.000000         0.000000    
       k_ppt78    0.6456953800000000         1.000000         0.000000    
       k_ppt79     1.440158000000000         1.000000         0.000000    
       k_ppt80     2.401542700000000         1.000000         0.000000    
       k_ppt81     1.880068400000000         1.000000         0.000000    
       k_ppt82     1.913117300000000         1.000000         0.000000    
       k_ppt83     1.034331800000000         1.000000         0.000000    
       k_ppt84    0.3380640100000001         1.000000         0.000000    
       k_ppt85    0.2891548900000000         1.000000         0.000000    
       k_ppt86    0.2722532600000000         1.000000         0.000000    
       k_ppt87    0.3854393800000000         1.000000         0.000000    
       k_ppt88     1.961240000000000         1.000000         0.000000    
       k_ppt89     2.051594800000000         1.000000         0.000000    
       k_ppt90     1.615979900000000         1.000000         0.000000    
       k_ppt91     1.625227300000000         1.000000         0.000000    
       k_ppt92    0.7278466500000000         1.000000         0.000000    
       k_ppt93    0.4369840300000000         1.000000         0.000000    
       k_ppt94    0.2353219800000000         1.000000         0.000000    
       k_ppt95    0.6778740500000000         1.000000         0.000000    
       k_ppt96     1.075576000000000         1.000000         0.000000    
       k_ppt97    0.9749637600000000         1.000000         0.000000    
       k_ppt98     1.252313500000000         1.000000         0.000000    
       k_ppt99    0.4306512900000000         1.000000         0.000000    
      k_ppt100    0.3904891400000000         1.000000         0.000000    
      k_ppt101    0.1463546600000000         1.000000         0.000000    
      k_ppt102    0.1085849000000000         1.000000         0.000000    
      k_ppt103    0.5024538600000000         1.000000         0.000000    
      k_ppt104    0.9145036300000000         1.000000         0.000000    
