single point
        k_ppt1                      1.856059446115270    1.000000000000000   0.0000000000000000
        k_ppt2                      1.472687826696973    1.000000000000000   0.0000000000000000
        k_ppt3                      1.834661116141411    1.000000000000000   0.0000000000000000
        k_ppt4                      2.502605950144528    1.000000000000000   0.0000000000000000
        k_ppt5                      5.842223129593417    1.000000000000000   0.0000000000000000
        k_ppt6                      2.290364273873443    1.000000000000000   0.0000000000000000
        k_ppt7                      1.060350280920695    1.000000000000000   0.0000000000000000
        k_ppt8                      1.249720099861829    1.000000000000000   0.0000000000000000
        k_ppt9                      2.335807350574732    1.000000000000000   0.0000000000000000
       k_ppt10                      0.7697793650278976    1.000000000000000   0.0000000000000000
       k_ppt11                      2.976138610796214    1.000000000000000   0.0000000000000000
       k_ppt12                      2.654590094577448    1.000000000000000   0.0000000000000000
       k_ppt13                      2.319328722434749    1.000000000000000   0.0000000000000000
       k_ppt14                      2.643671665488286    1.000000000000000   0.0000000000000000
       k_ppt15                      2.638239345197735    1.000000000000000   0.0000000000000000
       k_ppt16                      2.294232699172044    1.000000000000000   0.0000000000000000
       k_ppt17                      1.376887112788092    1.000000000000000   0.0000000000000000
       k_ppt18                      0.7725942419044705    1.000000000000000   0.0000000000000000
       k_ppt19                      1.083202411005471    1.000000000000000   0.0000000000000000
       k_ppt20                      0.9636957576944377    1.000000000000000   0.0000000000000000
       k_ppt21                      2.902893709537846    1.000000000000000   0.0000000000000000
       k_ppt22                      3.165150832733973    1.000000000000000   0.0000000000000000
       k_ppt23                      2.876562625620358    1.000000000000000   0.0000000000000000
       k_ppt24                      1.136062184754534    1.000000000000000   0.0000000000000000
       k_ppt25                      0.7308265166854007    1.000000000000000   0.0000000000000000
       k_ppt26                      0.2806385556269858    1.000000000000000   0.0000000000000000
       k_ppt27                      0.7447524181151552    1.000000000000000   0.0000000000000000
       k_ppt28                      1.463883003417012    1.000000000000000   0.0000000000000000
       k_ppt29                      4.482006752905144    1.000000000000000   0.0000000000000000
       k_ppt30                      3.528536128988212    1.000000000000000   0.0000000000000000
       k_ppt31                      2.215361431206390    1.000000000000000   0.0000000000000000
       k_ppt32                      2.361852583499254    1.000000000000000   0.0000000000000000
       k_ppt33                      0.9139773580595389    1.000000000000000   0.0000000000000000
       k_ppt34                      0.3910020351306546    1.000000000000000   0.0000000000000000
       k_ppt35                      0.6640670170913858    1.000000000000000   0.0000000000000000
       k_ppt36                      0.4211349707559122    1.000000000000000   0.0000000000000000
       k_ppt37                      1.275427726409923    1.000000000000000   0.0000000000000000
       k_ppt38                      1.458507025223320    1.000000000000000   0.0000000000000000
       k_ppt39                      0.9353297942881795    1.000000000000000   0.0000000000000000
       k_ppt40                      1.024115968396574    1.000000000000000   0.0000000000000000
       k_ppt41                      1.311813806922873    1.000000000000000   0.0000000000000000
       k_ppt42                      1.223432133066280    1.000000000000000   0.0000000000000000
       k_ppt43                      1.017265615202000    1.000000000000000   0.0000000000000000
       k_ppt44                      2.915133103480002    1.000000000000000   0.0000000000000000
       k_ppt45                      1.999947206486131    1.000000000000000   0.0000000000000000
       k_ppt46                      3.467311632538039    1.000000000000000   0.0000000000000000
       k_ppt47                      1.172298719938450    1.000000000000000   0.0000000000000000
       k_ppt48                      0.4262190722629558    1.000000000000000   0.0000000000000000
       k_ppt49                      0.5601878422653217    1.000000000000000   0.0000000000000000
       k_ppt50                      1.755504903313413    1.000000000000000   0.0000000000000000
       k_ppt51                      1.424334702876843    1.000000000000000   0.0000000000000000
       k_ppt52                      2.217462164039250    1.000000000000000   0.0000000000000000
       k_ppt53                      2.507871877033052    1.000000000000000   0.0000000000000000
       k_ppt54                      1.248984580481640    1.000000000000000   0.0000000000000000
       k_ppt55                      0.4790902023456191    1.000000000000000   0.0000000000000000
       k_ppt56                      1.755602604660423    1.000000000000000   0.0000000000000000
       k_ppt57                      0.4914558345594893    1.000000000000000   0.0000000000000000
       k_ppt58                      1.332428601236818    1.000000000000000   0.0000000000000000
       k_ppt59                      1.384494863649261    1.000000000000000   0.0000000000000000
       k_ppt60                      2.254759611774149    1.000000000000000   0.0000000000000000
       k_ppt61                      2.468218318476819    1.000000000000000   0.0000000000000000
       k_ppt62                      1.269338404893239    1.000000000000000   0.0000000000000000
       k_ppt63                      1.568921223639229    1.000000000000000   0.0000000000000000
       k_ppt64                      1.997181478522439    1.000000000000000   0.0000000000000000
       k_ppt65                      0.7439305794990326    1.000000000000000   0.0000000000000000
       k_ppt66                      1.298246227967542    1.000000000000000   0.0000000000000000
       k_ppt67                      2.464659709341191    1.000000000000000   0.0000000000000000
       k_ppt68                      3.518793143191671    1.000000000000000   0.0000000000000000
       k_ppt69                      4.785620133381729    1.000000000000000   0.0000000000000000
       k_ppt70                      1.515179645683004    1.000000000000000   0.0000000000000000
       k_ppt71                      1.634783081486722    1.000000000000000   0.0000000000000000
       k_ppt72                      0.4809774731847635    1.000000000000000   0.0000000000000000
       k_ppt73                      0.4708650632884455    1.000000000000000   0.0000000000000000
       k_ppt74                      0.6284187305632926    1.000000000000000   0.0000000000000000
       k_ppt75                      0.9447495392872511    1.000000000000000   0.0000000000000000
       k_ppt76                      1.752877484444773    1.000000000000000   0.0000000000000000
       k_ppt77                      2.306149462703375    1.000000000000000   0.0000000000000000
       k_ppt78                      1.977804087239733    1.000000000000000   0.0000000000000000
       k_ppt79                      1.894466713503313    1.000000000000000   0.0000000000000000
       k_ppt80                      0.3415812753140898    1.000000000000000   0.0000000000000000
       k_ppt81                      1.009915365233443    1.000000000000000   0.0000000000000000
       k_ppt82                      0.9620801055776242    1.000000000000000   0.0000000000000000
       k_ppt83                      1.121888935380753    1.000000000000000   0.0000000000000000
       k_ppt84                      1.397699376125542    1.000000000000000   0.0000000000000000
       k_ppt85                      1.900787030934874    1.000000000000000   0.0000000000000000
       k_ppt86                      1.837565321157063    1.000000000000000   0.0000000000000000
       k_ppt87                      1.114566761367564    1.000000000000000   0.0000000000000000
       k_ppt88                      0.7428481543100903    1.000000000000000   0.0000000000000000
       k_ppt89                      2.248839217085925    1.000000000000000   0.0000000000000000
       k_ppt90                      1.094195880945938    1.000000000000000   0.0000000000000000
       k_ppt91                      0.6807988193914203    1.000000000000000   0.0000000000000000
       k_ppt92                      0.6504419029117028    1.000000000000000   0.0000000000000000
       k_ppt93                      0.8906512842136441    1.000000000000000   0.0000000000000000
       k_ppt94                      0.8732620519653415    1.000000000000000   0.0000000000000000
       k_ppt95                      1.034391555764101    1.000000000000000   0.0000000000000000
       k_ppt96                      1.105376274500637    1.000000000000000   0.0000000000000000
       k_ppt97                      0.7071210880705370    1.000000000000000   0.0000000000000000
       k_ppt98                      0.8376761437827323    1.000000000000000   0.0000000000000000
       k_ppt99                      0.3600380802404241    1.000000000000000   0.0000000000000000
      k_ppt100                      0.4346906994795581    1.000000000000000   0.0000000000000000
      k_ppt101                      0.5917779259525613    1.000000000000000   0.0000000000000000
      k_ppt102                      0.4336056700326116    1.000000000000000   0.0000000000000000
      k_ppt103                      0.7517791445611597    1.000000000000000   0.0000000000000000
      k_ppt104                      0.5411708602023612    1.000000000000000   0.0000000000000000
