  double point
          par1     10.30179221765580         1.000000        -10.00000    
          par2     10.97138236095115         1.000000        -10.00000    
          par3     10.66333282085264         1.000000        -10.00000    
          par4     9.652809173588432         1.000000        -10.00000    
          par5     10.00270060543815         1.000000        -10.00000    
          par6     10.03881956185404         1.000000        -10.00000    
          par7     10.14173821639232         1.000000        -10.00000    
          par8     10.05809354869065         1.000000        -10.00000    
          par9     10.32656384930870         1.000000        -10.00000    
         par10     10.13314466733367         1.000000        -10.00000    
         par11     9.776075958432827         1.000000        -10.00000    
         par12     10.05926123892197         1.000000        -10.00000    
