single point
        k_ppt1                      1.958566274199605    1.000000000000000   0.0000000000000000
        k_ppt2                      1.586379284741915    1.000000000000000   0.0000000000000000
        k_ppt3                      2.116643312292356    1.000000000000000   0.0000000000000000
        k_ppt4                      2.607517606711184    1.000000000000000   0.0000000000000000
        k_ppt5                      6.229132833127236    1.000000000000000   0.0000000000000000
        k_ppt6                      2.271912528431699    1.000000000000000   0.0000000000000000
        k_ppt7                      0.9750015501254132    1.000000000000000   0.0000000000000000
        k_ppt8                      1.134446706156157    1.000000000000000   0.0000000000000000
        k_ppt9                      2.614654066353263    1.000000000000000   0.0000000000000000
       k_ppt10                      0.7652786901013447    1.000000000000000   0.0000000000000000
       k_ppt11                      3.513429291197285    1.000000000000000   0.0000000000000000
       k_ppt12                      2.837922009806749    1.000000000000000   0.0000000000000000
       k_ppt13                      2.265444078869974    1.000000000000000   0.0000000000000000
       k_ppt14                      2.636207598144296    1.000000000000000   0.0000000000000000
       k_ppt15                      2.656399627642867    1.000000000000000   0.0000000000000000
       k_ppt16                      2.284525605373056    1.000000000000000   0.0000000000000000
       k_ppt17                      1.574488429262566    1.000000000000000   0.0000000000000000
       k_ppt18                      0.7633601777234674    1.000000000000000   0.0000000000000000
       k_ppt19                      1.138858229145271    1.000000000000000   0.0000000000000000
       k_ppt20                      0.9493022580520248    1.000000000000000   0.0000000000000000
       k_ppt21                      2.977666292805017    1.000000000000000   0.0000000000000000
       k_ppt22                      3.496135039208850    1.000000000000000   0.0000000000000000
       k_ppt23                      2.993454518538252    1.000000000000000   0.0000000000000000
       k_ppt24                      1.082651109677019    1.000000000000000   0.0000000000000000
       k_ppt25                      0.7270952572979619    1.000000000000000   0.0000000000000000
       k_ppt26                      0.2436866066104931    1.000000000000000   0.0000000000000000
       k_ppt27                      0.7254520762725792    1.000000000000000   0.0000000000000000
       k_ppt28                      1.577682874866137    1.000000000000000   0.0000000000000000
       k_ppt29                      5.016977449994014    1.000000000000000   0.0000000000000000
       k_ppt30                      3.810799098766771    1.000000000000000   0.0000000000000000
       k_ppt31                      2.473993614823152    1.000000000000000   0.0000000000000000
       k_ppt32                      2.617195284402001    1.000000000000000   0.0000000000000000
       k_ppt33                      0.9726731894287538    1.000000000000000   0.0000000000000000
       k_ppt34                      0.3824045356481624    1.000000000000000   0.0000000000000000
       k_ppt35                      0.6564357455229267    1.000000000000000   0.0000000000000000
       k_ppt36                      0.3879459808189675    1.000000000000000   0.0000000000000000
       k_ppt37                      1.235128063768488    1.000000000000000   0.0000000000000000
       k_ppt38                      1.397780838830328    1.000000000000000   0.0000000000000000
       k_ppt39                      0.8492462915903773    1.000000000000000   0.0000000000000000
       k_ppt40                      0.9931559517280305    1.000000000000000   0.0000000000000000
       k_ppt41                      1.398474398091238    1.000000000000000   0.0000000000000000
       k_ppt42                      1.384068994577816    1.000000000000000   0.0000000000000000
       k_ppt43                      1.020368617346104    1.000000000000000   0.0000000000000000
       k_ppt44                      3.199077879611500    1.000000000000000   0.0000000000000000
       k_ppt45                      2.039773691022738    1.000000000000000   0.0000000000000000
       k_ppt46                      3.700870809882475    1.000000000000000   0.0000000000000000
       k_ppt47                      1.072948353410707    1.000000000000000   0.0000000000000000
       k_ppt48                      0.3579503669143627    1.000000000000000   0.0000000000000000
       k_ppt49                      0.5184286268816622    1.000000000000000   0.0000000000000000
       k_ppt50                      1.872182316121894    1.000000000000000   0.0000000000000000
       k_ppt51                      1.398180648758576    1.000000000000000   0.0000000000000000
       k_ppt52                      2.365640129602444    1.000000000000000   0.0000000000000000
       k_ppt53                      2.594443093493853    1.000000000000000   0.0000000000000000
       k_ppt54                      1.143049923501410    1.000000000000000   0.0000000000000000
       k_ppt55                      0.4219825041805830    1.000000000000000   0.0000000000000000
       k_ppt56                      1.721602878117182    1.000000000000000   0.0000000000000000
       k_ppt57                      0.4394675699598339    1.000000000000000   0.0000000000000000
       k_ppt58                      1.410587406086718    1.000000000000000   0.0000000000000000
       k_ppt59                      1.548808772809607    1.000000000000000   0.0000000000000000
       k_ppt60                      2.379813671775663    1.000000000000000   0.0000000000000000
       k_ppt61                      2.496345772587503    1.000000000000000   0.0000000000000000
       k_ppt62                      1.195837308349318    1.000000000000000   0.0000000000000000
       k_ppt63                      1.547441350611055    1.000000000000000   0.0000000000000000
       k_ppt64                      1.969293428561060    1.000000000000000   0.0000000000000000
       k_ppt65                      0.6962599440584099    1.000000000000000   0.0000000000000000
       k_ppt66                      1.354624841262625    1.000000000000000   0.0000000000000000
       k_ppt67                      2.818519930137450    1.000000000000000   0.0000000000000000
       k_ppt68                      4.073320354404671    1.000000000000000   0.0000000000000000
       k_ppt69                      5.415881739546878    1.000000000000000   0.0000000000000000
       k_ppt70                      1.455597823143830    1.000000000000000   0.0000000000000000
       k_ppt71                      1.690201313565650    1.000000000000000   0.0000000000000000
       k_ppt72                      0.4057712571257102    1.000000000000000   0.0000000000000000
       k_ppt73                      0.4223709362692951    1.000000000000000   0.0000000000000000
       k_ppt74                      0.6118657802227353    1.000000000000000   0.0000000000000000
       k_ppt75                      0.9258185022704166    1.000000000000000   0.0000000000000000
       k_ppt76                      1.599895450114740    1.000000000000000   0.0000000000000000
       k_ppt77                      2.426003797362464    1.000000000000000   0.0000000000000000
       k_ppt78                      1.929434744954446    1.000000000000000   0.0000000000000000
       k_ppt79                      1.927942119494012    1.000000000000000   0.0000000000000000
       k_ppt80                      0.2753241952557555    1.000000000000000   0.0000000000000000
       k_ppt81                      1.061765038836125    1.000000000000000   0.0000000000000000
       k_ppt82                      1.017447642021258    1.000000000000000   0.0000000000000000
       k_ppt83                      1.102457986710975    1.000000000000000   0.0000000000000000
       k_ppt84                      1.341426287093735    1.000000000000000   0.0000000000000000
       k_ppt85                      1.962241868616679    1.000000000000000   0.0000000000000000
       k_ppt86                      1.958236242007325    1.000000000000000   0.0000000000000000
       k_ppt87                      1.113709200380591    1.000000000000000   0.0000000000000000
       k_ppt88                      0.6720654730502799    1.000000000000000   0.0000000000000000
       k_ppt89                      2.604895982198322    1.000000000000000   0.0000000000000000
       k_ppt90                      1.226112300287010    1.000000000000000   0.0000000000000000
       k_ppt91                      0.6632214352029169    1.000000000000000   0.0000000000000000
       k_ppt92                      0.6154898537064766    1.000000000000000   0.0000000000000000
       k_ppt93                      0.9096738482763151    1.000000000000000   0.0000000000000000
       k_ppt94                      0.9207527099366160    1.000000000000000   0.0000000000000000
       k_ppt95                      1.075075818965573    1.000000000000000   0.0000000000000000
       k_ppt96                      1.093954322689735    1.000000000000000   0.0000000000000000
       k_ppt97                      0.7077101753808345    1.000000000000000   0.0000000000000000
       k_ppt98                      0.8673403204523061    1.000000000000000   0.0000000000000000
       k_ppt99                      0.3368613167303752    1.000000000000000   0.0000000000000000
      k_ppt100                      0.4141608674860615    1.000000000000000   0.0000000000000000
      k_ppt101                      0.6198872999107974    1.000000000000000   0.0000000000000000
      k_ppt102                      0.4094045216539423    1.000000000000000   0.0000000000000000
      k_ppt103                      0.7608523154953698    1.000000000000000   0.0000000000000000
      k_ppt104                      0.5323264433358672    1.000000000000000   0.0000000000000000
