 single point
 k_ppt1          11.72375         1.000000         0.000000    
 k_ppt2          3.627721         1.000000         0.000000    
 k_ppt3          1.387836         1.000000         0.000000    
 k_ppt4         0.6673062         1.000000         0.000000    
 k_ppt5         0.6256791         1.000000         0.000000    
 k_ppt6         0.3678910         1.000000         0.000000    
 k_ppt7         0.5811444         1.000000         0.000000    
 k_ppt8         0.5820026         1.000000         0.000000    
 k_ppt9          8.589553         1.000000         0.000000    
 k_ppt10         3.724997         1.000000         0.000000    
 k_ppt11         1.789190         1.000000         0.000000    
 k_ppt12         1.163511         1.000000         0.000000    
 k_ppt13        0.8830723         1.000000         0.000000    
 k_ppt14         1.036772         1.000000         0.000000    
 k_ppt15        0.6902816         1.000000         0.000000    
 k_ppt16        0.3198715         1.000000         0.000000    
 k_ppt17         6.023895         1.000000         0.000000    
 k_ppt18         3.329161         1.000000         0.000000    
 k_ppt19         1.701988         1.000000         0.000000    
 k_ppt20        0.5991394         1.000000         0.000000    
 k_ppt21        0.8075876         1.000000         0.000000    
 k_ppt22         1.146902         1.000000         0.000000    
 k_ppt23        0.5075580         1.000000         0.000000    
 k_ppt24        0.5813262         1.000000         0.000000    
 k_ppt25         1.405448         1.000000         0.000000    
 k_ppt26         5.507032         1.000000         0.000000    
 k_ppt27         1.154436         1.000000         0.000000    
 k_ppt28         1.161898         1.000000         0.000000    
 k_ppt29        0.8986278         1.000000         0.000000    
 k_ppt30        0.3931742         1.000000         0.000000    
 k_ppt31         1.141097         1.000000         0.000000    
 k_ppt32         1.008517         1.000000         0.000000    
 k_ppt33         1.081538         1.000000         0.000000    
 k_ppt34         2.466565         1.000000         0.000000    
 k_ppt35        0.8059908         1.000000         0.000000    
 k_ppt36        0.5146210         1.000000         0.000000    
 k_ppt37        0.9667871         1.000000         0.000000    
 k_ppt38         1.527483         1.000000         0.000000    
 k_ppt39        0.9120209         1.000000         0.000000    
 k_ppt40         1.095873         1.000000         0.000000    
 k_ppt41         2.182522         1.000000         0.000000    
 k_ppt42         2.467037         1.000000         0.000000    
 k_ppt43         1.182346         1.000000         0.000000    
 k_ppt44        0.5796381         1.000000         0.000000    
 k_ppt45        0.3364064         1.000000         0.000000    
 k_ppt46         1.754246         1.000000         0.000000    
 k_ppt47         1.295307         1.000000         0.000000    
 k_ppt48         1.299043         1.000000         0.000000    
 k_ppt49         2.480520         1.000000         0.000000    
 k_ppt50         8.265713         1.000000         0.000000    
 k_ppt51        0.9137715         1.000000         0.000000    
 k_ppt52        0.6705799         1.000000         0.000000    
 k_ppt53         1.443268         1.000000         0.000000    
 k_ppt54         3.279583         1.000000         0.000000    
 k_ppt55         3.983359         1.000000         0.000000    
 k_ppt56        0.5620949         1.000000         0.000000    
 k_ppt57         2.082662         1.000000         0.000000    
 k_ppt58         3.801377         1.000000         0.000000    
 k_ppt59         1.239755         1.000000         0.000000    
 k_ppt60         1.335635         1.000000         0.000000    
 k_ppt61         1.424162         1.000000         0.000000    
 k_ppt62         1.816768         1.000000         0.000000    
 k_ppt63         1.806796         1.000000         0.000000    
 k_ppt64         1.762071         1.000000         0.000000    
 k_ppt65         1.641680         1.000000         0.000000    
 k_ppt66        0.9730886         1.000000         0.000000    
 k_ppt67         1.027554         1.000000         0.000000    
 k_ppt68         3.755273         1.000000         0.000000    
 k_ppt69         1.467801         1.000000         0.000000    
 k_ppt70         1.156013         1.000000         0.000000    
 k_ppt71         2.098448         1.000000         0.000000    
 k_ppt72        0.6072327         1.000000         0.000000    
 k_ppt73         3.966549         1.000000         0.000000    
 k_ppt74         1.933774         1.000000         0.000000    
 k_ppt75         1.625176         1.000000         0.000000    
 k_ppt76        0.6821452         1.000000         0.000000    
 k_ppt77        0.4920579         1.000000         0.000000    
 k_ppt78        0.7872884         1.000000         0.000000    
 k_ppt79        0.5385999         1.000000         0.000000    
 k_ppt80        0.4390080         1.000000         0.000000    
 k_ppt81         3.880109         1.000000         0.000000    
 k_ppt82         1.667548         1.000000         0.000000    
 k_ppt83        0.9096525         1.000000         0.000000    
 k_ppt84        0.7764506         1.000000         0.000000    
 k_ppt85        0.6987314         1.000000         0.000000    
 k_ppt86        0.8837953         1.000000         0.000000    
 k_ppt87        0.4837691         1.000000         0.000000    
 k_ppt88        0.5379483         1.000000         0.000000    
 k_ppt89        0.6017801         1.000000         0.000000    
 k_ppt90         1.727726         1.000000         0.000000    
 k_ppt91        0.9454635         1.000000         0.000000    
 k_ppt92        0.9727044         1.000000         0.000000    
 k_ppt93         1.254403         1.000000         0.000000    
 k_ppt94         1.213543         1.000000         0.000000    
 k_ppt95        0.7497036         1.000000         0.000000    
 k_ppt96         2.819476         1.000000         0.000000    
 k_ppt97         1.117452         1.000000         0.000000    
 k_ppt98         1.166138         1.000000         0.000000    
 k_ppt99        0.4203614         1.000000         0.000000    
 k_ppt100       0.7547622         1.000000         0.000000    
 k_ppt101       0.3556054         1.000000         0.000000    
 k_ppt102       0.4563361         1.000000         0.000000    
 k_ppt103       0.5701834         1.000000         0.000000    
 k_ppt104       0.3041267         1.000000         0.000000    
