 single point
 k_ppt1         6.9513298E-02     1.000000         0.000000    
 k_ppt2         6.6784069E-02     1.000000         0.000000    
 k_ppt3         0.1483163         1.000000         0.000000    
 k_ppt4         0.1035537         1.000000         0.000000    
 k_ppt5         0.3811344         1.000000         0.000000    
 k_ppt6         0.5461355         1.000000         0.000000    
 k_ppt7         0.6249229         1.000000         0.000000    
 k_ppt8          2.326121         1.000000         0.000000    
 k_ppt9         4.3123187E-02     1.000000         0.000000    
 k_ppt10        0.1098606         1.000000         0.000000    
 k_ppt11        0.1130820         1.000000         0.000000    
 k_ppt12        0.4274122         1.000000         0.000000    
 k_ppt13        0.7423695         1.000000         0.000000    
 k_ppt14         1.669743         1.000000         0.000000    
 k_ppt15         1.776714         1.000000         0.000000    
 k_ppt16         3.108608         1.000000         0.000000    
 k_ppt17        4.3183717E-02     1.000000         0.000000    
 k_ppt18        0.3145597         1.000000         0.000000    
 k_ppt19        0.4182552         1.000000         0.000000    
 k_ppt20         1.369173         1.000000         0.000000    
 k_ppt21         2.530340         1.000000         0.000000    
 k_ppt22         3.316215         1.000000         0.000000    
 k_ppt23         4.442894         1.000000         0.000000    
 k_ppt24         2.733123         1.000000         0.000000    
 k_ppt25        0.1203229         1.000000         0.000000    
 k_ppt26        0.4824377         1.000000         0.000000    
 k_ppt27        0.2160657         1.000000         0.000000    
 k_ppt28         1.017543         1.000000         0.000000    
 k_ppt29         1.953720         1.000000         0.000000    
 k_ppt30         3.012272         1.000000         0.000000    
 k_ppt31         4.054882         1.000000         0.000000    
 k_ppt32         3.213417         1.000000         0.000000    
 k_ppt33        0.6979170         1.000000         0.000000    
 k_ppt34        0.8938351         1.000000         0.000000    
 k_ppt35        0.8707487         1.000000         0.000000    
 k_ppt36        0.6749841         1.000000         0.000000    
 k_ppt37         1.822527         1.000000         0.000000    
 k_ppt38         2.430675         1.000000         0.000000    
 k_ppt39         3.341833         1.000000         0.000000    
 k_ppt40         1.359372         1.000000         0.000000    
 k_ppt41         1.130215         1.000000         0.000000    
 k_ppt42        0.6362585         1.000000         0.000000    
 k_ppt43        0.3417708         1.000000         0.000000    
 k_ppt44         2.386339         1.000000         0.000000    
 k_ppt45         1.166537         1.000000         0.000000    
 k_ppt46         1.741283         1.000000         0.000000    
 k_ppt47         1.875079         1.000000         0.000000    
 k_ppt48        0.9193107         1.000000         0.000000    
 k_ppt49        0.4421001         1.000000         0.000000    
 k_ppt50        0.6120115         1.000000         0.000000    
 k_ppt51        0.7744372         1.000000         0.000000    
 k_ppt52         2.733006         1.000000         0.000000    
 k_ppt53         1.410618         1.000000         0.000000    
 k_ppt54         1.228107         1.000000         0.000000    
 k_ppt55         3.925763         1.000000         0.000000    
 k_ppt56         2.917678         1.000000         0.000000    
 k_ppt57        0.6709981         1.000000         0.000000    
 k_ppt58        0.4406101         1.000000         0.000000    
 k_ppt59        0.7483763         1.000000         0.000000    
 k_ppt60         3.797188         1.000000         0.000000    
 k_ppt61         4.707301         1.000000         0.000000    
 k_ppt62         1.773539         1.000000         0.000000    
 k_ppt63         3.148661         1.000000         0.000000    
 k_ppt64         4.318698         1.000000         0.000000    
 k_ppt65        0.4979774         1.000000         0.000000    
 k_ppt66        0.6831243         1.000000         0.000000    
 k_ppt67         1.277414         1.000000         0.000000    
 k_ppt68         1.940843         1.000000         0.000000    
 k_ppt69         2.263721         1.000000         0.000000    
 k_ppt70         2.262745         1.000000         0.000000    
 k_ppt71         4.198434         1.000000         0.000000    
 k_ppt72         1.462687         1.000000         0.000000    
 k_ppt73        0.4848031         1.000000         0.000000    
 k_ppt74         1.134362         1.000000         0.000000    
 k_ppt75        0.7061386         1.000000         0.000000    
 k_ppt76        0.5487173         1.000000         0.000000    
 k_ppt77         2.637895         1.000000         0.000000    
 k_ppt78         2.741693         1.000000         0.000000    
 k_ppt79         3.128454         1.000000         0.000000    
 k_ppt80         1.546287         1.000000         0.000000    
 k_ppt81        0.4295816         1.000000         0.000000    
 k_ppt82        0.4287588         1.000000         0.000000    
 k_ppt83        0.3757013         1.000000         0.000000    
 k_ppt84         1.319423         1.000000         0.000000    
 k_ppt85         1.167791         1.000000         0.000000    
 k_ppt86         4.009375         1.000000         0.000000    
 k_ppt87         2.060592         1.000000         0.000000    
 k_ppt88         1.451907         1.000000         0.000000    
 k_ppt89        0.7701222         1.000000         0.000000    
 k_ppt90        0.8407960         1.000000         0.000000    
 k_ppt91        0.9623528         1.000000         0.000000    
 k_ppt92         1.037474         1.000000         0.000000    
 k_ppt93        0.7689880         1.000000         0.000000    
 k_ppt94        0.9548476         1.000000         0.000000    
 k_ppt95        0.7871621         1.000000         0.000000    
 k_ppt96        0.8968865         1.000000         0.000000    
 k_ppt97        0.4009505         1.000000         0.000000    
 k_ppt98        0.2069722         1.000000         0.000000    
 k_ppt99        0.8539297         1.000000         0.000000    
 k_ppt100       0.4966773         1.000000         0.000000    
 k_ppt101       0.8143047         1.000000         0.000000    
 k_ppt102        1.019644         1.000000         0.000000    
 k_ppt103       0.9378519         1.000000         0.000000    
 k_ppt104       0.7789446         1.000000         0.000000    
