 single point
 k_ppt1         0.6903981         1.000000         0.000000    
 k_ppt2         0.4230514         1.000000         0.000000    
 k_ppt3         0.8663687         1.000000         0.000000    
 k_ppt4          1.450327         1.000000         0.000000    
 k_ppt5          1.443183         1.000000         0.000000    
 k_ppt6          1.669368         1.000000         0.000000    
 k_ppt7         0.7852749         1.000000         0.000000    
 k_ppt8          2.049656         1.000000         0.000000    
 k_ppt9         0.8889732         1.000000         0.000000    
 k_ppt10         1.147402         1.000000         0.000000    
 k_ppt11        0.8916864         1.000000         0.000000    
 k_ppt12        0.4555622         1.000000         0.000000    
 k_ppt13         1.250505         1.000000         0.000000    
 k_ppt14         1.304557         1.000000         0.000000    
 k_ppt15         1.918829         1.000000         0.000000    
 k_ppt16         1.834778         1.000000         0.000000    
 k_ppt17        0.8513532         1.000000         0.000000    
 k_ppt18        0.5858993         1.000000         0.000000    
 k_ppt19         1.052376         1.000000         0.000000    
 k_ppt20         1.569655         1.000000         0.000000    
 k_ppt21         1.028776         1.000000         0.000000    
 k_ppt22         2.198686         1.000000         0.000000    
 k_ppt23         1.040458         1.000000         0.000000    
 k_ppt24         1.946234         1.000000         0.000000    
 k_ppt25        0.7246266         1.000000         0.000000    
 k_ppt26         1.477737         1.000000         0.000000    
 k_ppt27        0.9299550         1.000000         0.000000    
 k_ppt28         1.110016         1.000000         0.000000    
 k_ppt29         1.487454         1.000000         0.000000    
 k_ppt30         2.541569         1.000000         0.000000    
 k_ppt31         3.839809         1.000000         0.000000    
 k_ppt32         3.004637         1.000000         0.000000    
 k_ppt33        0.9400609         1.000000         0.000000    
 k_ppt34         1.129331         1.000000         0.000000    
 k_ppt35        0.3902357         1.000000         0.000000    
 k_ppt36        0.6469458         1.000000         0.000000    
 k_ppt37         2.274191         1.000000         0.000000    
 k_ppt38         1.454800         1.000000         0.000000    
 k_ppt39         1.832893         1.000000         0.000000    
 k_ppt40         1.118189         1.000000         0.000000    
 k_ppt41        0.7685894         1.000000         0.000000    
 k_ppt42         1.105465         1.000000         0.000000    
 k_ppt43         1.277736         1.000000         0.000000    
 k_ppt44        0.7568667         1.000000         0.000000    
 k_ppt45        0.2979099         1.000000         0.000000    
 k_ppt46         1.543228         1.000000         0.000000    
 k_ppt47         1.311843         1.000000         0.000000    
 k_ppt48        0.4620502         1.000000         0.000000    
 k_ppt49        0.9694655         1.000000         0.000000    
 k_ppt50         1.015753         1.000000         0.000000    
 k_ppt51         1.351296         1.000000         0.000000    
 k_ppt52        0.9450697         1.000000         0.000000    
 k_ppt53         1.180263         1.000000         0.000000    
 k_ppt54        0.8940293         1.000000         0.000000    
 k_ppt55         1.137704         1.000000         0.000000    
 k_ppt56         2.938197         1.000000         0.000000    
 k_ppt57        0.6324726         1.000000         0.000000    
 k_ppt58         1.106045         1.000000         0.000000    
 k_ppt59         2.000260         1.000000         0.000000    
 k_ppt60         1.036587         1.000000         0.000000    
 k_ppt61         4.099909         1.000000         0.000000    
 k_ppt62         1.750430         1.000000         0.000000    
 k_ppt63         2.284484         1.000000         0.000000    
 k_ppt64         2.358144         1.000000         0.000000    
 k_ppt65         1.690101         1.000000         0.000000    
 k_ppt66         1.314615         1.000000         0.000000    
 k_ppt67         1.384407         1.000000         0.000000    
 k_ppt68        0.9556935         1.000000         0.000000    
 k_ppt69         4.275588         1.000000         0.000000    
 k_ppt70         3.264634         1.000000         0.000000    
 k_ppt71         2.564518         1.000000         0.000000    
 k_ppt72         1.518947         1.000000         0.000000    
 k_ppt73         1.200195         1.000000         0.000000    
 k_ppt74         3.060229         1.000000         0.000000    
 k_ppt75         2.155859         1.000000         0.000000    
 k_ppt76        0.6565209         1.000000         0.000000    
 k_ppt77        0.9904272         1.000000         0.000000    
 k_ppt78         3.601572         1.000000         0.000000    
 k_ppt79         1.958063         1.000000         0.000000    
 k_ppt80         3.862544         1.000000         0.000000    
 k_ppt81         1.360729         1.000000         0.000000    
 k_ppt82         1.259725         1.000000         0.000000    
 k_ppt83         1.190465         1.000000         0.000000    
 k_ppt84         1.114373         1.000000         0.000000    
 k_ppt85        0.5904441         1.000000         0.000000    
 k_ppt86        0.5027673         1.000000         0.000000    
 k_ppt87         1.441705         1.000000         0.000000    
 k_ppt88        0.5759182         1.000000         0.000000    
 k_ppt89        0.6017298         1.000000         0.000000    
 k_ppt90        0.4886304         1.000000         0.000000    
 k_ppt91        0.4638612         1.000000         0.000000    
 k_ppt92         1.212766         1.000000         0.000000    
 k_ppt93        0.6071079         1.000000         0.000000    
 k_ppt94        0.7714435         1.000000         0.000000    
 k_ppt95         1.124046         1.000000         0.000000    
 k_ppt96        0.5434895         1.000000         0.000000    
 k_ppt97        0.6384902         1.000000         0.000000    
 k_ppt98        0.5640542         1.000000         0.000000    
 k_ppt99        0.6236768         1.000000         0.000000    
 k_ppt100       0.7314085         1.000000         0.000000    
 k_ppt101       0.5273314         1.000000         0.000000    
 k_ppt102       0.4719936         1.000000         0.000000    
 k_ppt103       0.6718755         1.000000         0.000000    
 k_ppt104       0.7324222         1.000000         0.000000    
