 single point
 k_ppt1         0.8932683         1.000000         0.000000    
 k_ppt2          1.737656         1.000000         0.000000    
 k_ppt3         0.7196779         1.000000         0.000000    
 k_ppt4          1.000235         1.000000         0.000000    
 k_ppt5         0.3799900         1.000000         0.000000    
 k_ppt6         8.9769660E-02     1.000000         0.000000    
 k_ppt7         0.1204803         1.000000         0.000000    
 k_ppt8         0.2487212         1.000000         0.000000    
 k_ppt9         0.9514083         1.000000         0.000000    
 k_ppt10        0.6931461         1.000000         0.000000    
 k_ppt11         3.842309         1.000000         0.000000    
 k_ppt12        0.3482822         1.000000         0.000000    
 k_ppt13        0.3108790         1.000000         0.000000    
 k_ppt14        9.9657937E-02     1.000000         0.000000    
 k_ppt15        0.4178780         1.000000         0.000000    
 k_ppt16        0.4383695         1.000000         0.000000    
 k_ppt17        0.7598858         1.000000         0.000000    
 k_ppt18         1.510286         1.000000         0.000000    
 k_ppt19         1.739996         1.000000         0.000000    
 k_ppt20        0.7103935         1.000000         0.000000    
 k_ppt21        0.2834913         1.000000         0.000000    
 k_ppt22        0.4292396         1.000000         0.000000    
 k_ppt23        0.6666454         1.000000         0.000000    
 k_ppt24         1.086096         1.000000         0.000000    
 k_ppt25         2.041630         1.000000         0.000000    
 k_ppt26         2.118378         1.000000         0.000000    
 k_ppt27         3.164354         1.000000         0.000000    
 k_ppt28         1.360003         1.000000         0.000000    
 k_ppt29        0.4651460         1.000000         0.000000    
 k_ppt30        0.2656112         1.000000         0.000000    
 k_ppt31        0.6468091         1.000000         0.000000    
 k_ppt32         1.439491         1.000000         0.000000    
 k_ppt33        0.7938607         1.000000         0.000000    
 k_ppt34         2.949443         1.000000         0.000000    
 k_ppt35         1.513877         1.000000         0.000000    
 k_ppt36         2.214241         1.000000         0.000000    
 k_ppt37         1.151505         1.000000         0.000000    
 k_ppt38        0.7426481         1.000000         0.000000    
 k_ppt39         1.309225         1.000000         0.000000    
 k_ppt40         2.035654         1.000000         0.000000    
 k_ppt41        0.9001743         1.000000         0.000000    
 k_ppt42        0.5373595         1.000000         0.000000    
 k_ppt43        0.8703719         1.000000         0.000000    
 k_ppt44        0.6306962         1.000000         0.000000    
 k_ppt45        0.8219758         1.000000         0.000000    
 k_ppt46        0.5859749         1.000000         0.000000    
 k_ppt47         1.429306         1.000000         0.000000    
 k_ppt48         2.686761         1.000000         0.000000    
 k_ppt49         1.017617         1.000000         0.000000    
 k_ppt50        0.5013215         1.000000         0.000000    
 k_ppt51         1.387513         1.000000         0.000000    
 k_ppt52         1.639393         1.000000         0.000000    
 k_ppt53         1.237948         1.000000         0.000000    
 k_ppt54        0.6978814         1.000000         0.000000    
 k_ppt55         1.245163         1.000000         0.000000    
 k_ppt56         1.650821         1.000000         0.000000    
 k_ppt57         3.683937         1.000000         0.000000    
 k_ppt58         1.458300         1.000000         0.000000    
 k_ppt59        0.7031165         1.000000         0.000000    
 k_ppt60         2.159664         1.000000         0.000000    
 k_ppt61         2.002525         1.000000         0.000000    
 k_ppt62        0.7349319         1.000000         0.000000    
 k_ppt63        0.8773530         1.000000         0.000000    
 k_ppt64         3.576739         1.000000         0.000000    
 k_ppt65         2.480417         1.000000         0.000000    
 k_ppt66         3.079678         1.000000         0.000000    
 k_ppt67         2.915192         1.000000         0.000000    
 k_ppt68         2.891109         1.000000         0.000000    
 k_ppt69         1.395074         1.000000         0.000000    
 k_ppt70         1.211030         1.000000         0.000000    
 k_ppt71         1.472205         1.000000         0.000000    
 k_ppt72         2.898002         1.000000         0.000000    
 k_ppt73         1.894872         1.000000         0.000000    
 k_ppt74         1.909405         1.000000         0.000000    
 k_ppt75         2.460757         1.000000         0.000000    
 k_ppt76        0.8578931         1.000000         0.000000    
 k_ppt77        0.4160044         1.000000         0.000000    
 k_ppt78        0.7565894         1.000000         0.000000    
 k_ppt79         1.335748         1.000000         0.000000    
 k_ppt80         2.108856         1.000000         0.000000    
 k_ppt81         1.345004         1.000000         0.000000    
 k_ppt82         1.681715         1.000000         0.000000    
 k_ppt83         1.335917         1.000000         0.000000    
 k_ppt84        0.5887717         1.000000         0.000000    
 k_ppt85        0.4745174         1.000000         0.000000    
 k_ppt86        0.3302258         1.000000         0.000000    
 k_ppt87        0.3921773         1.000000         0.000000    
 k_ppt88         1.834306         1.000000         0.000000    
 k_ppt89         1.831723         1.000000         0.000000    
 k_ppt90         1.662862         1.000000         0.000000    
 k_ppt91         1.902025         1.000000         0.000000    
 k_ppt92        0.8575103         1.000000         0.000000    
 k_ppt93        0.5083979         1.000000         0.000000    
 k_ppt94        0.2782243         1.000000         0.000000    
 k_ppt95        0.7784375         1.000000         0.000000    
 k_ppt96         1.171825         1.000000         0.000000    
 k_ppt97        0.8990676         1.000000         0.000000    
 k_ppt98         1.367858         1.000000         0.000000    
 k_ppt99        0.5960918         1.000000         0.000000    
 k_ppt100       0.6798128         1.000000         0.000000    
 k_ppt101       0.2490576         1.000000         0.000000    
 k_ppt102       0.1463404         1.000000         0.000000    
 k_ppt103       0.5589416         1.000000         0.000000    
 k_ppt104       0.9563305         1.000000         0.000000    
