 single point
 k_ppt1          4.434788         1.000000         0.000000    
 k_ppt2          6.581917         1.000000         0.000000    
 k_ppt3          4.137923         1.000000         0.000000    
 k_ppt4          1.943073         1.000000         0.000000    
 k_ppt5          2.373581         1.000000         0.000000    
 k_ppt6          1.808845         1.000000         0.000000    
 k_ppt7          1.383943         1.000000         0.000000    
 k_ppt8         0.4558764         1.000000         0.000000    
 k_ppt9          4.761458         1.000000         0.000000    
 k_ppt10         4.943252         1.000000         0.000000    
 k_ppt11         2.703770         1.000000         0.000000    
 k_ppt12         1.914391         1.000000         0.000000    
 k_ppt13         1.956394         1.000000         0.000000    
 k_ppt14         3.534008         1.000000         0.000000    
 k_ppt15         1.031654         1.000000         0.000000    
 k_ppt16        0.5536250         1.000000         0.000000    
 k_ppt17         3.541419         1.000000         0.000000    
 k_ppt18         6.680198         1.000000         0.000000    
 k_ppt19         4.334074         1.000000         0.000000    
 k_ppt20         2.601469         1.000000         0.000000    
 k_ppt21         1.175036         1.000000         0.000000    
 k_ppt22         1.950837         1.000000         0.000000    
 k_ppt23         1.749405         1.000000         0.000000    
 k_ppt24         2.202326         1.000000         0.000000    
 k_ppt25         1.131644         1.000000         0.000000    
 k_ppt26         2.109227         1.000000         0.000000    
 k_ppt27         2.640551         1.000000         0.000000    
 k_ppt28         1.200314         1.000000         0.000000    
 k_ppt29         1.991088         1.000000         0.000000    
 k_ppt30        0.7873681         1.000000         0.000000    
 k_ppt31         1.556264         1.000000         0.000000    
 k_ppt32         1.008553         1.000000         0.000000    
 k_ppt33        0.5184311         1.000000         0.000000    
 k_ppt34         1.181021         1.000000         0.000000    
 k_ppt35        0.9840032         1.000000         0.000000    
 k_ppt36        0.8086030         1.000000         0.000000    
 k_ppt37         1.054712         1.000000         0.000000    
 k_ppt38        0.3979233         1.000000         0.000000    
 k_ppt39        0.9054180         1.000000         0.000000    
 k_ppt40         2.532984         1.000000         0.000000    
 k_ppt41         2.030776         1.000000         0.000000    
 k_ppt42         2.837690         1.000000         0.000000    
 k_ppt43        0.8415540         1.000000         0.000000    
 k_ppt44        0.5220476         1.000000         0.000000    
 k_ppt45        0.6789587         1.000000         0.000000    
 k_ppt46        0.8687313         1.000000         0.000000    
 k_ppt47        0.3352422         1.000000         0.000000    
 k_ppt48         1.510126         1.000000         0.000000    
 k_ppt49         2.078126         1.000000         0.000000    
 k_ppt50         4.064089         1.000000         0.000000    
 k_ppt51        0.6047319         1.000000         0.000000    
 k_ppt52         1.100666         1.000000         0.000000    
 k_ppt53         1.101849         1.000000         0.000000    
 k_ppt54         2.510466         1.000000         0.000000    
 k_ppt55        0.7994915         1.000000         0.000000    
 k_ppt56         1.899081         1.000000         0.000000    
 k_ppt57        0.9093037         1.000000         0.000000    
 k_ppt58         1.542027         1.000000         0.000000    
 k_ppt59         2.050365         1.000000         0.000000    
 k_ppt60         1.689118         1.000000         0.000000    
 k_ppt61         2.559308         1.000000         0.000000    
 k_ppt62         1.572285         1.000000         0.000000    
 k_ppt63         1.832162         1.000000         0.000000    
 k_ppt64         1.803767         1.000000         0.000000    
 k_ppt65         2.343270         1.000000         0.000000    
 k_ppt66         1.224309         1.000000         0.000000    
 k_ppt67         1.610445         1.000000         0.000000    
 k_ppt68         2.195425         1.000000         0.000000    
 k_ppt69         2.152355         1.000000         0.000000    
 k_ppt70         1.816321         1.000000         0.000000    
 k_ppt71         1.068867         1.000000         0.000000    
 k_ppt72         1.718022         1.000000         0.000000    
 k_ppt73         1.683314         1.000000         0.000000    
 k_ppt74         4.199683         1.000000         0.000000    
 k_ppt75         2.625389         1.000000         0.000000    
 k_ppt76        0.6989621         1.000000         0.000000    
 k_ppt77        0.9571083         1.000000         0.000000    
 k_ppt78        0.3621964         1.000000         0.000000    
 k_ppt79        0.5153029         1.000000         0.000000    
 k_ppt80         1.059893         1.000000         0.000000    
 k_ppt81         1.204858         1.000000         0.000000    
 k_ppt82         2.550697         1.000000         0.000000    
 k_ppt83         2.061567         1.000000         0.000000    
 k_ppt84        0.7152548         1.000000         0.000000    
 k_ppt85        0.4958636         1.000000         0.000000    
 k_ppt86        0.4199797         1.000000         0.000000    
 k_ppt87        0.4867575         1.000000         0.000000    
 k_ppt88         1.796921         1.000000         0.000000    
 k_ppt89        0.6297480         1.000000         0.000000    
 k_ppt90        0.8839728         1.000000         0.000000    
 k_ppt91         1.716778         1.000000         0.000000    
 k_ppt92         1.024768         1.000000         0.000000    
 k_ppt93        0.6367820         1.000000         0.000000    
 k_ppt94        0.8658776         1.000000         0.000000    
 k_ppt95         1.524349         1.000000         0.000000    
 k_ppt96        0.7868944         1.000000         0.000000    
 k_ppt97        0.7129143         1.000000         0.000000    
 k_ppt98        0.9081477         1.000000         0.000000    
 k_ppt99         1.170365         1.000000         0.000000    
 k_ppt100       0.7437464         1.000000         0.000000    
 k_ppt101       0.2225279         1.000000         0.000000    
 k_ppt102       0.3333818         1.000000         0.000000    
 k_ppt103       0.5938801         1.000000         0.000000    
 k_ppt104       0.5677105         1.000000         0.000000    
