 single point
 k_ppt1          1.874366         1.000000         0.000000    
 k_ppt2         0.9454984         1.000000         0.000000    
 k_ppt3         0.3865768         1.000000         0.000000    
 k_ppt4          1.610075         1.000000         0.000000    
 k_ppt5          1.699402         1.000000         0.000000    
 k_ppt6         0.8886036         1.000000         0.000000    
 k_ppt7          1.165480         1.000000         0.000000    
 k_ppt8          1.484605         1.000000         0.000000    
 k_ppt9          2.798406         1.000000         0.000000    
 k_ppt10         1.947349         1.000000         0.000000    
 k_ppt11         1.108771         1.000000         0.000000    
 k_ppt12         1.869390         1.000000         0.000000    
 k_ppt13         1.779911         1.000000         0.000000    
 k_ppt14         2.181727         1.000000         0.000000    
 k_ppt15        0.7951990         1.000000         0.000000    
 k_ppt16         5.054070         1.000000         0.000000    
 k_ppt17         2.490030         1.000000         0.000000    
 k_ppt18         2.965442         1.000000         0.000000    
 k_ppt19         1.819677         1.000000         0.000000    
 k_ppt20        0.3141573         1.000000         0.000000    
 k_ppt21        0.7426755         1.000000         0.000000    
 k_ppt22        0.6357212         1.000000         0.000000    
 k_ppt23        0.8782617         1.000000         0.000000    
 k_ppt24         1.356666         1.000000         0.000000    
 k_ppt25        0.7011358         1.000000         0.000000    
 k_ppt26         2.655488         1.000000         0.000000    
 k_ppt27        0.4832314         1.000000         0.000000    
 k_ppt28        0.2664659         1.000000         0.000000    
 k_ppt29        0.4679156         1.000000         0.000000    
 k_ppt30         1.711972         1.000000         0.000000    
 k_ppt31         1.190021         1.000000         0.000000    
 k_ppt32        0.6452838         1.000000         0.000000    
 k_ppt33         2.508037         1.000000         0.000000    
 k_ppt34         1.735258         1.000000         0.000000    
 k_ppt35         1.238810         1.000000         0.000000    
 k_ppt36        0.5471917         1.000000         0.000000    
 k_ppt37        0.7521054         1.000000         0.000000    
 k_ppt38         4.231581         1.000000         0.000000    
 k_ppt39         3.166098         1.000000         0.000000    
 k_ppt40         1.166298         1.000000         0.000000    
 k_ppt41        0.9009779         1.000000         0.000000    
 k_ppt42        0.6477449         1.000000         0.000000    
 k_ppt43        0.8104997         1.000000         0.000000    
 k_ppt44        0.8985561         1.000000         0.000000    
 k_ppt45         3.785859         1.000000         0.000000    
 k_ppt46         1.582121         1.000000         0.000000    
 k_ppt47         1.467047         1.000000         0.000000    
 k_ppt48         1.259301         1.000000         0.000000    
 k_ppt49         5.811949         1.000000         0.000000    
 k_ppt50         1.710691         1.000000         0.000000    
 k_ppt51        0.3358732         1.000000         0.000000    
 k_ppt52         1.098369         1.000000         0.000000    
 k_ppt53         1.796849         1.000000         0.000000    
 k_ppt54         1.832721         1.000000         0.000000    
 k_ppt55         1.588716         1.000000         0.000000    
 k_ppt56         2.535745         1.000000         0.000000    
 k_ppt57         1.513915         1.000000         0.000000    
 k_ppt58         1.930314         1.000000         0.000000    
 k_ppt59        0.7112292         1.000000         0.000000    
 k_ppt60         4.479545         1.000000         0.000000    
 k_ppt61         3.937519         1.000000         0.000000    
 k_ppt62         3.548137         1.000000         0.000000    
 k_ppt63         2.760390         1.000000         0.000000    
 k_ppt64         1.830639         1.000000         0.000000    
 k_ppt65        0.6219404         1.000000         0.000000    
 k_ppt66         1.073018         1.000000         0.000000    
 k_ppt67        0.6021882         1.000000         0.000000    
 k_ppt68         1.899011         1.000000         0.000000    
 k_ppt69         3.571650         1.000000         0.000000    
 k_ppt70        0.9466059         1.000000         0.000000    
 k_ppt71        0.5708131         1.000000         0.000000    
 k_ppt72         1.257831         1.000000         0.000000    
 k_ppt73        0.8577478         1.000000         0.000000    
 k_ppt74         1.239783         1.000000         0.000000    
 k_ppt75        0.6357619         1.000000         0.000000    
 k_ppt76        0.5556845         1.000000         0.000000    
 k_ppt77         1.012387         1.000000         0.000000    
 k_ppt78        0.4234455         1.000000         0.000000    
 k_ppt79        0.4013217         1.000000         0.000000    
 k_ppt80         1.302143         1.000000         0.000000    
 k_ppt81        0.8153904         1.000000         0.000000    
 k_ppt82         1.515569         1.000000         0.000000    
 k_ppt83        0.9202143         1.000000         0.000000    
 k_ppt84        0.7535816         1.000000         0.000000    
 k_ppt85         4.935671         1.000000         0.000000    
 k_ppt86         1.107651         1.000000         0.000000    
 k_ppt87        0.5642844         1.000000         0.000000    
 k_ppt88        0.7918464         1.000000         0.000000    
 k_ppt89         2.219501         1.000000         0.000000    
 k_ppt90         1.564582         1.000000         0.000000    
 k_ppt91        0.4845139         1.000000         0.000000    
 k_ppt92         1.532948         1.000000         0.000000    
 k_ppt93         2.323893         1.000000         0.000000    
 k_ppt94         1.818947         1.000000         0.000000    
 k_ppt95         1.255302         1.000000         0.000000    
 k_ppt96        0.7901027         1.000000         0.000000    
 k_ppt97         1.507619         1.000000         0.000000    
 k_ppt98        0.3766977         1.000000         0.000000    
 k_ppt99        0.1881228         1.000000         0.000000    
 k_ppt100       0.4015733         1.000000         0.000000    
 k_ppt101        2.288092         1.000000         0.000000    
 k_ppt102        1.089088         1.000000         0.000000    
 k_ppt103       0.4757888         1.000000         0.000000    
 k_ppt104       0.2715643         1.000000         0.000000    
