 single point
 k_ppt1          1.131536         1.000000         0.000000    
 k_ppt2          1.744041         1.000000         0.000000    
 k_ppt3          1.907521         1.000000         0.000000    
 k_ppt4         0.4784740         1.000000         0.000000    
 k_ppt5         0.8008829         1.000000         0.000000    
 k_ppt6          1.080969         1.000000         0.000000    
 k_ppt7          2.786962         1.000000         0.000000    
 k_ppt8          1.987621         1.000000         0.000000    
 k_ppt9          1.910009         1.000000         0.000000    
 k_ppt10         1.063850         1.000000         0.000000    
 k_ppt11         1.753517         1.000000         0.000000    
 k_ppt12        0.8955384         1.000000         0.000000    
 k_ppt13        0.5853811         1.000000         0.000000    
 k_ppt14        0.8076234         1.000000         0.000000    
 k_ppt15        0.3317356         1.000000         0.000000    
 k_ppt16        0.7207370         1.000000         0.000000    
 k_ppt17         1.674565         1.000000         0.000000    
 k_ppt18         1.551868         1.000000         0.000000    
 k_ppt19         1.141824         1.000000         0.000000    
 k_ppt20         2.428621         1.000000         0.000000    
 k_ppt21        0.4489871         1.000000         0.000000    
 k_ppt22        0.2131989         1.000000         0.000000    
 k_ppt23        0.1096885         1.000000         0.000000    
 k_ppt24        0.2420023         1.000000         0.000000    
 k_ppt25         2.544904         1.000000         0.000000    
 k_ppt26         2.479627         1.000000         0.000000    
 k_ppt27         1.151801         1.000000         0.000000    
 k_ppt28         1.864586         1.000000         0.000000    
 k_ppt29         1.768253         1.000000         0.000000    
 k_ppt30        0.6471644         1.000000         0.000000    
 k_ppt31        0.3130978         1.000000         0.000000    
 k_ppt32        0.9400333         1.000000         0.000000    
 k_ppt33         1.086496         1.000000         0.000000    
 k_ppt34        0.9686482         1.000000         0.000000    
 k_ppt35        0.9999626         1.000000         0.000000    
 k_ppt36         2.081944         1.000000         0.000000    
 k_ppt37        0.7593696         1.000000         0.000000    
 k_ppt38        0.4811474         1.000000         0.000000    
 k_ppt39         1.016900         1.000000         0.000000    
 k_ppt40         2.156911         1.000000         0.000000    
 k_ppt41        0.7041257         1.000000         0.000000    
 k_ppt42        0.9451902         1.000000         0.000000    
 k_ppt43         1.057115         1.000000         0.000000    
 k_ppt44         1.334649         1.000000         0.000000    
 k_ppt45         1.536611         1.000000         0.000000    
 k_ppt46         1.558528         1.000000         0.000000    
 k_ppt47         1.196305         1.000000         0.000000    
 k_ppt48         1.769997         1.000000         0.000000    
 k_ppt49         1.524638         1.000000         0.000000    
 k_ppt50         1.331634         1.000000         0.000000    
 k_ppt51         1.192279         1.000000         0.000000    
 k_ppt52         3.140891         1.000000         0.000000    
 k_ppt53         2.456167         1.000000         0.000000    
 k_ppt54         3.885364         1.000000         0.000000    
 k_ppt55         1.047659         1.000000         0.000000    
 k_ppt56         1.457579         1.000000         0.000000    
 k_ppt57         2.188046         1.000000         0.000000    
 k_ppt58         1.130673         1.000000         0.000000    
 k_ppt59         1.431560         1.000000         0.000000    
 k_ppt60         1.749691         1.000000         0.000000    
 k_ppt61         2.570808         1.000000         0.000000    
 k_ppt62         1.048345         1.000000         0.000000    
 k_ppt63         2.987621         1.000000         0.000000    
 k_ppt64         1.201143         1.000000         0.000000    
 k_ppt65         1.722503         1.000000         0.000000    
 k_ppt66         1.322348         1.000000         0.000000    
 k_ppt67         1.611995         1.000000         0.000000    
 k_ppt68         3.034447         1.000000         0.000000    
 k_ppt69         1.498001         1.000000         0.000000    
 k_ppt70        0.5718798         1.000000         0.000000    
 k_ppt71         1.924710         1.000000         0.000000    
 k_ppt72        0.6319006         1.000000         0.000000    
 k_ppt73         1.290920         1.000000         0.000000    
 k_ppt74         1.865199         1.000000         0.000000    
 k_ppt75         2.827423         1.000000         0.000000    
 k_ppt76        0.7190339         1.000000         0.000000    
 k_ppt77        0.8203274         1.000000         0.000000    
 k_ppt78         1.178688         1.000000         0.000000    
 k_ppt79         1.188561         1.000000         0.000000    
 k_ppt80        0.6498870         1.000000         0.000000    
 k_ppt81        0.9665609         1.000000         0.000000    
 k_ppt82         1.860199         1.000000         0.000000    
 k_ppt83         1.634162         1.000000         0.000000    
 k_ppt84        0.4822892         1.000000         0.000000    
 k_ppt85         1.189634         1.000000         0.000000    
 k_ppt86        0.3105187         1.000000         0.000000    
 k_ppt87        0.6634266         1.000000         0.000000    
 k_ppt88         1.178246         1.000000         0.000000    
 k_ppt89         1.695997         1.000000         0.000000    
 k_ppt90         1.334014         1.000000         0.000000    
 k_ppt91        0.9260566         1.000000         0.000000    
 k_ppt92         2.032628         1.000000         0.000000    
 k_ppt93         3.150802         1.000000         0.000000    
 k_ppt94        0.3698700         1.000000         0.000000    
 k_ppt95        0.3584778         1.000000         0.000000    
 k_ppt96        0.9229284         1.000000         0.000000    
 k_ppt97         2.086186         1.000000         0.000000    
 k_ppt98        0.2954188         1.000000         0.000000    
 k_ppt99        0.4987696         1.000000         0.000000    
 k_ppt100       0.9895451         1.000000         0.000000    
 k_ppt101       0.7825942         1.000000         0.000000    
 k_ppt102       0.4598017         1.000000         0.000000    
 k_ppt103       0.3901441         1.000000         0.000000    
 k_ppt104       0.3407285         1.000000         0.000000    
