 single point
 k_ppt1          8.071518         1.000000         0.000000    
 k_ppt2          12.21643         1.000000         0.000000    
 k_ppt3          4.591944         1.000000         0.000000    
 k_ppt4          4.595506         1.000000         0.000000    
 k_ppt5          1.308499         1.000000         0.000000    
 k_ppt6         0.9131549         1.000000         0.000000    
 k_ppt7          1.495604         1.000000         0.000000    
 k_ppt8         0.8184804         1.000000         0.000000    
 k_ppt9          5.095515         1.000000         0.000000    
 k_ppt10         3.264227         1.000000         0.000000    
 k_ppt11         2.547295         1.000000         0.000000    
 k_ppt12         2.603270         1.000000         0.000000    
 k_ppt13         1.675580         1.000000         0.000000    
 k_ppt14         1.175277         1.000000         0.000000    
 k_ppt15         1.125551         1.000000         0.000000    
 k_ppt16         2.509312         1.000000         0.000000    
 k_ppt17         1.727218         1.000000         0.000000    
 k_ppt18        0.5889039         1.000000         0.000000    
 k_ppt19         2.010251         1.000000         0.000000    
 k_ppt20         2.681700         1.000000         0.000000    
 k_ppt21         1.293615         1.000000         0.000000    
 k_ppt22         1.005165         1.000000         0.000000    
 k_ppt23         1.362409         1.000000         0.000000    
 k_ppt24         3.206366         1.000000         0.000000    
 k_ppt25         1.482759         1.000000         0.000000    
 k_ppt26         1.158110         1.000000         0.000000    
 k_ppt27         1.336056         1.000000         0.000000    
 k_ppt28         1.139140         1.000000         0.000000    
 k_ppt29        0.9753619         1.000000         0.000000    
 k_ppt30        0.7301619         1.000000         0.000000    
 k_ppt31         1.018187         1.000000         0.000000    
 k_ppt32        0.7842506         1.000000         0.000000    
 k_ppt33         1.692746         1.000000         0.000000    
 k_ppt34         1.096974         1.000000         0.000000    
 k_ppt35        0.7895255         1.000000         0.000000    
 k_ppt36        0.6418611         1.000000         0.000000    
 k_ppt37         1.074681         1.000000         0.000000    
 k_ppt38         2.126475         1.000000         0.000000    
 k_ppt39        0.8645555         1.000000         0.000000    
 k_ppt40         1.134696         1.000000         0.000000    
 k_ppt41         1.055369         1.000000         0.000000    
 k_ppt42        0.3269851         1.000000         0.000000    
 k_ppt43        0.7325387         1.000000         0.000000    
 k_ppt44         2.196620         1.000000         0.000000    
 k_ppt45         1.394412         1.000000         0.000000    
 k_ppt46         1.253134         1.000000         0.000000    
 k_ppt47        0.9765090         1.000000         0.000000    
 k_ppt48         5.615632         1.000000         0.000000    
 k_ppt49        0.7342913         1.000000         0.000000    
 k_ppt50        0.7916157         1.000000         0.000000    
 k_ppt51        0.9147434         1.000000         0.000000    
 k_ppt52         2.373019         1.000000         0.000000    
 k_ppt53         1.614107         1.000000         0.000000    
 k_ppt54         1.242144         1.000000         0.000000    
 k_ppt55        0.7863927         1.000000         0.000000    
 k_ppt56        0.9418638         1.000000         0.000000    
 k_ppt57         1.045600         1.000000         0.000000    
 k_ppt58         1.330750         1.000000         0.000000    
 k_ppt59         3.184846         1.000000         0.000000    
 k_ppt60         3.358774         1.000000         0.000000    
 k_ppt61        0.6362147         1.000000         0.000000    
 k_ppt62        0.7195042         1.000000         0.000000    
 k_ppt63         2.611903         1.000000         0.000000    
 k_ppt64         2.205791         1.000000         0.000000    
 k_ppt65        0.5918741         1.000000         0.000000    
 k_ppt66         7.143764         1.000000         0.000000    
 k_ppt67         4.350832         1.000000         0.000000    
 k_ppt68         1.542362         1.000000         0.000000    
 k_ppt69         1.655205         1.000000         0.000000    
 k_ppt70        0.8852549         1.000000         0.000000    
 k_ppt71         3.828443         1.000000         0.000000    
 k_ppt72         4.348789         1.000000         0.000000    
 k_ppt73        0.9639754         1.000000         0.000000    
 k_ppt74         1.362067         1.000000         0.000000    
 k_ppt75         2.522042         1.000000         0.000000    
 k_ppt76        0.9998493         1.000000         0.000000    
 k_ppt77        0.5080773         1.000000         0.000000    
 k_ppt78         1.070151         1.000000         0.000000    
 k_ppt79        0.9130347         1.000000         0.000000    
 k_ppt80         1.873181         1.000000         0.000000    
 k_ppt81         1.920257         1.000000         0.000000    
 k_ppt82         1.384025         1.000000         0.000000    
 k_ppt83        0.3227785         1.000000         0.000000    
 k_ppt84        0.4872799         1.000000         0.000000    
 k_ppt85        0.5341596         1.000000         0.000000    
 k_ppt86         1.067830         1.000000         0.000000    
 k_ppt87         1.029586         1.000000         0.000000    
 k_ppt88         3.211561         1.000000         0.000000    
 k_ppt89         2.067709         1.000000         0.000000    
 k_ppt90         2.801007         1.000000         0.000000    
 k_ppt91         1.017094         1.000000         0.000000    
 k_ppt92        0.3596929         1.000000         0.000000    
 k_ppt93        0.7571111         1.000000         0.000000    
 k_ppt94        0.4569419         1.000000         0.000000    
 k_ppt95        0.3132261         1.000000         0.000000    
 k_ppt96        0.8039165         1.000000         0.000000    
 k_ppt97         2.718128         1.000000         0.000000    
 k_ppt98        0.4633235         1.000000         0.000000    
 k_ppt99        0.2726632         1.000000         0.000000    
 k_ppt100       0.2246483         1.000000         0.000000    
 k_ppt101       0.5948827         1.000000         0.000000    
 k_ppt102       0.8581104         1.000000         0.000000    
 k_ppt103       0.2477765         1.000000         0.000000    
 k_ppt104        1.192725         1.000000         0.000000    
