 single point
 k_ppt1         0.7638768         1.000000         0.000000    
 k_ppt2         0.1888091         1.000000         0.000000    
 k_ppt3         0.5923937         1.000000         0.000000    
 k_ppt4         0.2960674         1.000000         0.000000    
 k_ppt5         0.4630627         1.000000         0.000000    
 k_ppt6         0.2982359         1.000000         0.000000    
 k_ppt7         0.3378918         1.000000         0.000000    
 k_ppt8         0.1997896         1.000000         0.000000    
 k_ppt9         0.8042947         1.000000         0.000000    
 k_ppt10        0.1112264         1.000000         0.000000    
 k_ppt11        0.2911667         1.000000         0.000000    
 k_ppt12        0.4441418         1.000000         0.000000    
 k_ppt13        0.7284152         1.000000         0.000000    
 k_ppt14        0.8013735         1.000000         0.000000    
 k_ppt15        0.7111216         1.000000         0.000000    
 k_ppt16        0.4916418         1.000000         0.000000    
 k_ppt17        0.4977321         1.000000         0.000000    
 k_ppt18        0.1825286         1.000000         0.000000    
 k_ppt19        0.1576888         1.000000         0.000000    
 k_ppt20        0.3259101         1.000000         0.000000    
 k_ppt21        0.9857818         1.000000         0.000000    
 k_ppt22         1.015106         1.000000         0.000000    
 k_ppt23        0.9143145         1.000000         0.000000    
 k_ppt24        0.4311245         1.000000         0.000000    
 k_ppt25         1.097128         1.000000         0.000000    
 k_ppt26        0.9686443         1.000000         0.000000    
 k_ppt27        0.4628250         1.000000         0.000000    
 k_ppt28        0.5431256         1.000000         0.000000    
 k_ppt29        0.9258569         1.000000         0.000000    
 k_ppt30        0.5916883         1.000000         0.000000    
 k_ppt31        0.6908798         1.000000         0.000000    
 k_ppt32        0.7606728         1.000000         0.000000    
 k_ppt33        0.5698264         1.000000         0.000000    
 k_ppt34         1.209068         1.000000         0.000000    
 k_ppt35        0.8538967         1.000000         0.000000    
 k_ppt36         1.264949         1.000000         0.000000    
 k_ppt37         1.499835         1.000000         0.000000    
 k_ppt38        0.9551380         1.000000         0.000000    
 k_ppt39         1.882819         1.000000         0.000000    
 k_ppt40         1.038945         1.000000         0.000000    
 k_ppt41        0.8887691         1.000000         0.000000    
 k_ppt42         1.607323         1.000000         0.000000    
 k_ppt43         1.194903         1.000000         0.000000    
 k_ppt44         1.924442         1.000000         0.000000    
 k_ppt45         2.985997         1.000000         0.000000    
 k_ppt46         2.528738         1.000000         0.000000    
 k_ppt47         3.121994         1.000000         0.000000    
 k_ppt48         4.174869         1.000000         0.000000    
 k_ppt49         1.305636         1.000000         0.000000    
 k_ppt50        0.6409990         1.000000         0.000000    
 k_ppt51         5.083903         1.000000         0.000000    
 k_ppt52         3.531622         1.000000         0.000000    
 k_ppt53         1.649828         1.000000         0.000000    
 k_ppt54         2.399362         1.000000         0.000000    
 k_ppt55         3.016966         1.000000         0.000000    
 k_ppt56         2.317871         1.000000         0.000000    
 k_ppt57        0.8807856         1.000000         0.000000    
 k_ppt58         1.184628         1.000000         0.000000    
 k_ppt59         1.273276         1.000000         0.000000    
 k_ppt60         2.039149         1.000000         0.000000    
 k_ppt61         3.544329         1.000000         0.000000    
 k_ppt62         1.990607         1.000000         0.000000    
 k_ppt63         1.945660         1.000000         0.000000    
 k_ppt64         2.766624         1.000000         0.000000    
 k_ppt65        0.7965828         1.000000         0.000000    
 k_ppt66        0.4953842         1.000000         0.000000    
 k_ppt67         1.315740         1.000000         0.000000    
 k_ppt68         1.988802         1.000000         0.000000    
 k_ppt69         1.072420         1.000000         0.000000    
 k_ppt70         2.386797         1.000000         0.000000    
 k_ppt71        0.6790771         1.000000         0.000000    
 k_ppt72        0.7965870         1.000000         0.000000    
 k_ppt73         1.093359         1.000000         0.000000    
 k_ppt74         1.363886         1.000000         0.000000    
 k_ppt75         2.016876         1.000000         0.000000    
 k_ppt76        0.3501118         1.000000         0.000000    
 k_ppt77        0.5957743         1.000000         0.000000    
 k_ppt78         1.622937         1.000000         0.000000    
 k_ppt79         1.019420         1.000000         0.000000    
 k_ppt80        0.4018879         1.000000         0.000000    
 k_ppt81        0.8780736         1.000000         0.000000    
 k_ppt82        0.8028409         1.000000         0.000000    
 k_ppt83         1.328944         1.000000         0.000000    
 k_ppt84         1.503776         1.000000         0.000000    
 k_ppt85         1.682062         1.000000         0.000000    
 k_ppt86         1.082370         1.000000         0.000000    
 k_ppt87         2.106657         1.000000         0.000000    
 k_ppt88        0.7308051         1.000000         0.000000    
 k_ppt89        0.5270614         1.000000         0.000000    
 k_ppt90        0.9772337         1.000000         0.000000    
 k_ppt91        0.9828383         1.000000         0.000000    
 k_ppt92         1.497241         1.000000         0.000000    
 k_ppt93         1.732762         1.000000         0.000000    
 k_ppt94         2.563110         1.000000         0.000000    
 k_ppt95         1.123389         1.000000         0.000000    
 k_ppt96        0.7254532         1.000000         0.000000    
 k_ppt97        0.4608647         1.000000         0.000000    
 k_ppt98        0.5438607         1.000000         0.000000    
 k_ppt99        0.5036052         1.000000         0.000000    
 k_ppt100       0.9039247         1.000000         0.000000    
 k_ppt101       0.6388809         1.000000         0.000000    
 k_ppt102        1.295624         1.000000         0.000000    
 k_ppt103       0.6681428         1.000000         0.000000    
 k_ppt104       0.3074264         1.000000         0.000000    
