 single point
 k_ppt1         0.6249670         1.000000         0.000000    
 k_ppt2         0.3840961         1.000000         0.000000    
 k_ppt3         0.8018247         1.000000         0.000000    
 k_ppt4          1.428744         1.000000         0.000000    
 k_ppt5          1.478464         1.000000         0.000000    
 k_ppt6          1.717712         1.000000         0.000000    
 k_ppt7         0.8049849         1.000000         0.000000    
 k_ppt8          2.097917         1.000000         0.000000    
 k_ppt9         0.7100196         1.000000         0.000000    
 k_ppt10        0.9636921         1.000000         0.000000    
 k_ppt11        0.8655806         1.000000         0.000000    
 k_ppt12        0.4926832         1.000000         0.000000    
 k_ppt13         1.320180         1.000000         0.000000    
 k_ppt14         1.330001         1.000000         0.000000    
 k_ppt15         2.297911         1.000000         0.000000    
 k_ppt16         2.181189         1.000000         0.000000    
 k_ppt17        0.6807424         1.000000         0.000000    
 k_ppt18        0.4624669         1.000000         0.000000    
 k_ppt19        0.9426511         1.000000         0.000000    
 k_ppt20         1.746208         1.000000         0.000000    
 k_ppt21         1.104638         1.000000         0.000000    
 k_ppt22         2.079441         1.000000         0.000000    
 k_ppt23         1.327696         1.000000         0.000000    
 k_ppt24         2.067472         1.000000         0.000000    
 k_ppt25        0.7439357         1.000000         0.000000    
 k_ppt26         1.381001         1.000000         0.000000    
 k_ppt27        0.7742703         1.000000         0.000000    
 k_ppt28        0.7984469         1.000000         0.000000    
 k_ppt29         1.232827         1.000000         0.000000    
 k_ppt30         2.556897         1.000000         0.000000    
 k_ppt31         2.993967         1.000000         0.000000    
 k_ppt32         1.787328         1.000000         0.000000    
 k_ppt33        0.9023699         1.000000         0.000000    
 k_ppt34         1.048509         1.000000         0.000000    
 k_ppt35        0.3551035         1.000000         0.000000    
 k_ppt36        0.5221027         1.000000         0.000000    
 k_ppt37         2.642410         1.000000         0.000000    
 k_ppt38         2.507763         1.000000         0.000000    
 k_ppt39         2.648226         1.000000         0.000000    
 k_ppt40         1.041788         1.000000         0.000000    
 k_ppt41        0.6032351         1.000000         0.000000    
 k_ppt42        0.8441461         1.000000         0.000000    
 k_ppt43         1.333904         1.000000         0.000000    
 k_ppt44        0.8808438         1.000000         0.000000    
 k_ppt45        0.4184864         1.000000         0.000000    
 k_ppt46         3.000964         1.000000         0.000000    
 k_ppt47         1.941542         1.000000         0.000000    
 k_ppt48        0.3958245         1.000000         0.000000    
 k_ppt49         1.003227         1.000000         0.000000    
 k_ppt50        0.9530284         1.000000         0.000000    
 k_ppt51         1.471593         1.000000         0.000000    
 k_ppt52         2.049182         1.000000         0.000000    
 k_ppt53         3.016764         1.000000         0.000000    
 k_ppt54         1.582642         1.000000         0.000000    
 k_ppt55         2.355076         1.000000         0.000000    
 k_ppt56         5.113570         1.000000         0.000000    
 k_ppt57        0.6750019         1.000000         0.000000    
 k_ppt58        0.8913897         1.000000         0.000000    
 k_ppt59         1.595343         1.000000         0.000000    
 k_ppt60         1.090390         1.000000         0.000000    
 k_ppt61         4.489548         1.000000         0.000000    
 k_ppt62         1.626581         1.000000         0.000000    
 k_ppt63         2.229315         1.000000         0.000000    
 k_ppt64         2.601507         1.000000         0.000000    
 k_ppt65         1.660930         1.000000         0.000000    
 k_ppt66         1.248764         1.000000         0.000000    
 k_ppt67         1.007619         1.000000         0.000000    
 k_ppt68        0.6497114         1.000000         0.000000    
 k_ppt69         2.443829         1.000000         0.000000    
 k_ppt70         1.609395         1.000000         0.000000    
 k_ppt71         1.286964         1.000000         0.000000    
 k_ppt72        0.9014140         1.000000         0.000000    
 k_ppt73        0.4833249         1.000000         0.000000    
 k_ppt74         1.367151         1.000000         0.000000    
 k_ppt75         1.474129         1.000000         0.000000    
 k_ppt76        0.4076260         1.000000         0.000000    
 k_ppt77        0.5418106         1.000000         0.000000    
 k_ppt78         2.147649         1.000000         0.000000    
 k_ppt79         1.278090         1.000000         0.000000    
 k_ppt80         3.844092         1.000000         0.000000    
 k_ppt81         1.129874         1.000000         0.000000    
 k_ppt82         1.351575         1.000000         0.000000    
 k_ppt83         1.657805         1.000000         0.000000    
 k_ppt84         1.803569         1.000000         0.000000    
 k_ppt85         1.018078         1.000000         0.000000    
 k_ppt86        0.7759316         1.000000         0.000000    
 k_ppt87         2.017934         1.000000         0.000000    
 k_ppt88        0.8033880         1.000000         0.000000    
 k_ppt89        0.9423264         1.000000         0.000000    
 k_ppt90        0.8186549         1.000000         0.000000    
 k_ppt91        0.7053554         1.000000         0.000000    
 k_ppt92         1.780876         1.000000         0.000000    
 k_ppt93        0.8136228         1.000000         0.000000    
 k_ppt94        0.8240756         1.000000         0.000000    
 k_ppt95        0.9386723         1.000000         0.000000    
 k_ppt96        0.3844382         1.000000         0.000000    
 k_ppt97        0.6534383         1.000000         0.000000    
 k_ppt98        0.4957011         1.000000         0.000000    
 k_ppt99        0.4807732         1.000000         0.000000    
 k_ppt100       0.7386279         1.000000         0.000000    
 k_ppt101       0.7650011         1.000000         0.000000    
 k_ppt102       0.5598095         1.000000         0.000000    
 k_ppt103       0.5819238         1.000000         0.000000    
 k_ppt104       0.6472037         1.000000         0.000000    
