 single point
 k_ppt1          1.856300         1.000000         0.000000    
 k_ppt2         0.9566791         1.000000         0.000000    
 k_ppt3         0.3726331         1.000000         0.000000    
 k_ppt4          1.492027         1.000000         0.000000    
 k_ppt5          1.654909         1.000000         0.000000    
 k_ppt6         0.9216085         1.000000         0.000000    
 k_ppt7          1.264968         1.000000         0.000000    
 k_ppt8          1.757863         1.000000         0.000000    
 k_ppt9          2.663199         1.000000         0.000000    
 k_ppt10         1.945097         1.000000         0.000000    
 k_ppt11         1.142230         1.000000         0.000000    
 k_ppt12         1.710319         1.000000         0.000000    
 k_ppt13         1.736633         1.000000         0.000000    
 k_ppt14         2.727410         1.000000         0.000000    
 k_ppt15         1.156526         1.000000         0.000000    
 k_ppt16         8.404560         1.000000         0.000000    
 k_ppt17         3.095937         1.000000         0.000000    
 k_ppt18         4.174641         1.000000         0.000000    
 k_ppt19         3.099949         1.000000         0.000000    
 k_ppt20        0.3822807         1.000000         0.000000    
 k_ppt21        0.8847852         1.000000         0.000000    
 k_ppt22         1.041350         1.000000         0.000000    
 k_ppt23         1.595471         1.000000         0.000000    
 k_ppt24         2.522932         1.000000         0.000000    
 k_ppt25         1.214360         1.000000         0.000000    
 k_ppt26         4.189619         1.000000         0.000000    
 k_ppt27        0.7505860         1.000000         0.000000    
 k_ppt28        0.4796705         1.000000         0.000000    
 k_ppt29        0.7476743         1.000000         0.000000    
 k_ppt30         2.167248         1.000000         0.000000    
 k_ppt31         1.470811         1.000000         0.000000    
 k_ppt32        0.7758868         1.000000         0.000000    
 k_ppt33         2.255831         1.000000         0.000000    
 k_ppt34         1.694462         1.000000         0.000000    
 k_ppt35         1.408511         1.000000         0.000000    
 k_ppt36        0.5886891         1.000000         0.000000    
 k_ppt37        0.5646314         1.000000         0.000000    
 k_ppt38         2.907492         1.000000         0.000000    
 k_ppt39         3.222868         1.000000         0.000000    
 k_ppt40         2.152179         1.000000         0.000000    
 k_ppt41        0.5869905         1.000000         0.000000    
 k_ppt42        0.3020523         1.000000         0.000000    
 k_ppt43        0.4037163         1.000000         0.000000    
 k_ppt44        0.3679932         1.000000         0.000000    
 k_ppt45         1.512365         1.000000         0.000000    
 k_ppt46        0.8541282         1.000000         0.000000    
 k_ppt47         1.203261         1.000000         0.000000    
 k_ppt48         1.764556         1.000000         0.000000    
 k_ppt49         7.005052         1.000000         0.000000    
 k_ppt50         1.548826         1.000000         0.000000    
 k_ppt51        0.1484213         1.000000         0.000000    
 k_ppt52        0.3864380         1.000000         0.000000    
 k_ppt53        0.8125883         1.000000         0.000000    
 k_ppt54         1.091525         1.000000         0.000000    
 k_ppt55         1.149705         1.000000         0.000000    
 k_ppt56         2.391572         1.000000         0.000000    
 k_ppt57         1.768036         1.000000         0.000000    
 k_ppt58         1.435240         1.000000         0.000000    
 k_ppt59        0.3903615         1.000000         0.000000    
 k_ppt60         3.118926         1.000000         0.000000    
 k_ppt61         4.312497         1.000000         0.000000    
 k_ppt62         4.180024         1.000000         0.000000    
 k_ppt63         3.438072         1.000000         0.000000    
 k_ppt64         2.970996         1.000000         0.000000    
 k_ppt65        0.9048100         1.000000         0.000000    
 k_ppt66         1.232341         1.000000         0.000000    
 k_ppt67        0.6989367         1.000000         0.000000    
 k_ppt68         3.092687         1.000000         0.000000    
 k_ppt69         8.215012         1.000000         0.000000    
 k_ppt70         2.033837         1.000000         0.000000    
 k_ppt71        0.8867163         1.000000         0.000000    
 k_ppt72         1.847553         1.000000         0.000000    
 k_ppt73        0.9143598         1.000000         0.000000    
 k_ppt74         1.139784         1.000000         0.000000    
 k_ppt75        0.6779262         1.000000         0.000000    
 k_ppt76        0.6326413         1.000000         0.000000    
 k_ppt77         1.470070         1.000000         0.000000    
 k_ppt78        0.6957617         1.000000         0.000000    
 k_ppt79        0.5063858         1.000000         0.000000    
 k_ppt80         1.587282         1.000000         0.000000    
 k_ppt81        0.7640889         1.000000         0.000000    
 k_ppt82         1.058209         1.000000         0.000000    
 k_ppt83        0.5428610         1.000000         0.000000    
 k_ppt84        0.3931864         1.000000         0.000000    
 k_ppt85         3.615243         1.000000         0.000000    
 k_ppt86         1.298269         1.000000         0.000000    
 k_ppt87        0.6636481         1.000000         0.000000    
 k_ppt88        0.8463272         1.000000         0.000000    
 k_ppt89         2.913790         1.000000         0.000000    
 k_ppt90         2.044673         1.000000         0.000000    
 k_ppt91        0.3677775         1.000000         0.000000    
 k_ppt92        0.8715913         1.000000         0.000000    
 k_ppt93         1.462344         1.000000         0.000000    
 k_ppt94         1.513600         1.000000         0.000000    
 k_ppt95         1.474548         1.000000         0.000000    
 k_ppt96         1.043479         1.000000         0.000000    
 k_ppt97         1.292568         1.000000         0.000000    
 k_ppt98        0.4717512         1.000000         0.000000    
 k_ppt99        0.2142693         1.000000         0.000000    
 k_ppt100       0.2545424         1.000000         0.000000    
 k_ppt101        1.596379         1.000000         0.000000    
 k_ppt102        1.172692         1.000000         0.000000    
 k_ppt103       0.4446454         1.000000         0.000000    
 k_ppt104       0.4849156         1.000000         0.000000    
