 single point
 k_ppt1          4.909665         1.000000         0.000000    
 k_ppt2          7.718216         1.000000         0.000000    
 k_ppt3          5.072247         1.000000         0.000000    
 k_ppt4          2.441797         1.000000         0.000000    
 k_ppt5          3.014593         1.000000         0.000000    
 k_ppt6          2.306595         1.000000         0.000000    
 k_ppt7          1.761146         1.000000         0.000000    
 k_ppt8         0.5665617         1.000000         0.000000    
 k_ppt9          6.059783         1.000000         0.000000    
 k_ppt10         6.753521         1.000000         0.000000    
 k_ppt11         3.570198         1.000000         0.000000    
 k_ppt12         2.723109         1.000000         0.000000    
 k_ppt13         2.821554         1.000000         0.000000    
 k_ppt14         4.917684         1.000000         0.000000    
 k_ppt15         1.530929         1.000000         0.000000    
 k_ppt16        0.7804890         1.000000         0.000000    
 k_ppt17         4.633263         1.000000         0.000000    
 k_ppt18         10.34895         1.000000         0.000000    
 k_ppt19         6.373370         1.000000         0.000000    
 k_ppt20         4.747000         1.000000         0.000000    
 k_ppt21         2.097704         1.000000         0.000000    
 k_ppt22         2.942827         1.000000         0.000000    
 k_ppt23         3.070153         1.000000         0.000000    
 k_ppt24         3.577555         1.000000         0.000000    
 k_ppt25        0.9145570         1.000000         0.000000    
 k_ppt26         2.250316         1.000000         0.000000    
 k_ppt27         4.007319         1.000000         0.000000    
 k_ppt28         1.569030         1.000000         0.000000    
 k_ppt29         2.348972         1.000000         0.000000    
 k_ppt30         1.099091         1.000000         0.000000    
 k_ppt31         1.968158         1.000000         0.000000    
 k_ppt32         1.109839         1.000000         0.000000    
 k_ppt33        0.3626428         1.000000         0.000000    
 k_ppt34         1.043606         1.000000         0.000000    
 k_ppt35         1.053171         1.000000         0.000000    
 k_ppt36        0.6508736         1.000000         0.000000    
 k_ppt37        0.7909765         1.000000         0.000000    
 k_ppt38        0.3635183         1.000000         0.000000    
 k_ppt39        0.8336960         1.000000         0.000000    
 k_ppt40         2.530107         1.000000         0.000000    
 k_ppt41         1.354005         1.000000         0.000000    
 k_ppt42         3.003884         1.000000         0.000000    
 k_ppt43         1.183907         1.000000         0.000000    
 k_ppt44        0.4376582         1.000000         0.000000    
 k_ppt45        0.4648156         1.000000         0.000000    
 k_ppt46        0.8428633         1.000000         0.000000    
 k_ppt47        0.3592524         1.000000         0.000000    
 k_ppt48         1.267744         1.000000         0.000000    
 k_ppt49         3.651442         1.000000         0.000000    
 k_ppt50         8.927394         1.000000         0.000000    
 k_ppt51         1.037719         1.000000         0.000000    
 k_ppt52         1.923689         1.000000         0.000000    
 k_ppt53         1.386532         1.000000         0.000000    
 k_ppt54         2.117580         1.000000         0.000000    
 k_ppt55        0.7016865         1.000000         0.000000    
 k_ppt56         1.633808         1.000000         0.000000    
 k_ppt57        0.8510838         1.000000         0.000000    
 k_ppt58         1.181810         1.000000         0.000000    
 k_ppt59         1.647136         1.000000         0.000000    
 k_ppt60         1.654534         1.000000         0.000000    
 k_ppt61         2.435894         1.000000         0.000000    
 k_ppt62         1.352256         1.000000         0.000000    
 k_ppt63         1.878780         1.000000         0.000000    
 k_ppt64         2.325841         1.000000         0.000000    
 k_ppt65         1.175487         1.000000         0.000000    
 k_ppt66        0.4938503         1.000000         0.000000    
 k_ppt67        0.8075184         1.000000         0.000000    
 k_ppt68         1.587508         1.000000         0.000000    
 k_ppt69         1.943934         1.000000         0.000000    
 k_ppt70         1.768403         1.000000         0.000000    
 k_ppt71         1.322853         1.000000         0.000000    
 k_ppt72         2.677017         1.000000         0.000000    
 k_ppt73         1.635594         1.000000         0.000000    
 k_ppt74         3.152110         1.000000         0.000000    
 k_ppt75         1.783548         1.000000         0.000000    
 k_ppt76        0.5655779         1.000000         0.000000    
 k_ppt77         1.139749         1.000000         0.000000    
 k_ppt78        0.5512302         1.000000         0.000000    
 k_ppt79        0.7228544         1.000000         0.000000    
 k_ppt80         1.446929         1.000000         0.000000    
 k_ppt81         1.323712         1.000000         0.000000    
 k_ppt82         2.395025         1.000000         0.000000    
 k_ppt83         2.271709         1.000000         0.000000    
 k_ppt84         1.038885         1.000000         0.000000    
 k_ppt85        0.7838685         1.000000         0.000000    
 k_ppt86        0.5555282         1.000000         0.000000    
 k_ppt87        0.4676647         1.000000         0.000000    
 k_ppt88         1.638849         1.000000         0.000000    
 k_ppt89        0.5062643         1.000000         0.000000    
 k_ppt90        0.4741076         1.000000         0.000000    
 k_ppt91         1.045159         1.000000         0.000000    
 k_ppt92         1.001662         1.000000         0.000000    
 k_ppt93        0.6962093         1.000000         0.000000    
 k_ppt94        0.7542432         1.000000         0.000000    
 k_ppt95         1.574572         1.000000         0.000000    
 k_ppt96        0.9312135         1.000000         0.000000    
 k_ppt97        0.6247983         1.000000         0.000000    
 k_ppt98        0.6767920         1.000000         0.000000    
 k_ppt99        0.9338623         1.000000         0.000000    
 k_ppt100       0.7085291         1.000000         0.000000    
 k_ppt101       0.3187979         1.000000         0.000000    
 k_ppt102       0.5414146         1.000000         0.000000    
 k_ppt103       0.6804321         1.000000         0.000000    
 k_ppt104       0.5436301         1.000000         0.000000    
