 single point
 k_ppt1          1.231863         1.000000         0.000000    
 k_ppt2          1.893957         1.000000         0.000000    
 k_ppt3          2.112037         1.000000         0.000000    
 k_ppt4         0.5161970         1.000000         0.000000    
 k_ppt5         0.8075566         1.000000         0.000000    
 k_ppt6          1.039638         1.000000         0.000000    
 k_ppt7          2.667348         1.000000         0.000000    
 k_ppt8          1.844864         1.000000         0.000000    
 k_ppt9          2.555386         1.000000         0.000000    
 k_ppt10         1.399301         1.000000         0.000000    
 k_ppt11         2.072079         1.000000         0.000000    
 k_ppt12         1.056770         1.000000         0.000000    
 k_ppt13        0.6387091         1.000000         0.000000    
 k_ppt14        0.7592015         1.000000         0.000000    
 k_ppt15        0.2554356         1.000000         0.000000    
 k_ppt16        0.5008440         1.000000         0.000000    
 k_ppt17         2.164531         1.000000         0.000000    
 k_ppt18         2.009203         1.000000         0.000000    
 k_ppt19         1.208935         1.000000         0.000000    
 k_ppt20         2.919751         1.000000         0.000000    
 k_ppt21        0.5024386         1.000000         0.000000    
 k_ppt22        0.1695510         1.000000         0.000000    
 k_ppt23        5.6247400E-02     1.000000         0.000000    
 k_ppt24        0.1172229         1.000000         0.000000    
 k_ppt25         1.878057         1.000000         0.000000    
 k_ppt26         2.173191         1.000000         0.000000    
 k_ppt27         1.053014         1.000000         0.000000    
 k_ppt28         1.285686         1.000000         0.000000    
 k_ppt29         1.362078         1.000000         0.000000    
 k_ppt30        0.5937907         1.000000         0.000000    
 k_ppt31        0.2906313         1.000000         0.000000    
 k_ppt32        0.7942551         1.000000         0.000000    
 k_ppt33         1.181101         1.000000         0.000000    
 k_ppt34         1.173205         1.000000         0.000000    
 k_ppt35         1.284021         1.000000         0.000000    
 k_ppt36         2.972970         1.000000         0.000000    
 k_ppt37         1.079626         1.000000         0.000000    
 k_ppt38        0.4665382         1.000000         0.000000    
 k_ppt39        0.6743736         1.000000         0.000000    
 k_ppt40         1.400909         1.000000         0.000000    
 k_ppt41        0.7957777         1.000000         0.000000    
 k_ppt42         1.217431         1.000000         0.000000    
 k_ppt43         1.473558         1.000000         0.000000    
 k_ppt44         2.062946         1.000000         0.000000    
 k_ppt45         2.335487         1.000000         0.000000    
 k_ppt46         1.840649         1.000000         0.000000    
 k_ppt47         1.163421         1.000000         0.000000    
 k_ppt48         1.618849         1.000000         0.000000    
 k_ppt49         1.565635         1.000000         0.000000    
 k_ppt50         1.581987         1.000000         0.000000    
 k_ppt51         1.517565         1.000000         0.000000    
 k_ppt52         4.218366         1.000000         0.000000    
 k_ppt53         3.690819         1.000000         0.000000    
 k_ppt54         5.906859         1.000000         0.000000    
 k_ppt55         1.103443         1.000000         0.000000    
 k_ppt56         1.066450         1.000000         0.000000    
 k_ppt57         2.163639         1.000000         0.000000    
 k_ppt58         1.304661         1.000000         0.000000    
 k_ppt59         1.858063         1.000000         0.000000    
 k_ppt60         2.215121         1.000000         0.000000    
 k_ppt61         3.202846         1.000000         0.000000    
 k_ppt62         1.214237         1.000000         0.000000    
 k_ppt63         2.711592         1.000000         0.000000    
 k_ppt64        0.8873861         1.000000         0.000000    
 k_ppt65         1.506431         1.000000         0.000000    
 k_ppt66         1.213165         1.000000         0.000000    
 k_ppt67         1.736753         1.000000         0.000000    
 k_ppt68         3.004205         1.000000         0.000000    
 k_ppt69         1.356394         1.000000         0.000000    
 k_ppt70        0.4932962         1.000000         0.000000    
 k_ppt71         1.241388         1.000000         0.000000    
 k_ppt72        0.3070252         1.000000         0.000000    
 k_ppt73         1.278912         1.000000         0.000000    
 k_ppt74         1.696866         1.000000         0.000000    
 k_ppt75         2.731275         1.000000         0.000000    
 k_ppt76        0.9299627         1.000000         0.000000    
 k_ppt77         1.001361         1.000000         0.000000    
 k_ppt78         1.116122         1.000000         0.000000    
 k_ppt79         1.089383         1.000000         0.000000    
 k_ppt80        0.5036224         1.000000         0.000000    
 k_ppt81         1.072100         1.000000         0.000000    
 k_ppt82         1.987852         1.000000         0.000000    
 k_ppt83         1.813473         1.000000         0.000000    
 k_ppt84        0.6284207         1.000000         0.000000    
 k_ppt85         1.589506         1.000000         0.000000    
 k_ppt86        0.3176414         1.000000         0.000000    
 k_ppt87        0.4476853         1.000000         0.000000    
 k_ppt88        0.6431780         1.000000         0.000000    
 k_ppt89         1.825190         1.000000         0.000000    
 k_ppt90         1.592838         1.000000         0.000000    
 k_ppt91        0.9016977         1.000000         0.000000    
 k_ppt92         2.192535         1.000000         0.000000    
 k_ppt93         4.642888         1.000000         0.000000    
 k_ppt94        0.5444191         1.000000         0.000000    
 k_ppt95        0.3467664         1.000000         0.000000    
 k_ppt96        0.6717667         1.000000         0.000000    
 k_ppt97         1.673857         1.000000         0.000000    
 k_ppt98        0.3867314         1.000000         0.000000    
 k_ppt99        0.6858494         1.000000         0.000000    
 k_ppt100        1.311202         1.000000         0.000000    
 k_ppt101       0.9099033         1.000000         0.000000    
 k_ppt102       0.4159152         1.000000         0.000000    
 k_ppt103       0.2963624         1.000000         0.000000    
 k_ppt104       0.2336126         1.000000         0.000000    
