 single point
 k_ppt1          15.61847         1.000000         0.000000    
 k_ppt2          4.952266         1.000000         0.000000    
 k_ppt3          1.807946         1.000000         0.000000    
 k_ppt4         0.7865459         1.000000         0.000000    
 k_ppt5         0.6668163         1.000000         0.000000    
 k_ppt6         0.3637163         1.000000         0.000000    
 k_ppt7         0.5500347         1.000000         0.000000    
 k_ppt8         0.5036322         1.000000         0.000000    
 k_ppt9          15.28171         1.000000         0.000000    
 k_ppt10         6.394478         1.000000         0.000000    
 k_ppt11         2.508791         1.000000         0.000000    
 k_ppt12         1.513768         1.000000         0.000000    
 k_ppt13         1.009009         1.000000         0.000000    
 k_ppt14        0.9658841         1.000000         0.000000    
 k_ppt15        0.5633298         1.000000         0.000000    
 k_ppt16        0.2235202         1.000000         0.000000    
 k_ppt17         12.29757         1.000000         0.000000    
 k_ppt18         6.629033         1.000000         0.000000    
 k_ppt19         2.472197         1.000000         0.000000    
 k_ppt20        0.8925593         1.000000         0.000000    
 k_ppt21        0.9693063         1.000000         0.000000    
 k_ppt22        0.9489776         1.000000         0.000000    
 k_ppt23        0.3420487         1.000000         0.000000    
 k_ppt24        0.3425513         1.000000         0.000000    
 k_ppt25         1.147129         1.000000         0.000000    
 k_ppt26         5.038841         1.000000         0.000000    
 k_ppt27         1.366346         1.000000         0.000000    
 k_ppt28         1.062864         1.000000         0.000000    
 k_ppt29        0.7700822         1.000000         0.000000    
 k_ppt30        0.3510061         1.000000         0.000000    
 k_ppt31         1.022217         1.000000         0.000000    
 k_ppt32        0.7695799         1.000000         0.000000    
 k_ppt33         1.157402         1.000000         0.000000    
 k_ppt34         3.032179         1.000000         0.000000    
 k_ppt35        0.9527382         1.000000         0.000000    
 k_ppt36        0.4894296         1.000000         0.000000    
 k_ppt37        0.8402480         1.000000         0.000000    
 k_ppt38         1.436125         1.000000         0.000000    
 k_ppt39        0.8505818         1.000000         0.000000    
 k_ppt40        0.7482652         1.000000         0.000000    
 k_ppt41         2.697107         1.000000         0.000000    
 k_ppt42         4.176584         1.000000         0.000000    
 k_ppt43         1.690769         1.000000         0.000000    
 k_ppt44        0.8965056         1.000000         0.000000    
 k_ppt45        0.4655876         1.000000         0.000000    
 k_ppt46         1.920858         1.000000         0.000000    
 k_ppt47         1.245484         1.000000         0.000000    
 k_ppt48        0.9269686         1.000000         0.000000    
 k_ppt49         1.231803         1.000000         0.000000    
 k_ppt50         7.967809         1.000000         0.000000    
 k_ppt51         1.550505         1.000000         0.000000    
 k_ppt52        0.7756929         1.000000         0.000000    
 k_ppt53         1.294424         1.000000         0.000000    
 k_ppt54         3.635283         1.000000         0.000000    
 k_ppt55         5.789088         1.000000         0.000000    
 k_ppt56        0.6282088         1.000000         0.000000    
 k_ppt57         1.764102         1.000000         0.000000    
 k_ppt58         6.113540         1.000000         0.000000    
 k_ppt59         2.483849         1.000000         0.000000    
 k_ppt60         1.586470         1.000000         0.000000    
 k_ppt61         1.192357         1.000000         0.000000    
 k_ppt62         1.642370         1.000000         0.000000    
 k_ppt63         1.471687         1.000000         0.000000    
 k_ppt64         1.101678         1.000000         0.000000    
 k_ppt65         2.070089         1.000000         0.000000    
 k_ppt66         1.811898         1.000000         0.000000    
 k_ppt67         1.842483         1.000000         0.000000    
 k_ppt68         3.907815         1.000000         0.000000    
 k_ppt69         1.114109         1.000000         0.000000    
 k_ppt70        0.9604459         1.000000         0.000000    
 k_ppt71         1.248188         1.000000         0.000000    
 k_ppt72        0.2607531         1.000000         0.000000    
 k_ppt73         5.477760         1.000000         0.000000    
 k_ppt74         3.759156         1.000000         0.000000    
 k_ppt75         3.232330         1.000000         0.000000    
 k_ppt76         1.423176         1.000000         0.000000    
 k_ppt77        0.6350988         1.000000         0.000000    
 k_ppt78        0.6404936         1.000000         0.000000    
 k_ppt79        0.5102760         1.000000         0.000000    
 k_ppt80        0.3754869         1.000000         0.000000    
 k_ppt81         6.051447         1.000000         0.000000    
 k_ppt82         3.310244         1.000000         0.000000    
 k_ppt83         1.668082         1.000000         0.000000    
 k_ppt84         1.070695         1.000000         0.000000    
 k_ppt85        0.6300607         1.000000         0.000000    
 k_ppt86        0.6128274         1.000000         0.000000    
 k_ppt87        0.3947234         1.000000         0.000000    
 k_ppt88        0.4325635         1.000000         0.000000    
 k_ppt89        0.5477741         1.000000         0.000000    
 k_ppt90         1.268035         1.000000         0.000000    
 k_ppt91        0.7628507         1.000000         0.000000    
 k_ppt92        0.5533618         1.000000         0.000000    
 k_ppt93        0.5348632         1.000000         0.000000    
 k_ppt94        0.5357453         1.000000         0.000000    
 k_ppt95        0.4455170         1.000000         0.000000    
 k_ppt96         2.751746         1.000000         0.000000    
 k_ppt97         1.851324         1.000000         0.000000    
 k_ppt98         1.757749         1.000000         0.000000    
 k_ppt99        0.3744458         1.000000         0.000000    
 k_ppt100       0.6172891         1.000000         0.000000    
 k_ppt101       0.3739424         1.000000         0.000000    
 k_ppt102       0.4583642         1.000000         0.000000    
 k_ppt103       0.4399950         1.000000         0.000000    
 k_ppt104       0.2355665         1.000000         0.000000    
