 single point
 k_ppt1         5.0906790E-02     1.000000         0.000000    
 k_ppt2         4.6566544E-02     1.000000         0.000000    
 k_ppt3         0.1032592         1.000000         0.000000    
 k_ppt4         7.0259413E-02     1.000000         0.000000    
 k_ppt5         0.2541537         1.000000         0.000000    
 k_ppt6         0.3784837         1.000000         0.000000    
 k_ppt7         0.4587196         1.000000         0.000000    
 k_ppt8          1.869810         1.000000         0.000000    
 k_ppt9         2.0200582E-02     1.000000         0.000000    
 k_ppt10        4.8718994E-02     1.000000         0.000000    
 k_ppt11        6.0542670E-02     1.000000         0.000000    
 k_ppt12        0.2413739         1.000000         0.000000    
 k_ppt13        0.4492116         1.000000         0.000000    
 k_ppt14         1.131510         1.000000         0.000000    
 k_ppt15         1.387530         1.000000         0.000000    
 k_ppt16         2.754939         1.000000         0.000000    
 k_ppt17        1.6579894E-02     1.000000         0.000000    
 k_ppt18        0.1055652         1.000000         0.000000    
 k_ppt19        0.2245955         1.000000         0.000000    
 k_ppt20        0.8109260         1.000000         0.000000    
 k_ppt21         1.748584         1.000000         0.000000    
 k_ppt22         2.848077         1.000000         0.000000    
 k_ppt23         4.699730         1.000000         0.000000    
 k_ppt24         3.221871         1.000000         0.000000    
 k_ppt25        0.1819868         1.000000         0.000000    
 k_ppt26        0.4925725         1.000000         0.000000    
 k_ppt27        0.1409081         1.000000         0.000000    
 k_ppt28        0.7651733         1.000000         0.000000    
 k_ppt29         2.116786         1.000000         0.000000    
 k_ppt30         3.791391         1.000000         0.000000    
 k_ppt31         5.157691         1.000000         0.000000    
 k_ppt32         3.799357         1.000000         0.000000    
 k_ppt33        0.7239068         1.000000         0.000000    
 k_ppt34        0.6977120         1.000000         0.000000    
 k_ppt35        0.6449623         1.000000         0.000000    
 k_ppt36        0.6893140         1.000000         0.000000    
 k_ppt37         2.583796         1.000000         0.000000    
 k_ppt38         3.840890         1.000000         0.000000    
 k_ppt39         4.637671         1.000000         0.000000    
 k_ppt40         1.626308         1.000000         0.000000    
 k_ppt41         1.145350         1.000000         0.000000    
 k_ppt42        0.5118868         1.000000         0.000000    
 k_ppt43        0.2153680         1.000000         0.000000    
 k_ppt44         2.146287         1.000000         0.000000    
 k_ppt45         1.565906         1.000000         0.000000    
 k_ppt46         2.334837         1.000000         0.000000    
 k_ppt47         1.560421         1.000000         0.000000    
 k_ppt48        0.6055966         1.000000         0.000000    
 k_ppt49        0.1768630         1.000000         0.000000    
 k_ppt50        0.2239435         1.000000         0.000000    
 k_ppt51        0.4075930         1.000000         0.000000    
 k_ppt52         1.886416         1.000000         0.000000    
 k_ppt53         1.178572         1.000000         0.000000    
 k_ppt54         1.020605         1.000000         0.000000    
 k_ppt55         4.409167         1.000000         0.000000    
 k_ppt56         4.197315         1.000000         0.000000    
 k_ppt57        0.5179708         1.000000         0.000000    
 k_ppt58        0.3848031         1.000000         0.000000    
 k_ppt59        0.6403491         1.000000         0.000000    
 k_ppt60         3.291312         1.000000         0.000000    
 k_ppt61         4.281488         1.000000         0.000000    
 k_ppt62         1.374856         1.000000         0.000000    
 k_ppt63         2.665452         1.000000         0.000000    
 k_ppt64         5.184389         1.000000         0.000000    
 k_ppt65        0.9617435         1.000000         0.000000    
 k_ppt66         1.583717         1.000000         0.000000    
 k_ppt67         2.792182         1.000000         0.000000    
 k_ppt68         3.961657         1.000000         0.000000    
 k_ppt69         3.364783         1.000000         0.000000    
 k_ppt70         1.992262         1.000000         0.000000    
 k_ppt71         4.304423         1.000000         0.000000    
 k_ppt72         1.715701         1.000000         0.000000    
 k_ppt73         1.199490         1.000000         0.000000    
 k_ppt74         2.641897         1.000000         0.000000    
 k_ppt75         1.388702         1.000000         0.000000    
 k_ppt76        0.6584883         1.000000         0.000000    
 k_ppt77         2.531234         1.000000         0.000000    
 k_ppt78         2.279494         1.000000         0.000000    
 k_ppt79         1.522231         1.000000         0.000000    
 k_ppt80        0.8084555         1.000000         0.000000    
 k_ppt81        0.5348290         1.000000         0.000000    
 k_ppt82        0.3731668         1.000000         0.000000    
 k_ppt83        0.2911344         1.000000         0.000000    
 k_ppt84        0.9704012         1.000000         0.000000    
 k_ppt85        0.9478327         1.000000         0.000000    
 k_ppt86         3.982205         1.000000         0.000000    
 k_ppt87         2.258432         1.000000         0.000000    
 k_ppt88         1.948407         1.000000         0.000000    
 k_ppt89        0.4006067         1.000000         0.000000    
 k_ppt90        0.3737768         1.000000         0.000000    
 k_ppt91        0.5808444         1.000000         0.000000    
 k_ppt92        0.7771590         1.000000         0.000000    
 k_ppt93        0.7626449         1.000000         0.000000    
 k_ppt94         1.418729         1.000000         0.000000    
 k_ppt95         1.333678         1.000000         0.000000    
 k_ppt96         1.413397         1.000000         0.000000    
 k_ppt97        0.4955273         1.000000         0.000000    
 k_ppt98        0.1930510         1.000000         0.000000    
 k_ppt99        0.6118288         1.000000         0.000000    
 k_ppt100       0.4881563         1.000000         0.000000    
 k_ppt101       0.8074077         1.000000         0.000000    
 k_ppt102       0.9816505         1.000000         0.000000    
 k_ppt103        1.076060         1.000000         0.000000    
 k_ppt104       0.8601120         1.000000         0.000000    
