 single point
 k_ppt1         0.9266434         1.000000         0.000000    
 k_ppt2          1.801084         1.000000         0.000000    
 k_ppt3         0.7384453         1.000000         0.000000    
 k_ppt4         0.9978806         1.000000         0.000000    
 k_ppt5         0.3653159         1.000000         0.000000    
 k_ppt6         7.9236630E-02     1.000000         0.000000    
 k_ppt7         9.5009219E-02     1.000000         0.000000    
 k_ppt8         0.1824542         1.000000         0.000000    
 k_ppt9         0.9861545         1.000000         0.000000    
 k_ppt10        0.6898231         1.000000         0.000000    
 k_ppt11         3.681456         1.000000         0.000000    
 k_ppt12        0.3237453         1.000000         0.000000    
 k_ppt13        0.2581804         1.000000         0.000000    
 k_ppt14        7.1332136E-02     1.000000         0.000000    
 k_ppt15        0.2482492         1.000000         0.000000    
 k_ppt16        0.2589166         1.000000         0.000000    
 k_ppt17        0.6831330         1.000000         0.000000    
 k_ppt18         1.305168         1.000000         0.000000    
 k_ppt19         1.370955         1.000000         0.000000    
 k_ppt20        0.5398331         1.000000         0.000000    
 k_ppt21        0.2012362         1.000000         0.000000    
 k_ppt22        0.2775770         1.000000         0.000000    
 k_ppt23        0.3502163         1.000000         0.000000    
 k_ppt24        0.6624480         1.000000         0.000000    
 k_ppt25         1.350700         1.000000         0.000000    
 k_ppt26         1.665166         1.000000         0.000000    
 k_ppt27         3.047973         1.000000         0.000000    
 k_ppt28         1.396328         1.000000         0.000000    
 k_ppt29        0.4358737         1.000000         0.000000    
 k_ppt30        0.2162339         1.000000         0.000000    
 k_ppt31        0.5463309         1.000000         0.000000    
 k_ppt32         1.369701         1.000000         0.000000    
 k_ppt33        0.7595294         1.000000         0.000000    
 k_ppt34         3.235335         1.000000         0.000000    
 k_ppt35         1.982571         1.000000         0.000000    
 k_ppt36         2.336604         1.000000         0.000000    
 k_ppt37         1.190672         1.000000         0.000000    
 k_ppt38        0.7623014         1.000000         0.000000    
 k_ppt39         1.150180         1.000000         0.000000    
 k_ppt40         2.263365         1.000000         0.000000    
 k_ppt41         1.550823         1.000000         0.000000    
 k_ppt42        0.9338624         1.000000         0.000000    
 k_ppt43         1.642520         1.000000         0.000000    
 k_ppt44        0.6999323         1.000000         0.000000    
 k_ppt45        0.7315153         1.000000         0.000000    
 k_ppt46        0.5613394         1.000000         0.000000    
 k_ppt47        0.9300848         1.000000         0.000000    
 k_ppt48         2.204353         1.000000         0.000000    
 k_ppt49         2.695906         1.000000         0.000000    
 k_ppt50        0.9403610         1.000000         0.000000    
 k_ppt51         1.848527         1.000000         0.000000    
 k_ppt52         3.652484         1.000000         0.000000    
 k_ppt53         2.467321         1.000000         0.000000    
 k_ppt54        0.6863573         1.000000         0.000000    
 k_ppt55         1.148896         1.000000         0.000000    
 k_ppt56         2.150069         1.000000         0.000000    
 k_ppt57         5.047536         1.000000         0.000000    
 k_ppt58         1.470356         1.000000         0.000000    
 k_ppt59        0.5678054         1.000000         0.000000    
 k_ppt60         2.299952         1.000000         0.000000    
 k_ppt61         2.034043         1.000000         0.000000    
 k_ppt62        0.4636206         1.000000         0.000000    
 k_ppt63        0.4952154         1.000000         0.000000    
 k_ppt64         3.568343         1.000000         0.000000    
 k_ppt65         1.809537         1.000000         0.000000    
 k_ppt66         1.406627         1.000000         0.000000    
 k_ppt67         1.395780         1.000000         0.000000    
 k_ppt68         2.264284         1.000000         0.000000    
 k_ppt69         1.109354         1.000000         0.000000    
 k_ppt70        0.6117617         1.000000         0.000000    
 k_ppt71        0.8595809         1.000000         0.000000    
 k_ppt72         3.520563         1.000000         0.000000    
 k_ppt73         1.642156         1.000000         0.000000    
 k_ppt74         1.119896         1.000000         0.000000    
 k_ppt75         1.453581         1.000000         0.000000    
 k_ppt76        0.4961775         1.000000         0.000000    
 k_ppt77        0.3037167         1.000000         0.000000    
 k_ppt78        0.7478654         1.000000         0.000000    
 k_ppt79         1.417693         1.000000         0.000000    
 k_ppt80         3.803553         1.000000         0.000000    
 k_ppt81         1.538145         1.000000         0.000000    
 k_ppt82         1.552303         1.000000         0.000000    
 k_ppt83         1.316841         1.000000         0.000000    
 k_ppt84        0.8073998         1.000000         0.000000    
 k_ppt85        0.7934549         1.000000         0.000000    
 k_ppt86        0.4785088         1.000000         0.000000    
 k_ppt87        0.3265762         1.000000         0.000000    
 k_ppt88         1.554406         1.000000         0.000000    
 k_ppt89         2.269643         1.000000         0.000000    
 k_ppt90         1.906608         1.000000         0.000000    
 k_ppt91         2.098207         1.000000         0.000000    
 k_ppt92         1.997973         1.000000         0.000000    
 k_ppt93         1.222352         1.000000         0.000000    
 k_ppt94        0.2594444         1.000000         0.000000    
 k_ppt95        0.3714633         1.000000         0.000000    
 k_ppt96        0.5652335         1.000000         0.000000    
 k_ppt97        0.6031575         1.000000         0.000000    
 k_ppt98         1.438624         1.000000         0.000000    
 k_ppt99        0.9554208         1.000000         0.000000    
 k_ppt100       0.6365019         1.000000         0.000000    
 k_ppt101       0.3723729         1.000000         0.000000    
 k_ppt102       0.2969166         1.000000         0.000000    
 k_ppt103       0.5765307         1.000000         0.000000    
 k_ppt104       0.4155147         1.000000         0.000000    
