 single point
 k_ppt1         0.4678339         1.000000         0.000000    
 k_ppt2          2.514403         1.000000         0.000000    
 k_ppt3          4.571286         1.000000         0.000000    
 k_ppt4          5.036773         1.000000         0.000000    
 k_ppt5          1.839656         1.000000         0.000000    
 k_ppt6          1.357389         1.000000         0.000000    
 k_ppt7          1.298611         1.000000         0.000000    
 k_ppt8          1.272840         1.000000         0.000000    
 k_ppt9          1.278035         1.000000         0.000000    
 k_ppt10         5.855533         1.000000         0.000000    
 k_ppt11         8.624364         1.000000         0.000000    
 k_ppt12         3.118365         1.000000         0.000000    
 k_ppt13        0.9848495         1.000000         0.000000    
 k_ppt14        0.5432745         1.000000         0.000000    
 k_ppt15         1.310684         1.000000         0.000000    
 k_ppt16         2.313664         1.000000         0.000000    
 k_ppt17         1.788654         1.000000         0.000000    
 k_ppt18         3.069709         1.000000         0.000000    
 k_ppt19         3.637495         1.000000         0.000000    
 k_ppt20         4.125445         1.000000         0.000000    
 k_ppt21         1.148662         1.000000         0.000000    
 k_ppt22        0.7461651         1.000000         0.000000    
 k_ppt23         1.431434         1.000000         0.000000    
 k_ppt24         1.102902         1.000000         0.000000    
 k_ppt25        0.2889367         1.000000         0.000000    
 k_ppt26         1.411984         1.000000         0.000000    
 k_ppt27         1.355874         1.000000         0.000000    
 k_ppt28         4.129011         1.000000         0.000000    
 k_ppt29         1.035920         1.000000         0.000000    
 k_ppt30         1.283502         1.000000         0.000000    
 k_ppt31        0.8629713         1.000000         0.000000    
 k_ppt32         1.745391         1.000000         0.000000    
 k_ppt33         1.247786         1.000000         0.000000    
 k_ppt34         1.009635         1.000000         0.000000    
 k_ppt35         1.387062         1.000000         0.000000    
 k_ppt36        0.5216797         1.000000         0.000000    
 k_ppt37         1.140867         1.000000         0.000000    
 k_ppt38         1.344914         1.000000         0.000000    
 k_ppt39        0.5152416         1.000000         0.000000    
 k_ppt40         1.321232         1.000000         0.000000    
 k_ppt41         1.982412         1.000000         0.000000    
 k_ppt42         2.191086         1.000000         0.000000    
 k_ppt43        0.9484278         1.000000         0.000000    
 k_ppt44        0.5984463         1.000000         0.000000    
 k_ppt45        0.7813637         1.000000         0.000000    
 k_ppt46        0.7630158         1.000000         0.000000    
 k_ppt47         1.189504         1.000000         0.000000    
 k_ppt48         2.489228         1.000000         0.000000    
 k_ppt49        0.5496387         1.000000         0.000000    
 k_ppt50        0.8364075         1.000000         0.000000    
 k_ppt51         1.650937         1.000000         0.000000    
 k_ppt52         1.846727         1.000000         0.000000    
 k_ppt53         2.861844         1.000000         0.000000    
 k_ppt54         1.106971         1.000000         0.000000    
 k_ppt55         1.475057         1.000000         0.000000    
 k_ppt56         1.538765         1.000000         0.000000    
 k_ppt57         1.909346         1.000000         0.000000    
 k_ppt58         2.563395         1.000000         0.000000    
 k_ppt59        0.9617858         1.000000         0.000000    
 k_ppt60         1.311734         1.000000         0.000000    
 k_ppt61         1.597385         1.000000         0.000000    
 k_ppt62         1.341501         1.000000         0.000000    
 k_ppt63         3.187913         1.000000         0.000000    
 k_ppt64         1.564586         1.000000         0.000000    
 k_ppt65         3.667106         1.000000         0.000000    
 k_ppt66         3.380857         1.000000         0.000000    
 k_ppt67        0.9933457         1.000000         0.000000    
 k_ppt68         1.116685         1.000000         0.000000    
 k_ppt69         1.234299         1.000000         0.000000    
 k_ppt70         1.817310         1.000000         0.000000    
 k_ppt71         1.151804         1.000000         0.000000    
 k_ppt72         2.567023         1.000000         0.000000    
 k_ppt73         3.995000         1.000000         0.000000    
 k_ppt74         1.911106         1.000000         0.000000    
 k_ppt75        0.9928002         1.000000         0.000000    
 k_ppt76        0.6469747         1.000000         0.000000    
 k_ppt77        0.4149090         1.000000         0.000000    
 k_ppt78        0.9414846         1.000000         0.000000    
 k_ppt79        0.6742399         1.000000         0.000000    
 k_ppt80         1.238529         1.000000         0.000000    
 k_ppt81         3.240890         1.000000         0.000000    
 k_ppt82         1.353184         1.000000         0.000000    
 k_ppt83         1.131967         1.000000         0.000000    
 k_ppt84         1.281049         1.000000         0.000000    
 k_ppt85        0.5439518         1.000000         0.000000    
 k_ppt86        0.5661419         1.000000         0.000000    
 k_ppt87        0.6367100         1.000000         0.000000    
 k_ppt88         2.290923         1.000000         0.000000    
 k_ppt89        0.8863056         1.000000         0.000000    
 k_ppt90         1.006017         1.000000         0.000000    
 k_ppt91        0.7435569         1.000000         0.000000    
 k_ppt92        0.5613515         1.000000         0.000000    
 k_ppt93        0.4110008         1.000000         0.000000    
 k_ppt94        0.3825690         1.000000         0.000000    
 k_ppt95        0.8745134         1.000000         0.000000    
 k_ppt96         1.675125         1.000000         0.000000    
 k_ppt97         1.075374         1.000000         0.000000    
 k_ppt98        0.9731299         1.000000         0.000000    
 k_ppt99        0.7021994         1.000000         0.000000    
 k_ppt100       0.2766194         1.000000         0.000000    
 k_ppt101       0.2655831         1.000000         0.000000    
 k_ppt102       0.6980619         1.000000         0.000000    
 k_ppt103        1.450862         1.000000         0.000000    
 k_ppt104       0.3335387         1.000000         0.000000    
