 single point
 k_ppt1          8.487469         1.000000         0.000000    
 k_ppt2          14.56415         1.000000         0.000000    
 k_ppt3          6.042600         1.000000         0.000000    
 k_ppt4          6.502163         1.000000         0.000000    
 k_ppt5          1.880671         1.000000         0.000000    
 k_ppt6          1.255309         1.000000         0.000000    
 k_ppt7          1.990105         1.000000         0.000000    
 k_ppt8          1.089524         1.000000         0.000000    
 k_ppt9          5.426312         1.000000         0.000000    
 k_ppt10         3.969038         1.000000         0.000000    
 k_ppt11         3.589297         1.000000         0.000000    
 k_ppt12         4.234570         1.000000         0.000000    
 k_ppt13         2.783505         1.000000         0.000000    
 k_ppt14         1.812073         1.000000         0.000000    
 k_ppt15         1.729817         1.000000         0.000000    
 k_ppt16         3.974969         1.000000         0.000000    
 k_ppt17         1.791109         1.000000         0.000000    
 k_ppt18        0.6715340         1.000000         0.000000    
 k_ppt19         2.670980         1.000000         0.000000    
 k_ppt20         4.704400         1.000000         0.000000    
 k_ppt21         2.393221         1.000000         0.000000    
 k_ppt22         1.666044         1.000000         0.000000    
 k_ppt23         2.448908         1.000000         0.000000    
 k_ppt24         6.024254         1.000000         0.000000    
 k_ppt25         1.494996         1.000000         0.000000    
 k_ppt26         1.292804         1.000000         0.000000    
 k_ppt27         1.547071         1.000000         0.000000    
 k_ppt28         1.341130         1.000000         0.000000    
 k_ppt29         1.399464         1.000000         0.000000    
 k_ppt30         1.377346         1.000000         0.000000    
 k_ppt31         1.717366         1.000000         0.000000    
 k_ppt32        0.9580515         1.000000         0.000000    
 k_ppt33         1.268728         1.000000         0.000000    
 k_ppt34        0.9784390         1.000000         0.000000    
 k_ppt35        0.8613180         1.000000         0.000000    
 k_ppt36        0.6346721         1.000000         0.000000    
 k_ppt37         1.131649         1.000000         0.000000    
 k_ppt38         2.871569         1.000000         0.000000    
 k_ppt39        0.9908315         1.000000         0.000000    
 k_ppt40        0.9130201         1.000000         0.000000    
 k_ppt41        0.6935560         1.000000         0.000000    
 k_ppt42        0.1908974         1.000000         0.000000    
 k_ppt43        0.5468078         1.000000         0.000000    
 k_ppt44         1.488954         1.000000         0.000000    
 k_ppt45         1.071680         1.000000         0.000000    
 k_ppt46         1.162411         1.000000         0.000000    
 k_ppt47        0.6727036         1.000000         0.000000    
 k_ppt48         3.967225         1.000000         0.000000    
 k_ppt49         1.240945         1.000000         0.000000    
 k_ppt50         1.005198         1.000000         0.000000    
 k_ppt51        0.7880234         1.000000         0.000000    
 k_ppt52         3.177408         1.000000         0.000000    
 k_ppt53         2.448795         1.000000         0.000000    
 k_ppt54         1.380174         1.000000         0.000000    
 k_ppt55        0.7823959         1.000000         0.000000    
 k_ppt56        0.8502491         1.000000         0.000000    
 k_ppt57         1.084662         1.000000         0.000000    
 k_ppt58        0.9357810         1.000000         0.000000    
 k_ppt59         2.157775         1.000000         0.000000    
 k_ppt60         3.953888         1.000000         0.000000    
 k_ppt61        0.7909322         1.000000         0.000000    
 k_ppt62        0.5721802         1.000000         0.000000    
 k_ppt63         2.103972         1.000000         0.000000    
 k_ppt64         2.366356         1.000000         0.000000    
 k_ppt65        0.3774096         1.000000         0.000000    
 k_ppt66         3.587906         1.000000         0.000000    
 k_ppt67         2.739211         1.000000         0.000000    
 k_ppt68         1.457618         1.000000         0.000000    
 k_ppt69         1.837028         1.000000         0.000000    
 k_ppt70        0.8058314         1.000000         0.000000    
 k_ppt71         5.307294         1.000000         0.000000    
 k_ppt72         9.529637         1.000000         0.000000    
 k_ppt73        0.5982875         1.000000         0.000000    
 k_ppt74        0.7890977         1.000000         0.000000    
 k_ppt75         1.894644         1.000000         0.000000    
 k_ppt76        0.8498346         1.000000         0.000000    
 k_ppt77        0.4889133         1.000000         0.000000    
 k_ppt78         1.097825         1.000000         0.000000    
 k_ppt79        0.6187406         1.000000         0.000000    
 k_ppt80         1.265158         1.000000         0.000000    
 k_ppt81         1.548604         1.000000         0.000000    
 k_ppt82         1.331437         1.000000         0.000000    
 k_ppt83        0.2667770         1.000000         0.000000    
 k_ppt84        0.3697622         1.000000         0.000000    
 k_ppt85        0.3990666         1.000000         0.000000    
 k_ppt86        0.8095236         1.000000         0.000000    
 k_ppt87        0.7747072         1.000000         0.000000    
 k_ppt88         3.218539         1.000000         0.000000    
 k_ppt89         1.384214         1.000000         0.000000    
 k_ppt90         2.895580         1.000000         0.000000    
 k_ppt91         1.131104         1.000000         0.000000    
 k_ppt92        0.6379629         1.000000         0.000000    
 k_ppt93         1.741947         1.000000         0.000000    
 k_ppt94         1.036364         1.000000         0.000000    
 k_ppt95        0.7718722         1.000000         0.000000    
 k_ppt96         1.686334         1.000000         0.000000    
 k_ppt97        0.9153310         1.000000         0.000000    
 k_ppt98        0.6169796         1.000000         0.000000    
 k_ppt99        0.5817359         1.000000         0.000000    
 k_ppt100       0.1886013         1.000000         0.000000    
 k_ppt101       0.4068368         1.000000         0.000000    
 k_ppt102        1.520819         1.000000         0.000000    
 k_ppt103       0.4132705         1.000000         0.000000    
 k_ppt104       0.8686589         1.000000         0.000000    
