* control data
         104          12         104           2
           1
* PEST parameter data
  -1.299598056560001D-001    0.000000000000000
  -9.888241152294342D-002    0.000000000000000
   4.842946182102282D-002    0.000000000000000
  -5.412826484286804D-002    0.000000000000000
  -7.976243059161448D-002    0.000000000000000
  -4.243024040221144D-003    0.000000000000000
  -4.197312014795607D-002    0.000000000000000
   7.654518122720156D-002    0.000000000000000
   1.219740599319863D-002    0.000000000000000
  -6.626633018408512D-002    0.000000000000000
   1.478689293629909D-001    0.000000000000000
  -2.512011296884964D-002    0.000000000000000
* base parameter data
 k_ppt1              1   0.9266434000000000       1.0000000000000000E-02    100.0000000000000        1.000000000000000        0.000000000000000
 k_ppt2              1    1.801084000000000       1.0000000000000000E-02    100.0000000000000        1.000000000000000        0.000000000000000
 k_ppt3              1   0.7384453000000000       1.0000000000000000E-02    100.0000000000000        1.000000000000000        0.000000000000000
 k_ppt4              1   0.9978806000000000       1.0000000000000000E-02    100.0000000000000        1.000000000000000        0.000000000000000
 k_ppt5              1   0.3653159000000001       1.0000000000000000E-02    100.0000000000000        1.000000000000000        0.000000000000000
 k_ppt6              1   7.9236630000000000E-02   1.0000000000000000E-02    100.0000000000000        1.000000000000000        0.000000000000000
 k_ppt7              1   9.5009219000000000E-02   1.0000000000000000E-02    100.0000000000000        1.000000000000000        0.000000000000000
 k_ppt8              1   0.1824542000000000       1.0000000000000000E-02    100.0000000000000        1.000000000000000        0.000000000000000
 k_ppt9              1   0.9861545000000000       1.0000000000000000E-02    100.0000000000000        1.000000000000000        0.000000000000000
 k_ppt10             1   0.6898231000000000       1.0000000000000000E-02    100.0000000000000        1.000000000000000        0.000000000000000
 k_ppt11             1    3.681456000000000       1.0000000000000000E-02    100.0000000000000        1.000000000000000        0.000000000000000
 k_ppt12             1   0.3237453000000000       1.0000000000000000E-02    100.0000000000000        1.000000000000000        0.000000000000000
 k_ppt13             1   0.2581804000000000       1.0000000000000000E-02    100.0000000000000        1.000000000000000        0.000000000000000
 k_ppt14             1   7.1332136000000008E-02   1.0000000000000000E-02    100.0000000000000        1.000000000000000        0.000000000000000
 k_ppt15             1   0.2482492000000000       1.0000000000000000E-02    100.0000000000000        1.000000000000000        0.000000000000000
 k_ppt16             1   0.2589166000000000       1.0000000000000000E-02    100.0000000000000        1.000000000000000        0.000000000000000
 k_ppt17             1   0.6831330000000000       1.0000000000000000E-02    100.0000000000000        1.000000000000000        0.000000000000000
 k_ppt18             1    1.305168000000000       1.0000000000000000E-02    100.0000000000000        1.000000000000000        0.000000000000000
 k_ppt19             1    1.370955000000000       1.0000000000000000E-02    100.0000000000000        1.000000000000000        0.000000000000000
 k_ppt20             1   0.5398331000000000       1.0000000000000000E-02    100.0000000000000        1.000000000000000        0.000000000000000
 k_ppt21             1   0.2012362000000000       1.0000000000000000E-02    100.0000000000000        1.000000000000000        0.000000000000000
 k_ppt22             1   0.2775770000000000       1.0000000000000000E-02    100.0000000000000        1.000000000000000        0.000000000000000
 k_ppt23             1   0.3502163000000000       1.0000000000000000E-02    100.0000000000000        1.000000000000000        0.000000000000000
 k_ppt24             1   0.6624480000000000       1.0000000000000000E-02    100.0000000000000        1.000000000000000        0.000000000000000
 k_ppt25             1    1.350700000000000       1.0000000000000000E-02    100.0000000000000        1.000000000000000        0.000000000000000
 k_ppt26             1    1.665166000000000       1.0000000000000000E-02    100.0000000000000        1.000000000000000        0.000000000000000
 k_ppt27             1    3.047973000000000       1.0000000000000000E-02    100.0000000000000        1.000000000000000        0.000000000000000
 k_ppt28             1    1.396328000000000       1.0000000000000000E-02    100.0000000000000        1.000000000000000        0.000000000000000
 k_ppt29             1   0.4358737000000000       1.0000000000000000E-02    100.0000000000000        1.000000000000000        0.000000000000000
 k_ppt30             1   0.2162339000000000       1.0000000000000000E-02    100.0000000000000        1.000000000000000        0.000000000000000
 k_ppt31             1   0.5463309000000000       1.0000000000000000E-02    100.0000000000000        1.000000000000000        0.000000000000000
 k_ppt32             1    1.369701000000000       1.0000000000000000E-02    100.0000000000000        1.000000000000000        0.000000000000000
 k_ppt33             1   0.7595294000000000       1.0000000000000000E-02    100.0000000000000        1.000000000000000        0.000000000000000
 k_ppt34             1    3.235335000000000       1.0000000000000000E-02    100.0000000000000        1.000000000000000        0.000000000000000
 k_ppt35             1    1.982571000000000       1.0000000000000000E-02    100.0000000000000        1.000000000000000        0.000000000000000
 k_ppt36             1    2.336604000000000       1.0000000000000000E-02    100.0000000000000        1.000000000000000        0.000000000000000
 k_ppt37             1    1.190672000000000       1.0000000000000000E-02    100.0000000000000        1.000000000000000        0.000000000000000
 k_ppt38             1   0.7623014000000000       1.0000000000000000E-02    100.0000000000000        1.000000000000000        0.000000000000000
 k_ppt39             1    1.150180000000000       1.0000000000000000E-02    100.0000000000000        1.000000000000000        0.000000000000000
 k_ppt40             1    2.263365000000000       1.0000000000000000E-02    100.0000000000000        1.000000000000000        0.000000000000000
 k_ppt41             1    1.550823000000000       1.0000000000000000E-02    100.0000000000000        1.000000000000000        0.000000000000000
 k_ppt42             1   0.9338624000000000       1.0000000000000000E-02    100.0000000000000        1.000000000000000        0.000000000000000
 k_ppt43             1    1.642520000000000       1.0000000000000000E-02    100.0000000000000        1.000000000000000        0.000000000000000
 k_ppt44             1   0.6999323000000000       1.0000000000000000E-02    100.0000000000000        1.000000000000000        0.000000000000000
 k_ppt45             1   0.7315153000000000       1.0000000000000000E-02    100.0000000000000        1.000000000000000        0.000000000000000
 k_ppt46             1   0.5613394000000000       1.0000000000000000E-02    100.0000000000000        1.000000000000000        0.000000000000000
 k_ppt47             1   0.9300848000000000       1.0000000000000000E-02    100.0000000000000        1.000000000000000        0.000000000000000
 k_ppt48             1    2.204353000000000       1.0000000000000000E-02    100.0000000000000        1.000000000000000        0.000000000000000
 k_ppt49             1    2.695906000000000       1.0000000000000000E-02    100.0000000000000        1.000000000000000        0.000000000000000
 k_ppt50             1   0.9403610000000000       1.0000000000000000E-02    100.0000000000000        1.000000000000000        0.000000000000000
 k_ppt51             1    1.848527000000000       1.0000000000000000E-02    100.0000000000000        1.000000000000000        0.000000000000000
 k_ppt52             1    3.652484000000000       1.0000000000000000E-02    100.0000000000000        1.000000000000000        0.000000000000000
 k_ppt53             1    2.467321000000000       1.0000000000000000E-02    100.0000000000000        1.000000000000000        0.000000000000000
 k_ppt54             1   0.6863573000000000       1.0000000000000000E-02    100.0000000000000        1.000000000000000        0.000000000000000
 k_ppt55             1    1.148896000000000       1.0000000000000000E-02    100.0000000000000        1.000000000000000        0.000000000000000
 k_ppt56             1    2.150069000000000       1.0000000000000000E-02    100.0000000000000        1.000000000000000        0.000000000000000
 k_ppt57             1    5.047536000000000       1.0000000000000000E-02    100.0000000000000        1.000000000000000        0.000000000000000
 k_ppt58             1    1.470356000000000       1.0000000000000000E-02    100.0000000000000        1.000000000000000        0.000000000000000
 k_ppt59             1   0.5678054000000000       1.0000000000000000E-02    100.0000000000000        1.000000000000000        0.000000000000000
 k_ppt60             1    2.299952000000000       1.0000000000000000E-02    100.0000000000000        1.000000000000000        0.000000000000000
 k_ppt61             1    2.034043000000000       1.0000000000000000E-02    100.0000000000000        1.000000000000000        0.000000000000000
 k_ppt62             1   0.4636206000000000       1.0000000000000000E-02    100.0000000000000        1.000000000000000        0.000000000000000
 k_ppt63             1   0.4952154000000000       1.0000000000000000E-02    100.0000000000000        1.000000000000000        0.000000000000000
 k_ppt64             1    3.568343000000000       1.0000000000000000E-02    100.0000000000000        1.000000000000000        0.000000000000000
 k_ppt65             1    1.809537000000000       1.0000000000000000E-02    100.0000000000000        1.000000000000000        0.000000000000000
 k_ppt66             1    1.406627000000000       1.0000000000000000E-02    100.0000000000000        1.000000000000000        0.000000000000000
 k_ppt67             1    1.395780000000000       1.0000000000000000E-02    100.0000000000000        1.000000000000000        0.000000000000000
 k_ppt68             1    2.264284000000000       1.0000000000000000E-02    100.0000000000000        1.000000000000000        0.000000000000000
 k_ppt69             1    1.109354000000000       1.0000000000000000E-02    100.0000000000000        1.000000000000000        0.000000000000000
 k_ppt70             1   0.6117617000000000       1.0000000000000000E-02    100.0000000000000        1.000000000000000        0.000000000000000
 k_ppt71             1   0.8595809000000000       1.0000000000000000E-02    100.0000000000000        1.000000000000000        0.000000000000000
 k_ppt72             1    3.520563000000000       1.0000000000000000E-02    100.0000000000000        1.000000000000000        0.000000000000000
 k_ppt73             1    1.642156000000000       1.0000000000000000E-02    100.0000000000000        1.000000000000000        0.000000000000000
 k_ppt74             1    1.119896000000000       1.0000000000000000E-02    100.0000000000000        1.000000000000000        0.000000000000000
 k_ppt75             1    1.453581000000000       1.0000000000000000E-02    100.0000000000000        1.000000000000000        0.000000000000000
 k_ppt76             1   0.4961775000000000       1.0000000000000000E-02    100.0000000000000        1.000000000000000        0.000000000000000
 k_ppt77             1   0.3037167000000000       1.0000000000000000E-02    100.0000000000000        1.000000000000000        0.000000000000000
 k_ppt78             1   0.7478654000000000       1.0000000000000000E-02    100.0000000000000        1.000000000000000        0.000000000000000
 k_ppt79             1    1.417693000000000       1.0000000000000000E-02    100.0000000000000        1.000000000000000        0.000000000000000
 k_ppt80             1    3.803553000000000       1.0000000000000000E-02    100.0000000000000        1.000000000000000        0.000000000000000
 k_ppt81             1    1.538145000000000       1.0000000000000000E-02    100.0000000000000        1.000000000000000        0.000000000000000
 k_ppt82             1    1.552303000000000       1.0000000000000000E-02    100.0000000000000        1.000000000000000        0.000000000000000
 k_ppt83             1    1.316841000000000       1.0000000000000000E-02    100.0000000000000        1.000000000000000        0.000000000000000
 k_ppt84             1   0.8073998000000000       1.0000000000000000E-02    100.0000000000000        1.000000000000000        0.000000000000000
 k_ppt85             1   0.7934549000000000       1.0000000000000000E-02    100.0000000000000        1.000000000000000        0.000000000000000
 k_ppt86             1   0.4785088000000000       1.0000000000000000E-02    100.0000000000000        1.000000000000000        0.000000000000000
 k_ppt87             1   0.3265762000000000       1.0000000000000000E-02    100.0000000000000        1.000000000000000        0.000000000000000
 k_ppt88             1    1.554406000000000       1.0000000000000000E-02    100.0000000000000        1.000000000000000        0.000000000000000
 k_ppt89             1    2.269643000000000       1.0000000000000000E-02    100.0000000000000        1.000000000000000        0.000000000000000
 k_ppt90             1    1.906608000000000       1.0000000000000000E-02    100.0000000000000        1.000000000000000        0.000000000000000
 k_ppt91             1    2.098207000000000       1.0000000000000000E-02    100.0000000000000        1.000000000000000        0.000000000000000
 k_ppt92             1    1.997973000000000       1.0000000000000000E-02    100.0000000000000        1.000000000000000        0.000000000000000
 k_ppt93             1    1.222352000000000       1.0000000000000000E-02    100.0000000000000        1.000000000000000        0.000000000000000
 k_ppt94             1   0.2594444000000000       1.0000000000000000E-02    100.0000000000000        1.000000000000000        0.000000000000000
 k_ppt95             1   0.3714633000000000       1.0000000000000000E-02    100.0000000000000        1.000000000000000        0.000000000000000
 k_ppt96             1   0.5652335000000002       1.0000000000000000E-02    100.0000000000000        1.000000000000000        0.000000000000000
 k_ppt97             1   0.6031575000000000       1.0000000000000000E-02    100.0000000000000        1.000000000000000        0.000000000000000
 k_ppt98             1    1.438624000000000       1.0000000000000000E-02    100.0000000000000        1.000000000000000        0.000000000000000
 k_ppt99             1   0.9554208000000000       1.0000000000000000E-02    100.0000000000000        1.000000000000000        0.000000000000000
 k_ppt100            1   0.6365019000000000       1.0000000000000000E-02    100.0000000000000        1.000000000000000        0.000000000000000
 k_ppt101            1   0.3723729000000000       1.0000000000000000E-02    100.0000000000000        1.000000000000000        0.000000000000000
 k_ppt102            1   0.2969166000000000       1.0000000000000000E-02    100.0000000000000        1.000000000000000        0.000000000000000
 k_ppt103            1   0.5765307000000000       1.0000000000000000E-02    100.0000000000000        1.000000000000000        0.000000000000000
 k_ppt104            1   0.4155147000000000       1.0000000000000000E-02    100.0000000000000        1.000000000000000        0.000000000000000
* model input files
 hk.tpl  hk.pts
* eigenvector matrix
 -6.6226786682773064E-04 -4.1984430834876104E-03  2.8244063688656352E-03 -6.2020042614102384E-03  3.4255799217620620E-04
  1.6798366960014362E-02 -3.2827767612086516E-02  2.0133066125049804E-02 -2.7225521753773612E-02  2.6451355308525040E-02
 -3.3812474480045776E-03  3.9855545551265128E-02
 -6.7473289325070632E-04 -4.8855918172178464E-03  3.4532552982394188E-03 -7.6619959272456688E-03  4.3811232288426512E-04
  2.1865911436574344E-02 -4.2530949610978808E-02  2.6170661959640856E-02 -3.5554454228097200E-02  2.3085377736428032E-02
 -7.0422632701564656E-03  3.1570764796449492E-02
  6.2062038434989120E-05 -1.9423034000515728E-04  3.7979759711852392E-04 -6.4632167284473144E-04 -4.1340866369323472E-04
  3.7719147048398912E-03 -8.4539680810781936E-03  5.8569182913680568E-03 -7.9723699811146064E-03 -8.0518207405397536E-03
 -4.1355731264267704E-03 -1.2336748322782720E-02
  6.9640119256085736E-05  5.1442609243504824E-04 -1.6717681929404320E-04  8.1482831744204336E-04 -7.0564536333366784E-04
 -9.7563421502102640E-04  2.2135631353072640E-04  1.5260140979775384E-03 -2.1013174146397260E-03 -3.5321317034501776E-02
 -7.0987479802410504E-03 -5.0356269703907616E-02
  7.2588961449710528E-05  4.9231874347135080E-04 -3.2635307332896180E-04  7.2513506568561968E-04 -1.3456198207855218E-04
 -1.6436119035478506E-03  3.1937271457317712E-03 -1.6788564676119110E-03  2.2617542946303908E-03 -1.3241619023930016E-02
 -1.7019313973285218E-03 -1.8832321654063864E-02
  4.3514473266073624E-05  2.2171844843584408E-04 -1.5049350793199136E-04  2.8724980307690120E-04 -3.6507648442550808E-06
 -6.1624571763863216E-04  1.3258340081996000E-03 -8.8537636395925168E-04  1.1998698323948586E-03 -8.9761035092456928E-04
  2.0096631718512208E-04 -1.3682527556477812E-03
  3.7272457028345568E-05  2.7672769941709520E-04 -2.0821117221435772E-04  4.4909115178982752E-04  1.6641201637660852E-05
 -1.4303992012854516E-03  2.8229729642560840E-03 -1.8131047355119668E-03  2.4790800387417588E-03  1.8343668891194612E-03
  1.1022282090963348E-03  2.5503613809737020E-03
  1.7349770978855664E-04  1.0961727050621908E-03 -8.5968844198993024E-04  1.6306128320484980E-03  1.8606587416084024E-04
 -4.7501666855318888E-03  1.0139891751567000E-02 -7.0804619606492568E-03  9.6637737486807248E-03  1.0269393043469862E-02
  5.0097790477258672E-03  1.6007664395838838E-02
 -2.1611873518083448E-03 -1.2572972549966510E-02  8.1344126435123680E-03 -1.7833592793321022E-02  1.5205418698123062E-03
  4.4681579964727280E-02 -8.6205589273856496E-02  5.2596255983036648E-02 -7.1153190309273816E-02  7.4733386366073392E-02
 -7.7735302753730960E-03  0.1130329125355645
 -1.2500236832582624E-03 -7.4769672834365456E-03  4.7640201827195128E-03 -1.0979989303085792E-02  1.5890917897006930E-03
  2.7079554667302944E-02 -4.9898984862513176E-02  2.9868239009790796E-02 -4.0622729688142384E-02  3.6249674931332024E-02
 -6.3258385656945808E-03  4.8346555259126000E-02
  4.1045815673070472E-03  9.0306383741247888E-03 -2.2086888723602976E-04  2.9592589562687568E-03 -8.6759246360603664E-03
  4.2578003493443008E-02 -0.1022339862061298      6.9739538863088704E-02 -9.6202007718174464E-02 -0.1075925662906216
 -5.3808912526337568E-02 -0.1779271487992800
 -2.4442874488402976E-04 -2.6222496385732792E-04  2.1138746589576200E-04  4.6003253695835144E-04 -7.5724663257509872E-04
 -2.8608948141787904E-03  2.7808245895234648E-03  9.5053896399173024E-04 -1.2641462088470912E-03 -4.7504344007110040E-02
 -8.7479200962405664E-03 -6.5826216166398456E-02
 -1.0633608390430090E-04  2.8779785613615668E-04 -3.6127299343519904E-04  9.6284287682540976E-04 -2.6068000908771328E-04
 -3.7071616565605008E-03  7.1022309999777496E-03 -3.1535762150641920E-03  4.2740475162734784E-03 -4.1175433142975480E-02
 -5.9488243479453864E-03 -5.7244319554489224E-02
  2.1029553822915684E-04  8.7513026327690048E-04 -5.6280036324939344E-04  9.6207020734094032E-04  1.0797944630521662E-05
 -1.4387843944654660E-03  3.5667218161870620E-03 -2.6563944763303860E-03  3.5570938133366080E-03 -1.8986450441686216E-03
  6.3738687388422992E-04 -3.4449076416821084E-03
 -9.4397335280923456E-05  1.7289045558235774E-03 -1.4870885265292192E-03  4.3379372569185176E-03  1.1915009205128492E-04
 -1.9920819631735480E-02  3.5792358907184352E-02 -2.0908266721013024E-02  2.8825624585846808E-02  3.0882843517199180E-02
  1.5005995484204898E-02  4.2619046630384712E-02
  5.6583959348375904E-04  4.2551464565509752E-03 -3.4906570577243116E-03  6.8392236460569048E-03  8.3507487685337136E-04
 -2.1842155352351724E-02  4.5659167834953064E-02 -3.1411124482804516E-02  4.2994856811892656E-02  4.8682431830687736E-02
  2.3060629667854236E-02  7.6549304218961680E-02
  9.4370028991625664E-04 -6.7673383990081120E-04  2.9949218912497868E-03 -4.0585126593471568E-03 -5.2611706650623600E-03
  3.4097245171433804E-02 -8.1876567787017264E-02  5.2612560945197704E-02 -7.1221136564342080E-02  6.9049638099549200E-02
 -8.2693415376558672E-03  0.1212107222325042
  2.0744039330218864E-03 -1.1721952453207998E-03  4.7434562989837056E-03 -1.0184024519872294E-02 -4.1610351983568440E-03
  6.5388313712204592E-02 -0.1371888454229974      8.2677196385322672E-02 -0.1129329732988693      0.1171751146831166
 -1.5684965494365054E-02  0.1615385358506353
  1.3026715122360600E-02  4.2381385568686480E-02 -1.7242072981196230E-02  3.8091648664578360E-02 -1.5925594852059054E-02
  7.5765830124582880E-03 -4.1462423563400640E-02  2.3560793516213796E-02 -3.5014241043452564E-02 -2.5919904197436900E-02
 -2.5150176616616064E-02 -8.5604302916163808E-02
  1.5698897702655614E-03  6.9406539080703272E-03 -3.0357960142532880E-03  8.3023326202875040E-03 -3.7221019987325128E-03
 -9.7033923555085840E-03  1.0759470245348576E-02 -1.1933326742762190E-03  9.6816534514771824E-04 -0.1360126793096271
 -2.6419787867103588E-02 -0.2059324177902098
  9.2567837728554928E-04  3.4782745175129848E-03 -2.0527220145058416E-03  3.2979291176265424E-03 -3.6454786019962576E-04
 -1.2872066710568004E-03  5.7520345919706016E-03 -4.5853243080344240E-03  5.7371990555395168E-03 -4.6416383597422208E-02
 -7.8203865291095344E-03 -7.2428545000230880E-02
  3.7584280930946568E-03  1.2137927437045286E-02 -7.1218197698856640E-03  9.6692080301411168E-03  4.0016669962745504E-04
  3.7699114008098584E-03  8.4291177398344480E-03 -1.6113032763977762E-02  2.0562861003531668E-02  8.3381826763171888E-03
  4.9677951116436984E-03 -1.5553062294227638E-03
  2.1676206484379344E-03  1.0490587131558292E-02 -7.3043870193490656E-03  1.3420467821850524E-02  1.1030166275356584E-03
 -3.1802876933319956E-02  6.9450462599525520E-02 -5.0011601839855288E-02  6.7994784081163256E-02  8.2084530377025264E-02
  3.5870355975719788E-02  0.1150508763156459
  8.2157023077295152E-03  3.0118931522487820E-02 -2.1604721262973020E-02  2.8598834957053248E-02  5.1838801936314520E-03
 -1.7814460243593344E-02  9.2328324441038096E-02 -9.6892400529871776E-02  0.1297624296968544      0.1218067923886399
  6.3308247227282400E-02  0.2218555388546361
  5.8175285193155336E-02  0.2227155396620547     -9.7340134396283920E-02  0.2554472326812529     -0.1184742017058331
 -0.2075385309918991      0.1243718953157080     -2.9873961407710760E-02  3.9612767638494344E-02 -0.2181893446742462
 -2.1471400010266364E-02 -6.9386250804978360E-02
  5.7075993401158520E-02  0.2127506748086361     -9.4684430553578080E-02  0.2338206448801050     -9.7854731188732560E-02
 -0.1752561455288750      0.1286483863406896     -5.3752912728389248E-02  6.9040756932124008E-02 -0.1616124085524677
 -1.3821035594958146E-02 -0.1434311291570759
  6.6605868115563264E-02  0.2242273672224371     -9.7856920437291168E-02  0.2100339688875889     -6.9575485121458336E-02
 -4.7265668229704272E-02 -1.4284807144562112E-02 -1.9019036963035288E-02  1.1951479058854888E-02  0.1587232573088641
 -1.0206193582503136E-02 -1.4089676846607666E-02
  3.4263154347071932E-02  0.1065824265555327     -4.9759552601470912E-02  8.3795857006357104E-02 -1.4012031983581574E-02
  4.6284638422117576E-02 -5.7883351658724536E-02 -1.9984238833707792E-02  1.5092220828260598E-02  0.3358029037936432
  2.2251513380526800E-02  0.2121559347668459
  1.1787749942527428E-02  3.5406110538275628E-02 -1.7819077780998386E-02  2.5385783537361160E-02 -1.4928888645063284E-03
  2.7798929488304180E-02 -2.4867818969032120E-02 -1.1444253592821216E-02  1.0974654255805634E-02  0.1242452859085326
  1.0845868350331244E-02  8.6544704053007488E-02
  5.0669900762118704E-03  1.4683457167181794E-02 -8.2234834653292112E-03  9.4022033926523424E-03  6.6583458446409824E-04
  1.8995213363723624E-02 -1.4200558692655760E-02 -6.6895740902732816E-03  7.1519763526324928E-03  1.8058564342391912E-02
  1.4417138967696762E-03  6.8233310039150208E-03
  1.3014782247200822E-02  3.5351176454657440E-02 -2.1246486979929520E-02  1.8033884671761212E-02  3.8341125260852864E-03
  8.3731840690582672E-02 -8.1272601747344704E-02 -2.6617499748820992E-03 -1.8966272598955112E-03 -4.3459061222515288E-02
 -1.4567949866975282E-02 -4.9284624180138888E-02
  3.4856836366280848E-02  9.3298164793919712E-02 -5.9060269722896888E-02  4.4735357437765952E-02  1.3041817383513750E-02
  0.2446685901145859     -0.2282554074792716     -1.2275843205844750E-02  1.8087552913148464E-03 -0.1643727376633162
 -4.0650405387100616E-02 -0.1203390541911790
  2.3719317532918096E-02  9.3124286113236480E-02 -3.9567755814783664E-02  0.1117893605900202     -5.9170542016295976E-02
 -9.0290825457855888E-02  2.7423695975124972E-02  1.2120076097120834E-02 -1.5382829432432234E-02 -8.7780935266173872E-02
 -1.3242761485981588E-02  5.2340367240398696E-02
  8.1551551902644192E-02  0.3081352206906136     -0.1354869724982205      0.3537242538417867     -0.1770120048242617
 -0.2452858630120310      7.7501220038340256E-02  1.9915022567663392E-02 -2.5499900824509268E-02 -0.1657267531624178
 -2.1523950728027052E-02  0.1065544430218835
  4.1967305125826808E-02  0.1362088629485483     -5.6078022148880360E-02  0.1203380154451417     -3.4894973768436364E-02
 -2.6712216067584056E-02 -8.4910992120339712E-03 -8.7484270329943984E-03  4.0875768862671184E-03  0.1245075616879855
  5.1981296882993208E-03 -4.2450938529342360E-03
  6.4485471412332128E-02  0.2058219535710620     -9.3928342958246736E-02  0.1626662706906754     -2.1924173705763048E-02
  8.0922359219207200E-02 -0.1039511931553906     -4.4670275271733048E-02  2.6981970188453436E-02  0.5747457833321010
 -3.6459359089257040E-02 -6.6499375932162792E-02
  3.2049551763488352E-02  9.7703319863023360E-02 -4.9265676051964816E-02  6.9579887614924864E-02 -3.0819153552893284E-03
  8.2157828521128528E-02 -7.6038352264818240E-02 -2.5202230019505240E-02  1.6678831529758648E-02  0.2881011851361660
 -1.6284156541245522E-02 -2.5200393450300432E-02
  1.7656287908360074E-02  4.8660382368939848E-02 -2.6819290364056612E-02  2.7816585582131360E-02  3.2808487750773752E-03
  7.1573784491591408E-02 -5.7896451516652288E-02 -1.1396997135280750E-02  9.4603674508699648E-03  4.9612867904097200E-02
  1.6210685861691770E-03 -8.6963313316053216E-03
  2.7703205708439556E-02  7.7616309350318416E-02 -4.8802000905609672E-02  4.2034471387079984E-02  1.1462537981094172E-02
  0.1844242697949048     -0.1660071555755802     -3.5713821111787072E-02  3.6666085097183072E-02 -8.0856572769715584E-02
 -1.0847685121470598E-02 -1.9000460413126872E-02
  5.1688035718658936E-02  0.1394133850511760     -9.3691411795750432E-02  6.7682766030096920E-02  2.4606691414312968E-02
  0.3694258371331587     -0.3069561962937558     -6.0629875586461216E-02  6.0298613865242912E-02 -0.2306542083091941
 -3.2558102818498940E-02 -3.1885521566502468E-02
  2.4662736395971052E-02  8.6542442126148832E-02 -2.6956594808901676E-02  8.9115513736777280E-02 -4.0299059651235016E-02
 -7.3951908537488384E-02 -2.0866303826266480E-03  3.1011220702372232E-02 -4.2638450321855104E-02 -6.3117235196700800E-02
 -1.0342530053519070E-02  0.1173737396375807
  1.3122915171866656E-02  4.4117346673561400E-02 -1.5432944726185292E-02  4.4052788022975544E-02 -2.0340734593477032E-02
 -2.9318066983560716E-02 -3.5838751466125420E-03  1.5703683852733324E-02 -2.0167895499047932E-02 -1.5884992685796882E-02
  3.9355926764618488E-03  5.5072919135650680E-02
  2.4461303036263736E-02  6.6353146683244184E-02 -2.0687355431294108E-02  3.9333130288721752E-02  3.3866511099628344E-03
 -3.6527704178980520E-03  6.4119428935184792E-03 -7.2362014116922624E-03  8.6699855379280704E-03  4.9114818782510152E-02
  3.3321066515788464E-02 -2.5311383873033264E-02
  1.7898075734843452E-02  5.2358469217349960E-02 -2.1305870596715668E-02  3.3929898358983732E-02  2.3757099837669008E-03
  2.0399065586791520E-02 -1.5826672625856194E-02 -1.2096901989347062E-02  8.4464605018103760E-03  0.1161554729949259
 -5.9862467299886520E-03 -0.1330381281526024
  2.1907794972976524E-02  6.1465170083822024E-02 -2.8481486470072712E-02  3.7162540137712352E-02  1.2638933674958794E-03
  4.7951890306990040E-02 -4.0101843499222848E-02 -6.2836597111459880E-05 -9.1290915725876848E-03  0.1425070237689056
 -1.3070991194019260E-02 -0.1676118895606854
  1.4004845099070304E-02  3.2910400105719828E-02 -1.6566672341945764E-02  1.2658416234023568E-02  3.4427209857377804E-03
  4.2995079532888608E-02 -2.6023013628522236E-02  8.5657359165309504E-03 -1.1931542803620994E-02  2.4675355979282428E-02
  1.3899354007838344E-02 -2.1268156659610376E-02
  2.8497981723943920E-02  7.4095684666470416E-02 -4.8110949561801664E-02  3.4672864033682792E-02  1.4383236033986244E-02
  0.1610667597927489     -0.1059661516768598     -4.3205986235909536E-02  5.2258260129458728E-02 -5.6307931969701576E-02
  2.3806634538319752E-02  6.8592780712874504E-02
  6.6778539127034688E-02  0.1642524756375996     -0.1173425420459248      6.3728383261485024E-02  3.3439089524020740E-02
  0.4051302769552050     -0.2261346699501991     -6.7981261491923224E-02  7.2513582067951168E-02 -0.2060075029761256
 -9.4961512870158384E-04  0.1166208255483268
  3.7810093819445248E-02  7.3644966162813056E-02  1.5286335503460940E-02 -2.9340390511576968E-02  0.1047994692415696
  2.8192022000180664E-04  6.2028771233230136E-02 -6.6581037834175504E-02  7.2713923286577376E-02  2.0760952114488476E-02
  4.0349320405943456E-02 -0.1382257108674440
  1.5724809243051356E-02  2.8793285637697908E-02  4.9950003098994296E-03 -1.4379177882381072E-02  4.2910237926784064E-02
  6.3341891991774424E-03  2.6512332529901556E-02 -2.6883606522061876E-02  3.2327840553574052E-02  1.4235506264288626E-02
  3.1112098868221784E-02 -5.9327528042917664E-02
  3.5255355701686788E-02  6.8341896399198536E-02 -4.3981744872924256E-03 -5.3346473130549784E-03  5.0565129406892024E-02
  1.1747322860037586E-02  3.6753619105977832E-02 -1.3806752059158072E-02  2.7466552836572020E-02  1.0353219508091728E-02
  0.1249609322014415      3.6267935049430784E-03
  3.6037588996807904E-02  5.7909322969238352E-02 -6.7525971071925128E-03 -1.6049225968356634E-02  3.3772079288151888E-02
  2.1184211781609952E-02  3.5520504234634152E-02  3.5920471037528864E-02 -1.5372932279804928E-02 -7.6430416954275664E-02
  0.2419656246651787      0.2654228445501798
  2.5185686025439212E-02  3.8876687090856160E-02 -7.7341613073264496E-03 -1.1413165061656194E-02  1.6303547746570554E-02
  2.3956445585772972E-02  1.3752323621472236E-02  4.7469990094722752E-02 -3.9052527040571360E-02 -5.2674270638105560E-02
  0.1647538028783585      0.1824172985453633
  1.4094799730156794E-02  2.4070708841723732E-02 -9.6618758334146720E-03 -1.7333538419035826E-03  4.3690854200520688E-03
  2.2530020276490444E-02  4.3317151913822056E-03  3.4234149821875252E-02 -3.8781226571728216E-02  5.5449719399011712E-03
  4.0925644358036016E-02 -2.0785276509143788E-03
  2.6770900402904860E-02  3.9617006968649288E-02 -1.9624873895541868E-02 -1.3172155135056098E-02  2.9653938658323476E-03
  3.7335403117584096E-02  4.5632177892614376E-02  0.1086581777716047     -0.1377930123393053      3.3229702630764324E-02
  1.4380485155084684E-02 -0.1016263153574168
  4.3041145425995480E-02  6.5736909368437128E-02 -4.2057099103833456E-02 -1.9138856303284924E-02  5.5046813652977976E-03
  9.4687317422538656E-02  6.7592949796975816E-02  0.1543333939739644     -0.2037704273690076      2.2034762047858200E-02
 -2.0038107576325920E-02 -0.1429632134350132
  0.1509563726384016      0.2878940768512256      0.1256579508595669     -0.1716186039948782      0.4937184349186698
 -3.4919426939381984E-02  0.1464526218533830     -0.2028985296487808      0.1620880453661418      4.0196247718568304E-02
  8.1052856604681392E-03 -0.2691858256472436
  4.7159105503668888E-02  8.9018695038723712E-02  3.6167359985635832E-02 -5.2704121964686040E-02  0.1511667321529053
 -8.5656527276153264E-03  3.8955598721750816E-02 -4.5149916328778624E-02  3.9092223706311696E-02  6.4889959905734376E-03
  3.7533105592137680E-02 -4.7444527629738432E-02
  1.7720674861894722E-02  2.8746378069567692E-02  6.0918022221135344E-03 -1.2737125184331768E-02  2.9612740844299100E-02
  1.2166275527149388E-03  1.1405385121620118E-02  3.7369906827612248E-03  2.2957827063355908E-03 -9.1592868053363072E-03
  6.3704789657298952E-02  2.3650997706828876E-02
  3.9825019907224552E-02  6.1485935703891632E-02  1.2316626345481790E-03 -2.5489255652752824E-02  4.2548749682984264E-02
  1.6027699273076380E-02  2.6563694507518716E-02  5.7184057752064088E-02 -3.3342305203278544E-02 -6.4537760098208064E-02
  0.3521087367937699      0.1550672795182497
  3.3326523164457828E-02  4.9333845279995152E-02 -8.1705250600692944E-03 -2.0595398164707016E-02  2.4206296978668636E-02
  2.4338942623158360E-02  2.4414111039145388E-02  7.2686730629917264E-02 -5.5851863632735896E-02 -5.1674707556632504E-02
  0.3110080770427153      0.1205566138637798
  1.3513314017948322E-02  1.8492718219678536E-02 -7.9076566978137184E-03 -7.9135387713872048E-03  4.5004963464626232E-03
  1.5998777381953784E-02  1.8222347709746936E-02  3.5285842099569668E-02 -3.5535315715645028E-02 -3.3092468689780792E-03
  5.3176500534249864E-02  9.5731018339332976E-03
  1.6398447563922326E-02  2.3020155034567532E-02 -1.6254268744187554E-02 -1.1438469329124684E-02  4.1962567042983560E-03
  3.3350991704605460E-02  5.7258463385315104E-02  6.2001979308633352E-02 -7.8694386853301424E-02  9.4695811770657712E-03
  2.6989770634927696E-03 -2.0911008801905608E-02
  8.9378343166219648E-02  0.1205872658550743     -0.1010013837334852     -6.6106764368627072E-02  1.3582479606620192E-02
  0.1933909719391505      0.2852619690344481      0.3101888517938583     -0.4191127431333592      4.3558901856344544E-02
 -8.9189620336301376E-02 -0.1434402893769016
  0.1248468616658069      0.1995129476098523      0.1136143895580215     -0.1256639594458493      0.2634255054763413
 -4.2983539599375736E-02  5.5609231743091664E-02 -9.2543413464894912E-02  3.4632106507635604E-02 -1.7703768102338806E-02
 -8.5287612966863968E-02  2.2029997765729128E-02
  0.1278448832655455      0.2276179102825136      0.1282455973531801     -0.1184962399486445      0.3226180849801599
 -9.6193373160448432E-02 -4.2390671200334792E-03 -2.1942337203511492E-02 -3.9594793749122560E-02 -6.4369084377542752E-02
 -0.1520741262570849      0.2110975341082232
  0.1065956062879251      0.1300388612909736      6.5087830202273392E-02 -8.4435179937414448E-02  9.9434403314548480E-02
 -2.9799692225444484E-02  6.3574885216187384E-03  6.2040812666479544E-02 -1.6108449251068274E-02 -6.0596014466023480E-02
  5.3210151686363152E-02  0.1978805709012696
  6.4271334535759728E-02  8.4210350447702560E-02  1.4047769227697570E-02 -3.9130162150667168E-02  4.0222267224358312E-02
  5.9306598289974152E-03  1.8012605368082310E-03  0.1016880652962152     -3.8824938623453440E-02 -2.8823780338328560E-02
  0.4687455534348768      1.7236365219859780E-02
  2.7177142352134776E-02  3.4943663622169940E-02 -7.6532840891440064E-03 -1.6516534478963914E-02  1.1614122068854718E-02
  1.4207907064401548E-02  1.0834319317558894E-02  5.5437569994352096E-02 -2.4379098309325976E-02 -7.3458678900170944E-03
  0.2617447172111476     -1.9007510308246760E-02
  3.3463978914007508E-02  3.0628486617550148E-02 -1.7635373229664454E-02 -2.7880656532844112E-02  8.3449205061929360E-04
  2.2282032246551316E-02  3.4019786932036196E-02  6.0124452689731856E-02 -3.6806322497563640E-02 -8.9346925536189088E-03
  6.3983528538613152E-02  2.7719217563898500E-02
  3.5608644668768800E-02  4.1582881057575080E-02 -4.1161217860269776E-02 -2.9812491323946068E-02  6.2376606939546464E-03
  7.8579117774684032E-02  0.1230469792336887      8.6329390496119360E-02 -0.1035167710375926     -6.1687415032730264E-03
 -3.1567043893099960E-02  4.2618788817731024E-02
  9.8144294770666176E-02  0.1031577238713648     -0.1135014023841805     -9.2239654272597872E-02  1.7466434652617926E-03
  0.1668881773371813      0.2661020831584562      0.2133880026713050     -0.2986485127779993      2.4393808880230192E-03
 -0.1236976088358593      3.1678463575552604E-02
  0.1172345286271801      1.6232996535700316E-02  2.3178771869670928E-02 -0.1026552934343376     -0.1859254011410876
  0.1220330694823007      0.1417593006410908     -7.1622108616847552E-02  0.1483978555240713      3.3960477274237252E-02
  0.1619375542433745     -0.1377101638022482
  0.1070979457474134      2.9566265091825268E-02  3.3679553948168316E-02 -9.5351285108137296E-02 -0.1515755530259549
  8.6295096407648048E-02  0.1018677401993184     -2.6749568657154128E-02  0.1131708070055196      1.0491597182683064E-02
  7.7597156209527456E-02 -3.8191778782196648E-02
  0.1581937609112128      8.8928359017737248E-02  7.0106683831867576E-02 -0.1323638188400130     -6.2472517457512432E-02
  1.6283629067708968E-02  5.1877744906845824E-02  7.9208496497871456E-02  0.1021022856830238     -4.7703939222993472E-02
 -0.1985467193429466      0.2110531730696933
  7.8435106679982320E-02  3.2270307476867912E-02  2.3164306076698704E-02 -6.9345290237372088E-02 -2.9079653824253416E-02
 -8.3024413273052464E-03  1.5401364790628774E-02  8.4490865284254848E-02  7.7135554115319152E-02 -3.8407600723067568E-02
 -0.3027900645382852      0.1961757543769859
  3.7159082436165400E-02  1.4284075356390104E-02  1.0314354080281910E-03 -3.4253635473951620E-02 -1.4160162484856666E-02
 -4.5837204631910584E-03  5.3948738294686800E-03  4.9334542585926704E-02  3.3395958689757948E-02 -1.5721770823080906E-02
 -0.1182217849359168      8.0180174002886704E-02
  4.9717267419181880E-02  2.2699232326520444E-02 -1.1718994861844914E-02 -4.8809491197809736E-02 -1.7821411070780376E-02
 -1.7316121073147294E-02 -1.2848903621476992E-02  6.0023853861846712E-02  1.0139647299066574E-02 -8.8855336001002640E-03
 -2.9946885178478148E-02  3.9856567484838976E-02
  9.3484351352376576E-02  3.3266352338099500E-02 -1.8705232203289396E-02 -0.1059363217239719     -4.8508285682772368E-02
 -0.1230795079905193     -0.1523953643057602      7.4975401180211984E-02 -3.3219234317802120E-03  9.1354986269280480E-03
  5.1987999858669856E-02 -4.6718657598805640E-02
  0.1931518561260558      6.9545681504443432E-02 -5.3934580908413384E-02 -0.2111958316484482     -9.4904478225235088E-02
 -0.2277636428372073     -0.2747714367306666      0.1397110495854405     -0.1053635570133930      3.2680553766691668E-02
  8.9361430973293120E-02 -0.1443379560859909
  9.9169511691960784E-02  1.6696908888665002E-02  4.6501490239942072E-02 -9.3989641816921744E-02 -0.2050625865730383
  0.1019914595321719      0.1084381019735722     -8.7038263858273024E-02  8.3120690574904176E-02  1.9698140411884140E-02
  8.7004238669391680E-02 -7.1261852195012880E-02
  0.1158953710702116      2.9553594888286924E-02  6.3737881080581080E-02 -0.1138125421427296     -0.2315702775415321
  0.1048593079344908      0.1117723610275388     -7.0503881747734032E-02  9.7278429218267904E-02  1.2454774615172244E-02
  4.3953631783845288E-02 -3.4439336759918304E-02
  0.1124978284180939      1.9359147127148200E-02  2.4398900648634848E-02 -8.2423190211375520E-02 -0.1024355955361122
  4.0708572536883168E-02  5.7631694641557232E-02  5.0415078965790648E-02  0.1202557705600567     -9.7095969710411328E-03
 -0.1036655434154768      6.3942241688967160E-02
  5.3939536041849400E-02  1.4368398649814926E-02  1.0095528358837136E-02 -4.4949092704384552E-02 -3.3150323713827008E-02
  2.1321354743698036E-03  1.2217241067780490E-02  0.1040338759349994      0.1090936212553837     -1.1805608833164576E-02
 -0.1537119098499077      7.5671498250301168E-02
  4.5477438494383304E-02  1.3301755734969618E-02  6.2704050310528216E-03 -3.8999875513989664E-02 -2.2848289918244880E-02
 -1.0956789124851496E-02 -5.8979719000529608E-03  9.8886143274424048E-02  8.4698768433633632E-02 -9.4697684098815840E-03
 -0.1270278647294290      6.1161529378682480E-02
  3.1952776732003280E-02  7.7644168175140576E-03 -1.6527263164639258E-03 -2.7677050938175436E-02 -1.4188183291059910E-02
 -2.0053237620881396E-02 -2.1635303790000784E-02  3.3190580002664872E-02  1.8071707745081892E-02 -3.0044824537183404E-03
 -3.1999764644447156E-02  1.7011448747708932E-02
  3.3041202568441944E-02  1.1235893275490934E-02 -1.9865802833022720E-02 -4.9366324222015272E-02 -2.1605767143891352E-02
 -4.8645513480594424E-02 -5.5663323838081344E-02  8.8616300584184992E-03  5.1865478880704400E-04  5.5901587511252576E-04
 -3.2401873353212744E-03 -3.8990212894985888E-03
  0.2114137010436086      6.3033698740333904E-02 -0.1060878993763354     -0.2835560716092191     -0.1277646508925019
 -0.3060951063517286     -0.3590352329733382      3.4761113855392552E-02 -7.0044459761432768E-02  1.7588979974250368E-02
  4.0912212058228472E-02 -8.8589121559505520E-02
  0.1946459618754394      8.2771459148624368E-03  6.3979597158416016E-02 -0.1391275737425803     -0.2900031253928925
  0.1353016426487540      0.1512105048900637     -0.1656758414363788      7.7877584614986720E-02  1.5116299168911524E-02
  5.6740008709355272E-02 -4.4592933488963512E-02
  0.1515302223851480      3.0656377617430144E-02  8.5482959160715872E-02 -0.1255076258335001     -0.2462915140877072
  0.1004116661050572      0.1103860639868157     -0.1397360863238346      4.1274336833788960E-02  3.8005362842907096E-03
 -6.4031882816767360E-03  2.5151221837413476E-03
  0.1943902003902357     -1.9714868968978572E-02  8.5082033233255024E-03 -8.9032466051438048E-02 -0.1342480071548912
  5.2786523263691232E-02  7.5137157613616976E-02  2.0095809684082948E-04  0.1112903107774877     -8.6712501587335280E-03
 -0.1118445452297358      6.3526415167160496E-02
  7.6105541788228336E-02  7.4766367150395296E-03  6.7396742310191752E-03 -4.4415350358767048E-02 -3.8503941251651648E-02
  5.4194084622046344E-03  1.0609855046994684E-02  0.1767237433322320      0.1746669940734216     -2.8414782757088128E-03
 -0.1046853467771901      3.9057135260601480E-02
  4.6219686617894240E-02  7.6773723452595920E-03  9.7124361863091776E-03 -2.7020043882915040E-02 -2.0038215159263908E-02
 -6.7690956912592576E-03 -7.3509346527182704E-03  0.1214906715658671      0.1056828499681333     -1.7451889985894710E-03
 -6.6710230079323040E-02  2.3447884212877868E-02
  3.0641430595229128E-02  4.5159175662017936E-04  3.4959465641330616E-03 -1.5400439693636302E-02 -1.0827399446178022E-02
 -1.4425487762568744E-02 -1.6559022662623292E-02  1.3947559133376012E-02  6.2840389022686072E-03 -2.0353904887514196E-03
 -2.3571324491971676E-02  1.1562912277689898E-02
  7.4550394925560816E-02  1.7548538388500838E-02 -5.0968295694529176E-02 -0.1008607976314533     -4.3942194024018760E-02
 -8.4583532360528496E-02 -8.8815547799626368E-02 -1.8693779576792220E-02 -2.8057699901588464E-02 -4.1133441065232040E-03
 -3.6757286302729240E-02  1.6672440226844294E-02
  0.1698578243756467      2.4634056410838300E-02 -5.0812457504211032E-02 -0.1675667424474183     -8.3134475269673136E-02
 -0.1791877501065263     -0.2066777838264922     -1.5874108714127568E-02 -7.0014871290475624E-02  8.9410469307234976E-04
 -2.4991421029203800E-02 -9.7937040765231664E-03
  0.2792217096952120     -0.2742296101934281     -0.3443207401162970      9.3522276892919888E-02  0.1751905533151187
  4.8089808144629696E-03  6.5700085611079136E-02  0.1242120006474213      0.1910252015255110      1.0452812942441026E-02
  5.2280250721778632E-02 -3.8110818861321888E-02
  0.3973003181807432     -0.3669420659380550     -0.4317712717160384      0.1251652718010070      0.2311630543116105
 -9.8439821630236336E-03  7.1773696745823608E-02  4.8648490030417296E-02  0.1349810300490036     -5.5524503171734128E-04
  1.1148944974144736E-02  4.4485469270735728E-03
  0.1644171510064668     -0.1053488927939844     -8.1419001797041568E-02  1.7612475808293796E-02  1.4913854198354536E-02
  3.3187436082038244E-03  2.7962394180414932E-02 -0.1572770673642549     -9.2952667378903968E-02 -1.1464936452293204E-02
 -3.3197130822514416E-02  4.3567882218301960E-02
  0.2307649599769369     -0.1436053858951806     -2.9602660101582060E-02  4.5925567821701152E-02 -2.3140137283914888E-03
 -1.3585285892761752E-02  1.0442124199083686E-02 -0.5855544650296624     -0.4787663812275298     -3.4961398668503508E-02
 -5.7068629341841184E-02  0.1141015777495987
  8.7971615593379488E-02 -4.7577434166619688E-02  2.2227200668130832E-02  2.5645444637039720E-02 -4.1729621887651120E-03
 -1.0361304640775470E-02 -9.3898961690697104E-03 -0.2148319145227343     -0.1916730186803624     -1.3219185936374358E-02
 -2.4497411370521576E-02  4.2960792024733080E-02
  4.3917221839561280E-02 -1.7568222552458168E-02  3.1407472817172452E-02  1.8096078193783100E-02 -2.8940795260036496E-03
 -3.9137448199640936E-03 -9.5994797191555472E-03 -3.6740145758209160E-02 -4.2699440928496296E-02 -3.1793795504860708E-03
 -1.2301180208570540E-02  1.1348125701539034E-02
  0.1813751521352430     -8.6157878418131264E-02  0.2657861982533256      0.1817688433447128      1.4380739227828082E-02
  2.4198012876135292E-02 -2.9868413244735492E-02  3.5046059819741876E-02 -5.4409702326508112E-02  1.5569259027750042E-03
 -5.1342176233444400E-03 -7.7341466532138496E-03
  0.4018848075150448     -0.1743357366020848      0.6239278394839910      0.4018218175879824      2.7955913260890800E-02
  2.4445545054174004E-02 -0.1190933448405370      0.2173830759762972     -3.1509406548016400E-02  1.8734209815667884E-02
  4.0877498068597640E-02 -7.8159434894743920E-02
* scale factor matrix
   1.000000000000000       1.000000000000000       1.000000000000000       1.000000000000000       1.000000000000000
   1.000000000000000       1.000000000000000       1.000000000000000       1.000000000000000       1.000000000000000
   1.000000000000000       1.000000000000000       1.000000000000000       1.000000000000000       1.000000000000000
   1.000000000000000       1.000000000000000       1.000000000000000       1.000000000000000       1.000000000000000
   1.000000000000000       1.000000000000000       1.000000000000000       1.000000000000000       1.000000000000000
   1.000000000000000       1.000000000000000       1.000000000000000       1.000000000000000       1.000000000000000
   1.000000000000000       1.000000000000000       1.000000000000000       1.000000000000000       1.000000000000000
   1.000000000000000       1.000000000000000       1.000000000000000       1.000000000000000       1.000000000000000
   1.000000000000000       1.000000000000000       1.000000000000000       1.000000000000000       1.000000000000000
   1.000000000000000       1.000000000000000       1.000000000000000       1.000000000000000       1.000000000000000
   1.000000000000000       1.000000000000000       1.000000000000000       1.000000000000000       1.000000000000000
   1.000000000000000       1.000000000000000       1.000000000000000       1.000000000000000       1.000000000000000
   1.000000000000000       1.000000000000000       1.000000000000000       1.000000000000000       1.000000000000000
   1.000000000000000       1.000000000000000       1.000000000000000       1.000000000000000       1.000000000000000
   1.000000000000000       1.000000000000000       1.000000000000000       1.000000000000000       1.000000000000000
   1.000000000000000       1.000000000000000       1.000000000000000       1.000000000000000       1.000000000000000
   1.000000000000000       1.000000000000000       1.000000000000000       1.000000000000000       1.000000000000000
   1.000000000000000       1.000000000000000       1.000000000000000       1.000000000000000       1.000000000000000
   1.000000000000000       1.000000000000000       1.000000000000000       1.000000000000000       1.000000000000000
   1.000000000000000       1.000000000000000       1.000000000000000       1.000000000000000       1.000000000000000
   1.000000000000000       1.000000000000000       1.000000000000000       1.000000000000000
