* control data
   104   104
* parameter data
  1.0222713E+00      1
  1.0155269E+00      1
  1.0100528E+00      1
  1.0045573E+00      1
  9.9957964E-01      1
  9.9334212E-01      1
  9.8459644E-01      1
  9.7360089E-01      1
  1.0574549E+00      1
  1.0463169E+00      1
  1.0260549E+00      1
  1.0078398E+00      1
  1.0002832E+00      1
  9.8846699E-01      1
  9.4340204E-01      1
  9.3566782E-01      1
  1.0799585E+00      1
  1.0702899E+00      1
  1.0410770E+00      1
  1.0165778E+00      1
  1.0176298E+00      1
  1.0257453E+00      1
  9.4569335E-01      1
  9.6316435E-01      1
  1.0259376E+00      1
  1.0244218E+00      1
  1.0512024E+00      1
  1.0730793E+00      1
  1.0938051E+00      1
  1.1303629E+00      1
  1.2558730E+00      1
  1.3474183E+00      1
  1.0463266E+00      1
  1.0496817E+00      1
  1.0729246E+00      1
  1.0375284E+00      1
  1.0719044E+00      1
  1.1914215E+00      1
  1.2689117E+00      1
  1.4132487E+00      1
  1.1020956E+00      1
  1.1172615E+00      1
  1.1728758E+00      1
  1.0639158E+00      1
  1.1044640E+00      1
  1.3097719E+00      1
  1.2932779E+00      1
  1.4628240E+00      1
  1.2531009E+00      1
  1.2913850E+00      1
  1.3986620E+00      1
  1.7640936E+00      1
  1.8390775E+00      1
  1.5924683E+00      1
  1.5978094E+00      1
  1.8142903E+00      1
  1.2304824E+00      1
  1.2813907E+00      1
  1.5052407E+00      1
  1.9858363E+00      1
  2.0655333E+00      1
  1.7299137E+00      1
  1.6829197E+00      1
  1.8873568E+00      1
  1.1810304E+00      1
  1.1961004E+00      1
  1.3933080E+00      1
  1.9304601E+00      1
  1.9715654E+00      1
  1.5182267E+00      1
  1.5571712E+00      1
  1.7015968E+00      1
  1.3390846E+00      1
  1.2932300E+00      1
  1.1543130E+00      1
  8.7458901E-01      1
  8.6719732E-01      1
  1.1006241E+00      1
  1.0377559E+00      1
  1.0800952E+00      1
  1.2757836E+00      1
  1.2029043E+00      1
  1.0329489E+00      1
  9.1069389E-01      1
  8.8550713E-01      1
  9.3460234E-01      1
  9.7819165E-01      1
  9.8015086E-01      1
  1.1110438E+00      1
  1.0719790E+00      1
  9.3615332E-01      1
  9.7697200E-01      1
  9.4934803E-01      1
  8.5914383E-01      1
  9.4412210E-01      1
  8.9625105E-01      1
  6.8719081E-01      1
  6.7224581E-01      1
  6.7633020E-01      1
  5.4372556E-01      1
  5.2234117E-01      1
  6.0977822E-01      1
  5.7220937E-01      1
  5.2945823E-01      1
* "x" matrix
      1      1   1.000000000000000
      2      2   1.000000000000000
      3      3   1.000000000000000
      4      4   1.000000000000000
      5      5   1.000000000000000
      6      6   1.000000000000000
      7      7   1.000000000000000
      8      8   1.000000000000000
      9      9   1.000000000000000
     10     10   1.000000000000000
     11     11   1.000000000000000
     12     12   1.000000000000000
     13     13   1.000000000000000
     14     14   1.000000000000000
     15     15   1.000000000000000
     16     16   1.000000000000000
     17     17   1.000000000000000
     18     18   1.000000000000000
     19     19   1.000000000000000
     20     20   1.000000000000000
     21     21   1.000000000000000
     22     22   1.000000000000000
     23     23   1.000000000000000
     24     24   1.000000000000000
     25     25   1.000000000000000
     26     26   1.000000000000000
     27     27   1.000000000000000
     28     28   1.000000000000000
     29     29   1.000000000000000
     30     30   1.000000000000000
     31     31   1.000000000000000
     32     32   1.000000000000000
     33     33   1.000000000000000
     34     34   1.000000000000000
     35     35   1.000000000000000
     36     36   1.000000000000000
     37     37   1.000000000000000
     38     38   1.000000000000000
     39     39   1.000000000000000
     40     40   1.000000000000000
     41     41   1.000000000000000
     42     42   1.000000000000000
     43     43   1.000000000000000
     44     44   1.000000000000000
     45     45   1.000000000000000
     46     46   1.000000000000000
     47     47   1.000000000000000
     48     48   1.000000000000000
     49     49   1.000000000000000
     50     50   1.000000000000000
     51     51   1.000000000000000
     52     52   1.000000000000000
     53     53   1.000000000000000
     54     54   1.000000000000000
     55     55   1.000000000000000
     56     56   1.000000000000000
     57     57   1.000000000000000
     58     58   1.000000000000000
     59     59   1.000000000000000
     60     60   1.000000000000000
     61     61   1.000000000000000
     62     62   1.000000000000000
     63     63   1.000000000000000
     64     64   1.000000000000000
     65     65   1.000000000000000
     66     66   1.000000000000000
     67     67   1.000000000000000
     68     68   1.000000000000000
     69     69   1.000000000000000
     70     70   1.000000000000000
     71     71   1.000000000000000
     72     72   1.000000000000000
     73     73   1.000000000000000
     74     74   1.000000000000000
     75     75   1.000000000000000
     76     76   1.000000000000000
     77     77   1.000000000000000
     78     78   1.000000000000000
     79     79   1.000000000000000
     80     80   1.000000000000000
     81     81   1.000000000000000
     82     82   1.000000000000000
     83     83   1.000000000000000
     84     84   1.000000000000000
     85     85   1.000000000000000
     86     86   1.000000000000000
     87     87   1.000000000000000
     88     88   1.000000000000000
     89     89   1.000000000000000
     90     90   1.000000000000000
     91     91   1.000000000000000
     92     92   1.000000000000000
     93     93   1.000000000000000
     94     94   1.000000000000000
     95     95   1.000000000000000
     96     96   1.000000000000000
     97     97   1.000000000000000
     98     98   1.000000000000000
     99     99   1.000000000000000
    100    100   1.000000000000000
    101    101   1.000000000000000
    102    102   1.000000000000000
    103    103   1.000000000000000
    104    104   1.000000000000000
