 single point
 k_ppt1               0.8413500        1.000000        0.000000    
 k_ppt2               0.2007368        1.000000        0.000000    
 k_ppt3               0.6062143        1.000000        0.000000    
 k_ppt4               0.2921110        1.000000        0.000000    
 k_ppt5               0.4480940        1.000000        0.000000    
 k_ppt6               0.2870927        1.000000        0.000000    
 k_ppt7               0.3228451        1.000000        0.000000    
 k_ppt8               0.1852427        1.000000        0.000000    
 k_ppt9                1.031811        1.000000        0.000000    
 k_ppt10              0.1345274        1.000000        0.000000    
 k_ppt11              0.3067476        1.000000        0.000000    
 k_ppt12              0.4152336        1.000000        0.000000    
 k_ppt13              0.6565053        1.000000        0.000000    
 k_ppt14              0.7304060        1.000000        0.000000    
 k_ppt15              0.6150507        1.000000        0.000000    
 k_ppt16              0.4100767        1.000000        0.000000    
 k_ppt17              0.6774955        1.000000        0.000000    
 k_ppt18              0.2351402        1.000000        0.000000    
 k_ppt19              0.1661486        1.000000        0.000000    
 k_ppt20              0.2931364        1.000000        0.000000    
 k_ppt21              0.8725147        1.000000        0.000000    
 k_ppt22              0.9467884        1.000000        0.000000    
 k_ppt23              0.7624657        1.000000        0.000000    
 k_ppt24              0.3580382        1.000000        0.000000    
 k_ppt25              0.9560912        1.000000        0.000000    
 k_ppt26              0.8426169        1.000000        0.000000    
 k_ppt27              0.4787853        1.000000        0.000000    
 k_ppt28              0.6468309        1.000000        0.000000    
 k_ppt29               1.116588        1.000000        0.000000    
 k_ppt30              0.6427579        1.000000        0.000000    
 k_ppt31              0.8191553        1.000000        0.000000    
 k_ppt32              0.9341571        1.000000        0.000000    
 k_ppt33              0.5363296        1.000000        0.000000    
 k_ppt34               1.161860        1.000000        0.000000    
 k_ppt35              0.8980078        1.000000        0.000000    
 k_ppt36               1.532178        1.000000        0.000000    
 k_ppt37               1.864549        1.000000        0.000000    
 k_ppt38               1.102926        1.000000        0.000000    
 k_ppt39               2.129989        1.000000        0.000000    
 k_ppt40               1.213760        1.000000        0.000000    
 k_ppt41              0.9144199        1.000000        0.000000    
 k_ppt42               1.668043        1.000000        0.000000    
 k_ppt43               1.177187        1.000000        0.000000    
 k_ppt44               2.162913        1.000000        0.000000    
 k_ppt45               3.602627        1.000000        0.000000    
 k_ppt46               2.883407        1.000000        0.000000    
 k_ppt47               3.252636        1.000000        0.000000    
 k_ppt48               4.562426        1.000000        0.000000    
 k_ppt49               1.028112        1.000000        0.000000    
 k_ppt50              0.5117335        1.000000        0.000000    
 k_ppt51               4.391594        1.000000        0.000000    
 k_ppt52               2.882983        1.000000        0.000000    
 k_ppt53               1.472632        1.000000        0.000000    
 k_ppt54               2.598677        1.000000        0.000000    
 k_ppt55               3.754317        1.000000        0.000000    
 k_ppt56               3.163418        1.000000        0.000000    
 k_ppt57              0.7461348        1.000000        0.000000    
 k_ppt58               1.033262        1.000000        0.000000    
 k_ppt59               1.110598        1.000000        0.000000    
 k_ppt60               1.639618        1.000000        0.000000    
 k_ppt61               2.989885        1.000000        0.000000    
 k_ppt62               2.013074        1.000000        0.000000    
 k_ppt63               2.273257        1.000000        0.000000    
 k_ppt64               3.605992        1.000000        0.000000    
 k_ppt65              0.7391567        1.000000        0.000000    
 k_ppt66              0.4908272        1.000000        0.000000    
 k_ppt67               1.273648        1.000000        0.000000    
 k_ppt68               1.662482        1.000000        0.000000    
 k_ppt69              0.8714181        1.000000        0.000000    
 k_ppt70               2.351979        1.000000        0.000000    
 k_ppt71              0.7551362        1.000000        0.000000    
 k_ppt72              0.9599062        1.000000        0.000000    
 k_ppt73              0.8910912        1.000000        0.000000    
 k_ppt74               1.210247        1.000000        0.000000    
 k_ppt75               2.036982        1.000000        0.000000    
 k_ppt76              0.3983848        1.000000        0.000000    
 k_ppt77              0.6563933        1.000000        0.000000    
 k_ppt78               1.636560        1.000000        0.000000    
 k_ppt79              0.9907368        1.000000        0.000000    
 k_ppt80              0.4040772        1.000000        0.000000    
 k_ppt81              0.7583172        1.000000        0.000000    
 k_ppt82              0.7345000        1.000000        0.000000    
 k_ppt83               1.286754        1.000000        0.000000    
 k_ppt84               1.585283        1.000000        0.000000    
 k_ppt85               1.806274        1.000000        0.000000    
 k_ppt86               1.102528        1.000000        0.000000    
 k_ppt87               1.985663        1.000000        0.000000    
 k_ppt88              0.6902687        1.000000        0.000000    
 k_ppt89              0.4708652        1.000000        0.000000    
 k_ppt90              0.9300488        1.000000        0.000000    
 k_ppt91              0.9424294        1.000000        0.000000    
 k_ppt92               1.463029        1.000000        0.000000    
 k_ppt93               1.739547        1.000000        0.000000    
 k_ppt94               2.632547        1.000000        0.000000    
 k_ppt95               1.074901        1.000000        0.000000    
 k_ppt96              0.7077307        1.000000        0.000000    
 k_ppt97              0.3158373        1.000000        0.000000    
 k_ppt98              0.4123271        1.000000        0.000000    
 k_ppt99              0.4536563        1.000000        0.000000    
 k_ppt100             0.9518332        1.000000        0.000000    
 k_ppt101             0.7362287        1.000000        0.000000    
 k_ppt102              1.547681        1.000000        0.000000    
 k_ppt103             0.8826708        1.000000        0.000000    
 k_ppt104             0.4291243        1.000000        0.000000    
