 single point
 k_ppt1                11.19230        1.000000        0.000000    
 k_ppt2                3.525778        1.000000        0.000000    
 k_ppt3                1.371882        1.000000        0.000000    
 k_ppt4               0.6688986        1.000000        0.000000    
 k_ppt5               0.6332204        1.000000        0.000000    
 k_ppt6               0.3748630        1.000000        0.000000    
 k_ppt7               0.5957733        1.000000        0.000000    
 k_ppt8               0.6055501        1.000000        0.000000    
 k_ppt9                7.614319        1.000000        0.000000    
 k_ppt10               3.413918        1.000000        0.000000    
 k_ppt11               1.750313        1.000000        0.000000    
 k_ppt12               1.176903        1.000000        0.000000    
 k_ppt13              0.9103961        1.000000        0.000000    
 k_ppt14               1.090999        1.000000        0.000000    
 k_ppt15              0.7480640        1.000000        0.000000    
 k_ppt16              0.3513528        1.000000        0.000000    
 k_ppt17               5.177218        1.000000        0.000000    
 k_ppt18               2.993353        1.000000        0.000000    
 k_ppt19               1.718552        1.000000        0.000000    
 k_ppt20              0.6263202        1.000000        0.000000    
 k_ppt21              0.8566772        1.000000        0.000000    
 k_ppt22               1.233509        1.000000        0.000000    
 k_ppt23              0.5664237        1.000000        0.000000    
 k_ppt24              0.6367316        1.000000        0.000000    
 k_ppt25               1.494801        1.000000        0.000000    
 k_ppt26               6.114634        1.000000        0.000000    
 k_ppt27               1.263689        1.000000        0.000000    
 k_ppt28               1.327425        1.000000        0.000000    
 k_ppt29               1.022521        1.000000        0.000000    
 k_ppt30              0.4163319        1.000000        0.000000    
 k_ppt31               1.074611        1.000000        0.000000    
 k_ppt32              0.8902858        1.000000        0.000000    
 k_ppt33               1.049574        1.000000        0.000000    
 k_ppt34               2.510444        1.000000        0.000000    
 k_ppt35              0.9153206        1.000000        0.000000    
 k_ppt36              0.6716804        1.000000        0.000000    
 k_ppt37               1.226544        1.000000        0.000000    
 k_ppt38               1.616514        1.000000        0.000000    
 k_ppt39              0.8543973        1.000000        0.000000    
 k_ppt40              0.9364167        1.000000        0.000000    
 k_ppt41               1.994064        1.000000        0.000000    
 k_ppt42               2.323721        1.000000        0.000000    
 k_ppt43               1.338917        1.000000        0.000000    
 k_ppt44              0.8019676        1.000000        0.000000    
 k_ppt45              0.4406938        1.000000        0.000000    
 k_ppt46               1.759750        1.000000        0.000000    
 k_ppt47               1.191197        1.000000        0.000000    
 k_ppt48               1.075906        1.000000        0.000000    
 k_ppt49               3.315914        1.000000        0.000000    
 k_ppt50               10.60464        1.000000        0.000000    
 k_ppt51              0.9604075        1.000000        0.000000    
 k_ppt52              0.5006198        1.000000        0.000000    
 k_ppt53               1.022407        1.000000        0.000000    
 k_ppt54               2.852362        1.000000        0.000000    
 k_ppt55               3.370817        1.000000        0.000000    
 k_ppt56              0.4276834        1.000000        0.000000    
 k_ppt57               2.644304        1.000000        0.000000    
 k_ppt58               4.425622        1.000000        0.000000    
 k_ppt59               1.219611        1.000000        0.000000    
 k_ppt60               1.096717        1.000000        0.000000    
 k_ppt61               1.123602        1.000000        0.000000    
 k_ppt62               1.515996        1.000000        0.000000    
 k_ppt63               1.404229        1.000000        0.000000    
 k_ppt64               1.235673        1.000000        0.000000    
 k_ppt65               1.882765        1.000000        0.000000    
 k_ppt66               1.026385        1.000000        0.000000    
 k_ppt67              0.9854820        1.000000        0.000000    
 k_ppt68               3.499296        1.000000        0.000000    
 k_ppt69               1.343038        1.000000        0.000000    
 k_ppt70              0.9974346        1.000000        0.000000    
 k_ppt71               1.557266        1.000000        0.000000    
 k_ppt72              0.4238203        1.000000        0.000000    
 k_ppt73               4.254725        1.000000        0.000000    
 k_ppt74               1.965054        1.000000        0.000000    
 k_ppt75               1.541618        1.000000        0.000000    
 k_ppt76              0.6010122        1.000000        0.000000    
 k_ppt77              0.4342710        1.000000        0.000000    
 k_ppt78              0.7559519        1.000000        0.000000    
 k_ppt79              0.6342614        1.000000        0.000000    
 k_ppt80              0.5341647        1.000000        0.000000    
 k_ppt81               4.094014        1.000000        0.000000    
 k_ppt82               1.704135        1.000000        0.000000    
 k_ppt83              0.8747410        1.000000        0.000000    
 k_ppt84              0.7016982        1.000000        0.000000    
 k_ppt85              0.6413895        1.000000        0.000000    
 k_ppt86              0.9162884        1.000000        0.000000    
 k_ppt87              0.6037814        1.000000        0.000000    
 k_ppt88              0.7336308        1.000000        0.000000    
 k_ppt89              0.6259947        1.000000        0.000000    
 k_ppt90               1.781648        1.000000        0.000000    
 k_ppt91              0.9269160        1.000000        0.000000    
 k_ppt92              0.8976178        1.000000        0.000000    
 k_ppt93               1.172023        1.000000        0.000000    
 k_ppt94               1.263963        1.000000        0.000000    
 k_ppt95              0.8996995        1.000000        0.000000    
 k_ppt96               3.611931        1.000000        0.000000    
 k_ppt97               1.001721        1.000000        0.000000    
 k_ppt98               1.074901        1.000000        0.000000    
 k_ppt99              0.4202448        1.000000        0.000000    
 k_ppt100             0.8288341        1.000000        0.000000    
 k_ppt101             0.3933544        1.000000        0.000000    
 k_ppt102             0.4646330        1.000000        0.000000    
 k_ppt103             0.5142667        1.000000        0.000000    
 k_ppt104             0.2743732        1.000000        0.000000    
