 single point
 k_ppt1               0.8943161        1.000000        0.000000    
 k_ppt2                1.743075        1.000000        0.000000    
 k_ppt3               0.7250180        1.000000        0.000000    
 k_ppt4                1.012266        1.000000        0.000000    
 k_ppt5               0.3832882        1.000000        0.000000    
 k_ppt6               8.9590274E-02    1.000000        0.000000    
 k_ppt7               0.1191285        1.000000        0.000000    
 k_ppt8               0.2421062        1.000000        0.000000    
 k_ppt9               0.9529635        1.000000        0.000000    
 k_ppt10              0.6972845        1.000000        0.000000    
 k_ppt11               3.907742        1.000000        0.000000    
 k_ppt12              0.3645335        1.000000        0.000000    
 k_ppt13              0.3225885        1.000000        0.000000    
 k_ppt14              9.8823272E-02    1.000000        0.000000    
 k_ppt15              0.4016912        1.000000        0.000000    
 k_ppt16              0.4100834        1.000000        0.000000    
 k_ppt17              0.7559613        1.000000        0.000000    
 k_ppt18               1.506777        1.000000        0.000000    
 k_ppt19               1.747390        1.000000        0.000000    
 k_ppt20              0.7553394        1.000000        0.000000    
 k_ppt21              0.2959985        1.000000        0.000000    
 k_ppt22              0.4138039        1.000000        0.000000    
 k_ppt23              0.6200469        1.000000        0.000000    
 k_ppt24              0.9848650        1.000000        0.000000    
 k_ppt25               1.976724        1.000000        0.000000    
 k_ppt26               2.048854        1.000000        0.000000    
 k_ppt27               3.040204        1.000000        0.000000    
 k_ppt28               1.235103        1.000000        0.000000    
 k_ppt29              0.4152661        1.000000        0.000000    
 k_ppt30              0.2477954        1.000000        0.000000    
 k_ppt31              0.6151284        1.000000        0.000000    
 k_ppt32               1.348032        1.000000        0.000000    
 k_ppt33              0.7667341        1.000000        0.000000    
 k_ppt34               2.837716        1.000000        0.000000    
 k_ppt35               1.426269        1.000000        0.000000    
 k_ppt36               2.080975        1.000000        0.000000    
 k_ppt37               1.082605        1.000000        0.000000    
 k_ppt38              0.6940594        1.000000        0.000000    
 k_ppt39               1.181729        1.000000        0.000000    
 k_ppt40               1.833443        1.000000        0.000000    
 k_ppt41              0.8556687        1.000000        0.000000    
 k_ppt42              0.5088797        1.000000        0.000000    
 k_ppt43              0.7963685        1.000000        0.000000    
 k_ppt44              0.6071172        1.000000        0.000000    
 k_ppt45              0.8149824        1.000000        0.000000    
 k_ppt46              0.5718448        1.000000        0.000000    
 k_ppt47               1.301880        1.000000        0.000000    
 k_ppt48               2.569293        1.000000        0.000000    
 k_ppt49              0.8692884        1.000000        0.000000    
 k_ppt50              0.4297633        1.000000        0.000000    
 k_ppt51               1.191577        1.000000        0.000000    
 k_ppt52               1.307968        1.000000        0.000000    
 k_ppt53               1.044090        1.000000        0.000000    
 k_ppt54              0.7179879        1.000000        0.000000    
 k_ppt55               1.605745        1.000000        0.000000    
 k_ppt56               2.466071        1.000000        0.000000    
 k_ppt57               3.129396        1.000000        0.000000    
 k_ppt58               1.250656        1.000000        0.000000    
 k_ppt59              0.5888405        1.000000        0.000000    
 k_ppt60               1.616689        1.000000        0.000000    
 k_ppt61               1.587885        1.000000        0.000000    
 k_ppt62              0.7572799        1.000000        0.000000    
 k_ppt63               1.203645        1.000000        0.000000    
 k_ppt64               5.998039        1.000000        0.000000    
 k_ppt65               2.172998        1.000000        0.000000    
 k_ppt66               2.736171        1.000000        0.000000    
 k_ppt67               2.592547        1.000000        0.000000    
 k_ppt68               2.112953        1.000000        0.000000    
 k_ppt69               1.037661        1.000000        0.000000    
 k_ppt70               1.262352        1.000000        0.000000    
 k_ppt71               2.097841        1.000000        0.000000    
 k_ppt72               4.811363        1.000000        0.000000    
 k_ppt73               1.828029        1.000000        0.000000    
 k_ppt74               1.864997        1.000000        0.000000    
 k_ppt75               2.493824        1.000000        0.000000    
 k_ppt76               1.032278        1.000000        0.000000    
 k_ppt77              0.4904817        1.000000        0.000000    
 k_ppt78              0.7609724        1.000000        0.000000    
 k_ppt79               1.082015        1.000000        0.000000    
 k_ppt80               1.723492        1.000000        0.000000    
 k_ppt81               1.331768        1.000000        0.000000    
 k_ppt82               1.683489        1.000000        0.000000    
 k_ppt83               1.405033        1.000000        0.000000    
 k_ppt84              0.6588876        1.000000        0.000000    
 k_ppt85              0.5138006        1.000000        0.000000    
 k_ppt86              0.3134716        1.000000        0.000000    
 k_ppt87              0.3291774        1.000000        0.000000    
 k_ppt88               1.422014        1.000000        0.000000    
 k_ppt89               1.888798        1.000000        0.000000    
 k_ppt90               1.697912        1.000000        0.000000    
 k_ppt91               2.020004        1.000000        0.000000    
 k_ppt92              0.8641116        1.000000        0.000000    
 k_ppt93              0.4900229        1.000000        0.000000    
 k_ppt94              0.2647645        1.000000        0.000000    
 k_ppt95              0.7276428        1.000000        0.000000    
 k_ppt96              0.9777279        1.000000        0.000000    
 k_ppt97               1.202629        1.000000        0.000000    
 k_ppt98               1.789338        1.000000        0.000000    
 k_ppt99              0.7474898        1.000000        0.000000    
 k_ppt100             0.8644564        1.000000        0.000000    
 k_ppt101             0.2853997        1.000000        0.000000    
 k_ppt102             0.1352870        1.000000        0.000000    
 k_ppt103             0.4173619        1.000000        0.000000    
 k_ppt104             0.6029537        1.000000        0.000000    
