 single point
 k_ppt1                8.739796        1.000000        0.000000    
 k_ppt2                12.77350        1.000000        0.000000    
 k_ppt3                4.596074        1.000000        0.000000    
 k_ppt4                4.418242        1.000000        0.000000    
 k_ppt5                1.246011        1.000000        0.000000    
 k_ppt6               0.8861428        1.000000        0.000000    
 k_ppt7                1.479837        1.000000        0.000000    
 k_ppt8               0.8156260        1.000000        0.000000    
 k_ppt9                6.294386        1.000000        0.000000    
 k_ppt10               3.800174        1.000000        0.000000    
 k_ppt11               2.535923        1.000000        0.000000    
 k_ppt12               2.226645        1.000000        0.000000    
 k_ppt13               1.411366        1.000000        0.000000    
 k_ppt14               1.093309        1.000000        0.000000    
 k_ppt15               1.115188        1.000000        0.000000    
 k_ppt16               2.508950        1.000000        0.000000    
 k_ppt17               2.206754        1.000000        0.000000    
 k_ppt18              0.7182341        1.000000        0.000000    
 k_ppt19               1.972535        1.000000        0.000000    
 k_ppt20               2.104557        1.000000        0.000000    
 k_ppt21               1.027788        1.000000        0.000000    
 k_ppt22              0.9522661        1.000000        0.000000    
 k_ppt23               1.365915        1.000000        0.000000    
 k_ppt24               3.149072        1.000000        0.000000    
 k_ppt25               1.153403        1.000000        0.000000    
 k_ppt26              0.9227562        1.000000        0.000000    
 k_ppt27               1.308271        1.000000        0.000000    
 k_ppt28               1.387420        1.000000        0.000000    
 k_ppt29               1.220970        1.000000        0.000000    
 k_ppt30              0.7477673        1.000000        0.000000    
 k_ppt31              0.9384579        1.000000        0.000000    
 k_ppt32              0.6777824        1.000000        0.000000    
 k_ppt33               1.365930        1.000000        0.000000    
 k_ppt34              0.9417319        1.000000        0.000000    
 k_ppt35              0.7903426        1.000000        0.000000    
 k_ppt36              0.7425978        1.000000        0.000000    
 k_ppt37               1.263728        1.000000        0.000000    
 k_ppt38               2.217061        1.000000        0.000000    
 k_ppt39              0.7818154        1.000000        0.000000    
 k_ppt40              0.9480043        1.000000        0.000000    
 k_ppt41              0.9460440        1.000000        0.000000    
 k_ppt42              0.3125598        1.000000        0.000000    
 k_ppt43              0.7434561        1.000000        0.000000    
 k_ppt44               2.371552        1.000000        0.000000    
 k_ppt45               1.563592        1.000000        0.000000    
 k_ppt46               1.367632        1.000000        0.000000    
 k_ppt47              0.9096261        1.000000        0.000000    
 k_ppt48               4.913224        1.000000        0.000000    
 k_ppt49              0.6387082        1.000000        0.000000    
 k_ppt50              0.7378765        1.000000        0.000000    
 k_ppt51              0.9544012        1.000000        0.000000    
 k_ppt52               2.828522        1.000000        0.000000    
 k_ppt53               2.021123        1.000000        0.000000    
 k_ppt54               1.485861        1.000000        0.000000    
 k_ppt55              0.9750187        1.000000        0.000000    
 k_ppt56               1.152997        1.000000        0.000000    
 k_ppt57              0.8939759        1.000000        0.000000    
 k_ppt58               1.224814        1.000000        0.000000    
 k_ppt59               3.406550        1.000000        0.000000    
 k_ppt60               4.415833        1.000000        0.000000    
 k_ppt61              0.8740332        1.000000        0.000000    
 k_ppt62              0.8738478        1.000000        0.000000    
 k_ppt63               3.015686        1.000000        0.000000    
 k_ppt64               2.593372        1.000000        0.000000    
 k_ppt65              0.5031836        1.000000        0.000000    
 k_ppt66               6.240550        1.000000        0.000000    
 k_ppt67               4.338638        1.000000        0.000000    
 k_ppt68               2.115134        1.000000        0.000000    
 k_ppt69               2.464607        1.000000        0.000000    
 k_ppt70               1.028284        1.000000        0.000000    
 k_ppt71               4.051734        1.000000        0.000000    
 k_ppt72               4.793166        1.000000        0.000000    
 k_ppt73              0.9964276        1.000000        0.000000    
 k_ppt74               1.367391        1.000000        0.000000    
 k_ppt75               2.306700        1.000000        0.000000    
 k_ppt76              0.7976823        1.000000        0.000000    
 k_ppt77              0.4459242        1.000000        0.000000    
 k_ppt78               1.170494        1.000000        0.000000    
 k_ppt79               1.138328        1.000000        0.000000    
 k_ppt80               2.533808        1.000000        0.000000    
 k_ppt81               1.877825        1.000000        0.000000    
 k_ppt82               1.325574        1.000000        0.000000    
 k_ppt83              0.3041388        1.000000        0.000000    
 k_ppt84              0.4367486        1.000000        0.000000    
 k_ppt85              0.5004202        1.000000        0.000000    
 k_ppt86               1.146333        1.000000        0.000000    
 k_ppt87               1.269157        1.000000        0.000000    
 k_ppt88               4.363565        1.000000        0.000000    
 k_ppt89               1.943729        1.000000        0.000000    
 k_ppt90               2.537340        1.000000        0.000000    
 k_ppt91              0.9760571        1.000000        0.000000    
 k_ppt92              0.3701172        1.000000        0.000000    
 k_ppt93              0.7944217        1.000000        0.000000    
 k_ppt94              0.4693970        1.000000        0.000000    
 k_ppt95              0.3619730        1.000000        0.000000    
 k_ppt96              0.9869885        1.000000        0.000000    
 k_ppt97               3.747566        1.000000        0.000000    
 k_ppt98              0.5716147        1.000000        0.000000    
 k_ppt99              0.2628503        1.000000        0.000000    
 k_ppt100             0.1740356        1.000000        0.000000    
 k_ppt101             0.4423286        1.000000        0.000000    
 k_ppt102             0.7042432        1.000000        0.000000    
 k_ppt103             0.1990398        1.000000        0.000000    
 k_ppt104             0.9892210        1.000000        0.000000    
