 single point
 k_ppt1               7.1465380E-02    1.000000        0.000000    
 k_ppt2               6.7280687E-02    1.000000        0.000000    
 k_ppt3               0.1447030        1.000000        0.000000    
 k_ppt4               9.8250061E-02    1.000000        0.000000    
 k_ppt5               0.3638049        1.000000        0.000000    
 k_ppt6               0.5416509        1.000000        0.000000    
 k_ppt7               0.6455476        1.000000        0.000000    
 k_ppt8                2.523293        1.000000        0.000000    
 k_ppt9               4.6839871E-02    1.000000        0.000000    
 k_ppt10              0.1150502        1.000000        0.000000    
 k_ppt11              0.1057414        1.000000        0.000000    
 k_ppt12              0.3521898        1.000000        0.000000    
 k_ppt13              0.6223655        1.000000        0.000000    
 k_ppt14               1.642201        1.000000        0.000000    
 k_ppt15               2.040080        1.000000        0.000000    
 k_ppt16               3.828231        1.000000        0.000000    
 k_ppt17              4.6687208E-02    1.000000        0.000000    
 k_ppt18              0.3326570        1.000000        0.000000    
 k_ppt19              0.3818115        1.000000        0.000000    
 k_ppt20               1.015303        1.000000        0.000000    
 k_ppt21               1.968923        1.000000        0.000000    
 k_ppt22               3.337034        1.000000        0.000000    
 k_ppt23               5.488184        1.000000        0.000000    
 k_ppt24               3.409700        1.000000        0.000000    
 k_ppt25              9.3363538E-02    1.000000        0.000000    
 k_ppt26              0.3855962        1.000000        0.000000    
 k_ppt27              0.2005529        1.000000        0.000000    
 k_ppt28               1.177764        1.000000        0.000000    
 k_ppt29               2.372083        1.000000        0.000000    
 k_ppt30               3.011580        1.000000        0.000000    
 k_ppt31               3.306355        1.000000        0.000000    
 k_ppt32               2.430124        1.000000        0.000000    
 k_ppt33              0.5387926        1.000000        0.000000    
 k_ppt34              0.7213847        1.000000        0.000000    
 k_ppt35              0.8133519        1.000000        0.000000    
 k_ppt36              0.6915988        1.000000        0.000000    
 k_ppt37               1.879637        1.000000        0.000000    
 k_ppt38               2.308740        1.000000        0.000000    
 k_ppt39               2.908843        1.000000        0.000000    
 k_ppt40               1.094361        1.000000        0.000000    
 k_ppt41               1.018498        1.000000        0.000000    
 k_ppt42              0.5773463        1.000000        0.000000    
 k_ppt43              0.3405373        1.000000        0.000000    
 k_ppt44               2.195841        1.000000        0.000000    
 k_ppt45               1.031150        1.000000        0.000000    
 k_ppt46               1.592225        1.000000        0.000000    
 k_ppt47               1.786398        1.000000        0.000000    
 k_ppt48              0.8144031        1.000000        0.000000    
 k_ppt49              0.6550019        1.000000        0.000000    
 k_ppt50              0.8420917        1.000000        0.000000    
 k_ppt51              0.9026123        1.000000        0.000000    
 k_ppt52               3.269790        1.000000        0.000000    
 k_ppt53               1.562265        1.000000        0.000000    
 k_ppt54               1.131462        1.000000        0.000000    
 k_ppt55               3.218588        1.000000        0.000000    
 k_ppt56               2.197038        1.000000        0.000000    
 k_ppt57               1.214815        1.000000        0.000000    
 k_ppt58              0.7118199        1.000000        0.000000    
 k_ppt59              0.9418773        1.000000        0.000000    
 k_ppt60               4.150296        1.000000        0.000000    
 k_ppt61               4.701482        1.000000        0.000000    
 k_ppt62               1.659977        1.000000        0.000000    
 k_ppt63               2.725747        1.000000        0.000000    
 k_ppt64               3.453190        1.000000        0.000000    
 k_ppt65              0.8705734        1.000000        0.000000    
 k_ppt66               1.218531        1.000000        0.000000    
 k_ppt67               1.698020        1.000000        0.000000    
 k_ppt68               1.955639        1.000000        0.000000    
 k_ppt69               2.023938        1.000000        0.000000    
 k_ppt70               2.193531        1.000000        0.000000    
 k_ppt71               3.869676        1.000000        0.000000    
 k_ppt72               1.282230        1.000000        0.000000    
 k_ppt73              0.3290173        1.000000        0.000000    
 k_ppt74              0.8949010        1.000000        0.000000    
 k_ppt75              0.8020362        1.000000        0.000000    
 k_ppt76              0.7108730        1.000000        0.000000    
 k_ppt77               3.211144        1.000000        0.000000    
 k_ppt78               2.949174        1.000000        0.000000    
 k_ppt79               3.309836        1.000000        0.000000    
 k_ppt80               1.598617        1.000000        0.000000    
 k_ppt81              0.2608078        1.000000        0.000000    
 k_ppt82              0.2954761        1.000000        0.000000    
 k_ppt83              0.3497663        1.000000        0.000000    
 k_ppt84               1.480664        1.000000        0.000000    
 k_ppt85               1.361231        1.000000        0.000000    
 k_ppt86               4.453333        1.000000        0.000000    
 k_ppt87               2.291954        1.000000        0.000000    
 k_ppt88               1.614543        1.000000        0.000000    
 k_ppt89              0.5138102        1.000000        0.000000    
 k_ppt90              0.6193810        1.000000        0.000000    
 k_ppt91              0.8778961        1.000000        0.000000    
 k_ppt92               1.056326        1.000000        0.000000    
 k_ppt93              0.8158322        1.000000        0.000000    
 k_ppt94               1.025976        1.000000        0.000000    
 k_ppt95              0.8752189        1.000000        0.000000    
 k_ppt96               1.003446        1.000000        0.000000    
 k_ppt97              0.4004383        1.000000        0.000000    
 k_ppt98              0.2155152        1.000000        0.000000    
 k_ppt99              0.8406828        1.000000        0.000000    
 k_ppt100             0.5040325        1.000000        0.000000    
 k_ppt101             0.8464023        1.000000        0.000000    
 k_ppt102              1.049764        1.000000        0.000000    
 k_ppt103             0.9062720        1.000000        0.000000    
 k_ppt104             0.7436703        1.000000        0.000000    
