 single point
 k_ppt1               0.4480908        1.000000        0.000000    
 k_ppt2                2.453037        1.000000        0.000000    
 k_ppt3                4.152418        1.000000        0.000000    
 k_ppt4                4.104572        1.000000        0.000000    
 k_ppt5                1.475080        1.000000        0.000000    
 k_ppt6                1.197767        1.000000        0.000000    
 k_ppt7                1.293317        1.000000        0.000000    
 k_ppt8                1.431337        1.000000        0.000000    
 k_ppt9               0.9911069        1.000000        0.000000    
 k_ppt10               4.451681        1.000000        0.000000    
 k_ppt11               6.245105        1.000000        0.000000    
 k_ppt12               1.955422        1.000000        0.000000    
 k_ppt13              0.6635034        1.000000        0.000000    
 k_ppt14              0.4898730        1.000000        0.000000    
 k_ppt15               1.637388        1.000000        0.000000    
 k_ppt16               3.168944        1.000000        0.000000    
 k_ppt17               1.126201        1.000000        0.000000    
 k_ppt18               1.952205        1.000000        0.000000    
 k_ppt19               2.651050        1.000000        0.000000    
 k_ppt20               2.452491        1.000000        0.000000    
 k_ppt21              0.7041363        1.000000        0.000000    
 k_ppt22              0.6216673        1.000000        0.000000    
 k_ppt23               1.744586        1.000000        0.000000    
 k_ppt24               1.257037        1.000000        0.000000    
 k_ppt25              0.3878312        1.000000        0.000000    
 k_ppt26               2.023715        1.000000        0.000000    
 k_ppt27               1.473175        1.000000        0.000000    
 k_ppt28               3.931725        1.000000        0.000000    
 k_ppt29              0.7535653        1.000000        0.000000    
 k_ppt30              0.7172375        1.000000        0.000000    
 k_ppt31              0.3947220        1.000000        0.000000    
 k_ppt32              0.9518033        1.000000        0.000000    
 k_ppt33               1.267486        1.000000        0.000000    
 k_ppt34              0.9071088        1.000000        0.000000    
 k_ppt35               1.272775        1.000000        0.000000    
 k_ppt36              0.6182666        1.000000        0.000000    
 k_ppt37               1.362352        1.000000        0.000000    
 k_ppt38               1.181187        1.000000        0.000000    
 k_ppt39              0.4955734        1.000000        0.000000    
 k_ppt40               1.599897        1.000000        0.000000    
 k_ppt41               1.455332        1.000000        0.000000    
 k_ppt42               1.417223        1.000000        0.000000    
 k_ppt43              0.8158115        1.000000        0.000000    
 k_ppt44              0.8802613        1.000000        0.000000    
 k_ppt45               1.333794        1.000000        0.000000    
 k_ppt46               1.167667        1.000000        0.000000    
 k_ppt47               2.049019        1.000000        0.000000    
 k_ppt48               3.741981        1.000000        0.000000    
 k_ppt49              0.7313246        1.000000        0.000000    
 k_ppt50               1.140569        1.000000        0.000000    
 k_ppt51               1.619809        1.000000        0.000000    
 k_ppt52               1.095631        1.000000        0.000000    
 k_ppt53               1.973529        1.000000        0.000000    
 k_ppt54               1.513264        1.000000        0.000000    
 k_ppt55               2.942218        1.000000        0.000000    
 k_ppt56               2.768346        1.000000        0.000000    
 k_ppt57               2.312426        1.000000        0.000000    
 k_ppt58               2.251964        1.000000        0.000000    
 k_ppt59              0.7772596        1.000000        0.000000    
 k_ppt60               1.201062        1.000000        0.000000    
 k_ppt61               1.730189        1.000000        0.000000    
 k_ppt62               1.604492        1.000000        0.000000    
 k_ppt63               3.394788        1.000000        0.000000    
 k_ppt64               1.461748        1.000000        0.000000    
 k_ppt65               2.963335        1.000000        0.000000    
 k_ppt66               1.823140        1.000000        0.000000    
 k_ppt67              0.6381234        1.000000        0.000000    
 k_ppt68               1.291668        1.000000        0.000000    
 k_ppt69               1.766559        1.000000        0.000000    
 k_ppt70               1.727022        1.000000        0.000000    
 k_ppt71              0.9115990        1.000000        0.000000    
 k_ppt72               2.023422        1.000000        0.000000    
 k_ppt73               5.149930        1.000000        0.000000    
 k_ppt74               1.537251        1.000000        0.000000    
 k_ppt75              0.5524054        1.000000        0.000000    
 k_ppt76              0.3497742        1.000000        0.000000    
 k_ppt77              0.3422194        1.000000        0.000000    
 k_ppt78               1.135697        1.000000        0.000000    
 k_ppt79              0.9318628        1.000000        0.000000    
 k_ppt80               1.631835        1.000000        0.000000    
 k_ppt81               3.251063        1.000000        0.000000    
 k_ppt82               1.040004        1.000000        0.000000    
 k_ppt83              0.7675462        1.000000        0.000000    
 k_ppt84              0.9054728        1.000000        0.000000    
 k_ppt85              0.5011665        1.000000        0.000000    
 k_ppt86              0.7429019        1.000000        0.000000    
 k_ppt87              0.9285514        1.000000        0.000000    
 k_ppt88               2.789476        1.000000        0.000000    
 k_ppt89              0.8207664        1.000000        0.000000    
 k_ppt90              0.9274850        1.000000        0.000000    
 k_ppt91              0.6012409        1.000000        0.000000    
 k_ppt92              0.5410755        1.000000        0.000000    
 k_ppt93              0.5283093        1.000000        0.000000    
 k_ppt94              0.6114213        1.000000        0.000000    
 k_ppt95               1.251955        1.000000        0.000000    
 k_ppt96               2.028083        1.000000        0.000000    
 k_ppt97              0.6946417        1.000000        0.000000    
 k_ppt98              0.8338681        1.000000        0.000000    
 k_ppt99              0.8062792        1.000000        0.000000    
 k_ppt100             0.3441560        1.000000        0.000000    
 k_ppt101             0.3492914        1.000000        0.000000    
 k_ppt102             0.7890369        1.000000        0.000000    
 k_ppt103              1.212793        1.000000        0.000000    
 k_ppt104             0.3070723        1.000000        0.000000    
