 single point
 k_ppt1                4.355312        1.000000        0.000000    
 k_ppt2                6.574732        1.000000        0.000000    
 k_ppt3                4.256639        1.000000        0.000000    
 k_ppt4                2.053000        1.000000        0.000000    
 k_ppt5                2.485325        1.000000        0.000000    
 k_ppt6                1.814154        1.000000        0.000000    
 k_ppt7                1.329868        1.000000        0.000000    
 k_ppt8               0.4141527        1.000000        0.000000    
 k_ppt9                4.498316        1.000000        0.000000    
 k_ppt10               4.811610        1.000000        0.000000    
 k_ppt11               2.907182        1.000000        0.000000    
 k_ppt12               2.352899        1.000000        0.000000    
 k_ppt13               2.342976        1.000000        0.000000    
 k_ppt14               3.528537        1.000000        0.000000    
 k_ppt15              0.8813657        1.000000        0.000000    
 k_ppt16              0.4346094        1.000000        0.000000    
 k_ppt17               3.358489        1.000000        0.000000    
 k_ppt18               6.405246        1.000000        0.000000    
 k_ppt19               4.662066        1.000000        0.000000    
 k_ppt20               3.518046        1.000000        0.000000    
 k_ppt21               1.489646        1.000000        0.000000    
 k_ppt22               1.832969        1.000000        0.000000    
 k_ppt23               1.354186        1.000000        0.000000    
 k_ppt24               1.650118        1.000000        0.000000    
 k_ppt25               1.376657        1.000000        0.000000    
 k_ppt26               2.452554        1.000000        0.000000    
 k_ppt27               2.641268        1.000000        0.000000    
 k_ppt28              0.9123911        1.000000        0.000000    
 k_ppt29               1.415034        1.000000        0.000000    
 k_ppt30              0.7028072        1.000000        0.000000    
 k_ppt31               1.701421        1.000000        0.000000    
 k_ppt32               1.156419        1.000000        0.000000    
 k_ppt33              0.6491227        1.000000        0.000000    
 k_ppt34               1.369452        1.000000        0.000000    
 k_ppt35              0.9603147        1.000000        0.000000    
 k_ppt36              0.6742090        1.000000        0.000000    
 k_ppt37              0.8585420        1.000000        0.000000    
 k_ppt38              0.3632115        1.000000        0.000000    
 k_ppt39              0.9044505        1.000000        0.000000    
 k_ppt40               2.674551        1.000000        0.000000    
 k_ppt41               2.401655        1.000000        0.000000    
 k_ppt42               3.119025        1.000000        0.000000    
 k_ppt43              0.7945646        1.000000        0.000000    
 k_ppt44              0.4845994        1.000000        0.000000    
 k_ppt45              0.6464600        1.000000        0.000000    
 k_ppt46              0.8409288        1.000000        0.000000    
 k_ppt47              0.3119650        1.000000        0.000000    
 k_ppt48               1.507725        1.000000        0.000000    
 k_ppt49               1.889254        1.000000        0.000000    
 k_ppt50               3.538566        1.000000        0.000000    
 k_ppt51              0.5259857        1.000000        0.000000    
 k_ppt52              0.8727021        1.000000        0.000000    
 k_ppt53              0.9253062        1.000000        0.000000    
 k_ppt54               2.549829        1.000000        0.000000    
 k_ppt55              0.9930718        1.000000        0.000000    
 k_ppt56               2.668221        1.000000        0.000000    
 k_ppt57              0.8716032        1.000000        0.000000    
 k_ppt58               1.457314        1.000000        0.000000    
 k_ppt59               1.806768        1.000000        0.000000    
 k_ppt60               1.294912        1.000000        0.000000    
 k_ppt61               2.034654        1.000000        0.000000    
 k_ppt62               1.564995        1.000000        0.000000    
 k_ppt63               2.246186        1.000000        0.000000    
 k_ppt64               2.578026        1.000000        0.000000    
 k_ppt65               2.372920        1.000000        0.000000    
 k_ppt66               1.308351        1.000000        0.000000    
 k_ppt67               1.580984        1.000000        0.000000    
 k_ppt68               1.694546        1.000000        0.000000    
 k_ppt69               1.606969        1.000000        0.000000    
 k_ppt70               1.821210        1.000000        0.000000    
 k_ppt71               1.298279        1.000000        0.000000    
 k_ppt72               2.367325        1.000000        0.000000    
 k_ppt73               1.291547        1.000000        0.000000    
 k_ppt74               3.551367        1.000000        0.000000    
 k_ppt75               2.691575        1.000000        0.000000    
 k_ppt76              0.8659829        1.000000        0.000000    
 k_ppt77               1.150056        1.000000        0.000000    
 k_ppt78              0.3825652        1.000000        0.000000    
 k_ppt79              0.5029048        1.000000        0.000000    
 k_ppt80               1.087831        1.000000        0.000000    
 k_ppt81              0.9314477        1.000000        0.000000    
 k_ppt82               2.125643        1.000000        0.000000    
 k_ppt83               1.999874        1.000000        0.000000    
 k_ppt84              0.7910547        1.000000        0.000000    
 k_ppt85              0.5595072        1.000000        0.000000    
 k_ppt86              0.4437894        1.000000        0.000000    
 k_ppt87              0.4954896        1.000000        0.000000    
 k_ppt88               1.834024        1.000000        0.000000    
 k_ppt89              0.5232593        1.000000        0.000000    
 k_ppt90              0.7760392        1.000000        0.000000    
 k_ppt91               1.675619        1.000000        0.000000    
 k_ppt92               1.011088        1.000000        0.000000    
 k_ppt93              0.6351254        1.000000        0.000000    
 k_ppt94              0.9015371        1.000000        0.000000    
 k_ppt95               1.639529        1.000000        0.000000    
 k_ppt96              0.8272603        1.000000        0.000000    
 k_ppt97              0.7334890        1.000000        0.000000    
 k_ppt98              0.9760641        1.000000        0.000000    
 k_ppt99               1.290381        1.000000        0.000000    
 k_ppt100             0.9036661        1.000000        0.000000    
 k_ppt101             0.2666227        1.000000        0.000000    
 k_ppt102             0.3496892        1.000000        0.000000    
 k_ppt103             0.5341065        1.000000        0.000000    
 k_ppt104             0.4736821        1.000000        0.000000    
