 single point
 k_ppt1                2.015009        1.000000        0.000000    
 k_ppt2               0.9804822        1.000000        0.000000    
 k_ppt3               0.3848252        1.000000        0.000000    
 k_ppt4                1.551400        1.000000        0.000000    
 k_ppt5                1.628244        1.000000        0.000000    
 k_ppt6               0.8656306        1.000000        0.000000    
 k_ppt7                1.155804        1.000000        0.000000    
 k_ppt8                1.505267        1.000000        0.000000    
 k_ppt9                3.404830        1.000000        0.000000    
 k_ppt10               2.208493        1.000000        0.000000    
 k_ppt11               1.080156        1.000000        0.000000    
 k_ppt12               1.631052        1.000000        0.000000    
 k_ppt13               1.544645        1.000000        0.000000    
 k_ppt14               2.037080        1.000000        0.000000    
 k_ppt15              0.7834911        1.000000        0.000000    
 k_ppt16               5.279452        1.000000        0.000000    
 k_ppt17               3.166730        1.000000        0.000000    
 k_ppt18               3.445492        1.000000        0.000000    
 k_ppt19               1.645195        1.000000        0.000000    
 k_ppt20              0.2417542        1.000000        0.000000    
 k_ppt21              0.5870857        1.000000        0.000000    
 k_ppt22              0.5908272        1.000000        0.000000    
 k_ppt23              0.8911204        1.000000        0.000000    
 k_ppt24               1.532583        1.000000        0.000000    
 k_ppt25              0.5811534        1.000000        0.000000    
 k_ppt26               2.029236        1.000000        0.000000    
 k_ppt27              0.3828922        1.000000        0.000000    
 k_ppt28              0.2148093        1.000000        0.000000    
 k_ppt29              0.4022637        1.000000        0.000000    
 k_ppt30               1.629126        1.000000        0.000000    
 k_ppt31               1.338340        1.000000        0.000000    
 k_ppt32              0.8586307        1.000000        0.000000    
 k_ppt33               2.473776        1.000000        0.000000    
 k_ppt34               1.554760        1.000000        0.000000    
 k_ppt35              0.8964179        1.000000        0.000000    
 k_ppt36              0.2927123        1.000000        0.000000    
 k_ppt37              0.4350601        1.000000        0.000000    
 k_ppt38               3.800314        1.000000        0.000000    
 k_ppt39               4.164363        1.000000        0.000000    
 k_ppt40               1.925454        1.000000        0.000000    
 k_ppt41               1.046612        1.000000        0.000000    
 k_ppt42              0.6976157        1.000000        0.000000    
 k_ppt43              0.6062216        1.000000        0.000000    
 k_ppt44              0.3821542        1.000000        0.000000    
 k_ppt45               1.693148        1.000000        0.000000    
 k_ppt46               1.371717        1.000000        0.000000    
 k_ppt47               2.069681        1.000000        0.000000    
 k_ppt48               2.142438        1.000000        0.000000    
 k_ppt49               3.946734        1.000000        0.000000    
 k_ppt50               1.211028        1.000000        0.000000    
 k_ppt51              0.3291436        1.000000        0.000000    
 k_ppt52               2.347519        1.000000        0.000000    
 k_ppt53               3.762222        1.000000        0.000000    
 k_ppt54               1.820878        1.000000        0.000000    
 k_ppt55               1.130459        1.000000        0.000000    
 k_ppt56               1.832427        1.000000        0.000000    
 k_ppt57               1.242176        1.000000        0.000000    
 k_ppt58               1.774572        1.000000        0.000000    
 k_ppt59              0.8245545        1.000000        0.000000    
 k_ppt60               7.026359        1.000000        0.000000    
 k_ppt61               5.927242        1.000000        0.000000    
 k_ppt62               3.859753        1.000000        0.000000    
 k_ppt63               2.499245        1.000000        0.000000    
 k_ppt64               1.539162        1.000000        0.000000    
 k_ppt65              0.6302637        1.000000        0.000000    
 k_ppt66               1.263411        1.000000        0.000000    
 k_ppt67              0.7501336        1.000000        0.000000    
 k_ppt68               2.089005        1.000000        0.000000    
 k_ppt69               3.641947        1.000000        0.000000    
 k_ppt70               1.043127        1.000000        0.000000    
 k_ppt71              0.6483555        1.000000        0.000000    
 k_ppt72               1.315694        1.000000        0.000000    
 k_ppt73              0.7227461        1.000000        0.000000    
 k_ppt74               1.204514        1.000000        0.000000    
 k_ppt75              0.7820358        1.000000        0.000000    
 k_ppt76              0.8094357        1.000000        0.000000    
 k_ppt77               1.372690        1.000000        0.000000    
 k_ppt78              0.4551771        1.000000        0.000000    
 k_ppt79              0.3295124        1.000000        0.000000    
 k_ppt80              0.9414425        1.000000        0.000000    
 k_ppt81              0.7351814        1.000000        0.000000    
 k_ppt82               1.480314        1.000000        0.000000    
 k_ppt83               1.017445        1.000000        0.000000    
 k_ppt84              0.9212028        1.000000        0.000000    
 k_ppt85               5.855593        1.000000        0.000000    
 k_ppt86               1.121035        1.000000        0.000000    
 k_ppt87              0.4720394        1.000000        0.000000    
 k_ppt88              0.5789010        1.000000        0.000000    
 k_ppt89               2.160353        1.000000        0.000000    
 k_ppt90               1.605882        1.000000        0.000000    
 k_ppt91              0.5148733        1.000000        0.000000    
 k_ppt92               1.624618        1.000000        0.000000    
 k_ppt93               2.420515        1.000000        0.000000    
 k_ppt94               1.834616        1.000000        0.000000    
 k_ppt95               1.134393        1.000000        0.000000    
 k_ppt96              0.6501927        1.000000        0.000000    
 k_ppt97               1.368658        1.000000        0.000000    
 k_ppt98              0.3667252        1.000000        0.000000    
 k_ppt99              0.2063035        1.000000        0.000000    
 k_ppt100             0.4893182        1.000000        0.000000    
 k_ppt101              2.789281        1.000000        0.000000    
 k_ppt102              1.219918        1.000000        0.000000    
 k_ppt103             0.5124186        1.000000        0.000000    
 k_ppt104             0.2716438        1.000000        0.000000    
