 single point
 k_ppt1                1.165867        1.000000        0.000000    
 k_ppt2                1.756317        1.000000        0.000000    
 k_ppt3                1.856340        1.000000        0.000000    
 k_ppt4               0.4506124        1.000000        0.000000    
 k_ppt5               0.7593738        1.000000        0.000000    
 k_ppt6                1.072706        1.000000        0.000000    
 k_ppt7                2.896367        1.000000        0.000000    
 k_ppt8                2.189879        1.000000        0.000000    
 k_ppt9                2.083321        1.000000        0.000000    
 k_ppt10               1.110193        1.000000        0.000000    
 k_ppt11               1.635972        1.000000        0.000000    
 k_ppt12              0.7139246        1.000000        0.000000    
 k_ppt13              0.4761372        1.000000        0.000000    
 k_ppt14              0.7989671        1.000000        0.000000    
 k_ppt15              0.3876859        1.000000        0.000000    
 k_ppt16              0.9214387        1.000000        0.000000    
 k_ppt17               1.889417        1.000000        0.000000    
 k_ppt18               1.682387        1.000000        0.000000    
 k_ppt19               1.080146        1.000000        0.000000    
 k_ppt20               1.740959        1.000000        0.000000    
 k_ppt21              0.3406408        1.000000        0.000000    
 k_ppt22              0.2240462        1.000000        0.000000    
 k_ppt23              0.1417621        1.000000        0.000000    
 k_ppt24              0.3252094        1.000000        0.000000    
 k_ppt25               2.445819        1.000000        0.000000    
 k_ppt26               2.370259        1.000000        0.000000    
 k_ppt27               1.205992        1.000000        0.000000    
 k_ppt28               2.521806        1.000000        0.000000    
 k_ppt29               2.522296        1.000000        0.000000    
 k_ppt30              0.7179036        1.000000        0.000000    
 k_ppt31              0.2838161        1.000000        0.000000    
 k_ppt32              0.8213754        1.000000        0.000000    
 k_ppt33               1.105507        1.000000        0.000000    
 k_ppt34              0.9910678        1.000000        0.000000    
 k_ppt35               1.065443        1.000000        0.000000    
 k_ppt36               2.447940        1.000000        0.000000    
 k_ppt37              0.9008687        1.000000        0.000000    
 k_ppt38              0.5117601        1.000000        0.000000    
 k_ppt39               1.010534        1.000000        0.000000    
 k_ppt40               2.088901        1.000000        0.000000    
 k_ppt41              0.7448279        1.000000        0.000000    
 k_ppt42              0.9955481        1.000000        0.000000    
 k_ppt43               1.051448        1.000000        0.000000    
 k_ppt44               1.269942        1.000000        0.000000    
 k_ppt45               1.438239        1.000000        0.000000    
 k_ppt46               1.506450        1.000000        0.000000    
 k_ppt47               1.281356        1.000000        0.000000    
 k_ppt48               1.880732        1.000000        0.000000    
 k_ppt49               1.340012        1.000000        0.000000    
 k_ppt50               1.174366        1.000000        0.000000    
 k_ppt51               1.117801        1.000000        0.000000    
 k_ppt52               3.153455        1.000000        0.000000    
 k_ppt53               2.397789        1.000000        0.000000    
 k_ppt54               3.452282        1.000000        0.000000    
 k_ppt55              0.8451121        1.000000        0.000000    
 k_ppt56               1.150360        1.000000        0.000000    
 k_ppt57               2.002870        1.000000        0.000000    
 k_ppt58               1.046075        1.000000        0.000000    
 k_ppt59               1.317769        1.000000        0.000000    
 k_ppt60               1.471084        1.000000        0.000000    
 k_ppt61               2.111945        1.000000        0.000000    
 k_ppt62              0.9243360        1.000000        0.000000    
 k_ppt63               2.694821        1.000000        0.000000    
 k_ppt64               1.055031        1.000000        0.000000    
 k_ppt65               1.697450        1.000000        0.000000    
 k_ppt66               1.344592        1.000000        0.000000    
 k_ppt67               1.613132        1.000000        0.000000    
 k_ppt68               2.322619        1.000000        0.000000    
 k_ppt69               1.077523        1.000000        0.000000    
 k_ppt70              0.5341163        1.000000        0.000000    
 k_ppt71               1.968583        1.000000        0.000000    
 k_ppt72              0.6231033        1.000000        0.000000    
 k_ppt73               1.270148        1.000000        0.000000    
 k_ppt74               1.929180        1.000000        0.000000    
 k_ppt75               3.275829        1.000000        0.000000    
 k_ppt76               1.034176        1.000000        0.000000    
 k_ppt77               1.094464        1.000000        0.000000    
 k_ppt78               1.210846        1.000000        0.000000    
 k_ppt79               1.011368        1.000000        0.000000    
 k_ppt80              0.5054012        1.000000        0.000000    
 k_ppt81              0.9958002        1.000000        0.000000    
 k_ppt82               1.991525        1.000000        0.000000    
 k_ppt83               1.914690        1.000000        0.000000    
 k_ppt84              0.6638148        1.000000        0.000000    
 k_ppt85               1.583641        1.000000        0.000000    
 k_ppt86              0.3267995        1.000000        0.000000    
 k_ppt87              0.5827423        1.000000        0.000000    
 k_ppt88              0.9243783        1.000000        0.000000    
 k_ppt89               1.799519        1.000000        0.000000    
 k_ppt90               1.442834        1.000000        0.000000    
 k_ppt91               1.030451        1.000000        0.000000    
 k_ppt92               2.503592        1.000000        0.000000    
 k_ppt93               3.815120        1.000000        0.000000    
 k_ppt94              0.3822653        1.000000        0.000000    
 k_ppt95              0.3289624        1.000000        0.000000    
 k_ppt96              0.7809204        1.000000        0.000000    
 k_ppt97               2.119692        1.000000        0.000000    
 k_ppt98              0.3000244        1.000000        0.000000    
 k_ppt99              0.5017185        1.000000        0.000000    
 k_ppt100             0.8927421        1.000000        0.000000    
 k_ppt101             0.6968232        1.000000        0.000000    
 k_ppt102             0.4460403        1.000000        0.000000    
 k_ppt103             0.3945515        1.000000        0.000000    
 k_ppt104             0.3335845        1.000000        0.000000    
