 single point
 k_ppt1               0.7263177        1.000000        0.000000    
 k_ppt2               0.4320894        1.000000        0.000000    
 k_ppt3               0.8485302        1.000000        0.000000    
 k_ppt4                1.368847        1.000000        0.000000    
 k_ppt5                1.365251        1.000000        0.000000    
 k_ppt6                1.641894        1.000000        0.000000    
 k_ppt7               0.8039154        1.000000        0.000000    
 k_ppt8                2.196849        1.000000        0.000000    
 k_ppt9                1.025078        1.000000        0.000000    
 k_ppt10               1.254968        1.000000        0.000000    
 k_ppt11              0.8404058        1.000000        0.000000    
 k_ppt12              0.3664932        1.000000        0.000000    
 k_ppt13               1.018314        1.000000        0.000000    
 k_ppt14               1.258626        1.000000        0.000000    
 k_ppt15               2.135371        1.000000        0.000000    
 k_ppt16               2.195592        1.000000        0.000000    
 k_ppt17              0.9941032        1.000000        0.000000    
 k_ppt18              0.6572265        1.000000        0.000000    
 k_ppt19              0.9661257        1.000000        0.000000    
 k_ppt20               1.119337        1.000000        0.000000    
 k_ppt21              0.7736519        1.000000        0.000000    
 k_ppt22               2.205809        1.000000        0.000000    
 k_ppt23               1.248092        1.000000        0.000000    
 k_ppt24               2.414026        1.000000        0.000000    
 k_ppt25              0.5503181        1.000000        0.000000    
 k_ppt26               1.146636        1.000000        0.000000    
 k_ppt27              0.8614525        1.000000        0.000000    
 k_ppt28               1.330620        1.000000        0.000000    
 k_ppt29               1.906078        1.000000        0.000000    
 k_ppt30               2.673227        1.000000        0.000000    
 k_ppt31               3.479757        1.000000        0.000000    
 k_ppt32               2.653902        1.000000        0.000000    
 k_ppt33              0.7338811        1.000000        0.000000    
 k_ppt34              0.9234967        1.000000        0.000000    
 k_ppt35              0.3583967        1.000000        0.000000    
 k_ppt36              0.6638938        1.000000        0.000000    
 k_ppt37               2.422944        1.000000        0.000000    
 k_ppt38               1.478226        1.000000        0.000000    
 k_ppt39               1.799285        1.000000        0.000000    
 k_ppt40               1.082258        1.000000        0.000000    
 k_ppt41              0.6686344        1.000000        0.000000    
 k_ppt42              0.9964129        1.000000        0.000000    
 k_ppt43               1.170614        1.000000        0.000000    
 k_ppt44              0.6579513        1.000000        0.000000    
 k_ppt45              0.2610546        1.000000        0.000000    
 k_ppt46               1.479869        1.000000        0.000000    
 k_ppt47               1.387163        1.000000        0.000000    
 k_ppt48              0.4880681        1.000000        0.000000    
 k_ppt49              0.8814696        1.000000        0.000000    
 k_ppt50              0.9466224        1.000000        0.000000    
 k_ppt51               1.312314        1.000000        0.000000    
 k_ppt52               1.057849        1.000000        0.000000    
 k_ppt53               1.296146        1.000000        0.000000    
 k_ppt54              0.8418929        1.000000        0.000000    
 k_ppt55              0.9748605        1.000000        0.000000    
 k_ppt56               2.473526        1.000000        0.000000    
 k_ppt57              0.6077765        1.000000        0.000000    
 k_ppt58               1.079456        1.000000        0.000000    
 k_ppt59               1.979019        1.000000        0.000000    
 k_ppt60               1.030065        1.000000        0.000000    
 k_ppt61               4.003512        1.000000        0.000000    
 k_ppt62               1.674234        1.000000        0.000000    
 k_ppt63               2.166003        1.000000        0.000000    
 k_ppt64               2.183627        1.000000        0.000000    
 k_ppt65               1.703170        1.000000        0.000000    
 k_ppt66               1.340991        1.000000        0.000000    
 k_ppt67               1.403592        1.000000        0.000000    
 k_ppt68              0.8565171        1.000000        0.000000    
 k_ppt69               3.721201        1.000000        0.000000    
 k_ppt70               3.184765        1.000000        0.000000    
 k_ppt71               2.672207        1.000000        0.000000    
 k_ppt72               1.540941        1.000000        0.000000    
 k_ppt73               1.234158        1.000000        0.000000    
 k_ppt74               3.184428        1.000000        0.000000    
 k_ppt75               2.303171        1.000000        0.000000    
 k_ppt76              0.7517248        1.000000        0.000000    
 k_ppt77               1.084684        1.000000        0.000000    
 k_ppt78               3.489655        1.000000        0.000000    
 k_ppt79               1.673020        1.000000        0.000000    
 k_ppt80               3.107325        1.000000        0.000000    
 k_ppt81               1.473229        1.000000        0.000000    
 k_ppt82               1.362654        1.000000        0.000000    
 k_ppt83               1.263581        1.000000        0.000000    
 k_ppt84               1.171955        1.000000        0.000000    
 k_ppt85              0.5980898        1.000000        0.000000    
 k_ppt86              0.4758275        1.000000        0.000000    
 k_ppt87               1.261927        1.000000        0.000000    
 k_ppt88              0.4685821        1.000000        0.000000    
 k_ppt89              0.6691996        1.000000        0.000000    
 k_ppt90              0.5448376        1.000000        0.000000    
 k_ppt91              0.4902936        1.000000        0.000000    
 k_ppt92               1.170104        1.000000        0.000000    
 k_ppt93              0.5680541        1.000000        0.000000    
 k_ppt94              0.7484724        1.000000        0.000000    
 k_ppt95               1.048427        1.000000        0.000000    
 k_ppt96              0.4754913        1.000000        0.000000    
 k_ppt97              0.5941399        1.000000        0.000000    
 k_ppt98              0.5525250        1.000000        0.000000    
 k_ppt99              0.7027267        1.000000        0.000000    
 k_ppt100             0.9498150        1.000000        0.000000    
 k_ppt101             0.6705604        1.000000        0.000000    
 k_ppt102             0.5123276        1.000000        0.000000    
 k_ppt103             0.6633193        1.000000        0.000000    
 k_ppt104             0.6661939        1.000000        0.000000    
