 single point
 k_ppt1               5.8442816E-02    1.000000        0.000000    
 k_ppt2               5.0139628E-02    1.000000        0.000000    
 k_ppt3               0.1012877        1.000000        0.000000    
 k_ppt4               6.4651802E-02    1.000000        0.000000    
 k_ppt5               0.2326567        1.000000        0.000000    
 k_ppt6               0.3593444        1.000000        0.000000    
 k_ppt7               0.4539863        1.000000        0.000000    
 k_ppt8                1.914875        1.000000        0.000000    
 k_ppt9               2.9854296E-02    1.000000        0.000000    
 k_ppt10              6.5505981E-02    1.000000        0.000000    
 k_ppt11              5.5174973E-02    1.000000        0.000000    
 k_ppt12              0.1798242        1.000000        0.000000    
 k_ppt13              0.3380938        1.000000        0.000000    
 k_ppt14              0.9889153        1.000000        0.000000    
 k_ppt15               1.404529        1.000000        0.000000    
 k_ppt16               2.984336        1.000000        0.000000    
 k_ppt17              2.0479754E-02    1.000000        0.000000    
 k_ppt18              0.1291495        1.000000        0.000000    
 k_ppt19              0.1525182        1.000000        0.000000    
 k_ppt20              0.4608832        1.000000        0.000000    
 k_ppt21               1.104294        1.000000        0.000000    
 k_ppt22               2.370043        1.000000        0.000000    
 k_ppt23               4.881793        1.000000        0.000000    
 k_ppt24               3.539051        1.000000        0.000000    
 k_ppt25              2.5771523E-02    1.000000        0.000000    
 k_ppt26              8.8974975E-02    1.000000        0.000000    
 k_ppt27              5.5926710E-02    1.000000        0.000000    
 k_ppt28              0.4801522        1.000000        0.000000    
 k_ppt29               1.652544        1.000000        0.000000    
 k_ppt30               3.044815        1.000000        0.000000    
 k_ppt31               4.231811        1.000000        0.000000    
 k_ppt32               3.193938        1.000000        0.000000    
 k_ppt33              8.0148079E-02    1.000000        0.000000    
 k_ppt34              0.1090586        1.000000        0.000000    
 k_ppt35              0.2080000        1.000000        0.000000    
 k_ppt36              0.3316327        1.000000        0.000000    
 k_ppt37               1.545184        1.000000        0.000000    
 k_ppt38               2.786622        1.000000        0.000000    
 k_ppt39               4.558232        1.000000        0.000000    
 k_ppt40               1.605522        1.000000        0.000000    
 k_ppt41              0.2280094        1.000000        0.000000    
 k_ppt42              0.1305846        1.000000        0.000000    
 k_ppt43              9.5833100E-02    1.000000        0.000000    
 k_ppt44              0.9856260        1.000000        0.000000    
 k_ppt45              0.7411036        1.000000        0.000000    
 k_ppt46               1.347769        1.000000        0.000000    
 k_ppt47               1.530776        1.000000        0.000000    
 k_ppt48              0.5229484        1.000000        0.000000    
 k_ppt49              0.2738075        1.000000        0.000000    
 k_ppt50              0.3381651        1.000000        0.000000    
 k_ppt51              0.3529577        1.000000        0.000000    
 k_ppt52               1.524581        1.000000        0.000000    
 k_ppt53              0.7941996        1.000000        0.000000    
 k_ppt54              0.4725558        1.000000        0.000000    
 k_ppt55               1.144232        1.000000        0.000000    
 k_ppt56              0.7085335        1.000000        0.000000    
 k_ppt57               1.191526        1.000000        0.000000    
 k_ppt58              0.7317421        1.000000        0.000000    
 k_ppt59              0.7079491        1.000000        0.000000    
 k_ppt60               2.520350        1.000000        0.000000    
 k_ppt61               2.595317        1.000000        0.000000    
 k_ppt62              0.6604485        1.000000        0.000000    
 k_ppt63              0.7390109        1.000000        0.000000    
 k_ppt64              0.8111846        1.000000        0.000000    
 k_ppt65               1.966737        1.000000        0.000000    
 k_ppt66               3.076368        1.000000        0.000000    
 k_ppt67               3.512341        1.000000        0.000000    
 k_ppt68               2.915464        1.000000        0.000000    
 k_ppt69               1.904082        1.000000        0.000000    
 k_ppt70               1.182140        1.000000        0.000000    
 k_ppt71               1.440543        1.000000        0.000000    
 k_ppt72              0.3683794        1.000000        0.000000    
 k_ppt73              0.8342195        1.000000        0.000000    
 k_ppt74               2.125981        1.000000        0.000000    
 k_ppt75               1.688286        1.000000        0.000000    
 k_ppt76               1.028395        1.000000        0.000000    
 k_ppt77               3.411249        1.000000        0.000000    
 k_ppt78               2.339379        1.000000        0.000000    
 k_ppt79               2.068363        1.000000        0.000000    
 k_ppt80              0.9282565        1.000000        0.000000    
 k_ppt81              0.3258582        1.000000        0.000000    
 k_ppt82              0.2644446        1.000000        0.000000    
 k_ppt83              0.3000503        1.000000        0.000000    
 k_ppt84               1.475299        1.000000        0.000000    
 k_ppt85               1.531806        1.000000        0.000000    
 k_ppt86               5.516919        1.000000        0.000000    
 k_ppt87               3.711854        1.000000        0.000000    
 k_ppt88               3.282629        1.000000        0.000000    
 k_ppt89              0.2574180        1.000000        0.000000    
 k_ppt90              0.2737657        1.000000        0.000000    
 k_ppt91              0.5423136        1.000000        0.000000    
 k_ppt92               1.063913        1.000000        0.000000    
 k_ppt93               1.145504        1.000000        0.000000    
 k_ppt94               1.776733        1.000000        0.000000    
 k_ppt95               1.881268        1.000000        0.000000    
 k_ppt96               2.149670        1.000000        0.000000    
 k_ppt97              0.3674025        1.000000        0.000000    
 k_ppt98              0.1468874        1.000000        0.000000    
 k_ppt99              0.4083936        1.000000        0.000000    
 k_ppt100             0.2492914        1.000000        0.000000    
 k_ppt101             0.4486565        1.000000        0.000000    
 k_ppt102             0.7909105        1.000000        0.000000    
 k_ppt103             0.9105296        1.000000        0.000000    
 k_ppt104             0.8066730        1.000000        0.000000    
