 single point
 k_ppt1                2.120747        1.000000        0.000000    
 k_ppt2                1.038136        1.000000        0.000000    
 k_ppt3               0.3854897        1.000000        0.000000    
 k_ppt4                1.498245        1.000000        0.000000    
 k_ppt5                1.615798        1.000000        0.000000    
 k_ppt6               0.8706488        1.000000        0.000000    
 k_ppt7                1.166401        1.000000        0.000000    
 k_ppt8                1.537832        1.000000        0.000000    
 k_ppt9                3.790904        1.000000        0.000000    
 k_ppt10               2.515547        1.000000        0.000000    
 k_ppt11               1.199449        1.000000        0.000000    
 k_ppt12               1.759734        1.000000        0.000000    
 k_ppt13               1.687213        1.000000        0.000000    
 k_ppt14               2.300041        1.000000        0.000000    
 k_ppt15              0.8944017        1.000000        0.000000    
 k_ppt16               6.150091        1.000000        0.000000    
 k_ppt17               4.496043        1.000000        0.000000    
 k_ppt18               5.307134        1.000000        0.000000    
 k_ppt19               2.613716        1.000000        0.000000    
 k_ppt20              0.3446451        1.000000        0.000000    
 k_ppt21              0.7520931        1.000000        0.000000    
 k_ppt22              0.7328441        1.000000        0.000000    
 k_ppt23               1.070855        1.000000        0.000000    
 k_ppt24               1.757293        1.000000        0.000000    
 k_ppt25              0.6520609        1.000000        0.000000    
 k_ppt26               1.984748        1.000000        0.000000    
 k_ppt27              0.3770347        1.000000        0.000000    
 k_ppt28              0.1785839        1.000000        0.000000    
 k_ppt29              0.2814474        1.000000        0.000000    
 k_ppt30               1.287347        1.000000        0.000000    
 k_ppt31               1.343223        1.000000        0.000000    
 k_ppt32              0.8399397        1.000000        0.000000    
 k_ppt33               1.562967        1.000000        0.000000    
 k_ppt34               1.011502        1.000000        0.000000    
 k_ppt35              0.5398183        1.000000        0.000000    
 k_ppt36              0.1321815        1.000000        0.000000    
 k_ppt37              0.1407545        1.000000        0.000000    
 k_ppt38               1.510926        1.000000        0.000000    
 k_ppt39               3.162843        1.000000        0.000000    
 k_ppt40               2.628397        1.000000        0.000000    
 k_ppt41              0.4899036        1.000000        0.000000    
 k_ppt42              0.2313140        1.000000        0.000000    
 k_ppt43              0.1465544        1.000000        0.000000    
 k_ppt44              6.7694657E-02    1.000000        0.000000    
 k_ppt45              0.3222933        1.000000        0.000000    
 k_ppt46              0.4368427        1.000000        0.000000    
 k_ppt47               1.183339        1.000000        0.000000    
 k_ppt48               1.991084        1.000000        0.000000    
 k_ppt49               1.311159        1.000000        0.000000    
 k_ppt50              0.3530370        1.000000        0.000000    
 k_ppt51              6.6497765E-02    1.000000        0.000000    
 k_ppt52              0.4685487        1.000000        0.000000    
 k_ppt53               1.092402        1.000000        0.000000    
 k_ppt54              0.7099604        1.000000        0.000000    
 k_ppt55              0.5564050        1.000000        0.000000    
 k_ppt56               1.052056        1.000000        0.000000    
 k_ppt57              0.3793482        1.000000        0.000000    
 k_ppt58              0.4555730        1.000000        0.000000    
 k_ppt59              0.2155855        1.000000        0.000000    
 k_ppt60               2.729924        1.000000        0.000000    
 k_ppt61               4.027950        1.000000        0.000000    
 k_ppt62               3.066027        1.000000        0.000000    
 k_ppt63               2.183044        1.000000        0.000000    
 k_ppt64               1.489850        1.000000        0.000000    
 k_ppt65              0.2580650        1.000000        0.000000    
 k_ppt66              0.5237781        1.000000        0.000000    
 k_ppt67              0.4046002        1.000000        0.000000    
 k_ppt68               1.751593        1.000000        0.000000    
 k_ppt69               4.654728        1.000000        0.000000    
 k_ppt70               1.392371        1.000000        0.000000    
 k_ppt71              0.6614382        1.000000        0.000000    
 k_ppt72               1.011637        1.000000        0.000000    
 k_ppt73              0.2961808        1.000000        0.000000    
 k_ppt74              0.4881375        1.000000        0.000000    
 k_ppt75              0.3815822        1.000000        0.000000    
 k_ppt76              0.5046242        1.000000        0.000000    
 k_ppt77               1.133769        1.000000        0.000000    
 k_ppt78              0.3846339        1.000000        0.000000    
 k_ppt79              0.1974122        1.000000        0.000000    
 k_ppt80              0.4140374        1.000000        0.000000    
 k_ppt81              0.2277637        1.000000        0.000000    
 k_ppt82              0.3939441        1.000000        0.000000    
 k_ppt83              0.2976584        1.000000        0.000000    
 k_ppt84              0.2926133        1.000000        0.000000    
 k_ppt85               2.632910        1.000000        0.000000    
 k_ppt86              0.6532754        1.000000        0.000000    
 k_ppt87              0.2105103        1.000000        0.000000    
 k_ppt88              0.1722473        1.000000        0.000000    
 k_ppt89              0.8991904        1.000000        0.000000    
 k_ppt90              0.7194175        1.000000        0.000000    
 k_ppt91              0.2151160        1.000000        0.000000    
 k_ppt92              0.6389471        1.000000        0.000000    
 k_ppt93               1.065198        1.000000        0.000000    
 k_ppt94              0.8523087        1.000000        0.000000    
 k_ppt95              0.4822480        1.000000        0.000000    
 k_ppt96              0.2509554        1.000000        0.000000    
 k_ppt97               1.834566        1.000000        0.000000    
 k_ppt98              0.5907066        1.000000        0.000000    
 k_ppt99              0.1467891        1.000000        0.000000    
 k_ppt100             0.1369940        1.000000        0.000000    
 k_ppt101             0.8563855        1.000000        0.000000    
 k_ppt102             0.7961535        1.000000        0.000000    
 k_ppt103             0.5662497        1.000000        0.000000    
 k_ppt104             0.6164588        1.000000        0.000000    
