 single point
 k_ppt1               0.4209627        1.000000        0.000000    
 k_ppt2                2.334583        1.000000        0.000000    
 k_ppt3                4.342453        1.000000        0.000000    
 k_ppt4                4.850965        1.000000        0.000000    
 k_ppt5                1.823706        1.000000        0.000000    
 k_ppt6                1.418059        1.000000        0.000000    
 k_ppt7                1.435291        1.000000        0.000000    
 k_ppt8                1.524887        1.000000        0.000000    
 k_ppt9               0.9766033        1.000000        0.000000    
 k_ppt10               4.718736        1.000000        0.000000    
 k_ppt11               7.732539        1.000000        0.000000    
 k_ppt12               2.731863        1.000000        0.000000    
 k_ppt13              0.9118803        1.000000        0.000000    
 k_ppt14              0.6121103        1.000000        0.000000    
 k_ppt15               1.890774        1.000000        0.000000    
 k_ppt16               3.604999        1.000000        0.000000    
 k_ppt17               1.325217        1.000000        0.000000    
 k_ppt18               2.448705        1.000000        0.000000    
 k_ppt19               3.630512        1.000000        0.000000    
 k_ppt20               3.650639        1.000000        0.000000    
 k_ppt21               1.062414        1.000000        0.000000    
 k_ppt22              0.8778651        1.000000        0.000000    
 k_ppt23               2.336244        1.000000        0.000000    
 k_ppt24               1.606154        1.000000        0.000000    
 k_ppt25              0.3952414        1.000000        0.000000    
 k_ppt26               2.069146        1.000000        0.000000    
 k_ppt27               1.864169        1.000000        0.000000    
 k_ppt28               7.021550        1.000000        0.000000    
 k_ppt29               1.690515        1.000000        0.000000    
 k_ppt30               1.335778        1.000000        0.000000    
 k_ppt31              0.4698370        1.000000        0.000000    
 k_ppt32              0.6571122        1.000000        0.000000    
 k_ppt33               1.478017        1.000000        0.000000    
 k_ppt34               1.306556        1.000000        0.000000    
 k_ppt35               2.183272        1.000000        0.000000    
 k_ppt36               1.119622        1.000000        0.000000    
 k_ppt37               2.139429        1.000000        0.000000    
 k_ppt38               1.326650        1.000000        0.000000    
 k_ppt39              0.2641446        1.000000        0.000000    
 k_ppt40              0.4374627        1.000000        0.000000    
 k_ppt41               1.927153        1.000000        0.000000    
 k_ppt42               2.313978        1.000000        0.000000    
 k_ppt43               1.424442        1.000000        0.000000    
 k_ppt44               1.351440        1.000000        0.000000    
 k_ppt45               1.530979        1.000000        0.000000    
 k_ppt46              0.7787394        1.000000        0.000000    
 k_ppt47              0.7117454        1.000000        0.000000    
 k_ppt48               1.031864        1.000000        0.000000    
 k_ppt49              0.8185581        1.000000        0.000000    
 k_ppt50               1.242180        1.000000        0.000000    
 k_ppt51               1.992343        1.000000        0.000000    
 k_ppt52               1.300522        1.000000        0.000000    
 k_ppt53               1.892822        1.000000        0.000000    
 k_ppt54               1.106009        1.000000        0.000000    
 k_ppt55               1.747096        1.000000        0.000000    
 k_ppt56               1.537827        1.000000        0.000000    
 k_ppt57               2.162868        1.000000        0.000000    
 k_ppt58               2.697373        1.000000        0.000000    
 k_ppt59              0.9649442        1.000000        0.000000    
 k_ppt60               1.217832        1.000000        0.000000    
 k_ppt61               1.489000        1.000000        0.000000    
 k_ppt62               1.331420        1.000000        0.000000    
 k_ppt63               3.267223        1.000000        0.000000    
 k_ppt64               1.514447        1.000000        0.000000    
 k_ppt65               3.505288        1.000000        0.000000    
 k_ppt66               2.599529        1.000000        0.000000    
 k_ppt67              0.8506843        1.000000        0.000000    
 k_ppt68               1.371499        1.000000        0.000000    
 k_ppt69               1.676160        1.000000        0.000000    
 k_ppt70               1.744510        1.000000        0.000000    
 k_ppt71              0.9707804        1.000000        0.000000    
 k_ppt72               2.117638        1.000000        0.000000    
 k_ppt73               8.321773        1.000000        0.000000    
 k_ppt74               2.983357        1.000000        0.000000    
 k_ppt75              0.8941420        1.000000        0.000000    
 k_ppt76              0.3825001        1.000000        0.000000    
 k_ppt77              0.2596944        1.000000        0.000000    
 k_ppt78              0.8103643        1.000000        0.000000    
 k_ppt79              0.7379664        1.000000        0.000000    
 k_ppt80               1.445822        1.000000        0.000000    
 k_ppt81               7.499283        1.000000        0.000000    
 k_ppt82               2.496159        1.000000        0.000000    
 k_ppt83               1.226106        1.000000        0.000000    
 k_ppt84              0.9186847        1.000000        0.000000    
 k_ppt85              0.3712041        1.000000        0.000000    
 k_ppt86              0.4919116        1.000000        0.000000    
 k_ppt87              0.6330656        1.000000        0.000000    
 k_ppt88               2.515194        1.000000        0.000000    
 k_ppt89               1.751969        1.000000        0.000000    
 k_ppt90               1.757248        1.000000        0.000000    
 k_ppt91              0.8223208        1.000000        0.000000    
 k_ppt92              0.4788741        1.000000        0.000000    
 k_ppt93              0.3402551        1.000000        0.000000    
 k_ppt94              0.3619462        1.000000        0.000000    
 k_ppt95              0.8183751        1.000000        0.000000    
 k_ppt96               1.754138        1.000000        0.000000    
 k_ppt97              0.5913002        1.000000        0.000000    
 k_ppt98              0.5762799        1.000000        0.000000    
 k_ppt99              0.6235508        1.000000        0.000000    
 k_ppt100             0.3094575        1.000000        0.000000    
 k_ppt101             0.3279971        1.000000        0.000000    
 k_ppt102             0.8873870        1.000000        0.000000    
 k_ppt103              2.252959        1.000000        0.000000    
 k_ppt104             0.6012887        1.000000        0.000000    
