 single point
 k_ppt1                13.40901        1.000000        0.000000    
 k_ppt2                4.460441        1.000000        0.000000    
 k_ppt3                1.694022        1.000000        0.000000    
 k_ppt4               0.7567649        1.000000        0.000000    
 k_ppt5               0.6697680        1.000000        0.000000    
 k_ppt6               0.3895594        1.000000        0.000000    
 k_ppt7               0.6232039        1.000000        0.000000    
 k_ppt8               0.6395044        1.000000        0.000000    
 k_ppt9                10.31127        1.000000        0.000000    
 k_ppt10               4.680572        1.000000        0.000000    
 k_ppt11               2.197386        1.000000        0.000000    
 k_ppt12               1.309570        1.000000        0.000000    
 k_ppt13              0.9590360        1.000000        0.000000    
 k_ppt14               1.180905        1.000000        0.000000    
 k_ppt15              0.8475742        1.000000        0.000000    
 k_ppt16              0.3970814        1.000000        0.000000    
 k_ppt17               8.076839        1.000000        0.000000    
 k_ppt18               4.831698        1.000000        0.000000    
 k_ppt19               2.580564        1.000000        0.000000    
 k_ppt20              0.8060358        1.000000        0.000000    
 k_ppt21              0.9884914        1.000000        0.000000    
 k_ppt22               1.420560        1.000000        0.000000    
 k_ppt23              0.6532616        1.000000        0.000000    
 k_ppt24              0.7150987        1.000000        0.000000    
 k_ppt25               2.075730        1.000000        0.000000    
 k_ppt26               9.798409        1.000000        0.000000    
 k_ppt27               2.309479        1.000000        0.000000    
 k_ppt28               2.421111        1.000000        0.000000    
 k_ppt29               1.867637        1.000000        0.000000    
 k_ppt30              0.5958742        1.000000        0.000000    
 k_ppt31               1.174764        1.000000        0.000000    
 k_ppt32              0.8583394        1.000000        0.000000    
 k_ppt33               1.742745        1.000000        0.000000    
 k_ppt34               4.909997        1.000000        0.000000    
 k_ppt35               1.966798        1.000000        0.000000    
 k_ppt36               1.283795        1.000000        0.000000    
 k_ppt37               2.110229        1.000000        0.000000    
 k_ppt38               2.558695        1.000000        0.000000    
 k_ppt39               1.123383        1.000000        0.000000    
 k_ppt40              0.9698877        1.000000        0.000000    
 k_ppt41               3.551938        1.000000        0.000000    
 k_ppt42               5.691823        1.000000        0.000000    
 k_ppt43               3.941088        1.000000        0.000000    
 k_ppt44               2.405998        1.000000        0.000000    
 k_ppt45               1.058747        1.000000        0.000000    
 k_ppt46               3.253911        1.000000        0.000000    
 k_ppt47               1.861991        1.000000        0.000000    
 k_ppt48               1.408062        1.000000        0.000000    
 k_ppt49               5.991607        1.000000        0.000000    
 k_ppt50               32.85203        1.000000        0.000000    
 k_ppt51               3.969508        1.000000        0.000000    
 k_ppt52               1.453850        1.000000        0.000000    
 k_ppt53               1.968778        1.000000        0.000000    
 k_ppt54               5.211802        1.000000        0.000000    
 k_ppt55               7.214033        1.000000        0.000000    
 k_ppt56              0.8144271        1.000000        0.000000    
 k_ppt57               7.993656        1.000000        0.000000    
 k_ppt58               20.17832        1.000000        0.000000    
 k_ppt59               5.586385        1.000000        0.000000    
 k_ppt60               3.198834        1.000000        0.000000    
 k_ppt61               2.074507        1.000000        0.000000    
 k_ppt62               2.298759        1.000000        0.000000    
 k_ppt63               1.913109        1.000000        0.000000    
 k_ppt64               1.472421        1.000000        0.000000    
 k_ppt65               6.999886        1.000000        0.000000    
 k_ppt66               4.500149        1.000000        0.000000    
 k_ppt67               3.334039        1.000000        0.000000    
 k_ppt68               8.153864        1.000000        0.000000    
 k_ppt69               2.256507        1.000000        0.000000    
 k_ppt70               1.260797        1.000000        0.000000    
 k_ppt71               1.641165        1.000000        0.000000    
 k_ppt72              0.3362286        1.000000        0.000000    
 k_ppt73               11.23137        1.000000        0.000000    
 k_ppt74               6.375883        1.000000        0.000000    
 k_ppt75               4.552217        1.000000        0.000000    
 k_ppt76               1.284316        1.000000        0.000000    
 k_ppt77              0.5446423        1.000000        0.000000    
 k_ppt78              0.6192774        1.000000        0.000000    
 k_ppt79              0.4124274        1.000000        0.000000    
 k_ppt80              0.2839448        1.000000        0.000000    
 k_ppt81               11.99477        1.000000        0.000000    
 k_ppt82               5.662631        1.000000        0.000000    
 k_ppt83               2.091445        1.000000        0.000000    
 k_ppt84              0.9788399        1.000000        0.000000    
 k_ppt85              0.5163306        1.000000        0.000000    
 k_ppt86              0.5107102        1.000000        0.000000    
 k_ppt87              0.2579145        1.000000        0.000000    
 k_ppt88              0.2571847        1.000000        0.000000    
 k_ppt89              0.9801437        1.000000        0.000000    
 k_ppt90               2.172129        1.000000        0.000000    
 k_ppt91              0.8718676        1.000000        0.000000    
 k_ppt92              0.5408932        1.000000        0.000000    
 k_ppt93              0.5016596        1.000000        0.000000    
 k_ppt94              0.4823749        1.000000        0.000000    
 k_ppt95              0.2921582        1.000000        0.000000    
 k_ppt96               1.808263        1.000000        0.000000    
 k_ppt97              0.7212365        1.000000        0.000000    
 k_ppt98              0.8002434        1.000000        0.000000    
 k_ppt99              0.2841278        1.000000        0.000000    
 k_ppt100             0.5903228        1.000000        0.000000    
 k_ppt101             0.4264823        1.000000        0.000000    
 k_ppt102             0.6470636        1.000000        0.000000    
 k_ppt103              1.021143        1.000000        0.000000    
 k_ppt104             0.6613182        1.000000        0.000000    
