 single point
 k_ppt1               0.8852097        1.000000        0.000000    
 k_ppt2                1.745619        1.000000        0.000000    
 k_ppt3               0.7276268        1.000000        0.000000    
 k_ppt4               0.9979203        1.000000        0.000000    
 k_ppt5               0.3681652        1.000000        0.000000    
 k_ppt6               8.0424406E-02    1.000000        0.000000    
 k_ppt7               9.8028600E-02    1.000000        0.000000    
 k_ppt8               0.1914208        1.000000        0.000000    
 k_ppt9               0.8781587        1.000000        0.000000    
 k_ppt10              0.6261918        1.000000        0.000000    
 k_ppt11               3.552061        1.000000        0.000000    
 k_ppt12              0.3287252        1.000000        0.000000    
 k_ppt13              0.2641319        1.000000        0.000000    
 k_ppt14              7.3255427E-02    1.000000        0.000000    
 k_ppt15              0.2815000        1.000000        0.000000    
 k_ppt16              0.2924730        1.000000        0.000000    
 k_ppt17              0.6039134        1.000000        0.000000    
 k_ppt18               1.155096        1.000000        0.000000    
 k_ppt19               1.316361        1.000000        0.000000    
 k_ppt20              0.5500516        1.000000        0.000000    
 k_ppt21              0.1991855        1.000000        0.000000    
 k_ppt22              0.2606800        1.000000        0.000000    
 k_ppt23              0.3913310        1.000000        0.000000    
 k_ppt24              0.6653358        1.000000        0.000000    
 k_ppt25               1.585067        1.000000        0.000000    
 k_ppt26               1.862501        1.000000        0.000000    
 k_ppt27               2.921770        1.000000        0.000000    
 k_ppt28               1.197899        1.000000        0.000000    
 k_ppt29              0.3455835        1.000000        0.000000    
 k_ppt30              0.1587387        1.000000        0.000000    
 k_ppt31              0.3049032        1.000000        0.000000    
 k_ppt32              0.6058995        1.000000        0.000000    
 k_ppt33              0.9378237        1.000000        0.000000    
 k_ppt34               3.689138        1.000000        0.000000    
 k_ppt35               1.759661        1.000000        0.000000    
 k_ppt36               2.174660        1.000000        0.000000    
 k_ppt37               1.007327        1.000000        0.000000    
 k_ppt38              0.4791009        1.000000        0.000000    
 k_ppt39              0.6021459        1.000000        0.000000    
 k_ppt40              0.9086745        1.000000        0.000000    
 k_ppt41               1.479426        1.000000        0.000000    
 k_ppt42              0.8324011        1.000000        0.000000    
 k_ppt43              0.9933675        1.000000        0.000000    
 k_ppt44              0.5602715        1.000000        0.000000    
 k_ppt45              0.5663109        1.000000        0.000000    
 k_ppt46              0.2927950        1.000000        0.000000    
 k_ppt47              0.4893103        1.000000        0.000000    
 k_ppt48              0.9317132        1.000000        0.000000    
 k_ppt49              0.6859028        1.000000        0.000000    
 k_ppt50              0.2530044        1.000000        0.000000    
 k_ppt51              0.5805825        1.000000        0.000000    
 k_ppt52              0.6402153        1.000000        0.000000    
 k_ppt53              0.4664076        1.000000        0.000000    
 k_ppt54              0.2692750        1.000000        0.000000    
 k_ppt55              0.5748432        1.000000        0.000000    
 k_ppt56              0.9463936        1.000000        0.000000    
 k_ppt57               1.088455        1.000000        0.000000    
 k_ppt58              0.3731695        1.000000        0.000000    
 k_ppt59              0.1385327        1.000000        0.000000    
 k_ppt60              0.3195884        1.000000        0.000000    
 k_ppt61              0.3149590        1.000000        0.000000    
 k_ppt62              0.1632161        1.000000        0.000000    
 k_ppt63              0.2775542        1.000000        0.000000    
 k_ppt64               1.851751        1.000000        0.000000    
 k_ppt65              0.4035520        1.000000        0.000000    
 k_ppt66              0.3855967        1.000000        0.000000    
 k_ppt67              0.3666330        1.000000        0.000000    
 k_ppt68              0.2917013        1.000000        0.000000    
 k_ppt69              0.1431935        1.000000        0.000000    
 k_ppt70              0.2177741        1.000000        0.000000    
 k_ppt71              0.5092111        1.000000        0.000000    
 k_ppt72               1.827561        1.000000        0.000000    
 k_ppt73              0.3955885        1.000000        0.000000    
 k_ppt74              0.3191234        1.000000        0.000000    
 k_ppt75              0.4598008        1.000000        0.000000    
 k_ppt76              0.2630156        1.000000        0.000000    
 k_ppt77              0.1484047        1.000000        0.000000    
 k_ppt78              0.2445372        1.000000        0.000000    
 k_ppt79              0.3998556        1.000000        0.000000    
 k_ppt80              0.7966961        1.000000        0.000000    
 k_ppt81              0.3598461        1.000000        0.000000    
 k_ppt82              0.4271914        1.000000        0.000000    
 k_ppt83              0.4419749        1.000000        0.000000    
 k_ppt84              0.2870015        1.000000        0.000000    
 k_ppt85              0.2633810        1.000000        0.000000    
 k_ppt86              0.1463951        1.000000        0.000000    
 k_ppt87              0.1045647        1.000000        0.000000    
 k_ppt88              0.3363027        1.000000        0.000000    
 k_ppt89              0.5919034        1.000000        0.000000    
 k_ppt90              0.5771205        1.000000        0.000000    
 k_ppt91              0.9166166        1.000000        0.000000    
 k_ppt92              0.5053993        1.000000        0.000000    
 k_ppt93              0.2759149        1.000000        0.000000    
 k_ppt94              0.1009481        1.000000        0.000000    
 k_ppt95              0.1567815        1.000000        0.000000    
 k_ppt96              0.1438247        1.000000        0.000000    
 k_ppt97              0.6278945        1.000000        0.000000    
 k_ppt98               1.708033        1.000000        0.000000    
 k_ppt99               1.108431        1.000000        0.000000    
 k_ppt100              1.706965        1.000000        0.000000    
 k_ppt101             0.7443209        1.000000        0.000000    
 k_ppt102             0.1527322        1.000000        0.000000    
 k_ppt103             0.1289762        1.000000        0.000000    
 k_ppt104             4.3515310E-02    1.000000        0.000000    
