 single point
 k_ppt1                1.177350        1.000000        0.000000    
 k_ppt2                1.799647        1.000000        0.000000    
 k_ppt3                1.962931        1.000000        0.000000    
 k_ppt4               0.4659928        1.000000        0.000000    
 k_ppt5               0.7512546        1.000000        0.000000    
 k_ppt6                1.065450        1.000000        0.000000    
 k_ppt7                3.027165        1.000000        0.000000    
 k_ppt8                2.407432        1.000000        0.000000    
 k_ppt9                2.301930        1.000000        0.000000    
 k_ppt10               1.229466        1.000000        0.000000    
 k_ppt11               1.750263        1.000000        0.000000    
 k_ppt12              0.7243115        1.000000        0.000000    
 k_ppt13              0.4661960        1.000000        0.000000    
 k_ppt14              0.8189812        1.000000        0.000000    
 k_ppt15              0.4135597        1.000000        0.000000    
 k_ppt16              0.9729756        1.000000        0.000000    
 k_ppt17               2.094291        1.000000        0.000000    
 k_ppt18               1.878786        1.000000        0.000000    
 k_ppt19               1.146256        1.000000        0.000000    
 k_ppt20               1.756587        1.000000        0.000000    
 k_ppt21              0.3300220        1.000000        0.000000    
 k_ppt22              0.2005019        1.000000        0.000000    
 k_ppt23              0.1136070        1.000000        0.000000    
 k_ppt24              0.2327607        1.000000        0.000000    
 k_ppt25               3.130526        1.000000        0.000000    
 k_ppt26               3.436036        1.000000        0.000000    
 k_ppt27               1.493728        1.000000        0.000000    
 k_ppt28               2.582214        1.000000        0.000000    
 k_ppt29               2.746591        1.000000        0.000000    
 k_ppt30              0.6591794        1.000000        0.000000    
 k_ppt31              0.1592212        1.000000        0.000000    
 k_ppt32              0.3264829        1.000000        0.000000    
 k_ppt33               2.174276        1.000000        0.000000    
 k_ppt34               2.027882        1.000000        0.000000    
 k_ppt35               2.062237        1.000000        0.000000    
 k_ppt36               5.070181        1.000000        0.000000    
 k_ppt37               1.635386        1.000000        0.000000    
 k_ppt38              0.4595786        1.000000        0.000000    
 k_ppt39              0.4044520        1.000000        0.000000    
 k_ppt40              0.6279787        1.000000        0.000000    
 k_ppt41               1.333439        1.000000        0.000000    
 k_ppt42               1.915056        1.000000        0.000000    
 k_ppt43               2.108889        1.000000        0.000000    
 k_ppt44               2.612353        1.000000        0.000000    
 k_ppt45               2.594900        1.000000        0.000000    
 k_ppt46               1.802324        1.000000        0.000000    
 k_ppt47              0.9331120        1.000000        0.000000    
 k_ppt48               1.071449        1.000000        0.000000    
 k_ppt49               1.831994        1.000000        0.000000    
 k_ppt50               1.790336        1.000000        0.000000    
 k_ppt51               1.889729        1.000000        0.000000    
 k_ppt52               5.858707        1.000000        0.000000    
 k_ppt53               4.751324        1.000000        0.000000    
 k_ppt54               6.394861        1.000000        0.000000    
 k_ppt55               1.203593        1.000000        0.000000    
 k_ppt56               1.112351        1.000000        0.000000    
 k_ppt57               2.471765        1.000000        0.000000    
 k_ppt58               1.478463        1.000000        0.000000    
 k_ppt59               2.141010        1.000000        0.000000    
 k_ppt60               2.603311        1.000000        0.000000    
 k_ppt61               3.682349        1.000000        0.000000    
 k_ppt62               1.380846        1.000000        0.000000    
 k_ppt63               3.432672        1.000000        0.000000    
 k_ppt64               1.174777        1.000000        0.000000    
 k_ppt65               1.677121        1.000000        0.000000    
 k_ppt66               1.410093        1.000000        0.000000    
 k_ppt67               1.915886        1.000000        0.000000    
 k_ppt68               3.092871        1.000000        0.000000    
 k_ppt69               1.394304        1.000000        0.000000    
 k_ppt70              0.5557879        1.000000        0.000000    
 k_ppt71               1.685121        1.000000        0.000000    
 k_ppt72              0.4264246        1.000000        0.000000    
 k_ppt73               1.036731        1.000000        0.000000    
 k_ppt74               1.471369        1.000000        0.000000    
 k_ppt75               2.819710        1.000000        0.000000    
 k_ppt76               1.086214        1.000000        0.000000    
 k_ppt77               1.161108        1.000000        0.000000    
 k_ppt78               1.119172        1.000000        0.000000    
 k_ppt79              0.8189669        1.000000        0.000000    
 k_ppt80              0.3460596        1.000000        0.000000    
 k_ppt81              0.7469953        1.000000        0.000000    
 k_ppt82               1.486812        1.000000        0.000000    
 k_ppt83               1.793475        1.000000        0.000000    
 k_ppt84              0.7376639        1.000000        0.000000    
 k_ppt85               1.829316        1.000000        0.000000    
 k_ppt86              0.2937915        1.000000        0.000000    
 k_ppt87              0.3124127        1.000000        0.000000    
 k_ppt88              0.3826582        1.000000        0.000000    
 k_ppt89               1.344824        1.000000        0.000000    
 k_ppt90               1.167564        1.000000        0.000000    
 k_ppt91              0.8978124        1.000000        0.000000    
 k_ppt92               2.626359        1.000000        0.000000    
 k_ppt93               5.436487        1.000000        0.000000    
 k_ppt94              0.5050180        1.000000        0.000000    
 k_ppt95              0.2542528        1.000000        0.000000    
 k_ppt96              0.4383399        1.000000        0.000000    
 k_ppt97               4.306859        1.000000        0.000000    
 k_ppt98              0.8161859        1.000000        0.000000    
 k_ppt99              0.8521473        1.000000        0.000000    
 k_ppt100              1.110650        1.000000        0.000000    
 k_ppt101             0.7016361        1.000000        0.000000    
 k_ppt102             0.3769301        1.000000        0.000000    
 k_ppt103             0.3318749        1.000000        0.000000    
 k_ppt104             0.2614754        1.000000        0.000000    
