 single point
 k_ppt1                4.858749        1.000000        0.000000    
 k_ppt2                7.788022        1.000000        0.000000    
 k_ppt3                5.337273        1.000000        0.000000    
 k_ppt4                2.623448        1.000000        0.000000    
 k_ppt5                3.179463        1.000000        0.000000    
 k_ppt6                2.311876        1.000000        0.000000    
 k_ppt7                1.659275        1.000000        0.000000    
 k_ppt8               0.4935552        1.000000        0.000000    
 k_ppt9                5.724231        1.000000        0.000000    
 k_ppt10               6.550313        1.000000        0.000000    
 k_ppt11               4.177270        1.000000        0.000000    
 k_ppt12               3.441777        1.000000        0.000000    
 k_ppt13               3.395660        1.000000        0.000000    
 k_ppt14               4.992738        1.000000        0.000000    
 k_ppt15               1.187770        1.000000        0.000000    
 k_ppt16              0.5462847        1.000000        0.000000    
 k_ppt17               5.280492        1.000000        0.000000    
 k_ppt18               11.41937        1.000000        0.000000    
 k_ppt19               9.381822        1.000000        0.000000    
 k_ppt20               7.413063        1.000000        0.000000    
 k_ppt21               2.976338        1.000000        0.000000    
 k_ppt22               3.280014        1.000000        0.000000    
 k_ppt23               2.219188        1.000000        0.000000    
 k_ppt24               2.626072        1.000000        0.000000    
 k_ppt25               3.532536        1.000000        0.000000    
 k_ppt26               7.271502        1.000000        0.000000    
 k_ppt27               8.522316        1.000000        0.000000    
 k_ppt28               2.638051        1.000000        0.000000    
 k_ppt29               3.459281        1.000000        0.000000    
 k_ppt30               1.614668        1.000000        0.000000    
 k_ppt31               3.922255        1.000000        0.000000    
 k_ppt32               2.625259        1.000000        0.000000    
 k_ppt33               1.782155        1.000000        0.000000    
 k_ppt34               3.976193        1.000000        0.000000    
 k_ppt35               2.636993        1.000000        0.000000    
 k_ppt36               1.475883        1.000000        0.000000    
 k_ppt37               1.596909        1.000000        0.000000    
 k_ppt38              0.6286948        1.000000        0.000000    
 k_ppt39               1.469589        1.000000        0.000000    
 k_ppt40               5.311890        1.000000        0.000000    
 k_ppt41               4.952628        1.000000        0.000000    
 k_ppt42               8.509967        1.000000        0.000000    
 k_ppt43               2.109733        1.000000        0.000000    
 k_ppt44              0.9440181        1.000000        0.000000    
 k_ppt45               1.016107        1.000000        0.000000    
 k_ppt46               1.358108        1.000000        0.000000    
 k_ppt47              0.4824854        1.000000        0.000000    
 k_ppt48               2.069345        1.000000        0.000000    
 k_ppt49               3.216387        1.000000        0.000000    
 k_ppt50               6.737118        1.000000        0.000000    
 k_ppt51              0.9050491        1.000000        0.000000    
 k_ppt52               1.065629        1.000000        0.000000    
 k_ppt53              0.8739655        1.000000        0.000000    
 k_ppt54               2.509469        1.000000        0.000000    
 k_ppt55               1.154810        1.000000        0.000000    
 k_ppt56               3.534846        1.000000        0.000000    
 k_ppt57              0.8021008        1.000000        0.000000    
 k_ppt58               1.058668        1.000000        0.000000    
 k_ppt59               1.238332        1.000000        0.000000    
 k_ppt60              0.8120860        1.000000        0.000000    
 k_ppt61               1.276690        1.000000        0.000000    
 k_ppt62               1.248343        1.000000        0.000000    
 k_ppt63               2.609849        1.000000        0.000000    
 k_ppt64               4.327394        1.000000        0.000000    
 k_ppt65               1.272326        1.000000        0.000000    
 k_ppt66              0.6354639        1.000000        0.000000    
 k_ppt67              0.7549796        1.000000        0.000000    
 k_ppt68              0.8310760        1.000000        0.000000    
 k_ppt69              0.8997859        1.000000        0.000000    
 k_ppt70               1.495319        1.000000        0.000000    
 k_ppt71               1.643836        1.000000        0.000000    
 k_ppt72               4.092380        1.000000        0.000000    
 k_ppt73              0.5791296        1.000000        0.000000    
 k_ppt74               1.537707        1.000000        0.000000    
 k_ppt75               1.503855        1.000000        0.000000    
 k_ppt76              0.6693395        1.000000        0.000000    
 k_ppt77               1.217445        1.000000        0.000000    
 k_ppt78              0.4665742        1.000000        0.000000    
 k_ppt79              0.5656063        1.000000        0.000000    
 k_ppt80               1.210583        1.000000        0.000000    
 k_ppt81              0.4825987        1.000000        0.000000    
 k_ppt82               1.108853        1.000000        0.000000    
 k_ppt83               1.444500        1.000000        0.000000    
 k_ppt84              0.8232077        1.000000        0.000000    
 k_ppt85              0.6615856        1.000000        0.000000    
 k_ppt86              0.4560543        1.000000        0.000000    
 k_ppt87              0.3590669        1.000000        0.000000    
 k_ppt88               1.229038        1.000000        0.000000    
 k_ppt89              0.2151465        1.000000        0.000000    
 k_ppt90              0.2602339        1.000000        0.000000    
 k_ppt91              0.6867459        1.000000        0.000000    
 k_ppt92              0.5871252        1.000000        0.000000    
 k_ppt93              0.4367577        1.000000        0.000000    
 k_ppt94              0.6510149        1.000000        0.000000    
 k_ppt95               1.336249        1.000000        0.000000    
 k_ppt96              0.7552340        1.000000        0.000000    
 k_ppt97              0.2017571        1.000000        0.000000    
 k_ppt98              0.3113762        1.000000        0.000000    
 k_ppt99              0.7061490        1.000000        0.000000    
 k_ppt100              1.125267        1.000000        0.000000    
 k_ppt101             0.5966979        1.000000        0.000000    
 k_ppt102             0.6939253        1.000000        0.000000    
 k_ppt103             0.7639860        1.000000        0.000000    
 k_ppt104             0.5521464        1.000000        0.000000    
