 single point
 k_ppt1               0.8289502        1.000000        0.000000    
 k_ppt2               0.1897688        1.000000        0.000000    
 k_ppt3               0.5458280        1.000000        0.000000    
 k_ppt4               0.2523826        1.000000        0.000000    
 k_ppt5               0.3721173        1.000000        0.000000    
 k_ppt6               0.2362117        1.000000        0.000000    
 k_ppt7               0.2640958        1.000000        0.000000    
 k_ppt8               0.1504136        1.000000        0.000000    
 k_ppt9               0.9116553        1.000000        0.000000    
 k_ppt10              0.1110449        1.000000        0.000000    
 k_ppt11              0.2298673        1.000000        0.000000    
 k_ppt12              0.2943578        1.000000        0.000000    
 k_ppt13              0.4549958        1.000000        0.000000    
 k_ppt14              0.5067040        1.000000        0.000000    
 k_ppt15              0.4382170        1.000000        0.000000    
 k_ppt16              0.3043064        1.000000        0.000000    
 k_ppt17              0.4853720        1.000000        0.000000    
 k_ppt18              0.1499348        1.000000        0.000000    
 k_ppt19              9.1817595E-02    1.000000        0.000000    
 k_ppt20              0.1480650        1.000000        0.000000    
 k_ppt21              0.4394697        1.000000        0.000000    
 k_ppt22              0.5055973        1.000000        0.000000    
 k_ppt23              0.4406608        1.000000        0.000000    
 k_ppt24              0.2200904        1.000000        0.000000    
 k_ppt25              0.4182355        1.000000        0.000000    
 k_ppt26              0.3414784        1.000000        0.000000    
 k_ppt27              0.1856533        1.000000        0.000000    
 k_ppt28              0.2342940        1.000000        0.000000    
 k_ppt29              0.4112475        1.000000        0.000000    
 k_ppt30              0.2403819        1.000000        0.000000    
 k_ppt31              0.2897248        1.000000        0.000000    
 k_ppt32              0.3365046        1.000000        0.000000    
 k_ppt33              0.1613253        1.000000        0.000000    
 k_ppt34              0.2391107        1.000000        0.000000    
 k_ppt35              0.1722078        1.000000        0.000000    
 k_ppt36              0.3102219        1.000000        0.000000    
 k_ppt37              0.4481547        1.000000        0.000000    
 k_ppt38              0.2791467        1.000000        0.000000    
 k_ppt39              0.5723891        1.000000        0.000000    
 k_ppt40              0.3888364        1.000000        0.000000    
 k_ppt41              0.2008510        1.000000        0.000000    
 k_ppt42              0.2854702        1.000000        0.000000    
 k_ppt43              0.1968029        1.000000        0.000000    
 k_ppt44              0.4020262        1.000000        0.000000    
 k_ppt45              0.8945599        1.000000        0.000000    
 k_ppt46              0.9405208        1.000000        0.000000    
 k_ppt47               1.430780        1.000000        0.000000    
 k_ppt48               3.605224        1.000000        0.000000    
 k_ppt49              0.3585724        1.000000        0.000000    
 k_ppt50              0.1386197        1.000000        0.000000    
 k_ppt51               1.276638        1.000000        0.000000    
 k_ppt52               1.191664        1.000000        0.000000    
 k_ppt53              0.8090811        1.000000        0.000000    
 k_ppt54               2.017816        1.000000        0.000000    
 k_ppt55               4.529423        1.000000        0.000000    
 k_ppt56               6.065957        1.000000        0.000000    
 k_ppt57              0.3291841        1.000000        0.000000    
 k_ppt58              0.4215072        1.000000        0.000000    
 k_ppt59              0.4965476        1.000000        0.000000    
 k_ppt60              0.9031091        1.000000        0.000000    
 k_ppt61               2.585407        1.000000        0.000000    
 k_ppt62               3.144495        1.000000        0.000000    
 k_ppt63               6.361396        1.000000        0.000000    
 k_ppt64               17.40143        1.000000        0.000000    
 k_ppt65              0.3627338        1.000000        0.000000    
 k_ppt66              0.2158261        1.000000        0.000000    
 k_ppt67              0.6352763        1.000000        0.000000    
 k_ppt68               1.265741        1.000000        0.000000    
 k_ppt69               1.072025        1.000000        0.000000    
 k_ppt70               5.434854        1.000000        0.000000    
 k_ppt71               3.405622        1.000000        0.000000    
 k_ppt72               5.198566        1.000000        0.000000    
 k_ppt73              0.4537430        1.000000        0.000000    
 k_ppt74              0.5828590        1.000000        0.000000    
 k_ppt75               1.133988        1.000000        0.000000    
 k_ppt76              0.2762997        1.000000        0.000000    
 k_ppt77              0.5975855        1.000000        0.000000    
 k_ppt78               2.546436        1.000000        0.000000    
 k_ppt79               2.516318        1.000000        0.000000    
 k_ppt80               1.157253        1.000000        0.000000    
 k_ppt81              0.4705094        1.000000        0.000000    
 k_ppt82              0.3601668        1.000000        0.000000    
 k_ppt83              0.5746881        1.000000        0.000000    
 k_ppt84              0.8439701        1.000000        0.000000    
 k_ppt85               1.406056        1.000000        0.000000    
 k_ppt86               1.164534        1.000000        0.000000    
 k_ppt87               2.739893        1.000000        0.000000    
 k_ppt88               1.225609        1.000000        0.000000    
 k_ppt89              0.2773231        1.000000        0.000000    
 k_ppt90              0.4489977        1.000000        0.000000    
 k_ppt91              0.4416350        1.000000        0.000000    
 k_ppt92              0.7639939        1.000000        0.000000    
 k_ppt93               1.166476        1.000000        0.000000    
 k_ppt94               2.572818        1.000000        0.000000    
 k_ppt95               1.426407        1.000000        0.000000    
 k_ppt96               1.002061        1.000000        0.000000    
 k_ppt97              0.1763930        1.000000        0.000000    
 k_ppt98              0.1449784        1.000000        0.000000    
 k_ppt99              0.1065129        1.000000        0.000000    
 k_ppt100             0.2548502        1.000000        0.000000    
 k_ppt101             0.2425499        1.000000        0.000000    
 k_ppt102             0.6877835        1.000000        0.000000    
 k_ppt103             0.8716930        1.000000        0.000000    
 k_ppt104             0.8142402        1.000000        0.000000    
