 single point
 k_ppt1               0.7077075        1.000000        0.000000    
 k_ppt2               0.4109340        1.000000        0.000000    
 k_ppt3               0.7942960        1.000000        0.000000    
 k_ppt4                1.318833        1.000000        0.000000    
 k_ppt5                1.357205        1.000000        0.000000    
 k_ppt6                1.652898        1.000000        0.000000    
 k_ppt7               0.8001056        1.000000        0.000000    
 k_ppt8                2.176319        1.000000        0.000000    
 k_ppt9               0.9906049        1.000000        0.000000    
 k_ppt10               1.228301        1.000000        0.000000    
 k_ppt11              0.8392761        1.000000        0.000000    
 k_ppt12              0.3544280        1.000000        0.000000    
 k_ppt13              0.9647616        1.000000        0.000000    
 k_ppt14               1.245263        1.000000        0.000000    
 k_ppt15               2.239976        1.000000        0.000000    
 k_ppt16               2.394182        1.000000        0.000000    
 k_ppt17              0.9808539        1.000000        0.000000    
 k_ppt18              0.6370091        1.000000        0.000000    
 k_ppt19              0.9208998        1.000000        0.000000    
 k_ppt20               1.088478        1.000000        0.000000    
 k_ppt21              0.7894108        1.000000        0.000000    
 k_ppt22               2.474175        1.000000        0.000000    
 k_ppt23               1.505707        1.000000        0.000000    
 k_ppt24               2.948671        1.000000        0.000000    
 k_ppt25              0.4374023        1.000000        0.000000    
 k_ppt26              0.9075045        1.000000        0.000000    
 k_ppt27              0.8164004        1.000000        0.000000    
 k_ppt28               1.623173        1.000000        0.000000    
 k_ppt29               3.171297        1.000000        0.000000    
 k_ppt30               5.030920        1.000000        0.000000    
 k_ppt31               7.218991        1.000000        0.000000    
 k_ppt32               6.040251        1.000000        0.000000    
 k_ppt33              0.5148875        1.000000        0.000000    
 k_ppt34              0.7260575        1.000000        0.000000    
 k_ppt35              0.3746401        1.000000        0.000000    
 k_ppt36              0.9902096        1.000000        0.000000    
 k_ppt37               6.220019        1.000000        0.000000    
 k_ppt38               5.567492        1.000000        0.000000    
 k_ppt39               8.242351        1.000000        0.000000    
 k_ppt40               4.716558        1.000000        0.000000    
 k_ppt41              0.3620023        1.000000        0.000000    
 k_ppt42              0.6059065        1.000000        0.000000    
 k_ppt43               1.168234        1.000000        0.000000    
 k_ppt44               1.176895        1.000000        0.000000    
 k_ppt45              0.6279268        1.000000        0.000000    
 k_ppt46               4.219486        1.000000        0.000000    
 k_ppt47               4.835411        1.000000        0.000000    
 k_ppt48               1.317135        1.000000        0.000000    
 k_ppt49              0.4910471        1.000000        0.000000    
 k_ppt50              0.5441573        1.000000        0.000000    
 k_ppt51              0.9371505        1.000000        0.000000    
 k_ppt52               1.051268        1.000000        0.000000    
 k_ppt53               1.564818        1.000000        0.000000    
 k_ppt54               1.030368        1.000000        0.000000    
 k_ppt55               1.016894        1.000000        0.000000    
 k_ppt56               2.219083        1.000000        0.000000    
 k_ppt57              0.2679478        1.000000        0.000000    
 k_ppt58              0.4010578        1.000000        0.000000    
 k_ppt59              0.8046097        1.000000        0.000000    
 k_ppt60              0.4485991        1.000000        0.000000    
 k_ppt61               1.885076        1.000000        0.000000    
 k_ppt62              0.8686430        1.000000        0.000000    
 k_ppt63               1.075339        1.000000        0.000000    
 k_ppt64               1.037472        1.000000        0.000000    
 k_ppt65              0.6629738        1.000000        0.000000    
 k_ppt66              0.4811923        1.000000        0.000000    
 k_ppt67              0.4860821        1.000000        0.000000    
 k_ppt68              0.2512421        1.000000        0.000000    
 k_ppt69              0.9813164        1.000000        0.000000    
 k_ppt70              0.9283219        1.000000        0.000000    
 k_ppt71              0.7933692        1.000000        0.000000    
 k_ppt72              0.4355999        1.000000        0.000000    
 k_ppt73              0.5914460        1.000000        0.000000    
 k_ppt74               1.430793        1.000000        0.000000    
 k_ppt75               1.049380        1.000000        0.000000    
 k_ppt76              0.3394603        1.000000        0.000000    
 k_ppt77              0.4241070        1.000000        0.000000    
 k_ppt78               1.276069        1.000000        0.000000    
 k_ppt79              0.6471210        1.000000        0.000000    
 k_ppt80               1.451417        1.000000        0.000000    
 k_ppt81               1.588682        1.000000        0.000000    
 k_ppt82               1.701602        1.000000        0.000000    
 k_ppt83               1.563653        1.000000        0.000000    
 k_ppt84               1.552701        1.000000        0.000000    
 k_ppt85              0.7594554        1.000000        0.000000    
 k_ppt86              0.4644030        1.000000        0.000000    
 k_ppt87               1.124799        1.000000        0.000000    
 k_ppt88              0.3324210        1.000000        0.000000    
 k_ppt89               1.193406        1.000000        0.000000    
 k_ppt90              0.9618788        1.000000        0.000000    
 k_ppt91              0.6767552        1.000000        0.000000    
 k_ppt92               1.372013        1.000000        0.000000    
 k_ppt93              0.5494605        1.000000        0.000000    
 k_ppt94              0.5356144        1.000000        0.000000    
 k_ppt95              0.5814273        1.000000        0.000000    
 k_ppt96              0.1735143        1.000000        0.000000    
 k_ppt97              0.5527320        1.000000        0.000000    
 k_ppt98              0.4147955        1.000000        0.000000    
 k_ppt99              0.4374978        1.000000        0.000000    
 k_ppt100             0.7102688        1.000000        0.000000    
 k_ppt101             0.6063052        1.000000        0.000000    
 k_ppt102             0.3050458        1.000000        0.000000    
 k_ppt103             0.2369454        1.000000        0.000000    
 k_ppt104             0.1829762        1.000000        0.000000    
