 single point
 k_ppt1                10.27689        1.000000        0.000000    
 k_ppt2                16.32232        1.000000        0.000000    
 k_ppt3                6.209595        1.000000        0.000000    
 k_ppt4                6.124148        1.000000        0.000000    
 k_ppt5                1.713244        1.000000        0.000000    
 k_ppt6                1.165406        1.000000        0.000000    
 k_ppt7                1.880653        1.000000        0.000000    
 k_ppt8                1.006414        1.000000        0.000000    
 k_ppt9                8.905362        1.000000        0.000000    
 k_ppt10               5.678812        1.000000        0.000000    
 k_ppt11               3.822783        1.000000        0.000000    
 k_ppt12               3.274154        1.000000        0.000000    
 k_ppt13               2.016346        1.000000        0.000000    
 k_ppt14               1.513234        1.000000        0.000000    
 k_ppt15               1.492872        1.000000        0.000000    
 k_ppt16               3.319793        1.000000        0.000000    
 k_ppt17               3.508870        1.000000        0.000000    
 k_ppt18               1.137846        1.000000        0.000000    
 k_ppt19               3.001512        1.000000        0.000000    
 k_ppt20               3.233497        1.000000        0.000000    
 k_ppt21               1.595512        1.000000        0.000000    
 k_ppt22               1.464453        1.000000        0.000000    
 k_ppt23               2.064999        1.000000        0.000000    
 k_ppt24               4.797273        1.000000        0.000000    
 k_ppt25               1.554015        1.000000        0.000000    
 k_ppt26               1.265854        1.000000        0.000000    
 k_ppt27               1.957065        1.000000        0.000000    
 k_ppt28               2.421685        1.000000        0.000000    
 k_ppt29               2.485569        1.000000        0.000000    
 k_ppt30               1.552307        1.000000        0.000000    
 k_ppt31               1.742816        1.000000        0.000000    
 k_ppt32              0.8758739        1.000000        0.000000    
 k_ppt33               1.706318        1.000000        0.000000    
 k_ppt34               1.293224        1.000000        0.000000    
 k_ppt35               1.171228        1.000000        0.000000    
 k_ppt36               1.149035        1.000000        0.000000    
 k_ppt37               1.971721        1.000000        0.000000    
 k_ppt38               3.397056        1.000000        0.000000    
 k_ppt39              0.9311258        1.000000        0.000000    
 k_ppt40              0.7212166        1.000000        0.000000    
 k_ppt41              0.9548751        1.000000        0.000000    
 k_ppt42              0.2631226        1.000000        0.000000    
 k_ppt43              0.5458934        1.000000        0.000000    
 k_ppt44               2.012119        1.000000        0.000000    
 k_ppt45               1.570256        1.000000        0.000000    
 k_ppt46               1.236839        1.000000        0.000000    
 k_ppt47              0.5489239        1.000000        0.000000    
 k_ppt48               2.645515        1.000000        0.000000    
 k_ppt49              0.3762833        1.000000        0.000000    
 k_ppt50              0.3537879        1.000000        0.000000    
 k_ppt51              0.4565314        1.000000        0.000000    
 k_ppt52               1.717258        1.000000        0.000000    
 k_ppt53               1.578753        1.000000        0.000000    
 k_ppt54               1.221124        1.000000        0.000000    
 k_ppt55              0.7058142        1.000000        0.000000    
 k_ppt56              0.6380034        1.000000        0.000000    
 k_ppt57              0.3019328        1.000000        0.000000    
 k_ppt58              0.3430392        1.000000        0.000000    
 k_ppt59               1.173033        1.000000        0.000000    
 k_ppt60               2.382575        1.000000        0.000000    
 k_ppt61              0.5411562        1.000000        0.000000    
 k_ppt62              0.4410599        1.000000        0.000000    
 k_ppt63               1.378082        1.000000        0.000000    
 k_ppt64               1.332978        1.000000        0.000000    
 k_ppt65              0.1284932        1.000000        0.000000    
 k_ppt66               1.543018        1.000000        0.000000    
 k_ppt67               1.649736        1.000000        0.000000    
 k_ppt68               1.091314        1.000000        0.000000    
 k_ppt69               1.480991        1.000000        0.000000    
 k_ppt70              0.6363105        1.000000        0.000000    
 k_ppt71               2.853466        1.000000        0.000000    
 k_ppt72               5.062186        1.000000        0.000000    
 k_ppt73              0.3715320        1.000000        0.000000    
 k_ppt74              0.5245823        1.000000        0.000000    
 k_ppt75               1.262551        1.000000        0.000000    
 k_ppt76              0.6308441        1.000000        0.000000    
 k_ppt77              0.4208079        1.000000        0.000000    
 k_ppt78               1.282774        1.000000        0.000000    
 k_ppt79               1.410870        1.000000        0.000000    
 k_ppt80               3.810917        1.000000        0.000000    
 k_ppt81              0.9387229        1.000000        0.000000    
 k_ppt82              0.8433120        1.000000        0.000000    
 k_ppt83              0.2128009        1.000000        0.000000    
 k_ppt84              0.3001163        1.000000        0.000000    
 k_ppt85              0.3905540        1.000000        0.000000    
 k_ppt86               1.270483        1.000000        0.000000    
 k_ppt87               2.168082        1.000000        0.000000    
 k_ppt88               14.01885        1.000000        0.000000    
 k_ppt89               1.029775        1.000000        0.000000    
 k_ppt90               1.974012        1.000000        0.000000    
 k_ppt91               1.215272        1.000000        0.000000    
 k_ppt92              0.6206183        1.000000        0.000000    
 k_ppt93               1.841277        1.000000        0.000000    
 k_ppt94               1.708405        1.000000        0.000000    
 k_ppt95               2.011664        1.000000        0.000000    
 k_ppt96               6.433907        1.000000        0.000000    
 k_ppt97               9.070042        1.000000        0.000000    
 k_ppt98               4.624728        1.000000        0.000000    
 k_ppt99               2.278140        1.000000        0.000000    
 k_ppt100             0.7535558        1.000000        0.000000    
 k_ppt101              1.431984        1.000000        0.000000    
 k_ppt102              3.614755        1.000000        0.000000    
 k_ppt103             0.6425700        1.000000        0.000000    
 k_ppt104              1.550218        1.000000        0.000000    
