123              4      14593   0.7609215          14273   0.1488222          14272   1.4764747E-02      14592   7.5491513E-02
14               4      42378   0.4371047          42379   0.3835084          42059   8.3835373E-02      42058   9.5551587E-02
142              4      44432   0.6487032          44112   2.3240491E-02      44111   1.1346469E-02      44431   0.3167098    
143              4      43149   0.3974520          43150   0.1279611          42830   0.1155827          42829   0.3590043    
144              4      44116   0.5845388          43796   0.3534050          43795   2.3381990E-02      44115   3.8674270E-02
145              4      42838   0.4639933          42518   9.3950450E-02      42517   7.4436510E-02      42837   0.3676198    
146              4      42196   0.4861252          41876   0.4134186          41875   4.6168387E-02      42195   5.4287873E-02
147              4      42201   0.5594695          42200   0.1093174          42520   5.4138845E-02      42521   0.2770742    
15               4      40144   0.3779165          39824   0.3042272          39823   0.1417597          40143   0.1760965    
150              4      33188   0.7459945          33508   0.1222618          33509   1.8551237E-02      33189   0.1131925    
151              4      34795   0.3875791          35115   0.2140771          35116   0.1417359          34796   0.2566078    
152              4      34795   0.3875791          35115   0.2140771          35116   0.1417359          34796   0.2566078    
160              4      52118   0.6746727          52117   6.7914226E-02      52437   2.3542034E-02      52438   0.2338710    
172              4      34004   0.7631635          33684   0.1227802          33683   1.5806710E-02      34003   9.8249550E-02
179              4      23852   0.8577326          23853   4.5280451E-02      23533   4.8632889E-03      23532   9.2123671E-02
18               4      41423   0.4786622          41424   2.4950874E-02      41104   2.4592866E-02      41103   0.4717941    
19               4      40783   0.3352972          40784   0.1935158          40464   0.1724279          40463   0.2987590    
20               4      41103   0.4089730          41104   0.1072400          40784   0.1005037          40783   0.3832832    
204              4      40225   0.3681801          40224   0.2742069          40544   0.1526494          40545   0.2049637    
223              4      25459   0.6026231          25779   8.0633148E-02      25780   3.7379892E-02      25460   0.2793638    
31               4      34267   0.8705792          34268   8.0338092E-03      33948   1.1099308E-03      33947   0.1202770    
32               4      34267   0.8705792          34268   8.0338092E-03      33948   1.1099308E-03      33947   0.1202770    
33               4      32988   0.5963741          32668   4.5569635E-02      32667   2.5417325E-02      32987   0.3326389    
36               4      31396   0.3722904          31716   0.1375659          31717   0.1322472          31397   0.3578966    
37               4      32036   0.6241432          32356   0.2021131          32357   4.2499984E-02      32037   0.1312438    
38               4      33000   0.6876970          32680   0.1194467          32679   2.8540212E-02      32999   0.1643160    
39               4      33639   0.4211616          33640   0.4058515          33320   8.4892268E-02      33319   8.8094692E-02
41               4      33959   0.5434222          33960   0.2709908          33640   6.1752899E-02      33639   0.1238341    
42               4      34599   0.7763143          34600   1.2898693E-02      34280   3.4450473E-03      34279   0.2073419    
50               4      42279   0.4699206          42280   0.1560924          41960   9.3251307E-02      41959   0.2807357    
54               4      34330   0.7511464          34010   0.1579973          34009   1.5789633E-02      34329   7.5066627E-02
55               4      32731   0.6222591          32411   7.7684628E-02      32410   3.3302332E-02      32730   0.2667539    
56               4      31771   0.7650436          31772   0.1617694          31452   1.2774326E-02      31451   6.0412634E-02
72               4      29206   0.4445334          29207   0.2106797          28887   0.1108641          28886   0.2339229    
100              4      95704   0.5875764          95703   0.1034105          96023   4.6245736E-02      96024   0.2627673    
101              4      95704   0.5875764          95703   0.1034105          96023   4.6245736E-02      96024   0.2627673    
103              4      95064   0.5547712          95384   0.2784851          95385   5.5727932E-02      95065   0.1110158    
137              4     109409   0.4498317         109089   0.1855121         109088   0.1064749         109408   0.2581814    
140              4     108768   0.2912837         108448   0.2780601         108447   0.2103269         108767   0.2203294    
153              4      74287   0.5048100          73967   0.3447338          73966   6.1053188E-02      74286   8.9403072E-02
163              4      97075   0.7234904          96755   0.2274533          96754   1.1733618E-02      97074   3.7322642E-02
166              4      97072   0.6032961          97071   0.1230908          97391   4.6365442E-02      97392   0.2272476    
171              4     103404   0.5244804         103405   0.3285326         103085   5.6611108E-02     103084   9.0375852E-02
173              4      97123   0.8334779          97124   3.4135142E-02      96804   5.2085981E-03      96803   0.1271784    
174              4      92006   0.5306102          92005   0.4003768          92325   2.9679490E-02      92326   3.9333550E-02
175              4      88491   0.4966098          88492   0.3560032          88172   6.1540503E-02      88171   8.5846457E-02
176              4      88495   0.3256596          88815   0.3071967          88816   0.1782164          88496   0.1889274    
180              4      87212   0.8577326          87213   4.5280451E-02      86893   4.8632889E-03      86892   9.2123671E-02
197              4     100354   0.4911660         100353   0.1494209         100673   8.3835342E-02     100674   0.2755777    
198              4     100362   0.6385362         100042   0.3438075         100041   6.1794608E-03     100361   1.1476799E-02
199              4     100046   0.6412548         100366   0.2686014         100367   2.6611608E-02     100047   6.3532132E-02
220              4     101222   0.5968164         100902   0.1203274         100901   4.7459592E-02     101221   0.2353967    
43               4      98919   0.4072236          98599   0.1347201          98598   0.1138668          98918   0.3441894    
44               4     100858   0.7152547         100538   0.1004890         100537   2.2697969E-02     100857   0.1615583    
45               4      98939   0.7281614          98619   3.6382312E-02      98618   1.1204648E-02      98938   0.2242516    
58               4      94489   0.4994645          94169   0.4240792          94168   3.5107718E-02      94488   4.1348542E-02
78               4      98664   0.8814844          98663   2.7502546E-02      98983   2.7537142E-03      98984   8.8259326E-02
89               4      88117   0.4784505          88437   0.1960058          88438   9.4607256E-02      88118   0.2309365    
90               4      86836   0.9591407          86835   1.6246299E-02      87155   4.0996119E-04      87156   2.4203079E-02
91               4      86836   0.9591407          86835   1.6246299E-02      87155   4.0996119E-04      87156   2.4203079E-02
92               4      86837   0.7932791          86836   2.3907834E-02      87156   5.3484258E-03      87157   0.1774646    
93               4      86836   0.9591407          86835   1.6246299E-02      87155   4.0996119E-04      87156   2.4203079E-02
94               4      86835   0.8628986          86515   0.1330451          86514   5.4186344E-04      86834   3.5143966E-03
95               4      86133   0.9564283          86453   3.8827972E-02      86454   1.8506772E-04      86134   4.5586723E-03
98               4      96344   0.3824035          96343   0.3337834          96663   0.1322728          96664   0.1515402    
1                4     174028   0.3891376         174029   0.1466755         173709   0.1270683         173708   0.3371187    
104              4     158428   0.7105213         158429   0.2688917         158109   5.6520210E-03     158108   1.4934939E-02
126              4     169875   0.3737025         170195   0.3593537         170196   0.1308593         169876   0.1360844    
128              4     161069   0.4273665         160749   0.1247773         160748   0.1012097         161068   0.3466466    
129              4     170838   0.8574434         170518   5.5300368E-02     170517   5.2865915E-03     170837   8.1969668E-02
130              4     169552   0.5220986         169872   1.5157632E-02     169873   1.3055408E-02     169553   0.4496883    
131              4     171478   0.5453681         171158   5.1175674E-02     171157   3.4611286E-02     171477   0.3688450    
132              4     169558   0.4639933         169238   9.3950450E-02     169237   7.4436510E-02     169557   0.3676198    
133              4     168595   0.5633281         168594   5.4258881E-02     168914   3.3597379E-02     168915   0.3488157    
134              4     168920   0.7020610         168919   0.1247260         169239   2.6130271E-02     169240   0.1470828    
135              4     170840   0.6604985         170839   8.3688482E-02     171159   2.8767778E-02     171160   0.2270453    
136              4     171160   0.5521092         171159   0.2046778         171479   6.5778489E-02     171480   0.1774346    
154              4     162951   0.5216429         162631   9.1900852E-02     162630   5.7886108E-02     162950   0.3285702    
164              4     161395   0.4723798         161396   0.4088333         161076   5.5110466E-02     161075   6.3676494E-02
165              4     160433   0.4648586         160432   0.1033284         160752   7.8527904E-02     160753   0.3532851    
188              4     153335   0.8412776         153655   2.3178700E-02     153656   3.6343397E-03     153336   0.1319094    
194              4     155570   0.6504014         155569   5.5985589E-02     155889   2.3270671E-02     155890   0.2703424    
195              4     150473   0.6006887         150472   0.1970983         150792   4.9957997E-02     150793   0.1522550    
196              4     150469   0.4575951         150149   0.3457487         150148   8.4638290E-02     150468   0.1120180    
2                4     171152   0.6487032         170832   2.3240491E-02     170831   1.1346469E-02     171151   0.3167098    
202              4     154951   0.4577781         154950   0.4176088         155270   5.9447431E-02     155271   6.5165609E-02
208              4     145979   0.7011491         145659   0.1511947         145658   2.6192295E-02     145978   0.1214640    
209              4     171234   0.8619574         171235   3.0655670E-02     170915   3.6880698E-03     170914   0.1036989    
213              4     166129   0.6850845         165809   6.0859282E-02     165808   2.0727678E-02     166128   0.2333286    
214              4     162606   0.5495720         162926   9.2843014E-03     162927   7.3287386E-03     162607   0.4338150    
215              4     166785   0.3000365         166784   0.2509505         167104   0.2045058         167105   0.2445072    
216              4     164866   0.4846938         164865   0.3858931         165185   5.7363140E-02     165186   7.2049900E-02
217              4     162307   0.6328755         162306   0.1369114         162626   4.0944830E-02     162627   0.1892682    
219              4     152704   0.4919807         152384   9.6363033E-02     152383   6.7423927E-02     152703   0.3442323    
221              4     158801   0.5150991         158800   0.1932878         159120   7.9568443E-02     159121   0.2120446    
222              4     155314   0.5492540         155315   0.4321591         154995   8.1846515E-03     154994   1.0402309E-02
23               4     158855   0.3411022         159175   0.2671541         159176   0.1720590         158856   0.2196848    
24               4     156293   0.6417115         155973   6.5632275E-02     155972   2.7154685E-02     156292   0.2655016    
25               4     153734   0.9649491         153733   2.7037854E-02     154053   2.1840550E-04     154054   7.7946345E-03
3                4     169870   0.4687860         169871   0.2306271         169551   9.9116668E-02     169550   0.2014703    
4                4     170837   0.7228906         170517   0.2024531         170516   1.6333816E-02     170836   5.8322444E-02
46               4     159404   0.4598388         159403   4.2748167E-02     159723   4.2308093E-02     159724   0.4551049    
47               4     166453   0.3833639         166133   0.3123799         166132   0.1366071         166452   0.1676492    
49               4     164870   0.5148972         164550   0.1496466         164549   7.5540375E-02     164869   0.2599159    
57               4     159404   0.4725234         159405   3.7289632E-02     159085   3.5854108E-02     159084   0.4543329    
6                4     159908   0.7459945         160228   0.1222618         160229   1.8551237E-02     159909   0.1131925    
7                4     161515   0.3875791         161835   0.2140771         161836   0.1417359         161516   0.2566078    
74               4     161717   0.5863283         162037   0.1329279         162038   5.1885104E-02     161718   0.2288586    
77               4     171479   0.5416586         171478   0.3859284         171798   3.0127899E-02     171799   4.2285141E-02
8                4     161515   0.3875791         161835   0.2140771         161836   0.1417359         161516   0.2566078    
84               4     145979   0.7011491         145659   0.1511947         145658   2.6192295E-02     145978   0.1214640    
87               4     149817   0.6409497         149497   0.3133940         149496   1.4992920E-02     149816   3.0663340E-02
9                4     158477   0.6283234         158157   0.3072204         158156   2.1166595E-02     158476   4.3289665E-02
97               4     159388   0.7532375         159068   4.6706283E-02     159067   1.1680677E-02     159387   0.1883756    
