* earth properties
  0.5000000      0.6000000    
   15.00000       2.000000    
  0.9000000      0.2000000      0.5500000      0.1000000    
* volume to elevation
   0.000000      1.0000000E-05  1.0000000E-05   0.000000    
* topographic surface
   140.000000    
* initial conditions
  0.1500000    
        50        10
 0.0 0.0 0.0 0.0 0.0 0.0 0.0 0.0 0.0 0.0 0.0 0.0 0.0 0.0 0.0 0.0 0.0 0.0 0.0 0.0
 0.0 0.0 0.0 0.0 0.0 0.0 0.0 0.0 0.0 0.0 0.0 0.0 0.0 0.0 0.0 0.0 0.0 0.0 0.0 0.0
 0.0 0.0 0.0 0.0 0.0 0.0 0.0 0.0 0.0 0.0
 0.0 0.0 0.0 0.0 0.0 0.0 0.0 0.0 0.0 0.0
* solution parameters
         5       500  1.0000000E-05
* timing information
      3627       121
    1   29   60   90  121  151  182  213  243  274  304  335  366  394  425  455  486  516  547  578
  608  639  669  700  731  760  791  821  852  882  913  944  974 1005 1035 1066 1097 1125 1156 1186
 1217 1247 1278 1309 1339 1370 1400 1431 1462 1490 1521 1551 1582 1612 1643 1674 1704 1735 1765 1796
 1827 1855 1886 1916 1947 1977 2008 2039 2069 2100 2130 2161 2192 2221 2252 2282 2313 2343 2374 2405
 2435 2466 2496 2527 2558 2586 2617 2647 2678 2708 2739 2770 2800 2831 2861 2892 2923 2951 2982 3012
 3043 3073 3104 3135 3165 3196 3226 3257 3288 3316 3347 3377 3408 3438 3469 3500 3530 3561 3591 3622
 3627
* data filenames
veg.dat
rain.dat
epot.dat
irrig.dat
