  1 1     102.00000000      99.9784360  west-boundary1
  1 4259     102.00000000      99.6989427  west-boundary1
  1 69     102.00000000      99.9742257  west-boundary1
  1 4205     102.00000000      99.6410065  west-boundary1
  1 128     102.00000000      99.9721046  west-boundary1
  1 4149     102.00000000      99.6178095  west-boundary1
  1 188     102.00000000      99.9696828  west-boundary1
  1 4098     102.00000000      99.5999508  west-boundary1
  1 248     102.00000000      99.9668480  west-boundary1
  1 4040     102.00000000      99.5815467  west-boundary1
  1 307     102.00000000      99.9640565  west-boundary1
  1 3984     102.00000000      99.5591165  west-boundary1
  1 368     102.00000000      99.9605534  west-boundary1
  1 3930     102.00000000      99.5315011  west-boundary1
  1 429     102.00000000      99.9559464  west-boundary1
  1 3876     102.00000000      99.4997130  west-boundary1
  1 489     102.00000000      99.9508391  west-boundary1
  1 3817     102.00000000      99.4671275  west-boundary1
  1 554     102.00000000      99.9454275  west-boundary1
  1 3757     102.00000000      99.4381571  west-boundary1
  1 615     102.00000000      99.9390701  west-boundary1
  1 3695     102.00000000      99.4155880  west-boundary1
  1 680     102.00000000      99.9329735  west-boundary1
  1 3634     102.00000000      99.3957567  west-boundary1
  1 741     102.00000000      99.9283043  west-boundary1
  1 3578     102.00000000      99.3786584  west-boundary1
  1 803     102.00000000      99.9275913  west-boundary1
  1 3519     102.00000000      99.3896861  west-boundary1
  1 871     102.00000000      99.9341367  west-boundary1
  1 3462     102.00000000      99.4922218  west-boundary1
  1 937     102.00000000      99.9399455  west-boundary1
  1 3410     102.00000000      99.6573415  west-boundary1
  1 1011     102.00000000      99.9242555  west-boundary1
  1 3325     102.00000000      99.7261355  west-boundary1
  1 1187     102.00000000      99.8782391  west-boundary1
  1 2896     102.00000000      99.6910817  west-boundary1
  1 1357     102.00000000      99.8160791  west-boundary1
  1 2464     102.00000000      99.6765800  west-boundary1
  1 1691     102.00000000      99.7560498  west-boundary1
  1 2028     102.00000000      99.7069574  west-boundary1
  3 1     102.00000000     99.9438866  west-boundary3
  3 4259     102.00000000     99.3780059  west-boundary3
  3 69     102.00000000     99.9327465  west-boundary3
  3 4205     102.00000000     99.2605723  west-boundary3
  3 128     102.00000000     99.9271989  west-boundary3
  3 4149     102.00000000     99.2188512  west-boundary3
  3 188     102.00000000     99.9218995  west-boundary3
  3 4098     102.00000000     99.1918718  west-boundary3
  3 248     102.00000000     99.9159682  west-boundary3
  3 4040     102.00000000     99.1664156  west-boundary3
  3 307     102.00000000     99.9088475  west-boundary3
  3 3984     102.00000000     99.1332738  west-boundary3
  3 368     102.00000000     99.9001667  west-boundary3
  3 3930     102.00000000     99.0882797  west-boundary3
  3 429     102.00000000     99.8899373  west-boundary3
  3 3876     102.00000000     99.0363001  west-boundary3
  3 489     102.00000000     99.8783171  west-boundary3
  3 3817     102.00000000     98.9886112  west-boundary3
  3 554     102.00000000     99.8651400  west-boundary3
  3 3757     102.00000000     98.9558052  west-boundary3
  3 615     102.00000000     99.8494689  west-boundary3
  3 3695     102.00000000     98.9388562  west-boundary3
  3 680     102.00000000     99.8320597  west-boundary3
  3 3634     102.00000000     98.9268217  west-boundary3
  3 741     102.00000000     99.8133246  west-boundary3
  3 3578     102.00000000     98.9109822  west-boundary3
  3 803     102.00000000     99.7928224  west-boundary3
  3 3519     102.00000000     98.9024538  west-boundary3
  3 871     102.00000000     99.7685030  west-boundary3
  3 3462     102.00000000     98.9128658  west-boundary3
  3 937     102.00000000     99.7363763  west-boundary3
  3 3410     102.00000000     98.9510106  west-boundary3
  3 1011     102.00000000     99.6911073  west-boundary3
  3 3325     102.00000000     99.0270223  west-boundary3
  3 1187     102.00000000     99.6290594  west-boundary3
  3 2896     102.00000000     99.1325071  west-boundary3
  3 1357     102.00000000     99.5508713  west-boundary3
  3 2464     102.00000000     99.2472724  west-boundary3
  3 1691     102.00000000     99.4607963  west-boundary3
  3 2028     102.00000000     99.3590062  west-boundary3
