point  easting          northing          structure_id    kh     pos_on_slider
1      3223.4994734995  9153.5041535042     1             0.1      0.5
2      2891.9991419991  7145.0021450021     1             0.1      0.5
3      2599.4988494989  4804.9998049998     1             0.1      0.5
4      2170.4984204984  2874.4978744979     1             0.1      0.5
5      1390.4976404976  1450.9964509965     1             0.1      0.5
6      1000.4972504973  6365.0013650014     2             0.5      0.5
7      1760.998010998   4492.9994929995     2             0.5      0.5
8      3437.9996879997  2893.9978939979     2             0.5      0.5
9      5154.0014040014  1606.9966069966     2             0.5      0.5
