 pp1                 0.000      10000.000        1     1.0
 pp2               500.000      10000.000        1     1.0
 pp3              1000.000      10000.000        1     1.0
 pp4              1500.000      10000.000        1     1.0
 pp5              2000.000      10000.000        1     1.0
 pp6              2500.000      10000.000        1     1.0
 pp7              3000.000      10000.000        1     1.0
 pp8              3500.000      10000.000        1     1.0
 pp9              4000.000      10000.000        1     1.0
 pp10             4500.000      10000.000        1     1.0
 pp11             5000.000      10000.000        1     1.0
 pp12             5500.000      10000.000        1     1.0
 pp13             6000.000      10000.000        1     1.0
 pp14             6500.000      10000.000        1     1.0
 pp15             7000.000      10000.000        1     1.0
 pp16             7500.000      10000.000        1     1.0
 pp17                0.000       9500.000        1     1.0
 pp18              500.000       9500.000        1     1.0
 pp19             1000.000       9500.000        1     1.0
 pp20             1500.000       9500.000        1     1.0
 pp21             2000.000       9500.000        1     1.0
 pp22             2500.000       9500.000        1     1.0
 pp23             3000.000       9500.000        1     1.0
 pp24             3500.000       9500.000        1     1.0
 pp25             4000.000       9500.000        1     1.0
 pp26             4500.000       9500.000        1     1.0
 pp27             5000.000       9500.000        1     1.0
 pp28             5500.000       9500.000        1     1.0
 pp29             6000.000       9500.000        1     1.0
 pp30             6500.000       9500.000        1     1.0
 pp31             7000.000       9500.000        1     1.0
 pp32             7500.000       9500.000        1     1.0
 pp33                0.000       9000.000        1     1.0
 pp34              500.000       9000.000        1     1.0
 pp35             1000.000       9000.000        1     1.0
 pp36             1500.000       9000.000        1     1.0
 pp37             2000.000       9000.000        1     1.0
 pp38             2500.000       9000.000        1     1.0
 pp39             3000.000       9000.000        1     1.0
 pp40             3500.000       9000.000        1     1.0
 pp41             4000.000       9000.000        1     1.0
 pp42             4500.000       9000.000        1     1.0
 pp43             5000.000       9000.000        1     1.0
 pp44             5500.000       9000.000        1     1.0
 pp45             6000.000       9000.000        1     1.0
 pp46             6500.000       9000.000        1     1.0
 pp47             7000.000       9000.000        1     1.0
 pp48             7500.000       9000.000        1     1.0
 pp49                0.000       8500.000        1     1.0
 pp50              500.000       8500.000        1     1.0
 pp51             1000.000       8500.000        1     1.0
 pp52             1500.000       8500.000        1     1.0
 pp53             2000.000       8500.000        1     1.0
 pp54             2500.000       8500.000        1     1.0
 pp55             3000.000       8500.000        1     1.0
 pp56             3500.000       8500.000        1     1.0
 pp57             4000.000       8500.000        1     1.0
 pp58             4500.000       8500.000        1     1.0
 pp59             5000.000       8500.000        1     1.0
 pp60             5500.000       8500.000        1     1.0
 pp61             6000.000       8500.000        1     1.0
 pp62             6500.000       8500.000        1     1.0
 pp63             7000.000       8500.000        1     1.0
 pp64             7500.000       8500.000        1     1.0
 pp65                0.000       8000.000        1     1.0
 pp66              500.000       8000.000        1     1.0
 pp67             1000.000       8000.000        1     1.0
 pp68             1500.000       8000.000        1     1.0
 pp69             2000.000       8000.000        1     1.0
 pp70             2500.000       8000.000        1     1.0
 pp71             3000.000       8000.000        1     1.0
 pp72             3500.000       8000.000        1     1.0
 pp73             4000.000       8000.000        1     1.0
 pp74             4500.000       8000.000        1     1.0
 pp75             5000.000       8000.000        1     1.0
 pp76             5500.000       8000.000        1     1.0
 pp77             6000.000       8000.000        1     1.0
 pp78             6500.000       8000.000        1     1.0
 pp79             7000.000       8000.000        1     1.0
 pp80             7500.000       8000.000        1     1.0
 pp81                0.000       7500.000        1     1.0
 pp82              500.000       7500.000        1     1.0
 pp83             1000.000       7500.000        1     1.0
 pp84             1500.000       7500.000        1     1.0
 pp85             2000.000       7500.000        1     1.0
 pp86             2500.000       7500.000        1     1.0
 pp87             3000.000       7500.000        1     1.0
 pp88             3500.000       7500.000        1     1.0
 pp89             4000.000       7500.000        1     1.0
 pp90             4500.000       7500.000        1     1.0
 pp91             5000.000       7500.000        1     1.0
 pp92             5500.000       7500.000        1     1.0
 pp93             6000.000       7500.000        1     1.0
 pp94             6500.000       7500.000        1     1.0
 pp95             7000.000       7500.000        1     1.0
 pp96             7500.000       7500.000        1     1.0
 pp97                0.000       7000.000        1     1.0
 pp98              500.000       7000.000        1     1.0
 pp99             1000.000       7000.000        1     1.0
 pp100            1500.000       7000.000        1     1.0
 pp101            2000.000       7000.000        1     1.0
 pp102            2500.000       7000.000        1     1.0
 pp103            3000.000       7000.000        1     1.0
 pp104            3500.000       7000.000        1     1.0
 pp105            4000.000       7000.000        1     1.0
 pp106            4500.000       7000.000        1     1.0
 pp107            5000.000       7000.000        1     1.0
 pp108            5500.000       7000.000        1     1.0
 pp109            6000.000       7000.000        1     1.0
 pp110            6500.000       7000.000        1     1.0
 pp111            7000.000       7000.000        1     1.0
 pp112            7500.000       7000.000        1     1.0
 pp113               0.000       6500.000        1     1.0
 pp114             500.000       6500.000        1     1.0
 pp115            1000.000       6500.000        1     1.0
 pp116            1500.000       6500.000        1     1.0
 pp117            2000.000       6500.000        1     1.0
 pp118            2500.000       6500.000        1     1.0
 pp119            3000.000       6500.000        1     1.0
 pp120            3500.000       6500.000        1     1.0
 pp121            4000.000       6500.000        1     1.0
 pp122            4500.000       6500.000        1     1.0
 pp123            5000.000       6500.000        1     1.0
 pp124            5500.000       6500.000        1     1.0
 pp125            6000.000       6500.000        1     1.0
 pp126            6500.000       6500.000        1     1.0
 pp127            7000.000       6500.000        1     1.0
 pp128            7500.000       6500.000        1     1.0
 pp129               0.000       6000.000        1     1.0
 pp130             500.000       6000.000        1     1.0
 pp131            1000.000       6000.000        1     1.0
 pp132            1500.000       6000.000        1     1.0
 pp133            2000.000       6000.000        1     1.0
 pp134            2500.000       6000.000        1     1.0
 pp135            3000.000       6000.000        1     1.0
 pp136            3500.000       6000.000        1     1.0
 pp137            4000.000       6000.000        1     1.0
 pp138            4500.000       6000.000        1     1.0
 pp139            5000.000       6000.000        1     1.0
 pp140            5500.000       6000.000        1     1.0
 pp141            6000.000       6000.000        1     1.0
 pp142            6500.000       6000.000        1     1.0
 pp143            7000.000       6000.000        1     1.0
 pp144            7500.000       6000.000        1     1.0
 pp145               0.000       5500.000        1     1.0
 pp146             500.000       5500.000        1     1.0
 pp147            1000.000       5500.000        1     1.0
 pp148            1500.000       5500.000        1     1.0
 pp149            2000.000       5500.000        1     1.0
 pp150            2500.000       5500.000        1     1.0
 pp151            3000.000       5500.000        1     1.0
 pp152            3500.000       5500.000        1     1.0
 pp153            4000.000       5500.000        1     1.0
 pp154            4500.000       5500.000        1     1.0
 pp155            5000.000       5500.000        1     1.0
 pp156            5500.000       5500.000        1     1.0
 pp157            6000.000       5500.000        1     1.0
 pp158            6500.000       5500.000        1     1.0
 pp159            7000.000       5500.000        1     1.0
 pp160            7500.000       5500.000        1     1.0
 pp161               0.000       5000.000        1     1.0
 pp162             500.000       5000.000        1     1.0
 pp163            1000.000       5000.000        1     1.0
 pp164            1500.000       5000.000        1     1.0
 pp165            2000.000       5000.000        1     1.0
 pp166            2500.000       5000.000        1     1.0
 pp167            3000.000       5000.000        1     1.0
 pp168            3500.000       5000.000        1     1.0
 pp169            4000.000       5000.000        1     1.0
 pp170            4500.000       5000.000        1     1.0
 pp171            5000.000       5000.000        1     1.0
 pp172            5500.000       5000.000        1     1.0
 pp173            6000.000       5000.000        1     1.0
 pp174            6500.000       5000.000        1     1.0
 pp175            7000.000       5000.000        1     1.0
 pp176            7500.000       5000.000        1     1.0
 pp177               0.000       4500.000        1     1.0
 pp178             500.000       4500.000        1     1.0
 pp179            1000.000       4500.000        1     1.0
 pp180            1500.000       4500.000        1     1.0
 pp181            2000.000       4500.000        1     1.0
 pp182            2500.000       4500.000        1     1.0
 pp183            3000.000       4500.000        1     1.0
 pp184            3500.000       4500.000        1     1.0
 pp185            4000.000       4500.000        1     1.0
 pp186            4500.000       4500.000        1     1.0
 pp187            5000.000       4500.000        1     1.0
 pp188            5500.000       4500.000        1     1.0
 pp189            6000.000       4500.000        1     1.0
 pp190            6500.000       4500.000        1     1.0
 pp191            7000.000       4500.000        1     1.0
 pp192            7500.000       4500.000        1     1.0
 pp193               0.000       4000.000        1     1.0
 pp194             500.000       4000.000        1     1.0
 pp195            1000.000       4000.000        1     1.0
 pp196            1500.000       4000.000        1     1.0
 pp197            2000.000       4000.000        1     1.0
 pp198            2500.000       4000.000        1     1.0
 pp199            3000.000       4000.000        1     1.0
 pp200            3500.000       4000.000        1     1.0
 pp201            4000.000       4000.000        1     1.0
 pp202            4500.000       4000.000        1     1.0
 pp203            5000.000       4000.000        1     1.0
 pp204            5500.000       4000.000        1     1.0
 pp205            6000.000       4000.000        1     1.0
 pp206            6500.000       4000.000        1     1.0
 pp207            7000.000       4000.000        1     1.0
 pp208            7500.000       4000.000        1     1.0
 pp209               0.000       3500.000        1     1.0
 pp210             500.000       3500.000        1     1.0
 pp211            1000.000       3500.000        1     1.0
 pp212            1500.000       3500.000        1     1.0
 pp213            2000.000       3500.000        1     1.0
 pp214            2500.000       3500.000        1     1.0
 pp215            3000.000       3500.000        1     1.0
 pp216            3500.000       3500.000        1     1.0
 pp217            4000.000       3500.000        1     1.0
 pp218            4500.000       3500.000        1     1.0
 pp219            5000.000       3500.000        1     1.0
 pp220            5500.000       3500.000        1     1.0
 pp221            6000.000       3500.000        1     1.0
 pp222            6500.000       3500.000        1     1.0
 pp223            7000.000       3500.000        1     1.0
 pp224            7500.000       3500.000        1     1.0
 pp225               0.000       3000.000        1     1.0
 pp226             500.000       3000.000        1     1.0
 pp227            1000.000       3000.000        1     1.0
 pp228            1500.000       3000.000        1     1.0
 pp229            2000.000       3000.000        1     1.0
 pp230            2500.000       3000.000        1     1.0
 pp231            3000.000       3000.000        1     1.0
 pp232            3500.000       3000.000        1     1.0
 pp233            4000.000       3000.000        1     1.0
 pp234            4500.000       3000.000        1     1.0
 pp235            5000.000       3000.000        1     1.0
 pp236            5500.000       3000.000        1     1.0
 pp237            6000.000       3000.000        1     1.0
 pp238            6500.000       3000.000        1     1.0
 pp239            7000.000       3000.000        1     1.0
 pp240            7500.000       3000.000        1     1.0
 pp241               0.000       2500.000        1     1.0
 pp242             500.000       2500.000        1     1.0
 pp243            1000.000       2500.000        1     1.0
 pp244            1500.000       2500.000        1     1.0
 pp245            2000.000       2500.000        1     1.0
 pp246            2500.000       2500.000        1     1.0
 pp247            3000.000       2500.000        1     1.0
 pp248            3500.000       2500.000        1     1.0
 pp249            4000.000       2500.000        1     1.0
 pp250            4500.000       2500.000        1     1.0
 pp251            5000.000       2500.000        1     1.0
 pp252            5500.000       2500.000        1     1.0
 pp253            6000.000       2500.000        1     1.0
 pp254            6500.000       2500.000        1     1.0
 pp255            7000.000       2500.000        1     1.0
 pp256            7500.000       2500.000        1     1.0
 pp257               0.000       2000.000        1     1.0
 pp258             500.000       2000.000        1     1.0
 pp259            1000.000       2000.000        1     1.0
 pp260            1500.000       2000.000        1     1.0
 pp261            2000.000       2000.000        1     1.0
 pp262            2500.000       2000.000        1     1.0
 pp263            3000.000       2000.000        1     1.0
 pp264            3500.000       2000.000        1     1.0
 pp265            4000.000       2000.000        1     1.0
 pp266            4500.000       2000.000        1     1.0
 pp267            5000.000       2000.000        1     1.0
 pp268            5500.000       2000.000        1     1.0
 pp269            6000.000       2000.000        1     1.0
 pp270            6500.000       2000.000        1     1.0
 pp271            7000.000       2000.000        1     1.0
 pp272            7500.000       2000.000        1     1.0
 pp273               0.000       1500.000        1     1.0
 pp274             500.000       1500.000        1     1.0
 pp275            1000.000       1500.000        1     1.0
 pp276            1500.000       1500.000        1     1.0
 pp277            2000.000       1500.000        1     1.0
 pp278            2500.000       1500.000        1     1.0
 pp279            3000.000       1500.000        1     1.0
 pp280            3500.000       1500.000        1     1.0
 pp281            4000.000       1500.000        1     1.0
 pp282            4500.000       1500.000        1     1.0
 pp283            5000.000       1500.000        1     1.0
 pp284            5500.000       1500.000        1     1.0
 pp285            6000.000       1500.000        1     1.0
 pp286            6500.000       1500.000        1     1.0
 pp287            7000.000       1500.000        1     1.0
 pp288            7500.000       1500.000        1     1.0
 pp289               0.000       1000.000        1     1.0
 pp290             500.000       1000.000        1     1.0
 pp291            1000.000       1000.000        1     1.0
 pp292            1500.000       1000.000        1     1.0
 pp293            2000.000       1000.000        1     1.0
 pp294            2500.000       1000.000        1     1.0
 pp295            3000.000       1000.000        1     1.0
 pp296            3500.000       1000.000        1     1.0
 pp297            4000.000       1000.000        1     1.0
 pp298            4500.000       1000.000        1     1.0
 pp299            5000.000       1000.000        1     1.0
 pp300            5500.000       1000.000        1     1.0
 pp301            6000.000       1000.000        1     1.0
 pp302            6500.000       1000.000        1     1.0
 pp303            7000.000       1000.000        1     1.0
 pp304            7500.000       1000.000        1     1.0
 pp305               0.000        500.000        1     1.0
 pp306             500.000        500.000        1     1.0
 pp307            1000.000        500.000        1     1.0
 pp308            1500.000        500.000        1     1.0
 pp309            2000.000        500.000        1     1.0
 pp310            2500.000        500.000        1     1.0
 pp311            3000.000        500.000        1     1.0
 pp312            3500.000        500.000        1     1.0
 pp313            4000.000        500.000        1     1.0
 pp314            4500.000        500.000        1     1.0
 pp315            5000.000        500.000        1     1.0
 pp316            5500.000        500.000        1     1.0
 pp317            6000.000        500.000        1     1.0
 pp318            6500.000        500.000        1     1.0
 pp319            7000.000        500.000        1     1.0
 pp320            7500.000        500.000        1     1.0
 pp321               0.000          0.000        1     1.0
 pp322             500.000          0.000        1     1.0
 pp323            1000.000          0.000        1     1.0
 pp324            1500.000          0.000        1     1.0
 pp325            2000.000          0.000        1     1.0
 pp326            2500.000          0.000        1     1.0
 pp327            3000.000          0.000        1     1.0
 pp328            3500.000          0.000        1     1.0
 pp329            4000.000          0.000        1     1.0
 pp330            4500.000          0.000        1     1.0
 pp331            5000.000          0.000        1     1.0
 pp332            5500.000          0.000        1     1.0
 pp333            6000.000          0.000        1     1.0
 pp334            6500.000          0.000        1     1.0
 pp335            7000.000          0.000        1     1.0
 pp336            7500.000          0.000        1     1.0
