point  easting          northing          structure_id    kh                   pos_on_slider
1      3223.4994734995  9153.5041535042   1                   1.2692290E-01      5.3062110E-01
2      2891.9991419991  7145.0021450021   1                   1.5020700E-01      4.3254510E-01
3      2599.4988494989  4804.9998049998   1                   1.9689890E-01      2.7549280E-01
4      2170.4984204984  2874.4978744979   1                   1.5077710E-01      1.0000000E+00
5      1390.4976404976  1450.9964509965   1                   2.3455360E-01      0.0000000E+00
6      1000.4972504973  6365.0013650014   2                   5.7593342E-02      5.0863950E-01
7      1760.998010998   4492.9994929995   2                   3.0327763E-02      1.7744810E-01
8      3437.9996879997  2893.9978939979   2                   1.8612893E-02      9.3802830E-01
9      5154.0014040014  1606.9966069966   2                   3.5279483E-02      5.2031010E-01
