 single point
 pos_hg               0.8322618        1.000000        0.000000    
 pos1_h               0.2002793        1.000000        0.000000    
 pos2_h               0.7323937        1.000000        0.000000    
 pos3_h               0.6224916        1.000000        0.000000    
 pos4_h               0.3133368        1.000000        0.000000    
 pos5_h               0.1733007        1.000000        0.000000    
 pos6_h               0.3402895        1.000000        0.000000    
 pos1_f1              0.3425562        1.000000        0.000000    
 pos2_f1               1.000000        1.000000        0.000000    
 pos3_f1              0.2574922        1.000000        0.000000    
 pos4_f1              0.6343598        1.000000        0.000000    
 pos5_f1              0.3342725        1.000000        0.000000    
 pos1_f2              0.6022400        1.000000        0.000000    
 pos2_f2              0.6450894        1.000000        0.000000    
 pos3_f2              0.5873629        1.000000        0.000000    
 pos4_f2              0.3533882        1.000000        0.000000    
 k1_h                 2.9562013E-02    1.000000        0.000000    
 k2_h                 4.6097558E-02    1.000000        0.000000    
 k3_h                 1.3049454E-02    1.000000        0.000000    
 k4_h                 3.5431623E-02    1.000000        0.000000    
 k5_h                 1.9366700E-02    1.000000        0.000000    
 k6_h                 3.1494495E-02    1.000000        0.000000    
 k1_f1                8.2906485E-02    1.000000        0.000000    
 k2_f1                7.4408710E-02    1.000000        0.000000    
 k3_f1                5.1411051E-02    1.000000        0.000000    
 k4_f1                0.1669023        1.000000        0.000000    
 k5_f1                5.3959191E-02    1.000000        0.000000    
 k1_f2                0.1379255        1.000000        0.000000    
 k2_f2                2.3048384E-02    1.000000        0.000000    
 k3_f2                0.1021897        1.000000        0.000000    
 k4_f2                6.2027846E-02    1.000000        0.000000    
 k1_pp1               0.2522522        1.000000        0.000000    
 k1_pp2               0.4321681        1.000000        0.000000    
 k1_pp3               0.3494995        1.000000        0.000000    
 k1_pp4               0.3748814        1.000000        0.000000    
 k1_pp5               0.7094184        1.000000        0.000000    
 k1_pp6               0.7556046        1.000000        0.000000    
 k1_pp7               0.8022268        1.000000        0.000000    
 k1_pp8               0.7577154        1.000000        0.000000    
 k1_pp9               0.7961244        1.000000        0.000000    
 k1_pp10              0.9008684        1.000000        0.000000    
 k1_pp11              0.9401585        1.000000        0.000000    
 k1_pp12              0.5107549        1.000000        0.000000    
 k1_pp13              0.6716012        1.000000        0.000000    
 k1_pp14               1.297781        1.000000        0.000000    
 k1_pp15               1.168062        1.000000        0.000000    
 k1_pp16               1.531870        1.000000        0.000000    
 k1_pp17              0.3308253        1.000000        0.000000    
 k1_pp18              0.5828869        1.000000        0.000000    
 k1_pp19              0.5142539        1.000000        0.000000    
 k1_pp20              0.4175123        1.000000        0.000000    
 k1_pp21              0.5996729        1.000000        0.000000    
 k1_pp22              0.9906932        1.000000        0.000000    
 k1_pp23              0.5524586        1.000000        0.000000    
 k1_pp24              0.8693268        1.000000        0.000000    
 k1_pp25              0.7511542        1.000000        0.000000    
 k1_pp26              0.6562614        1.000000        0.000000    
 k1_pp27              0.9063964        1.000000        0.000000    
 k1_pp28              0.6360270        1.000000        0.000000    
 k1_pp29               1.296029        1.000000        0.000000    
 k1_pp30               1.467741        1.000000        0.000000    
 k1_pp31               2.918779        1.000000        0.000000    
 k1_pp32               2.300004        1.000000        0.000000    
 k1_pp33              0.4810036        1.000000        0.000000    
 k1_pp34              0.3839629        1.000000        0.000000    
 k1_pp35              0.4230081        1.000000        0.000000    
 k1_pp36              0.7874028        1.000000        0.000000    
 k1_pp37               1.126246        1.000000        0.000000    
 k1_pp38              0.9079074        1.000000        0.000000    
 k1_pp39              0.9791085        1.000000        0.000000    
 k1_pp40              0.6057156        1.000000        0.000000    
 k1_pp41              0.5642585        1.000000        0.000000    
 k1_pp42              0.4355525        1.000000        0.000000    
 k1_pp43               1.072647        1.000000        0.000000    
 k1_pp44               1.352822        1.000000        0.000000    
 k1_pp45               1.697791        1.000000        0.000000    
 k1_pp46               1.903871        1.000000        0.000000    
 k1_pp47               3.483142        1.000000        0.000000    
 k1_pp48               2.395775        1.000000        0.000000    
 k1_pp49              0.4070125        1.000000        0.000000    
 k1_pp50              0.3963100        1.000000        0.000000    
 k1_pp51              0.3814419        1.000000        0.000000    
 k1_pp52              0.8832905        1.000000        0.000000    
 k1_pp53              0.9383478        1.000000        0.000000    
 k1_pp54               1.092946        1.000000        0.000000    
 k1_pp55               1.439074        1.000000        0.000000    
 k1_pp56              0.5302471        1.000000        0.000000    
 k1_pp57              0.6970310        1.000000        0.000000    
 k1_pp58              0.6290441        1.000000        0.000000    
 k1_pp59               1.217256        1.000000        0.000000    
 k1_pp60              0.9917495        1.000000        0.000000    
 k1_pp61               1.739088        1.000000        0.000000    
 k1_pp62               1.751552        1.000000        0.000000    
 k1_pp63               1.556653        1.000000        0.000000    
 k1_pp64               1.311670        1.000000        0.000000    
 k1_pp65              0.5445951        1.000000        0.000000    
 k1_pp66              0.3864581        1.000000        0.000000    
 k1_pp67              0.5492459        1.000000        0.000000    
 k1_pp68               1.319764        1.000000        0.000000    
 k1_pp69               1.498841        1.000000        0.000000    
 k1_pp70              0.8222892        1.000000        0.000000    
 k1_pp71               1.295302        1.000000        0.000000    
 k1_pp72              0.7056626        1.000000        0.000000    
 k1_pp73              0.8085754        1.000000        0.000000    
 k1_pp74               1.178721        1.000000        0.000000    
 k1_pp75               1.052190        1.000000        0.000000    
 k1_pp76               1.306186        1.000000        0.000000    
 k1_pp77               2.058441        1.000000        0.000000    
 k1_pp78               2.180240        1.000000        0.000000    
 k1_pp79               1.529925        1.000000        0.000000    
 k1_pp80               1.660183        1.000000        0.000000    
 k1_pp81              0.8067820        1.000000        0.000000    
 k1_pp82               1.041766        1.000000        0.000000    
 k1_pp83               1.071987        1.000000        0.000000    
 k1_pp84               1.727732        1.000000        0.000000    
 k1_pp85               1.692643        1.000000        0.000000    
 k1_pp86               1.042789        1.000000        0.000000    
 k1_pp87               1.273882        1.000000        0.000000    
 k1_pp88              0.6374075        1.000000        0.000000    
 k1_pp89              0.6046280        1.000000        0.000000    
 k1_pp90               1.617833        1.000000        0.000000    
 k1_pp91               1.573211        1.000000        0.000000    
 k1_pp92               1.824866        1.000000        0.000000    
 k1_pp93               1.617259        1.000000        0.000000    
 k1_pp94               1.442395        1.000000        0.000000    
 k1_pp95               1.532573        1.000000        0.000000    
 k1_pp96               1.825526        1.000000        0.000000    
 k1_pp97              0.9536001        1.000000        0.000000    
 k1_pp98              0.7002872        1.000000        0.000000    
 k1_pp99               1.124106        1.000000        0.000000    
 k1_pp100              1.022237        1.000000        0.000000    
 k1_pp101              1.209790        1.000000        0.000000    
 k1_pp102              1.031051        1.000000        0.000000    
 k1_pp103             0.9018548        1.000000        0.000000    
 k1_pp104              1.045851        1.000000        0.000000    
 k1_pp105             0.8814868        1.000000        0.000000    
 k1_pp106              1.245208        1.000000        0.000000    
 k1_pp107              2.269953        1.000000        0.000000    
 k1_pp108              1.825409        1.000000        0.000000    
 k1_pp109             0.9452487        1.000000        0.000000    
 k1_pp110              1.266009        1.000000        0.000000    
 k1_pp111              1.133192        1.000000        0.000000    
 k1_pp112              1.458379        1.000000        0.000000    
 k1_pp113             0.6298711        1.000000        0.000000    
 k1_pp114             0.6606336        1.000000        0.000000    
 k1_pp115             0.9505287        1.000000        0.000000    
 k1_pp116              1.176593        1.000000        0.000000    
 k1_pp117             0.7517762        1.000000        0.000000    
 k1_pp118             0.7318820        1.000000        0.000000    
 k1_pp119             0.9049873        1.000000        0.000000    
 k1_pp120             0.8584474        1.000000        0.000000    
 k1_pp121             0.7205921        1.000000        0.000000    
 k1_pp122             0.9485270        1.000000        0.000000    
 k1_pp123              1.362887        1.000000        0.000000    
 k1_pp124             0.8648209        1.000000        0.000000    
 k1_pp125              1.318453        1.000000        0.000000    
 k1_pp126              1.494934        1.000000        0.000000    
 k1_pp127              3.035443        1.000000        0.000000    
 k1_pp128              3.500382        1.000000        0.000000    
 k1_pp129             0.3856619        1.000000        0.000000    
 k1_pp130             0.6253585        1.000000        0.000000    
 k1_pp131             0.6027647        1.000000        0.000000    
 k1_pp132             0.8022730        1.000000        0.000000    
 k1_pp133             0.6766413        1.000000        0.000000    
 k1_pp134             0.3865159        1.000000        0.000000    
 k1_pp135             0.9227858        1.000000        0.000000    
 k1_pp136             0.7546811        1.000000        0.000000    
 k1_pp137             0.8454333        1.000000        0.000000    
 k1_pp138              1.105124        1.000000        0.000000    
 k1_pp139              1.494382        1.000000        0.000000    
 k1_pp140             0.9608671        1.000000        0.000000    
 k1_pp141              1.214096        1.000000        0.000000    
 k1_pp142             0.8425496        1.000000        0.000000    
 k1_pp143              2.187227        1.000000        0.000000    
 k1_pp144              2.847270        1.000000        0.000000    
 k1_pp145             0.8479905        1.000000        0.000000    
 k1_pp146             0.6564167        1.000000        0.000000    
 k1_pp147             0.5664741        1.000000        0.000000    
 k1_pp148             0.3781978        1.000000        0.000000    
 k1_pp149             0.2851558        1.000000        0.000000    
 k1_pp150             0.5021321        1.000000        0.000000    
 k1_pp151             0.5254784        1.000000        0.000000    
 k1_pp152             0.6412327        1.000000        0.000000    
 k1_pp153              1.060819        1.000000        0.000000    
 k1_pp154              1.313588        1.000000        0.000000    
 k1_pp155              1.830361        1.000000        0.000000    
 k1_pp156              1.475896        1.000000        0.000000    
 k1_pp157              1.069824        1.000000        0.000000    
 k1_pp158             0.9939728        1.000000        0.000000    
 k1_pp159              1.953071        1.000000        0.000000    
 k1_pp160              2.542885        1.000000        0.000000    
 k1_pp161             0.5295032        1.000000        0.000000    
 k1_pp162             0.5587355        1.000000        0.000000    
 k1_pp163             0.5789286        1.000000        0.000000    
 k1_pp164             0.4457239        1.000000        0.000000    
 k1_pp165             0.7250523        1.000000        0.000000    
 k1_pp166             0.5426988        1.000000        0.000000    
 k1_pp167             0.4938335        1.000000        0.000000    
 k1_pp168             0.7665772        1.000000        0.000000    
 k1_pp169              1.163125        1.000000        0.000000    
 k1_pp170              1.635556        1.000000        0.000000    
 k1_pp171              1.696062        1.000000        0.000000    
 k1_pp172              1.786676        1.000000        0.000000    
 k1_pp173              1.433882        1.000000        0.000000    
 k1_pp174              1.067735        1.000000        0.000000    
 k1_pp175              2.130151        1.000000        0.000000    
 k1_pp176              2.958829        1.000000        0.000000    
 k1_pp177              1.022072        1.000000        0.000000    
 k1_pp178             0.6990242        1.000000        0.000000    
 k1_pp179             0.4883319        1.000000        0.000000    
 k1_pp180             0.5095211        1.000000        0.000000    
 k1_pp181             0.6024305        1.000000        0.000000    
 k1_pp182             0.7696137        1.000000        0.000000    
 k1_pp183             0.6409746        1.000000        0.000000    
 k1_pp184             0.8914135        1.000000        0.000000    
 k1_pp185             0.9375656        1.000000        0.000000    
 k1_pp186              1.357781        1.000000        0.000000    
 k1_pp187              1.818244        1.000000        0.000000    
 k1_pp188              1.801208        1.000000        0.000000    
 k1_pp189              1.876464        1.000000        0.000000    
 k1_pp190              1.510252        1.000000        0.000000    
 k1_pp191              1.539624        1.000000        0.000000    
 k1_pp192              1.877942        1.000000        0.000000    
 k1_pp193             0.7180148        1.000000        0.000000    
 k1_pp194             0.8930896        1.000000        0.000000    
 k1_pp195             0.5558414        1.000000        0.000000    
 k1_pp196             0.4998150        1.000000        0.000000    
 k1_pp197             0.5196937        1.000000        0.000000    
 k1_pp198             0.5947368        1.000000        0.000000    
 k1_pp199             0.7282354        1.000000        0.000000    
 k1_pp200             0.7533629        1.000000        0.000000    
 k1_pp201              1.590790        1.000000        0.000000    
 k1_pp202              1.840234        1.000000        0.000000    
 k1_pp203              2.482497        1.000000        0.000000    
 k1_pp204              2.534684        1.000000        0.000000    
 k1_pp205              1.705171        1.000000        0.000000    
 k1_pp206              1.616099        1.000000        0.000000    
 k1_pp207              1.796301        1.000000        0.000000    
 k1_pp208              2.920369        1.000000        0.000000    
 k1_pp209              1.403130        1.000000        0.000000    
 k1_pp210             0.8657181        1.000000        0.000000    
 k1_pp211             0.9009657        1.000000        0.000000    
 k1_pp212             0.7577606        1.000000        0.000000    
 k1_pp213             0.4918258        1.000000        0.000000    
 k1_pp214             0.5823396        1.000000        0.000000    
 k1_pp215             0.7239804        1.000000        0.000000    
 k1_pp216              1.033854        1.000000        0.000000    
 k1_pp217              1.470299        1.000000        0.000000    
 k1_pp218             0.7554969        1.000000        0.000000    
 k1_pp219              1.596633        1.000000        0.000000    
 k1_pp220              3.114996        1.000000        0.000000    
 k1_pp221              1.323351        1.000000        0.000000    
 k1_pp222              1.155088        1.000000        0.000000    
 k1_pp223              1.322114        1.000000        0.000000    
 k1_pp224              1.024731        1.000000        0.000000    
 k1_pp225              2.009134        1.000000        0.000000    
 k1_pp226              1.181008        1.000000        0.000000    
 k1_pp227             0.9140836        1.000000        0.000000    
 k1_pp228              1.355644        1.000000        0.000000    
 k1_pp229             0.7431696        1.000000        0.000000    
 k1_pp230             0.7247817        1.000000        0.000000    
 k1_pp231             0.4967680        1.000000        0.000000    
 k1_pp232             0.8547317        1.000000        0.000000    
 k1_pp233              1.509559        1.000000        0.000000    
 k1_pp234              1.143286        1.000000        0.000000    
 k1_pp235              2.243036        1.000000        0.000000    
 k1_pp236              2.316206        1.000000        0.000000    
 k1_pp237              1.943035        1.000000        0.000000    
 k1_pp238              1.800108        1.000000        0.000000    
 k1_pp239              1.295107        1.000000        0.000000    
 k1_pp240              1.062417        1.000000        0.000000    
 k1_pp241              2.566598        1.000000        0.000000    
 k1_pp242              1.268112        1.000000        0.000000    
 k1_pp243              1.036963        1.000000        0.000000    
 k1_pp244             0.6867490        1.000000        0.000000    
 k1_pp245             0.5879913        1.000000        0.000000    
 k1_pp246             0.5171675        1.000000        0.000000    
 k1_pp247             0.3757353        1.000000        0.000000    
 k1_pp248             0.5622494        1.000000        0.000000    
 k1_pp249              1.479580        1.000000        0.000000    
 k1_pp250              1.815144        1.000000        0.000000    
 k1_pp251              2.148247        1.000000        0.000000    
 k1_pp252              2.551178        1.000000        0.000000    
 k1_pp253              2.397334        1.000000        0.000000    
 k1_pp254              1.767867        1.000000        0.000000    
 k1_pp255              2.169505        1.000000        0.000000    
 k1_pp256              1.643669        1.000000        0.000000    
 k1_pp257              3.446108        1.000000        0.000000    
 k1_pp258              1.039358        1.000000        0.000000    
 k1_pp259             0.7325528        1.000000        0.000000    
 k1_pp260             0.8209723        1.000000        0.000000    
 k1_pp261             0.3635734        1.000000        0.000000    
 k1_pp262             0.4104279        1.000000        0.000000    
 k1_pp263             0.5892345        1.000000        0.000000    
 k1_pp264             0.5335240        1.000000        0.000000    
 k1_pp265              1.171739        1.000000        0.000000    
 k1_pp266              1.066436        1.000000        0.000000    
 k1_pp267              1.641430        1.000000        0.000000    
 k1_pp268              4.626318        1.000000        0.000000    
 k1_pp269              2.518214        1.000000        0.000000    
 k1_pp270              1.307778        1.000000        0.000000    
 k1_pp271              1.108850        1.000000        0.000000    
 k1_pp272             0.8267190        1.000000        0.000000    
 k1_pp273              1.595141        1.000000        0.000000    
 k1_pp274              1.019458        1.000000        0.000000    
 k1_pp275             0.5598680        1.000000        0.000000    
 k1_pp276             0.4810285        1.000000        0.000000    
 k1_pp277             0.4776101        1.000000        0.000000    
 k1_pp278             0.4876372        1.000000        0.000000    
 k1_pp279             0.5265846        1.000000        0.000000    
 k1_pp280             0.5999657        1.000000        0.000000    
 k1_pp281             0.6897669        1.000000        0.000000    
 k1_pp282             0.8362470        1.000000        0.000000    
 k1_pp283              2.090592        1.000000        0.000000    
 k1_pp284              1.936964        1.000000        0.000000    
 k1_pp285              1.987519        1.000000        0.000000    
 k1_pp286              1.934173        1.000000        0.000000    
 k1_pp287              1.451446        1.000000        0.000000    
 k1_pp288              1.550773        1.000000        0.000000    
 k1_pp289              1.612125        1.000000        0.000000    
 k1_pp290             0.8805576        1.000000        0.000000    
 k1_pp291             0.8842789        1.000000        0.000000    
 k1_pp292             0.6383353        1.000000        0.000000    
 k1_pp293             0.3928559        1.000000        0.000000    
 k1_pp294             0.3667981        1.000000        0.000000    
 k1_pp295             0.9608106        1.000000        0.000000    
 k1_pp296             0.9068261        1.000000        0.000000    
 k1_pp297             0.7929376        1.000000        0.000000    
 k1_pp298             0.9355398        1.000000        0.000000    
 k1_pp299              1.142348        1.000000        0.000000    
 k1_pp300              1.463245        1.000000        0.000000    
 k1_pp301              1.448061        1.000000        0.000000    
 k1_pp302              1.300638        1.000000        0.000000    
 k1_pp303              1.133715        1.000000        0.000000    
 k1_pp304             0.9768307        1.000000        0.000000    
 k1_pp305              1.494014        1.000000        0.000000    
 k1_pp306              1.355812        1.000000        0.000000    
 k1_pp307             0.8478505        1.000000        0.000000    
 k1_pp308             0.7737072        1.000000        0.000000    
 k1_pp309             0.4522987        1.000000        0.000000    
 k1_pp310             0.5060771        1.000000        0.000000    
 k1_pp311             0.9597939        1.000000        0.000000    
 k1_pp312             0.6451116        1.000000        0.000000    
 k1_pp313             0.8180212        1.000000        0.000000    
 k1_pp314              1.297631        1.000000        0.000000    
 k1_pp315              1.018028        1.000000        0.000000    
 k1_pp316              1.099914        1.000000        0.000000    
 k1_pp317              1.024679        1.000000        0.000000    
 k1_pp318              1.742358        1.000000        0.000000    
 k1_pp319             0.7582115        1.000000        0.000000    
 k1_pp320             0.7268502        1.000000        0.000000    
 k1_pp321              1.435187        1.000000        0.000000    
 k1_pp322              1.252203        1.000000        0.000000    
 k1_pp323             0.6898743        1.000000        0.000000    
 k1_pp324             0.6430176        1.000000        0.000000    
 k1_pp325             0.7633191        1.000000        0.000000    
 k1_pp326             0.4532378        1.000000        0.000000    
 k1_pp327             0.5970922        1.000000        0.000000    
 k1_pp328             0.7267043        1.000000        0.000000    
 k1_pp329             0.8734933        1.000000        0.000000    
 k1_pp330              1.296252        1.000000        0.000000    
 k1_pp331              2.271450        1.000000        0.000000    
 k1_pp332              1.187311        1.000000        0.000000    
 k1_pp333              1.018352        1.000000        0.000000    
 k1_pp334              1.027475        1.000000        0.000000    
 k1_pp335              1.048030        1.000000        0.000000    
 k1_pp336             0.8914009        1.000000        0.000000    
 k2_pp1               3.8714495E-02    1.000000        0.000000    
 k2_pp2               3.3862032E-02    1.000000        0.000000    
 k2_pp3               9.3483575E-02    1.000000        0.000000    
 k2_pp4               0.1093043        1.000000        0.000000    
 k2_pp5               0.1144453        1.000000        0.000000    
 k2_pp6               0.2100594        1.000000        0.000000    
 k2_pp7               0.1475446        1.000000        0.000000    
 k2_pp8               0.1497047        1.000000        0.000000    
 k2_pp9               0.1352807        1.000000        0.000000    
 k2_pp10              0.1027809        1.000000        0.000000    
 k2_pp11              6.4577110E-02    1.000000        0.000000    
 k2_pp12              9.8673351E-02    1.000000        0.000000    
 k2_pp13              4.9758263E-02    1.000000        0.000000    
 k2_pp14              6.0580757E-02    1.000000        0.000000    
 k2_pp15              6.1872456E-02    1.000000        0.000000    
 k2_pp16              6.3289046E-02    1.000000        0.000000    
 k2_pp17              3.9674554E-02    1.000000        0.000000    
 k2_pp18              4.3230768E-02    1.000000        0.000000    
 k2_pp19              8.0420792E-02    1.000000        0.000000    
 k2_pp20              8.9961335E-02    1.000000        0.000000    
 k2_pp21              9.7048514E-02    1.000000        0.000000    
 k2_pp22              9.1893636E-02    1.000000        0.000000    
 k2_pp23              0.1554657        1.000000        0.000000    
 k2_pp24              7.5727649E-02    1.000000        0.000000    
 k2_pp25              0.1026782        1.000000        0.000000    
 k2_pp26              8.4654696E-02    1.000000        0.000000    
 k2_pp27              5.3831227E-02    1.000000        0.000000    
 k2_pp28              5.0142381E-02    1.000000        0.000000    
 k2_pp29              6.5675616E-02    1.000000        0.000000    
 k2_pp30              3.6055680E-02    1.000000        0.000000    
 k2_pp31              6.3263081E-02    1.000000        0.000000    
 k2_pp32              0.1044885        1.000000        0.000000    
 k2_pp33              5.1946852E-02    1.000000        0.000000    
 k2_pp34              4.6830382E-02    1.000000        0.000000    
 k2_pp35              8.9162908E-02    1.000000        0.000000    
 k2_pp36              7.2174497E-02    1.000000        0.000000    
 k2_pp37              7.5447671E-02    1.000000        0.000000    
 k2_pp38              0.1168850        1.000000        0.000000    
 k2_pp39              0.1024133        1.000000        0.000000    
 k2_pp40              6.4881235E-02    1.000000        0.000000    
 k2_pp41              4.8856333E-02    1.000000        0.000000    
 k2_pp42              6.3642107E-02    1.000000        0.000000    
 k2_pp43              6.6043295E-02    1.000000        0.000000    
 k2_pp44              4.6067316E-02    1.000000        0.000000    
 k2_pp45              6.0914345E-02    1.000000        0.000000    
 k2_pp46              6.4512588E-02    1.000000        0.000000    
 k2_pp47              4.6310879E-02    1.000000        0.000000    
 k2_pp48              4.8315376E-02    1.000000        0.000000    
 k2_pp49              4.3580648E-02    1.000000        0.000000    
 k2_pp50              5.2491136E-02    1.000000        0.000000    
 k2_pp51              5.6544486E-02    1.000000        0.000000    
 k2_pp52              4.7978837E-02    1.000000        0.000000    
 k2_pp53              5.2855831E-02    1.000000        0.000000    
 k2_pp54              5.3177953E-02    1.000000        0.000000    
 k2_pp55              7.0967525E-02    1.000000        0.000000    
 k2_pp56              6.3574068E-02    1.000000        0.000000    
 k2_pp57              4.0143184E-02    1.000000        0.000000    
 k2_pp58              3.5401922E-02    1.000000        0.000000    
 k2_pp59              2.5928283E-02    1.000000        0.000000    
 k2_pp60              2.9953221E-02    1.000000        0.000000    
 k2_pp61              4.2655725E-02    1.000000        0.000000    
 k2_pp62              6.7796014E-02    1.000000        0.000000    
 k2_pp63              5.0143581E-02    1.000000        0.000000    
 k2_pp64              6.1247353E-02    1.000000        0.000000    
 k2_pp65              4.8670493E-02    1.000000        0.000000    
 k2_pp66              6.0375474E-02    1.000000        0.000000    
 k2_pp67              4.5736227E-02    1.000000        0.000000    
 k2_pp68              4.5575466E-02    1.000000        0.000000    
 k2_pp69              6.1161403E-02    1.000000        0.000000    
 k2_pp70              6.4453378E-02    1.000000        0.000000    
 k2_pp71              6.7397095E-02    1.000000        0.000000    
 k2_pp72              5.0157964E-02    1.000000        0.000000    
 k2_pp73              2.9359942E-02    1.000000        0.000000    
 k2_pp74              2.1921193E-02    1.000000        0.000000    
 k2_pp75              2.3757610E-02    1.000000        0.000000    
 k2_pp76              3.2321140E-02    1.000000        0.000000    
 k2_pp77              6.1642691E-02    1.000000        0.000000    
 k2_pp78              2.7382348E-02    1.000000        0.000000    
 k2_pp79              3.3315808E-02    1.000000        0.000000    
 k2_pp80              3.6915511E-02    1.000000        0.000000    
 k2_pp81              4.6300992E-02    1.000000        0.000000    
 k2_pp82              5.3105574E-02    1.000000        0.000000    
 k2_pp83              3.2640506E-02    1.000000        0.000000    
 k2_pp84              3.3710331E-02    1.000000        0.000000    
 k2_pp85              6.5934092E-02    1.000000        0.000000    
 k2_pp86              7.1521506E-02    1.000000        0.000000    
 k2_pp87              4.9837064E-02    1.000000        0.000000    
 k2_pp88              3.3328164E-02    1.000000        0.000000    
 k2_pp89              2.3575244E-02    1.000000        0.000000    
 k2_pp90              2.9674059E-02    1.000000        0.000000    
 k2_pp91              4.0586635E-02    1.000000        0.000000    
 k2_pp92              5.6990255E-02    1.000000        0.000000    
 k2_pp93              6.3466541E-02    1.000000        0.000000    
 k2_pp94              5.9114378E-02    1.000000        0.000000    
 k2_pp95              4.1688725E-02    1.000000        0.000000    
 k2_pp96              4.3060526E-02    1.000000        0.000000    
 k2_pp97              0.1269510        1.000000        0.000000    
 k2_pp98              7.3212028E-02    1.000000        0.000000    
 k2_pp99              8.4602706E-02    1.000000        0.000000    
 k2_pp100             6.7025110E-02    1.000000        0.000000    
 k2_pp101             5.7677444E-02    1.000000        0.000000    
 k2_pp102             4.0265713E-02    1.000000        0.000000    
 k2_pp103             4.6902228E-02    1.000000        0.000000    
 k2_pp104             6.7964435E-02    1.000000        0.000000    
 k2_pp105             7.1669646E-02    1.000000        0.000000    
 k2_pp106             5.3309735E-02    1.000000        0.000000    
 k2_pp107             5.4660041E-02    1.000000        0.000000    
 k2_pp108             4.7668185E-02    1.000000        0.000000    
 k2_pp109             6.8215199E-02    1.000000        0.000000    
 k2_pp110             5.1229190E-02    1.000000        0.000000    
 k2_pp111             4.6992369E-02    1.000000        0.000000    
 k2_pp112             4.5679253E-02    1.000000        0.000000    
 k2_pp113             8.4002800E-02    1.000000        0.000000    
 k2_pp114             0.1100344        1.000000        0.000000    
 k2_pp115             0.1021763        1.000000        0.000000    
 k2_pp116             5.1280864E-02    1.000000        0.000000    
 k2_pp117             7.6269835E-02    1.000000        0.000000    
 k2_pp118             5.2141178E-02    1.000000        0.000000    
 k2_pp119             5.8361460E-02    1.000000        0.000000    
 k2_pp120             7.0376024E-02    1.000000        0.000000    
 k2_pp121             8.5095525E-02    1.000000        0.000000    
 k2_pp122             5.4375667E-02    1.000000        0.000000    
 k2_pp123             4.5242470E-02    1.000000        0.000000    
 k2_pp124             4.7924463E-02    1.000000        0.000000    
 k2_pp125             5.2810702E-02    1.000000        0.000000    
 k2_pp126             6.4921446E-02    1.000000        0.000000    
 k2_pp127             5.6817394E-02    1.000000        0.000000    
 k2_pp128             6.0556084E-02    1.000000        0.000000    
 k2_pp129             0.1339597        1.000000        0.000000    
 k2_pp130             0.1358131        1.000000        0.000000    
 k2_pp131             6.9796294E-02    1.000000        0.000000    
 k2_pp132             3.9188582E-02    1.000000        0.000000    
 k2_pp133             0.1165291        1.000000        0.000000    
 k2_pp134             5.4352090E-02    1.000000        0.000000    
 k2_pp135             7.8023769E-02    1.000000        0.000000    
 k2_pp136             0.1209889        1.000000        0.000000    
 k2_pp137             9.1504581E-02    1.000000        0.000000    
 k2_pp138             5.4755457E-02    1.000000        0.000000    
 k2_pp139             6.3552380E-02    1.000000        0.000000    
 k2_pp140             7.0691220E-02    1.000000        0.000000    
 k2_pp141             9.5493130E-02    1.000000        0.000000    
 k2_pp142             5.8804959E-02    1.000000        0.000000    
 k2_pp143             2.8139748E-02    1.000000        0.000000    
 k2_pp144             3.0520439E-02    1.000000        0.000000    
 k2_pp145             0.1516138        1.000000        0.000000    
 k2_pp146             9.6512936E-02    1.000000        0.000000    
 k2_pp147             7.0387930E-02    1.000000        0.000000    
 k2_pp148             5.2747842E-02    1.000000        0.000000    
 k2_pp149             4.8035551E-02    1.000000        0.000000    
 k2_pp150             6.1044686E-02    1.000000        0.000000    
 k2_pp151             9.4027221E-02    1.000000        0.000000    
 k2_pp152             0.1379521        1.000000        0.000000    
 k2_pp153             0.1266699        1.000000        0.000000    
 k2_pp154             0.1118582        1.000000        0.000000    
 k2_pp155             0.1576943        1.000000        0.000000    
 k2_pp156             0.1701942        1.000000        0.000000    
 k2_pp157             9.8579518E-02    1.000000        0.000000    
 k2_pp158             4.5082431E-02    1.000000        0.000000    
 k2_pp159             3.4138646E-02    1.000000        0.000000    
 k2_pp160             4.9783468E-02    1.000000        0.000000    
 k2_pp161             0.1313593        1.000000        0.000000    
 k2_pp162             0.2154773        1.000000        0.000000    
 k2_pp163             0.1509984        1.000000        0.000000    
 k2_pp164             7.3654726E-02    1.000000        0.000000    
 k2_pp165             4.6563823E-02    1.000000        0.000000    
 k2_pp166             3.7490312E-02    1.000000        0.000000    
 k2_pp167             5.8527581E-02    1.000000        0.000000    
 k2_pp168             9.4134629E-02    1.000000        0.000000    
 k2_pp169             0.2312343        1.000000        0.000000    
 k2_pp170             0.1495563        1.000000        0.000000    
 k2_pp171             0.1775491        1.000000        0.000000    
 k2_pp172             0.2112691        1.000000        0.000000    
 k2_pp173             0.1162413        1.000000        0.000000    
 k2_pp174             8.4076248E-02    1.000000        0.000000    
 k2_pp175             4.4576749E-02    1.000000        0.000000    
 k2_pp176             6.4022005E-02    1.000000        0.000000    
 k2_pp177             7.8852646E-02    1.000000        0.000000    
 k2_pp178             0.1402655        1.000000        0.000000    
 k2_pp179             9.9019341E-02    1.000000        0.000000    
 k2_pp180             7.3430210E-02    1.000000        0.000000    
 k2_pp181             4.6158448E-02    1.000000        0.000000    
 k2_pp182             4.4085395E-02    1.000000        0.000000    
 k2_pp183             7.6516435E-02    1.000000        0.000000    
 k2_pp184             0.1495089        1.000000        0.000000    
 k2_pp185             0.1137998        1.000000        0.000000    
 k2_pp186             6.9675952E-02    1.000000        0.000000    
 k2_pp187             0.1962054        1.000000        0.000000    
 k2_pp188             0.1171391        1.000000        0.000000    
 k2_pp189             7.0921548E-02    1.000000        0.000000    
 k2_pp190             8.2023859E-02    1.000000        0.000000    
 k2_pp191             0.1104977        1.000000        0.000000    
 k2_pp192             8.0315255E-02    1.000000        0.000000    
 k2_pp193             0.1036985        1.000000        0.000000    
 k2_pp194             9.5073014E-02    1.000000        0.000000    
 k2_pp195             0.1504206        1.000000        0.000000    
 k2_pp196             6.7097507E-02    1.000000        0.000000    
 k2_pp197             6.6683732E-02    1.000000        0.000000    
 k2_pp198             0.1110747        1.000000        0.000000    
 k2_pp199             7.9745859E-02    1.000000        0.000000    
 k2_pp200             0.1074096        1.000000        0.000000    
 k2_pp201             7.9644926E-02    1.000000        0.000000    
 k2_pp202             5.3610232E-02    1.000000        0.000000    
 k2_pp203             5.0415974E-02    1.000000        0.000000    
 k2_pp204             5.8265790E-02    1.000000        0.000000    
 k2_pp205             5.3878237E-02    1.000000        0.000000    
 k2_pp206             7.8898437E-02    1.000000        0.000000    
 k2_pp207             0.1542544        1.000000        0.000000    
 k2_pp208             0.1036696        1.000000        0.000000    
 k2_pp209             8.8291071E-02    1.000000        0.000000    
 k2_pp210             0.1467533        1.000000        0.000000    
 k2_pp211             0.1268998        1.000000        0.000000    
 k2_pp212             0.1018765        1.000000        0.000000    
 k2_pp213             0.1164011        1.000000        0.000000    
 k2_pp214             8.1378169E-02    1.000000        0.000000    
 k2_pp215             9.2941798E-02    1.000000        0.000000    
 k2_pp216             6.0463503E-02    1.000000        0.000000    
 k2_pp217             3.9320078E-02    1.000000        0.000000    
 k2_pp218             7.1846582E-02    1.000000        0.000000    
 k2_pp219             5.1024280E-02    1.000000        0.000000    
 k2_pp220             7.2630458E-02    1.000000        0.000000    
 k2_pp221             7.5249560E-02    1.000000        0.000000    
 k2_pp222             6.7571901E-02    1.000000        0.000000    
 k2_pp223             0.1101438        1.000000        0.000000    
 k2_pp224             0.1749854        1.000000        0.000000    
 k2_pp225             0.2439062        1.000000        0.000000    
 k2_pp226             0.2590373        1.000000        0.000000    
 k2_pp227             0.2130761        1.000000        0.000000    
 k2_pp228             0.1937603        1.000000        0.000000    
 k2_pp229             9.6493386E-02    1.000000        0.000000    
 k2_pp230             7.1593352E-02    1.000000        0.000000    
 k2_pp231             9.4806418E-02    1.000000        0.000000    
 k2_pp232             7.5049758E-02    1.000000        0.000000    
 k2_pp233             5.8972180E-02    1.000000        0.000000    
 k2_pp234             7.7208869E-02    1.000000        0.000000    
 k2_pp235             8.5634738E-02    1.000000        0.000000    
 k2_pp236             9.0144403E-02    1.000000        0.000000    
 k2_pp237             8.9432925E-02    1.000000        0.000000    
 k2_pp238             8.6565487E-02    1.000000        0.000000    
 k2_pp239             8.6318865E-02    1.000000        0.000000    
 k2_pp240             0.1672647        1.000000        0.000000    
 k2_pp241             0.1430003        1.000000        0.000000    
 k2_pp242             0.2123247        1.000000        0.000000    
 k2_pp243             0.3151636        1.000000        0.000000    
 k2_pp244             0.2592862        1.000000        0.000000    
 k2_pp245             0.1236674        1.000000        0.000000    
 k2_pp246             0.1213145        1.000000        0.000000    
 k2_pp247             9.6370168E-02    1.000000        0.000000    
 k2_pp248             8.6849287E-02    1.000000        0.000000    
 k2_pp249             8.8195853E-02    1.000000        0.000000    
 k2_pp250             0.1291306        1.000000        0.000000    
 k2_pp251             8.3193652E-02    1.000000        0.000000    
 k2_pp252             8.2528993E-02    1.000000        0.000000    
 k2_pp253             9.1189176E-02    1.000000        0.000000    
 k2_pp254             0.1121486        1.000000        0.000000    
 k2_pp255             0.1155868        1.000000        0.000000    
 k2_pp256             0.1129970        1.000000        0.000000    
 k2_pp257             7.4156851E-02    1.000000        0.000000    
 k2_pp258             0.1232182        1.000000        0.000000    
 k2_pp259             0.1319906        1.000000        0.000000    
 k2_pp260             0.1592437        1.000000        0.000000    
 k2_pp261             9.2448317E-02    1.000000        0.000000    
 k2_pp262             0.1103153        1.000000        0.000000    
 k2_pp263             0.1246780        1.000000        0.000000    
 k2_pp264             8.4374502E-02    1.000000        0.000000    
 k2_pp265             9.8903082E-02    1.000000        0.000000    
 k2_pp266             0.1019892        1.000000        0.000000    
 k2_pp267             9.0546116E-02    1.000000        0.000000    
 k2_pp268             9.1289878E-02    1.000000        0.000000    
 k2_pp269             8.0768086E-02    1.000000        0.000000    
 k2_pp270             0.1096477        1.000000        0.000000    
 k2_pp271             0.1540765        1.000000        0.000000    
 k2_pp272             0.1422522        1.000000        0.000000    
 k2_pp273             6.3635610E-02    1.000000        0.000000    
 k2_pp274             8.2796551E-02    1.000000        0.000000    
 k2_pp275             9.1605954E-02    1.000000        0.000000    
 k2_pp276             0.1985254        1.000000        0.000000    
 k2_pp277             0.1045169        1.000000        0.000000    
 k2_pp278             6.4120755E-02    1.000000        0.000000    
 k2_pp279             0.1841370        1.000000        0.000000    
 k2_pp280             9.6487798E-02    1.000000        0.000000    
 k2_pp281             6.7743018E-02    1.000000        0.000000    
 k2_pp282             6.1257239E-02    1.000000        0.000000    
 k2_pp283             7.6332986E-02    1.000000        0.000000    
 k2_pp284             8.8912301E-02    1.000000        0.000000    
 k2_pp285             8.1312411E-02    1.000000        0.000000    
 k2_pp286             7.5849846E-02    1.000000        0.000000    
 k2_pp287             8.3828986E-02    1.000000        0.000000    
 k2_pp288             7.0234299E-02    1.000000        0.000000    
 k2_pp289             4.7040056E-02    1.000000        0.000000    
 k2_pp290             7.1202219E-02    1.000000        0.000000    
 k2_pp291             9.9155717E-02    1.000000        0.000000    
 k2_pp292             0.2095920        1.000000        0.000000    
 k2_pp293             0.1420818        1.000000        0.000000    
 k2_pp294             9.1479540E-02    1.000000        0.000000    
 k2_pp295             0.1337419        1.000000        0.000000    
 k2_pp296             7.5911202E-02    1.000000        0.000000    
 k2_pp297             4.3039139E-02    1.000000        0.000000    
 k2_pp298             6.1704736E-02    1.000000        0.000000    
 k2_pp299             5.3422220E-02    1.000000        0.000000    
 k2_pp300             6.4968757E-02    1.000000        0.000000    
 k2_pp301             7.2066449E-02    1.000000        0.000000    
 k2_pp302             8.6557224E-02    1.000000        0.000000    
 k2_pp303             5.1418867E-02    1.000000        0.000000    
 k2_pp304             0.1091313        1.000000        0.000000    
 k2_pp305             4.1775677E-02    1.000000        0.000000    
 k2_pp306             4.4368435E-02    1.000000        0.000000    
 k2_pp307             7.5280793E-02    1.000000        0.000000    
 k2_pp308             0.1136254        1.000000        0.000000    
 k2_pp309             6.7024596E-02    1.000000        0.000000    
 k2_pp310             0.1015309        1.000000        0.000000    
 k2_pp311             0.1240207        1.000000        0.000000    
 k2_pp312             0.1142917        1.000000        0.000000    
 k2_pp313             5.4219801E-02    1.000000        0.000000    
 k2_pp314             5.9599295E-02    1.000000        0.000000    
 k2_pp315             5.0280828E-02    1.000000        0.000000    
 k2_pp316             4.6302807E-02    1.000000        0.000000    
 k2_pp317             4.6877619E-02    1.000000        0.000000    
 k2_pp318             4.9852155E-02    1.000000        0.000000    
 k2_pp319             5.8622811E-02    1.000000        0.000000    
 k2_pp320             5.9931282E-02    1.000000        0.000000    
 k2_pp321             6.0599335E-02    1.000000        0.000000    
 k2_pp322             6.4262398E-02    1.000000        0.000000    
 k2_pp323             6.5638311E-02    1.000000        0.000000    
 k2_pp324             8.4101684E-02    1.000000        0.000000    
 k2_pp325             0.1177367        1.000000        0.000000    
 k2_pp326             0.1352267        1.000000        0.000000    
 k2_pp327             0.1336532        1.000000        0.000000    
 k2_pp328             0.1293897        1.000000        0.000000    
 k2_pp329             6.1180614E-02    1.000000        0.000000    
 k2_pp330             8.0070674E-02    1.000000        0.000000    
 k2_pp331             6.8630338E-02    1.000000        0.000000    
 k2_pp332             7.7936180E-02    1.000000        0.000000    
 k2_pp333             6.6249721E-02    1.000000        0.000000    
 k2_pp334             4.7440004E-02    1.000000        0.000000    
 k2_pp335             4.2418994E-02    1.000000        0.000000    
 k2_pp336             7.0620336E-02    1.000000        0.000000    
 k3_pp1               3.3922886E-05    1.000000        0.000000    
 k3_pp2               2.7528808E-05    1.000000        0.000000    
 k3_pp3               1.2128550E-05    1.000000        0.000000    
 k3_pp4               1.0902309E-05    1.000000        0.000000    
 k3_pp5               8.9364339E-06    1.000000        0.000000    
 k3_pp6               8.7545541E-06    1.000000        0.000000    
 k3_pp7               7.7884815E-06    1.000000        0.000000    
 k3_pp8               7.5296498E-06    1.000000        0.000000    
 k3_pp9               1.1213453E-05    1.000000        0.000000    
 k3_pp10              9.8212549E-06    1.000000        0.000000    
 k3_pp11              1.0265322E-05    1.000000        0.000000    
 k3_pp12              7.9319716E-06    1.000000        0.000000    
 k3_pp13              7.4753325E-06    1.000000        0.000000    
 k3_pp14              7.1140603E-06    1.000000        0.000000    
 k3_pp15              5.2894975E-06    1.000000        0.000000    
 k3_pp16              6.9183197E-06    1.000000        0.000000    
 k3_pp17              3.0144394E-05    1.000000        0.000000    
 k3_pp18              2.6916165E-05    1.000000        0.000000    
 k3_pp19              2.0767729E-05    1.000000        0.000000    
 k3_pp20              1.0653072E-05    1.000000        0.000000    
 k3_pp21              1.1439683E-05    1.000000        0.000000    
 k3_pp22              8.9555679E-06    1.000000        0.000000    
 k3_pp23              9.9051394E-06    1.000000        0.000000    
 k3_pp24              1.5340387E-05    1.000000        0.000000    
 k3_pp25              1.9311212E-05    1.000000        0.000000    
 k3_pp26              2.2967617E-05    1.000000        0.000000    
 k3_pp27              1.1020506E-05    1.000000        0.000000    
 k3_pp28              1.2362176E-05    1.000000        0.000000    
 k3_pp29              8.9985315E-06    1.000000        0.000000    
 k3_pp30              3.9747465E-06    1.000000        0.000000    
 k3_pp31              6.0125135E-06    1.000000        0.000000    
 k3_pp32              7.3374035E-06    1.000000        0.000000    
 k3_pp33              8.7557273E-06    1.000000        0.000000    
 k3_pp34              1.3903727E-05    1.000000        0.000000    
 k3_pp35              1.9387224E-05    1.000000        0.000000    
 k3_pp36              1.1311562E-05    1.000000        0.000000    
 k3_pp37              7.3259243E-06    1.000000        0.000000    
 k3_pp38              1.4519209E-05    1.000000        0.000000    
 k3_pp39              1.5820917E-05    1.000000        0.000000    
 k3_pp40              1.7332095E-05    1.000000        0.000000    
 k3_pp41              1.8376131E-05    1.000000        0.000000    
 k3_pp42              1.0306271E-05    1.000000        0.000000    
 k3_pp43              9.0634794E-06    1.000000        0.000000    
 k3_pp44              9.5012201E-06    1.000000        0.000000    
 k3_pp45              8.0751706E-06    1.000000        0.000000    
 k3_pp46              3.8886974E-06    1.000000        0.000000    
 k3_pp47              5.9263602E-06    1.000000        0.000000    
 k3_pp48              8.5547836E-06    1.000000        0.000000    
 k3_pp49              5.1782936E-06    1.000000        0.000000    
 k3_pp50              9.3596082E-06    1.000000        0.000000    
 k3_pp51              9.2208975E-06    1.000000        0.000000    
 k3_pp52              1.1144461E-05    1.000000        0.000000    
 k3_pp53              6.9370617E-06    1.000000        0.000000    
 k3_pp54              1.4573463E-05    1.000000        0.000000    
 k3_pp55              1.3971550E-05    1.000000        0.000000    
 k3_pp56              1.8852053E-05    1.000000        0.000000    
 k3_pp57              2.2526392E-05    1.000000        0.000000    
 k3_pp58              1.5121953E-05    1.000000        0.000000    
 k3_pp59              9.0037001E-06    1.000000        0.000000    
 k3_pp60              5.3179851E-06    1.000000        0.000000    
 k3_pp61              4.2552197E-06    1.000000        0.000000    
 k3_pp62              2.8927911E-06    1.000000        0.000000    
 k3_pp63              2.1850258E-06    1.000000        0.000000    
 k3_pp64              2.6297862E-06    1.000000        0.000000    
 k3_pp65              5.3589383E-06    1.000000        0.000000    
 k3_pp66              6.9583066E-06    1.000000        0.000000    
 k3_pp67              6.4746082E-06    1.000000        0.000000    
 k3_pp68              9.7510811E-06    1.000000        0.000000    
 k3_pp69              1.4626363E-05    1.000000        0.000000    
 k3_pp70              1.4263804E-05    1.000000        0.000000    
 k3_pp71              1.6986000E-05    1.000000        0.000000    
 k3_pp72              1.5895752E-05    1.000000        0.000000    
 k3_pp73              1.6394451E-05    1.000000        0.000000    
 k3_pp74              2.2987420E-05    1.000000        0.000000    
 k3_pp75              1.3371090E-05    1.000000        0.000000    
 k3_pp76              7.5374746E-06    1.000000        0.000000    
 k3_pp77              2.3499233E-06    1.000000        0.000000    
 k3_pp78              3.6742272E-06    1.000000        0.000000    
 k3_pp79              2.8540151E-06    1.000000        0.000000    
 k3_pp80              6.4471551E-06    1.000000        0.000000    
 k3_pp81              8.0398449E-06    1.000000        0.000000    
 k3_pp82              9.4657453E-06    1.000000        0.000000    
 k3_pp83              1.6894544E-05    1.000000        0.000000    
 k3_pp84              1.3427761E-05    1.000000        0.000000    
 k3_pp85              1.3028756E-05    1.000000        0.000000    
 k3_pp86              1.8793444E-05    1.000000        0.000000    
 k3_pp87              2.1336633E-05    1.000000        0.000000    
 k3_pp88              1.4636805E-05    1.000000        0.000000    
 k3_pp89              1.0973019E-05    1.000000        0.000000    
 k3_pp90              1.1376704E-05    1.000000        0.000000    
 k3_pp91              1.7062561E-05    1.000000        0.000000    
 k3_pp92              7.0436595E-06    1.000000        0.000000    
 k3_pp93              3.9414708E-06    1.000000        0.000000    
 k3_pp94              4.6617715E-06    1.000000        0.000000    
 k3_pp95              5.9096415E-06    1.000000        0.000000    
 k3_pp96              6.8044233E-06    1.000000        0.000000    
 k3_pp97              1.2654149E-05    1.000000        0.000000    
 k3_pp98              1.1221545E-05    1.000000        0.000000    
 k3_pp99              1.3571816E-05    1.000000        0.000000    
 k3_pp100             1.3066562E-05    1.000000        0.000000    
 k3_pp101             9.3890658E-06    1.000000        0.000000    
 k3_pp102             1.2428126E-05    1.000000        0.000000    
 k3_pp103             1.4046473E-05    1.000000        0.000000    
 k3_pp104             1.3363209E-05    1.000000        0.000000    
 k3_pp105             9.8238652E-06    1.000000        0.000000    
 k3_pp106             1.5220931E-05    1.000000        0.000000    
 k3_pp107             1.2721042E-05    1.000000        0.000000    
 k3_pp108             8.4159319E-06    1.000000        0.000000    
 k3_pp109             7.8746052E-06    1.000000        0.000000    
 k3_pp110             8.0140662E-06    1.000000        0.000000    
 k3_pp111             5.5634068E-06    1.000000        0.000000    
 k3_pp112             3.8918329E-06    1.000000        0.000000    
 k3_pp113             1.4000466E-05    1.000000        0.000000    
 k3_pp114             1.4545903E-05    1.000000        0.000000    
 k3_pp115             1.7882434E-05    1.000000        0.000000    
 k3_pp116             1.2196388E-05    1.000000        0.000000    
 k3_pp117             8.8396191E-06    1.000000        0.000000    
 k3_pp118             1.1084665E-05    1.000000        0.000000    
 k3_pp119             1.0695769E-05    1.000000        0.000000    
 k3_pp120             7.6084912E-06    1.000000        0.000000    
 k3_pp121             9.1423562E-06    1.000000        0.000000    
 k3_pp122             1.1366939E-05    1.000000        0.000000    
 k3_pp123             6.9661492E-06    1.000000        0.000000    
 k3_pp124             6.2084687E-06    1.000000        0.000000    
 k3_pp125             1.0081923E-05    1.000000        0.000000    
 k3_pp126             1.2126819E-05    1.000000        0.000000    
 k3_pp127             1.2016018E-05    1.000000        0.000000    
 k3_pp128             9.3411600E-06    1.000000        0.000000    
 k3_pp129             1.3743951E-05    1.000000        0.000000    
 k3_pp130             9.6343374E-06    1.000000        0.000000    
 k3_pp131             9.8837163E-06    1.000000        0.000000    
 k3_pp132             1.2289043E-05    1.000000        0.000000    
 k3_pp133             9.1133525E-06    1.000000        0.000000    
 k3_pp134             1.5379344E-05    1.000000        0.000000    
 k3_pp135             8.2627794E-06    1.000000        0.000000    
 k3_pp136             4.9763385E-06    1.000000        0.000000    
 k3_pp137             5.7338234E-06    1.000000        0.000000    
 k3_pp138             5.2469600E-06    1.000000        0.000000    
 k3_pp139             5.6753611E-06    1.000000        0.000000    
 k3_pp140             7.0101673E-06    1.000000        0.000000    
 k3_pp141             7.7905770E-06    1.000000        0.000000    
 k3_pp142             1.1247090E-05    1.000000        0.000000    
 k3_pp143             1.2003543E-05    1.000000        0.000000    
 k3_pp144             1.1237623E-05    1.000000        0.000000    
 k3_pp145             7.7608329E-06    1.000000        0.000000    
 k3_pp146             5.9358681E-06    1.000000        0.000000    
 k3_pp147             9.2982955E-06    1.000000        0.000000    
 k3_pp148             8.8563183E-06    1.000000        0.000000    
 k3_pp149             1.3597964E-05    1.000000        0.000000    
 k3_pp150             1.5217121E-05    1.000000        0.000000    
 k3_pp151             8.9078976E-06    1.000000        0.000000    
 k3_pp152             4.8097627E-06    1.000000        0.000000    
 k3_pp153             4.4953240E-06    1.000000        0.000000    
 k3_pp154             3.6120800E-06    1.000000        0.000000    
 k3_pp155             5.0038152E-06    1.000000        0.000000    
 k3_pp156             7.9503170E-06    1.000000        0.000000    
 k3_pp157             7.1608056E-06    1.000000        0.000000    
 k3_pp158             1.1736448E-05    1.000000        0.000000    
 k3_pp159             1.1754258E-05    1.000000        0.000000    
 k3_pp160             9.1979236E-06    1.000000        0.000000    
 k3_pp161             8.8895486E-06    1.000000        0.000000    
 k3_pp162             3.9642168E-06    1.000000        0.000000    
 k3_pp163             8.8220795E-06    1.000000        0.000000    
 k3_pp164             1.1234834E-05    1.000000        0.000000    
 k3_pp165             1.3606925E-05    1.000000        0.000000    
 k3_pp166             1.3615188E-05    1.000000        0.000000    
 k3_pp167             6.9924408E-06    1.000000        0.000000    
 k3_pp168             6.8404011E-06    1.000000        0.000000    
 k3_pp169             4.3952532E-06    1.000000        0.000000    
 k3_pp170             5.2059190E-06    1.000000        0.000000    
 k3_pp171             6.1263445E-06    1.000000        0.000000    
 k3_pp172             1.0497116E-05    1.000000        0.000000    
 k3_pp173             1.0517224E-05    1.000000        0.000000    
 k3_pp174             1.3176313E-05    1.000000        0.000000    
 k3_pp175             1.0358820E-05    1.000000        0.000000    
 k3_pp176             9.2874288E-06    1.000000        0.000000    
 k3_pp177             5.4261327E-06    1.000000        0.000000    
 k3_pp178             8.9528148E-06    1.000000        0.000000    
 k3_pp179             7.5622106E-06    1.000000        0.000000    
 k3_pp180             8.0650780E-06    1.000000        0.000000    
 k3_pp181             1.5999743E-05    1.000000        0.000000    
 k3_pp182             1.3706698E-05    1.000000        0.000000    
 k3_pp183             1.3877099E-05    1.000000        0.000000    
 k3_pp184             1.2981122E-05    1.000000        0.000000    
 k3_pp185             7.2311145E-06    1.000000        0.000000    
 k3_pp186             4.1577910E-06    1.000000        0.000000    
 k3_pp187             4.8331667E-06    1.000000        0.000000    
 k3_pp188             8.4037720E-06    1.000000        0.000000    
 k3_pp189             1.1435237E-05    1.000000        0.000000    
 k3_pp190             1.3483162E-05    1.000000        0.000000    
 k3_pp191             1.7042865E-05    1.000000        0.000000    
 k3_pp192             2.3517481E-05    1.000000        0.000000    
 k3_pp193             6.6623356E-06    1.000000        0.000000    
 k3_pp194             8.5829606E-06    1.000000        0.000000    
 k3_pp195             1.1015086E-05    1.000000        0.000000    
 k3_pp196             1.5519983E-05    1.000000        0.000000    
 k3_pp197             1.6550825E-05    1.000000        0.000000    
 k3_pp198             1.3358998E-05    1.000000        0.000000    
 k3_pp199             1.3794581E-05    1.000000        0.000000    
 k3_pp200             1.9307014E-05    1.000000        0.000000    
 k3_pp201             1.0135675E-05    1.000000        0.000000    
 k3_pp202             7.6641381E-06    1.000000        0.000000    
 k3_pp203             1.0561277E-05    1.000000        0.000000    
 k3_pp204             1.0428615E-05    1.000000        0.000000    
 k3_pp205             9.1078209E-06    1.000000        0.000000    
 k3_pp206             1.0611304E-05    1.000000        0.000000    
 k3_pp207             9.1914026E-06    1.000000        0.000000    
 k3_pp208             1.6168728E-05    1.000000        0.000000    
 k3_pp209             1.1870228E-05    1.000000        0.000000    
 k3_pp210             1.2785314E-05    1.000000        0.000000    
 k3_pp211             1.7713519E-05    1.000000        0.000000    
 k3_pp212             2.6012131E-05    1.000000        0.000000    
 k3_pp213             4.7158828E-05    1.000000        0.000000    
 k3_pp214             3.3267439E-05    1.000000        0.000000    
 k3_pp215             1.2512440E-05    1.000000        0.000000    
 k3_pp216             1.6127666E-05    1.000000        0.000000    
 k3_pp217             1.6724822E-05    1.000000        0.000000    
 k3_pp218             3.5151181E-05    1.000000        0.000000    
 k3_pp219             1.9134914E-05    1.000000        0.000000    
 k3_pp220             1.3161449E-05    1.000000        0.000000    
 k3_pp221             9.3736262E-06    1.000000        0.000000    
 k3_pp222             9.5321802E-06    1.000000        0.000000    
 k3_pp223             7.8569610E-06    1.000000        0.000000    
 k3_pp224             7.2770549E-06    1.000000        0.000000    
 k3_pp225             9.3682038E-06    1.000000        0.000000    
 k3_pp226             1.3605102E-05    1.000000        0.000000    
 k3_pp227             2.3113736E-05    1.000000        0.000000    
 k3_pp228             3.0535943E-05    1.000000        0.000000    
 k3_pp229             4.0529649E-05    1.000000        0.000000    
 k3_pp230             2.3054656E-05    1.000000        0.000000    
 k3_pp231             7.2977141E-06    1.000000        0.000000    
 k3_pp232             1.3325672E-05    1.000000        0.000000    
 k3_pp233             1.8341239E-05    1.000000        0.000000    
 k3_pp234             4.7735826E-05    1.000000        0.000000    
 k3_pp235             2.6362908E-05    1.000000        0.000000    
 k3_pp236             1.3183736E-05    1.000000        0.000000    
 k3_pp237             1.5063423E-05    1.000000        0.000000    
 k3_pp238             1.2914761E-05    1.000000        0.000000    
 k3_pp239             1.3875971E-05    1.000000        0.000000    
 k3_pp240             1.1584240E-05    1.000000        0.000000    
 k3_pp241             1.0155136E-05    1.000000        0.000000    
 k3_pp242             8.8710913E-06    1.000000        0.000000    
 k3_pp243             1.1664994E-05    1.000000        0.000000    
 k3_pp244             2.0713691E-05    1.000000        0.000000    
 k3_pp245             2.2500091E-05    1.000000        0.000000    
 k3_pp246             2.2394433E-05    1.000000        0.000000    
 k3_pp247             1.4514077E-05    1.000000        0.000000    
 k3_pp248             2.0324422E-05    1.000000        0.000000    
 k3_pp249             3.2216019E-05    1.000000        0.000000    
 k3_pp250             3.1095067E-05    1.000000        0.000000    
 k3_pp251             2.0826803E-05    1.000000        0.000000    
 k3_pp252             1.6649628E-05    1.000000        0.000000    
 k3_pp253             1.5816331E-05    1.000000        0.000000    
 k3_pp254             1.6028174E-05    1.000000        0.000000    
 k3_pp255             1.3976553E-05    1.000000        0.000000    
 k3_pp256             1.4662476E-05    1.000000        0.000000    
 k3_pp257             6.1267951E-06    1.000000        0.000000    
 k3_pp258             7.8194735E-06    1.000000        0.000000    
 k3_pp259             9.8164255E-06    1.000000        0.000000    
 k3_pp260             2.3482005E-05    1.000000        0.000000    
 k3_pp261             2.2844006E-05    1.000000        0.000000    
 k3_pp262             1.8964367E-05    1.000000        0.000000    
 k3_pp263             1.5127383E-05    1.000000        0.000000    
 k3_pp264             2.2515958E-05    1.000000        0.000000    
 k3_pp265             2.2242431E-05    1.000000        0.000000    
 k3_pp266             3.8312599E-05    1.000000        0.000000    
 k3_pp267             2.7640232E-05    1.000000        0.000000    
 k3_pp268             2.0297728E-05    1.000000        0.000000    
 k3_pp269             1.7536262E-05    1.000000        0.000000    
 k3_pp270             1.8017079E-05    1.000000        0.000000    
 k3_pp271             1.2098718E-05    1.000000        0.000000    
 k3_pp272             1.2663517E-05    1.000000        0.000000    
 k3_pp273             6.4403844E-06    1.000000        0.000000    
 k3_pp274             1.7824334E-05    1.000000        0.000000    
 k3_pp275             2.0361187E-05    1.000000        0.000000    
 k3_pp276             3.2482585E-05    1.000000        0.000000    
 k3_pp277             2.9231931E-05    1.000000        0.000000    
 k3_pp278             1.7577706E-05    1.000000        0.000000    
 k3_pp279             1.7195676E-05    1.000000        0.000000    
 k3_pp280             1.2623121E-05    1.000000        0.000000    
 k3_pp281             2.7748511E-05    1.000000        0.000000    
 k3_pp282             1.8822291E-05    1.000000        0.000000    
 k3_pp283             2.1700138E-05    1.000000        0.000000    
 k3_pp284             2.2702608E-05    1.000000        0.000000    
 k3_pp285             2.2449038E-05    1.000000        0.000000    
 k3_pp286             1.9196423E-05    1.000000        0.000000    
 k3_pp287             1.5953257E-05    1.000000        0.000000    
 k3_pp288             2.2991964E-05    1.000000        0.000000    
 k3_pp289             3.8756375E-06    1.000000        0.000000    
 k3_pp290             1.0040465E-05    1.000000        0.000000    
 k3_pp291             2.1094473E-05    1.000000        0.000000    
 k3_pp292             1.5205097E-05    1.000000        0.000000    
 k3_pp293             2.0765061E-05    1.000000        0.000000    
 k3_pp294             2.3461595E-05    1.000000        0.000000    
 k3_pp295             2.0458150E-05    1.000000        0.000000    
 k3_pp296             1.3935272E-05    1.000000        0.000000    
 k3_pp297             1.6031359E-05    1.000000        0.000000    
 k3_pp298             1.9377478E-05    1.000000        0.000000    
 k3_pp299             2.1044067E-05    1.000000        0.000000    
 k3_pp300             2.2537575E-05    1.000000        0.000000    
 k3_pp301             2.2155880E-05    1.000000        0.000000    
 k3_pp302             2.5925878E-05    1.000000        0.000000    
 k3_pp303             2.4637320E-05    1.000000        0.000000    
 k3_pp304             2.8086386E-05    1.000000        0.000000    
 k3_pp305             7.7377917E-06    1.000000        0.000000    
 k3_pp306             7.7712266E-06    1.000000        0.000000    
 k3_pp307             1.1025105E-05    1.000000        0.000000    
 k3_pp308             1.3064626E-05    1.000000        0.000000    
 k3_pp309             1.7582359E-05    1.000000        0.000000    
 k3_pp310             2.4611445E-05    1.000000        0.000000    
 k3_pp311             2.2251152E-05    1.000000        0.000000    
 k3_pp312             1.8560228E-05    1.000000        0.000000    
 k3_pp313             2.2573782E-05    1.000000        0.000000    
 k3_pp314             2.8428469E-05    1.000000        0.000000    
 k3_pp315             4.2870142E-05    1.000000        0.000000    
 k3_pp316             2.5767584E-05    1.000000        0.000000    
 k3_pp317             3.1640175E-05    1.000000        0.000000    
 k3_pp318             3.7357531E-05    1.000000        0.000000    
 k3_pp319             4.9771581E-05    1.000000        0.000000    
 k3_pp320             2.4944733E-05    1.000000        0.000000    
 k3_pp321             1.0295651E-05    1.000000        0.000000    
 k3_pp322             6.8171885E-06    1.000000        0.000000    
 k3_pp323             1.1149393E-05    1.000000        0.000000    
 k3_pp324             2.1670734E-05    1.000000        0.000000    
 k3_pp325             1.7496719E-05    1.000000        0.000000    
 k3_pp326             2.1865810E-05    1.000000        0.000000    
 k3_pp327             2.9237452E-05    1.000000        0.000000    
 k3_pp328             2.2017775E-05    1.000000        0.000000    
 k3_pp329             2.3819970E-05    1.000000        0.000000    
 k3_pp330             3.9694565E-05    1.000000        0.000000    
 k3_pp331             4.9977752E-05    1.000000        0.000000    
 k3_pp332             4.2256368E-05    1.000000        0.000000    
 k3_pp333             2.1232638E-05    1.000000        0.000000    
 k3_pp334             3.0697465E-05    1.000000        0.000000    
 k3_pp335             3.5232169E-05    1.000000        0.000000    
 k3_pp336             2.5476253E-05    1.000000        0.000000    
 k4_pp1               4.5937657E-02    1.000000        0.000000    
 k4_pp2               2.0437585E-02    1.000000        0.000000    
 k4_pp3               2.7735611E-02    1.000000        0.000000    
 k4_pp4               2.9264582E-02    1.000000        0.000000    
 k4_pp5               7.3928349E-02    1.000000        0.000000    
 k4_pp6               8.2769014E-02    1.000000        0.000000    
 k4_pp7               5.1328901E-02    1.000000        0.000000    
 k4_pp8               9.4830677E-02    1.000000        0.000000    
 k4_pp9               0.1553132        1.000000        0.000000    
 k4_pp10              9.2338070E-02    1.000000        0.000000    
 k4_pp11              8.7599821E-02    1.000000        0.000000    
 k4_pp12              8.7410428E-02    1.000000        0.000000    
 k4_pp13              0.1004201        1.000000        0.000000    
 k4_pp14              0.1063638        1.000000        0.000000    
 k4_pp15              0.1092758        1.000000        0.000000    
 k4_pp16              7.6345891E-02    1.000000        0.000000    
 k4_pp17              6.0433172E-02    1.000000        0.000000    
 k4_pp18              3.7692025E-02    1.000000        0.000000    
 k4_pp19              4.3437012E-02    1.000000        0.000000    
 k4_pp20              4.5832831E-02    1.000000        0.000000    
 k4_pp21              9.2192777E-02    1.000000        0.000000    
 k4_pp22              0.1086757        1.000000        0.000000    
 k4_pp23              0.1185639        1.000000        0.000000    
 k4_pp24              0.1115156        1.000000        0.000000    
 k4_pp25              9.4299905E-02    1.000000        0.000000    
 k4_pp26              7.6272286E-02    1.000000        0.000000    
 k4_pp27              8.4237210E-02    1.000000        0.000000    
 k4_pp28              0.2415177        1.000000        0.000000    
 k4_pp29              0.2071016        1.000000        0.000000    
 k4_pp30              0.1558223        1.000000        0.000000    
 k4_pp31              0.1074632        1.000000        0.000000    
 k4_pp32              8.5764021E-02    1.000000        0.000000    
 k4_pp33              4.9925268E-02    1.000000        0.000000    
 k4_pp34              5.0597992E-02    1.000000        0.000000    
 k4_pp35              4.9065407E-02    1.000000        0.000000    
 k4_pp36              7.4149728E-02    1.000000        0.000000    
 k4_pp37              0.1311260        1.000000        0.000000    
 k4_pp38              8.0364272E-02    1.000000        0.000000    
 k4_pp39              8.4919639E-02    1.000000        0.000000    
 k4_pp40              0.1433451        1.000000        0.000000    
 k4_pp41              0.1095105        1.000000        0.000000    
 k4_pp42              9.7650386E-02    1.000000        0.000000    
 k4_pp43              8.5528091E-02    1.000000        0.000000    
 k4_pp44              0.1482411        1.000000        0.000000    
 k4_pp45              0.1589082        1.000000        0.000000    
 k4_pp46              0.1003480        1.000000        0.000000    
 k4_pp47              7.3406488E-02    1.000000        0.000000    
 k4_pp48              6.2184066E-02    1.000000        0.000000    
 k4_pp49              5.1996026E-02    1.000000        0.000000    
 k4_pp50              3.6972906E-02    1.000000        0.000000    
 k4_pp51              6.9021195E-02    1.000000        0.000000    
 k4_pp52              9.2829868E-02    1.000000        0.000000    
 k4_pp53              0.1459868        1.000000        0.000000    
 k4_pp54              9.1660365E-02    1.000000        0.000000    
 k4_pp55              0.1363292        1.000000        0.000000    
 k4_pp56              0.1126837        1.000000        0.000000    
 k4_pp57              0.1341889        1.000000        0.000000    
 k4_pp58              8.4151402E-02    1.000000        0.000000    
 k4_pp59              7.7936247E-02    1.000000        0.000000    
 k4_pp60              0.1254965        1.000000        0.000000    
 k4_pp61              7.5226612E-02    1.000000        0.000000    
 k4_pp62              7.0814811E-02    1.000000        0.000000    
 k4_pp63              5.4280289E-02    1.000000        0.000000    
 k4_pp64              5.9799593E-02    1.000000        0.000000    
 k4_pp65              9.0870991E-02    1.000000        0.000000    
 k4_pp66              6.0180910E-02    1.000000        0.000000    
 k4_pp67              8.2756720E-02    1.000000        0.000000    
 k4_pp68              8.4046826E-02    1.000000        0.000000    
 k4_pp69              5.5740546E-02    1.000000        0.000000    
 k4_pp70              0.1062003        1.000000        0.000000    
 k4_pp71              0.1183294        1.000000        0.000000    
 k4_pp72              6.1454874E-02    1.000000        0.000000    
 k4_pp73              8.2843862E-02    1.000000        0.000000    
 k4_pp74              6.6348679E-02    1.000000        0.000000    
 k4_pp75              8.0373831E-02    1.000000        0.000000    
 k4_pp76              6.5895446E-02    1.000000        0.000000    
 k4_pp77              6.0746655E-02    1.000000        0.000000    
 k4_pp78              5.8947790E-02    1.000000        0.000000    
 k4_pp79              4.9243152E-02    1.000000        0.000000    
 k4_pp80              6.2451426E-02    1.000000        0.000000    
 k4_pp81              6.7873977E-02    1.000000        0.000000    
 k4_pp82              7.8074269E-02    1.000000        0.000000    
 k4_pp83              4.7853872E-02    1.000000        0.000000    
 k4_pp84              4.5679554E-02    1.000000        0.000000    
 k4_pp85              6.4723819E-02    1.000000        0.000000    
 k4_pp86              0.1432229        1.000000        0.000000    
 k4_pp87              0.1225836        1.000000        0.000000    
 k4_pp88              7.9705767E-02    1.000000        0.000000    
 k4_pp89              4.9438629E-02    1.000000        0.000000    
 k4_pp90              5.3420857E-02    1.000000        0.000000    
 k4_pp91              4.0868632E-02    1.000000        0.000000    
 k4_pp92              3.8160142E-02    1.000000        0.000000    
 k4_pp93              5.1354632E-02    1.000000        0.000000    
 k4_pp94              5.8514971E-02    1.000000        0.000000    
 k4_pp95              6.4358838E-02    1.000000        0.000000    
 k4_pp96              5.2535575E-02    1.000000        0.000000    
 k4_pp97              6.0358040E-02    1.000000        0.000000    
 k4_pp98              7.1088307E-02    1.000000        0.000000    
 k4_pp99              4.0916111E-02    1.000000        0.000000    
 k4_pp100             4.9057864E-02    1.000000        0.000000    
 k4_pp101             5.4834418E-02    1.000000        0.000000    
 k4_pp102             9.6862704E-02    1.000000        0.000000    
 k4_pp103             8.4749527E-02    1.000000        0.000000    
 k4_pp104             4.8588749E-02    1.000000        0.000000    
 k4_pp105             4.0041544E-02    1.000000        0.000000    
 k4_pp106             3.3847816E-02    1.000000        0.000000    
 k4_pp107             3.7786882E-02    1.000000        0.000000    
 k4_pp108             4.0513474E-02    1.000000        0.000000    
 k4_pp109             3.5140716E-02    1.000000        0.000000    
 k4_pp110             3.8136121E-02    1.000000        0.000000    
 k4_pp111             7.1604930E-02    1.000000        0.000000    
 k4_pp112             4.2074241E-02    1.000000        0.000000    
 k4_pp113             8.0642901E-02    1.000000        0.000000    
 k4_pp114             4.1142751E-02    1.000000        0.000000    
 k4_pp115             4.8412021E-02    1.000000        0.000000    
 k4_pp116             5.5141315E-02    1.000000        0.000000    
 k4_pp117             6.0110383E-02    1.000000        0.000000    
 k4_pp118             7.7050000E-02    1.000000        0.000000    
 k4_pp119             3.9044943E-02    1.000000        0.000000    
 k4_pp120             3.8104612E-02    1.000000        0.000000    
 k4_pp121             3.8485624E-02    1.000000        0.000000    
 k4_pp122             2.7527606E-02    1.000000        0.000000    
 k4_pp123             3.2323979E-02    1.000000        0.000000    
 k4_pp124             4.8238121E-02    1.000000        0.000000    
 k4_pp125             2.3368169E-02    1.000000        0.000000    
 k4_pp126             2.1846587E-02    1.000000        0.000000    
 k4_pp127             3.7297118E-02    1.000000        0.000000    
 k4_pp128             2.8115766E-02    1.000000        0.000000    
 k4_pp129             4.3753643E-02    1.000000        0.000000    
 k4_pp130             5.5436343E-02    1.000000        0.000000    
 k4_pp131             4.6678700E-02    1.000000        0.000000    
 k4_pp132             5.7560533E-02    1.000000        0.000000    
 k4_pp133             4.7376111E-02    1.000000        0.000000    
 k4_pp134             5.5332039E-02    1.000000        0.000000    
 k4_pp135             3.0892100E-02    1.000000        0.000000    
 k4_pp136             4.4938531E-02    1.000000        0.000000    
 k4_pp137             3.6968462E-02    1.000000        0.000000    
 k4_pp138             3.7902605E-02    1.000000        0.000000    
 k4_pp139             3.1721268E-02    1.000000        0.000000    
 k4_pp140             4.3530587E-02    1.000000        0.000000    
 k4_pp141             2.1720937E-02    1.000000        0.000000    
 k4_pp142             2.2478733E-02    1.000000        0.000000    
 k4_pp143             2.2550218E-02    1.000000        0.000000    
 k4_pp144             2.1588575E-02    1.000000        0.000000    
 k4_pp145             4.7121666E-02    1.000000        0.000000    
 k4_pp146             6.8835080E-02    1.000000        0.000000    
 k4_pp147             3.8791507E-02    1.000000        0.000000    
 k4_pp148             3.4193207E-02    1.000000        0.000000    
 k4_pp149             3.9414860E-02    1.000000        0.000000    
 k4_pp150             3.8111832E-02    1.000000        0.000000    
 k4_pp151             3.7032895E-02    1.000000        0.000000    
 k4_pp152             5.3492960E-02    1.000000        0.000000    
 k4_pp153             4.8514213E-02    1.000000        0.000000    
 k4_pp154             6.7597650E-02    1.000000        0.000000    
 k4_pp155             6.5028898E-02    1.000000        0.000000    
 k4_pp156             6.0754910E-02    1.000000        0.000000    
 k4_pp157             3.7760619E-02    1.000000        0.000000    
 k4_pp158             3.0427089E-02    1.000000        0.000000    
 k4_pp159             3.6896668E-02    1.000000        0.000000    
 k4_pp160             4.3567907E-02    1.000000        0.000000    
 k4_pp161             3.4023441E-02    1.000000        0.000000    
 k4_pp162             3.3220537E-02    1.000000        0.000000    
 k4_pp163             5.7387296E-02    1.000000        0.000000    
 k4_pp164             4.9344093E-02    1.000000        0.000000    
 k4_pp165             4.9341004E-02    1.000000        0.000000    
 k4_pp166             3.9404821E-02    1.000000        0.000000    
 k4_pp167             3.6112316E-02    1.000000        0.000000    
 k4_pp168             6.3042596E-02    1.000000        0.000000    
 k4_pp169             5.2349739E-02    1.000000        0.000000    
 k4_pp170             3.4020368E-02    1.000000        0.000000    
 k4_pp171             4.5841839E-02    1.000000        0.000000    
 k4_pp172             6.8954632E-02    1.000000        0.000000    
 k4_pp173             4.0557481E-02    1.000000        0.000000    
 k4_pp174             3.7973065E-02    1.000000        0.000000    
 k4_pp175             3.4978684E-02    1.000000        0.000000    
 k4_pp176             5.0530594E-02    1.000000        0.000000    
 k4_pp177             5.4962505E-02    1.000000        0.000000    
 k4_pp178             3.2378700E-02    1.000000        0.000000    
 k4_pp179             3.8830020E-02    1.000000        0.000000    
 k4_pp180             5.5595752E-02    1.000000        0.000000    
 k4_pp181             3.4918476E-02    1.000000        0.000000    
 k4_pp182             3.0315319E-02    1.000000        0.000000    
 k4_pp183             4.5740381E-02    1.000000        0.000000    
 k4_pp184             5.2866787E-02    1.000000        0.000000    
 k4_pp185             6.8926945E-02    1.000000        0.000000    
 k4_pp186             3.0129340E-02    1.000000        0.000000    
 k4_pp187             3.9840605E-02    1.000000        0.000000    
 k4_pp188             4.0602803E-02    1.000000        0.000000    
 k4_pp189             6.7803793E-02    1.000000        0.000000    
 k4_pp190             5.8739204E-02    1.000000        0.000000    
 k4_pp191             3.5613127E-02    1.000000        0.000000    
 k4_pp192             5.6922060E-02    1.000000        0.000000    
 k4_pp193             2.4632121E-02    1.000000        0.000000    
 k4_pp194             5.1205501E-02    1.000000        0.000000    
 k4_pp195             5.1536217E-02    1.000000        0.000000    
 k4_pp196             3.3580877E-02    1.000000        0.000000    
 k4_pp197             6.0529396E-02    1.000000        0.000000    
 k4_pp198             3.5507582E-02    1.000000        0.000000    
 k4_pp199             3.8294472E-02    1.000000        0.000000    
 k4_pp200             4.5196358E-02    1.000000        0.000000    
 k4_pp201             3.2894865E-02    1.000000        0.000000    
 k4_pp202             2.4615372E-02    1.000000        0.000000    
 k4_pp203             3.6883626E-02    1.000000        0.000000    
 k4_pp204             5.1708013E-02    1.000000        0.000000    
 k4_pp205             5.8904167E-02    1.000000        0.000000    
 k4_pp206             5.4317027E-02    1.000000        0.000000    
 k4_pp207             5.2192856E-02    1.000000        0.000000    
 k4_pp208             7.1709372E-02    1.000000        0.000000    
 k4_pp209             2.7205875E-02    1.000000        0.000000    
 k4_pp210             4.9130999E-02    1.000000        0.000000    
 k4_pp211             5.9883151E-02    1.000000        0.000000    
 k4_pp212             2.7983608E-02    1.000000        0.000000    
 k4_pp213             4.3464717E-02    1.000000        0.000000    
 k4_pp214             4.2908665E-02    1.000000        0.000000    
 k4_pp215             3.2917481E-02    1.000000        0.000000    
 k4_pp216             2.9742345E-02    1.000000        0.000000    
 k4_pp217             3.2546449E-02    1.000000        0.000000    
 k4_pp218             2.8679496E-02    1.000000        0.000000    
 k4_pp219             3.4923594E-02    1.000000        0.000000    
 k4_pp220             3.6340553E-02    1.000000        0.000000    
 k4_pp221             3.7423328E-02    1.000000        0.000000    
 k4_pp222             5.6062613E-02    1.000000        0.000000    
 k4_pp223             9.4561361E-02    1.000000        0.000000    
 k4_pp224             6.2869288E-02    1.000000        0.000000    
 k4_pp225             1.7704546E-02    1.000000        0.000000    
 k4_pp226             3.3684950E-02    1.000000        0.000000    
 k4_pp227             8.0385871E-02    1.000000        0.000000    
 k4_pp228             4.9438681E-02    1.000000        0.000000    
 k4_pp229             4.2946830E-02    1.000000        0.000000    
 k4_pp230             5.4716393E-02    1.000000        0.000000    
 k4_pp231             4.9363695E-02    1.000000        0.000000    
 k4_pp232             3.5311345E-02    1.000000        0.000000    
 k4_pp233             1.8604986E-02    1.000000        0.000000    
 k4_pp234             2.4030719E-02    1.000000        0.000000    
 k4_pp235             1.8511591E-02    1.000000        0.000000    
 k4_pp236             3.2081958E-02    1.000000        0.000000    
 k4_pp237             7.2858952E-02    1.000000        0.000000    
 k4_pp238             9.1785342E-02    1.000000        0.000000    
 k4_pp239             0.1066865        1.000000        0.000000    
 k4_pp240             0.1049240        1.000000        0.000000    
 k4_pp241             3.0270685E-02    1.000000        0.000000    
 k4_pp242             4.2564392E-02    1.000000        0.000000    
 k4_pp243             4.8092071E-02    1.000000        0.000000    
 k4_pp244             4.5927219E-02    1.000000        0.000000    
 k4_pp245             5.6668993E-02    1.000000        0.000000    
 k4_pp246             5.4681093E-02    1.000000        0.000000    
 k4_pp247             5.1086996E-02    1.000000        0.000000    
 k4_pp248             3.6065340E-02    1.000000        0.000000    
 k4_pp249             2.9634597E-02    1.000000        0.000000    
 k4_pp250             1.8904718E-02    1.000000        0.000000    
 k4_pp251             1.2664204E-02    1.000000        0.000000    
 k4_pp252             3.0741431E-02    1.000000        0.000000    
 k4_pp253             4.0581502E-02    1.000000        0.000000    
 k4_pp254             7.2232410E-02    1.000000        0.000000    
 k4_pp255             0.1014631        1.000000        0.000000    
 k4_pp256             8.1979990E-02    1.000000        0.000000    
 k4_pp257             4.7365017E-02    1.000000        0.000000    
 k4_pp258             3.3534933E-02    1.000000        0.000000    
 k4_pp259             4.0124975E-02    1.000000        0.000000    
 k4_pp260             3.7575256E-02    1.000000        0.000000    
 k4_pp261             3.4252312E-02    1.000000        0.000000    
 k4_pp262             3.6305908E-02    1.000000        0.000000    
 k4_pp263             4.0752199E-02    1.000000        0.000000    
 k4_pp264             3.6333792E-02    1.000000        0.000000    
 k4_pp265             2.6221061E-02    1.000000        0.000000    
 k4_pp266             2.4444107E-02    1.000000        0.000000    
 k4_pp267             1.5704131E-02    1.000000        0.000000    
 k4_pp268             1.6981276E-02    1.000000        0.000000    
 k4_pp269             3.2297842E-02    1.000000        0.000000    
 k4_pp270             2.9170116E-02    1.000000        0.000000    
 k4_pp271             2.8821656E-02    1.000000        0.000000    
 k4_pp272             4.5185816E-02    1.000000        0.000000    
 k4_pp273             4.4868302E-02    1.000000        0.000000    
 k4_pp274             3.5522614E-02    1.000000        0.000000    
 k4_pp275             3.1158816E-02    1.000000        0.000000    
 k4_pp276             3.2126397E-02    1.000000        0.000000    
 k4_pp277             2.8951041E-02    1.000000        0.000000    
 k4_pp278             2.4086647E-02    1.000000        0.000000    
 k4_pp279             3.0266970E-02    1.000000        0.000000    
 k4_pp280             3.8402271E-02    1.000000        0.000000    
 k4_pp281             2.4747390E-02    1.000000        0.000000    
 k4_pp282             2.8340684E-02    1.000000        0.000000    
 k4_pp283             3.4691323E-02    1.000000        0.000000    
 k4_pp284             2.3789899E-02    1.000000        0.000000    
 k4_pp285             2.6121724E-02    1.000000        0.000000    
 k4_pp286             1.6423078E-02    1.000000        0.000000    
 k4_pp287             1.4620703E-02    1.000000        0.000000    
 k4_pp288             1.8110577E-02    1.000000        0.000000    
 k4_pp289             3.7300859E-02    1.000000        0.000000    
 k4_pp290             2.6637590E-02    1.000000        0.000000    
 k4_pp291             1.5480951E-02    1.000000        0.000000    
 k4_pp292             2.4462190E-02    1.000000        0.000000    
 k4_pp293             2.5702551E-02    1.000000        0.000000    
 k4_pp294             2.1637037E-02    1.000000        0.000000    
 k4_pp295             1.9595461E-02    1.000000        0.000000    
 k4_pp296             3.1090964E-02    1.000000        0.000000    
 k4_pp297             3.9022163E-02    1.000000        0.000000    
 k4_pp298             3.7267894E-02    1.000000        0.000000    
 k4_pp299             3.2738823E-02    1.000000        0.000000    
 k4_pp300             1.4701289E-02    1.000000        0.000000    
 k4_pp301             1.7607488E-02    1.000000        0.000000    
 k4_pp302             2.4954362E-02    1.000000        0.000000    
 k4_pp303             2.5454033E-02    1.000000        0.000000    
 k4_pp304             3.9754655E-02    1.000000        0.000000    
 k4_pp305             2.5436314E-02    1.000000        0.000000    
 k4_pp306             1.7289000E-02    1.000000        0.000000    
 k4_pp307             1.1407073E-02    1.000000        0.000000    
 k4_pp308             1.6805258E-02    1.000000        0.000000    
 k4_pp309             2.8803332E-02    1.000000        0.000000    
 k4_pp310             2.1665268E-02    1.000000        0.000000    
 k4_pp311             1.8315507E-02    1.000000        0.000000    
 k4_pp312             4.8016224E-02    1.000000        0.000000    
 k4_pp313             4.9137756E-02    1.000000        0.000000    
 k4_pp314             4.3926384E-02    1.000000        0.000000    
 k4_pp315             2.5718587E-02    1.000000        0.000000    
 k4_pp316             1.7843448E-02    1.000000        0.000000    
 k4_pp317             1.6592376E-02    1.000000        0.000000    
 k4_pp318             1.6082183E-02    1.000000        0.000000    
 k4_pp319             3.0823052E-02    1.000000        0.000000    
 k4_pp320             3.4492873E-02    1.000000        0.000000    
 k4_pp321             3.6832049E-02    1.000000        0.000000    
 k4_pp322             1.2544474E-02    1.000000        0.000000    
 k4_pp323             1.5683623E-02    1.000000        0.000000    
 k4_pp324             2.0439195E-02    1.000000        0.000000    
 k4_pp325             3.7895530E-02    1.000000        0.000000    
 k4_pp326             3.7991256E-02    1.000000        0.000000    
 k4_pp327             4.0446430E-02    1.000000        0.000000    
 k4_pp328             6.2842563E-02    1.000000        0.000000    
 k4_pp329             6.3611560E-02    1.000000        0.000000    
 k4_pp330             6.9410384E-02    1.000000        0.000000    
 k4_pp331             6.2593080E-02    1.000000        0.000000    
 k4_pp332             4.6271224E-02    1.000000        0.000000    
 k4_pp333             2.4790224E-02    1.000000        0.000000    
 k4_pp334             2.3513382E-02    1.000000        0.000000    
 k4_pp335             2.5480604E-02    1.000000        0.000000    
 k4_pp336             2.6312657E-02    1.000000        0.000000    
