 single point
 pos_hg               0.3633627        1.000000        0.000000    
 pos1_h               0.3475019        1.000000        0.000000    
 pos2_h               0.5872704        1.000000        0.000000    
 pos3_h               0.4331597        1.000000        0.000000    
 pos4_h               0.6393531        1.000000        0.000000    
 pos5_h               0.4908121        1.000000        0.000000    
 pos6_h                0.000000        1.000000        0.000000    
 pos1_f1              0.6020556        1.000000        0.000000    
 pos2_f1              0.4749550        1.000000        0.000000    
 pos3_f1              0.4654409        1.000000        0.000000    
 pos4_f1              0.7612362        1.000000        0.000000    
 pos5_f1              0.4505544        1.000000        0.000000    
 pos1_f2              0.2638246        1.000000        0.000000    
 pos2_f2              0.3509195        1.000000        0.000000    
 pos3_f2               1.000000        1.000000        0.000000    
 pos4_f2              0.5709031        1.000000        0.000000    
 k1_h                 8.5236862E-02    1.000000        0.000000    
 k2_h                 2.6471097E-02    1.000000        0.000000    
 k3_h                 6.1011385E-02    1.000000        0.000000    
 k4_h                 2.1787517E-02    1.000000        0.000000    
 k5_h                 7.2278045E-02    1.000000        0.000000    
 k6_h                 1.9965172E-02    1.000000        0.000000    
 k1_f1                6.9973812E-02    1.000000        0.000000    
 k2_f1                5.9428979E-02    1.000000        0.000000    
 k3_f1                0.1088255        1.000000        0.000000    
 k4_f1                0.1882070        1.000000        0.000000    
 k5_f1                0.1819972        1.000000        0.000000    
 k1_f2                3.8702775E-02    1.000000        0.000000    
 k2_f2                1.1169077E-02    1.000000        0.000000    
 k3_f2                6.8197936E-02    1.000000        0.000000    
 k4_f2                6.0243882E-02    1.000000        0.000000    
 k1_pp1               0.9075149        1.000000        0.000000    
 k1_pp2                2.019351        1.000000        0.000000    
 k1_pp3                2.000858        1.000000        0.000000    
 k1_pp4                1.726719        1.000000        0.000000    
 k1_pp5                1.534901        1.000000        0.000000    
 k1_pp6                2.321200        1.000000        0.000000    
 k1_pp7                4.153930        1.000000        0.000000    
 k1_pp8                2.812968        1.000000        0.000000    
 k1_pp9                2.022308        1.000000        0.000000    
 k1_pp10              0.8455635        1.000000        0.000000    
 k1_pp11               1.520577        1.000000        0.000000    
 k1_pp12              0.9333618        1.000000        0.000000    
 k1_pp13              0.6785917        1.000000        0.000000    
 k1_pp14               1.002417        1.000000        0.000000    
 k1_pp15               1.649291        1.000000        0.000000    
 k1_pp16               1.735923        1.000000        0.000000    
 k1_pp17              0.7463501        1.000000        0.000000    
 k1_pp18               1.951614        1.000000        0.000000    
 k1_pp19               1.432905        1.000000        0.000000    
 k1_pp20               1.059464        1.000000        0.000000    
 k1_pp21               1.066465        1.000000        0.000000    
 k1_pp22               1.698898        1.000000        0.000000    
 k1_pp23               2.990598        1.000000        0.000000    
 k1_pp24               2.825680        1.000000        0.000000    
 k1_pp25               1.621789        1.000000        0.000000    
 k1_pp26               1.162192        1.000000        0.000000    
 k1_pp27               1.310829        1.000000        0.000000    
 k1_pp28               1.014498        1.000000        0.000000    
 k1_pp29              0.4429007        1.000000        0.000000    
 k1_pp30              0.5656515        1.000000        0.000000    
 k1_pp31               1.756711        1.000000        0.000000    
 k1_pp32               2.406007        1.000000        0.000000    
 k1_pp33               1.726697        1.000000        0.000000    
 k1_pp34               2.180348        1.000000        0.000000    
 k1_pp35               1.849476        1.000000        0.000000    
 k1_pp36               1.543831        1.000000        0.000000    
 k1_pp37              0.7453711        1.000000        0.000000    
 k1_pp38               1.668724        1.000000        0.000000    
 k1_pp39               1.300240        1.000000        0.000000    
 k1_pp40               1.283675        1.000000        0.000000    
 k1_pp41               1.080512        1.000000        0.000000    
 k1_pp42               1.055141        1.000000        0.000000    
 k1_pp43              0.4680181        1.000000        0.000000    
 k1_pp44              0.5455899        1.000000        0.000000    
 k1_pp45              0.6804014        1.000000        0.000000    
 k1_pp46               1.035440        1.000000        0.000000    
 k1_pp47               1.620810        1.000000        0.000000    
 k1_pp48               1.877428        1.000000        0.000000    
 k1_pp49              0.6889058        1.000000        0.000000    
 k1_pp50               1.799260        1.000000        0.000000    
 k1_pp51               1.403340        1.000000        0.000000    
 k1_pp52               1.567241        1.000000        0.000000    
 k1_pp53               1.263281        1.000000        0.000000    
 k1_pp54              0.9678744        1.000000        0.000000    
 k1_pp55              0.9459520        1.000000        0.000000    
 k1_pp56               1.199638        1.000000        0.000000    
 k1_pp57              0.7561815        1.000000        0.000000    
 k1_pp58              0.7559978        1.000000        0.000000    
 k1_pp59              0.5642778        1.000000        0.000000    
 k1_pp60              0.7430809        1.000000        0.000000    
 k1_pp61              0.9503452        1.000000        0.000000    
 k1_pp62               1.110496        1.000000        0.000000    
 k1_pp63               1.016528        1.000000        0.000000    
 k1_pp64               2.378649        1.000000        0.000000    
 k1_pp65              0.7378463        1.000000        0.000000    
 k1_pp66               1.526419        1.000000        0.000000    
 k1_pp67               1.360036        1.000000        0.000000    
 k1_pp68               1.153129        1.000000        0.000000    
 k1_pp69              0.7530789        1.000000        0.000000    
 k1_pp70              0.9731359        1.000000        0.000000    
 k1_pp71               1.124957        1.000000        0.000000    
 k1_pp72              0.6408231        1.000000        0.000000    
 k1_pp73              0.5162608        1.000000        0.000000    
 k1_pp74              0.4443914        1.000000        0.000000    
 k1_pp75              0.6963057        1.000000        0.000000    
 k1_pp76              0.6454125        1.000000        0.000000    
 k1_pp77               1.113889        1.000000        0.000000    
 k1_pp78               1.355575        1.000000        0.000000    
 k1_pp79               1.079476        1.000000        0.000000    
 k1_pp80               1.616284        1.000000        0.000000    
 k1_pp81               1.573425        1.000000        0.000000    
 k1_pp82               1.714540        1.000000        0.000000    
 k1_pp83               1.655592        1.000000        0.000000    
 k1_pp84               1.196166        1.000000        0.000000    
 k1_pp85               1.018306        1.000000        0.000000    
 k1_pp86              0.9218324        1.000000        0.000000    
 k1_pp87              0.5750945        1.000000        0.000000    
 k1_pp88              0.5693257        1.000000        0.000000    
 k1_pp89              0.7265515        1.000000        0.000000    
 k1_pp90              0.4588928        1.000000        0.000000    
 k1_pp91              0.5200344        1.000000        0.000000    
 k1_pp92              0.5659065        1.000000        0.000000    
 k1_pp93              0.8941429        1.000000        0.000000    
 k1_pp94               1.421335        1.000000        0.000000    
 k1_pp95               1.358633        1.000000        0.000000    
 k1_pp96               1.414329        1.000000        0.000000    
 k1_pp97              0.9643283        1.000000        0.000000    
 k1_pp98               1.272147        1.000000        0.000000    
 k1_pp99              0.7129855        1.000000        0.000000    
 k1_pp100             0.9553629        1.000000        0.000000    
 k1_pp101             0.8747723        1.000000        0.000000    
 k1_pp102             0.7761455        1.000000        0.000000    
 k1_pp103             0.5674769        1.000000        0.000000    
 k1_pp104             0.4777906        1.000000        0.000000    
 k1_pp105             0.7943050        1.000000        0.000000    
 k1_pp106             0.7110741        1.000000        0.000000    
 k1_pp107             0.8050913        1.000000        0.000000    
 k1_pp108             0.6308635        1.000000        0.000000    
 k1_pp109             0.7633162        1.000000        0.000000    
 k1_pp110              1.264539        1.000000        0.000000    
 k1_pp111              1.223186        1.000000        0.000000    
 k1_pp112              1.087322        1.000000        0.000000    
 k1_pp113             0.5175349        1.000000        0.000000    
 k1_pp114             0.5702865        1.000000        0.000000    
 k1_pp115             0.4389450        1.000000        0.000000    
 k1_pp116             0.6908489        1.000000        0.000000    
 k1_pp117             0.5644349        1.000000        0.000000    
 k1_pp118             0.8628364        1.000000        0.000000    
 k1_pp119             0.7431321        1.000000        0.000000    
 k1_pp120             0.8890083        1.000000        0.000000    
 k1_pp121              1.053620        1.000000        0.000000    
 k1_pp122             0.8470492        1.000000        0.000000    
 k1_pp123              1.007886        1.000000        0.000000    
 k1_pp124             0.5620610        1.000000        0.000000    
 k1_pp125             0.8674738        1.000000        0.000000    
 k1_pp126              1.509585        1.000000        0.000000    
 k1_pp127              1.017882        1.000000        0.000000    
 k1_pp128             0.6688234        1.000000        0.000000    
 k1_pp129             0.4984720        1.000000        0.000000    
 k1_pp130             0.6524084        1.000000        0.000000    
 k1_pp131             0.4521516        1.000000        0.000000    
 k1_pp132             0.3948008        1.000000        0.000000    
 k1_pp133             0.9968190        1.000000        0.000000    
 k1_pp134             0.6665781        1.000000        0.000000    
 k1_pp135             0.9628904        1.000000        0.000000    
 k1_pp136             0.6993839        1.000000        0.000000    
 k1_pp137             0.8337706        1.000000        0.000000    
 k1_pp138             0.8403586        1.000000        0.000000    
 k1_pp139             0.6789482        1.000000        0.000000    
 k1_pp140              1.250477        1.000000        0.000000    
 k1_pp141             0.9033360        1.000000        0.000000    
 k1_pp142             0.7595037        1.000000        0.000000    
 k1_pp143              1.018435        1.000000        0.000000    
 k1_pp144             0.9499226        1.000000        0.000000    
 k1_pp145              1.124759        1.000000        0.000000    
 k1_pp146             0.6051547        1.000000        0.000000    
 k1_pp147             0.3177516        1.000000        0.000000    
 k1_pp148             0.3839888        1.000000        0.000000    
 k1_pp149             0.5078186        1.000000        0.000000    
 k1_pp150             0.4107181        1.000000        0.000000    
 k1_pp151             0.5526779        1.000000        0.000000    
 k1_pp152             0.7669716        1.000000        0.000000    
 k1_pp153             0.9911951        1.000000        0.000000    
 k1_pp154              1.391609        1.000000        0.000000    
 k1_pp155              1.351219        1.000000        0.000000    
 k1_pp156             0.9721242        1.000000        0.000000    
 k1_pp157             0.9586356        1.000000        0.000000    
 k1_pp158             0.7296181        1.000000        0.000000    
 k1_pp159             0.6421207        1.000000        0.000000    
 k1_pp160              1.275970        1.000000        0.000000    
 k1_pp161             0.8085487        1.000000        0.000000    
 k1_pp162             0.6439887        1.000000        0.000000    
 k1_pp163             0.3902811        1.000000        0.000000    
 k1_pp164             0.2157945        1.000000        0.000000    
 k1_pp165             0.3804667        1.000000        0.000000    
 k1_pp166             0.2958992        1.000000        0.000000    
 k1_pp167             0.3753965        1.000000        0.000000    
 k1_pp168             0.4133983        1.000000        0.000000    
 k1_pp169             0.5999340        1.000000        0.000000    
 k1_pp170             0.9736381        1.000000        0.000000    
 k1_pp171             0.8685645        1.000000        0.000000    
 k1_pp172              1.323578        1.000000        0.000000    
 k1_pp173             0.9815216        1.000000        0.000000    
 k1_pp174             0.5541686        1.000000        0.000000    
 k1_pp175             0.6300128        1.000000        0.000000    
 k1_pp176              1.605540        1.000000        0.000000    
 k1_pp177             0.7047719        1.000000        0.000000    
 k1_pp178             0.4946083        1.000000        0.000000    
 k1_pp179             0.3789215        1.000000        0.000000    
 k1_pp180             0.3018199        1.000000        0.000000    
 k1_pp181             0.2938410        1.000000        0.000000    
 k1_pp182             0.3195778        1.000000        0.000000    
 k1_pp183             0.3044102        1.000000        0.000000    
 k1_pp184             0.3213320        1.000000        0.000000    
 k1_pp185             0.4372252        1.000000        0.000000    
 k1_pp186              1.515347        1.000000        0.000000    
 k1_pp187             0.8445593        1.000000        0.000000    
 k1_pp188              1.632936        1.000000        0.000000    
 k1_pp189              1.137097        1.000000        0.000000    
 k1_pp190             0.7415891        1.000000        0.000000    
 k1_pp191             0.8389543        1.000000        0.000000    
 k1_pp192              1.239697        1.000000        0.000000    
 k1_pp193             0.5617198        1.000000        0.000000    
 k1_pp194             0.5158699        1.000000        0.000000    
 k1_pp195             0.3705124        1.000000        0.000000    
 k1_pp196             0.4899451        1.000000        0.000000    
 k1_pp197             0.8395661        1.000000        0.000000    
 k1_pp198             0.6645720        1.000000        0.000000    
 k1_pp199             0.3237720        1.000000        0.000000    
 k1_pp200             0.4130124        1.000000        0.000000    
 k1_pp201             0.5639912        1.000000        0.000000    
 k1_pp202              1.070762        1.000000        0.000000    
 k1_pp203             0.9094870        1.000000        0.000000    
 k1_pp204              1.759241        1.000000        0.000000    
 k1_pp205              1.491211        1.000000        0.000000    
 k1_pp206             0.7671254        1.000000        0.000000    
 k1_pp207             0.8412425        1.000000        0.000000    
 k1_pp208              1.213864        1.000000        0.000000    
 k1_pp209             0.4489346        1.000000        0.000000    
 k1_pp210             0.6394065        1.000000        0.000000    
 k1_pp211             0.7682137        1.000000        0.000000    
 k1_pp212              1.035358        1.000000        0.000000    
 k1_pp213              1.188683        1.000000        0.000000    
 k1_pp214             0.8166917        1.000000        0.000000    
 k1_pp215             0.7645096        1.000000        0.000000    
 k1_pp216             0.5109296        1.000000        0.000000    
 k1_pp217             0.7509192        1.000000        0.000000    
 k1_pp218              1.015351        1.000000        0.000000    
 k1_pp219             0.9052774        1.000000        0.000000    
 k1_pp220             0.8095507        1.000000        0.000000    
 k1_pp221              1.040886        1.000000        0.000000    
 k1_pp222              1.006438        1.000000        0.000000    
 k1_pp223             0.8426501        1.000000        0.000000    
 k1_pp224             0.9981359        1.000000        0.000000    
 k1_pp225             0.6562113        1.000000        0.000000    
 k1_pp226              1.028037        1.000000        0.000000    
 k1_pp227             0.8890086        1.000000        0.000000    
 k1_pp228             0.7316340        1.000000        0.000000    
 k1_pp229             0.8084319        1.000000        0.000000    
 k1_pp230             0.9097188        1.000000        0.000000    
 k1_pp231             0.8245696        1.000000        0.000000    
 k1_pp232             0.6593975        1.000000        0.000000    
 k1_pp233             0.9256894        1.000000        0.000000    
 k1_pp234              1.301737        1.000000        0.000000    
 k1_pp235             0.5362228        1.000000        0.000000    
 k1_pp236             0.8569199        1.000000        0.000000    
 k1_pp237             0.5925448        1.000000        0.000000    
 k1_pp238             0.4855962        1.000000        0.000000    
 k1_pp239             0.5516753        1.000000        0.000000    
 k1_pp240             0.9163174        1.000000        0.000000    
 k1_pp241              1.173064        1.000000        0.000000    
 k1_pp242              1.115748        1.000000        0.000000    
 k1_pp243              1.404314        1.000000        0.000000    
 k1_pp244             0.6187987        1.000000        0.000000    
 k1_pp245             0.7016692        1.000000        0.000000    
 k1_pp246              1.501782        1.000000        0.000000    
 k1_pp247              1.574734        1.000000        0.000000    
 k1_pp248              1.022427        1.000000        0.000000    
 k1_pp249              1.085741        1.000000        0.000000    
 k1_pp250              1.264208        1.000000        0.000000    
 k1_pp251             0.9703467        1.000000        0.000000    
 k1_pp252             0.8104118        1.000000        0.000000    
 k1_pp253             0.7423664        1.000000        0.000000    
 k1_pp254             0.4929391        1.000000        0.000000    
 k1_pp255             0.7956999        1.000000        0.000000    
 k1_pp256              1.007976        1.000000        0.000000    
 k1_pp257             0.9903997        1.000000        0.000000    
 k1_pp258              1.664615        1.000000        0.000000    
 k1_pp259              1.115758        1.000000        0.000000    
 k1_pp260             0.6258335        1.000000        0.000000    
 k1_pp261             0.7433993        1.000000        0.000000    
 k1_pp262              1.210221        1.000000        0.000000    
 k1_pp263              1.378700        1.000000        0.000000    
 k1_pp264             0.8926446        1.000000        0.000000    
 k1_pp265             0.9255111        1.000000        0.000000    
 k1_pp266             0.8316542        1.000000        0.000000    
 k1_pp267              1.065373        1.000000        0.000000    
 k1_pp268              1.338233        1.000000        0.000000    
 k1_pp269             0.8656812        1.000000        0.000000    
 k1_pp270             0.7627708        1.000000        0.000000    
 k1_pp271              1.063308        1.000000        0.000000    
 k1_pp272              1.485905        1.000000        0.000000    
 k1_pp273             0.9163101        1.000000        0.000000    
 k1_pp274              1.270185        1.000000        0.000000    
 k1_pp275              1.019807        1.000000        0.000000    
 k1_pp276              1.970448        1.000000        0.000000    
 k1_pp277              1.455815        1.000000        0.000000    
 k1_pp278              1.335519        1.000000        0.000000    
 k1_pp279              1.269729        1.000000        0.000000    
 k1_pp280              1.770655        1.000000        0.000000    
 k1_pp281              1.440705        1.000000        0.000000    
 k1_pp282              1.303135        1.000000        0.000000    
 k1_pp283              1.321773        1.000000        0.000000    
 k1_pp284              1.177189        1.000000        0.000000    
 k1_pp285              1.201709        1.000000        0.000000    
 k1_pp286             0.8481094        1.000000        0.000000    
 k1_pp287             0.6538514        1.000000        0.000000    
 k1_pp288             0.7768907        1.000000        0.000000    
 k1_pp289              1.146989        1.000000        0.000000    
 k1_pp290             0.9692435        1.000000        0.000000    
 k1_pp291             0.8554287        1.000000        0.000000    
 k1_pp292              1.161764        1.000000        0.000000    
 k1_pp293              2.138340        1.000000        0.000000    
 k1_pp294              1.916332        1.000000        0.000000    
 k1_pp295              1.181116        1.000000        0.000000    
 k1_pp296             0.7459977        1.000000        0.000000    
 k1_pp297              1.260206        1.000000        0.000000    
 k1_pp298             0.8302397        1.000000        0.000000    
 k1_pp299             0.7979274        1.000000        0.000000    
 k1_pp300              1.061639        1.000000        0.000000    
 k1_pp301             0.4984047        1.000000        0.000000    
 k1_pp302             0.6882951        1.000000        0.000000    
 k1_pp303             0.5734782        1.000000        0.000000    
 k1_pp304             0.6962845        1.000000        0.000000    
 k1_pp305             0.9179558        1.000000        0.000000    
 k1_pp306              1.125001        1.000000        0.000000    
 k1_pp307              1.128503        1.000000        0.000000    
 k1_pp308             0.8595143        1.000000        0.000000    
 k1_pp309              1.391080        1.000000        0.000000    
 k1_pp310             0.9338373        1.000000        0.000000    
 k1_pp311             0.9020669        1.000000        0.000000    
 k1_pp312             0.5964820        1.000000        0.000000    
 k1_pp313              1.143755        1.000000        0.000000    
 k1_pp314              1.188444        1.000000        0.000000    
 k1_pp315             0.9200832        1.000000        0.000000    
 k1_pp316             0.6684041        1.000000        0.000000    
 k1_pp317             0.4109501        1.000000        0.000000    
 k1_pp318             0.5620640        1.000000        0.000000    
 k1_pp319             0.5916302        1.000000        0.000000    
 k1_pp320             0.6867288        1.000000        0.000000    
 k1_pp321              1.096516        1.000000        0.000000    
 k1_pp322             0.8915559        1.000000        0.000000    
 k1_pp323              1.248373        1.000000        0.000000    
 k1_pp324             0.6741031        1.000000        0.000000    
 k1_pp325              1.069770        1.000000        0.000000    
 k1_pp326             0.6777423        1.000000        0.000000    
 k1_pp327             0.3819174        1.000000        0.000000    
 k1_pp328             0.3999851        1.000000        0.000000    
 k1_pp329             0.6639765        1.000000        0.000000    
 k1_pp330              1.038517        1.000000        0.000000    
 k1_pp331             0.6166325        1.000000        0.000000    
 k1_pp332             0.5595036        1.000000        0.000000    
 k1_pp333             0.4050438        1.000000        0.000000    
 k1_pp334             0.5521339        1.000000        0.000000    
 k1_pp335             0.4129604        1.000000        0.000000    
 k1_pp336             0.2867902        1.000000        0.000000    
 k2_pp1               0.1131368        1.000000        0.000000    
 k2_pp2               0.1624139        1.000000        0.000000    
 k2_pp3               0.1357721        1.000000        0.000000    
 k2_pp4               0.1024580        1.000000        0.000000    
 k2_pp5               6.9876827E-02    1.000000        0.000000    
 k2_pp6               0.1131540        1.000000        0.000000    
 k2_pp7               8.1134811E-02    1.000000        0.000000    
 k2_pp8               8.9129925E-02    1.000000        0.000000    
 k2_pp9               8.8541843E-02    1.000000        0.000000    
 k2_pp10              5.6761853E-02    1.000000        0.000000    
 k2_pp11              7.8148536E-02    1.000000        0.000000    
 k2_pp12              6.5126866E-02    1.000000        0.000000    
 k2_pp13              0.1173792        1.000000        0.000000    
 k2_pp14              0.1404676        1.000000        0.000000    
 k2_pp15              0.1036932        1.000000        0.000000    
 k2_pp16              9.5012933E-02    1.000000        0.000000    
 k2_pp17              0.1393041        1.000000        0.000000    
 k2_pp18              9.7819559E-02    1.000000        0.000000    
 k2_pp19              7.6692306E-02    1.000000        0.000000    
 k2_pp20              0.1107138        1.000000        0.000000    
 k2_pp21              9.4664723E-02    1.000000        0.000000    
 k2_pp22              9.0830967E-02    1.000000        0.000000    
 k2_pp23              7.1959928E-02    1.000000        0.000000    
 k2_pp24              4.8508298E-02    1.000000        0.000000    
 k2_pp25              7.0764840E-02    1.000000        0.000000    
 k2_pp26              6.3262507E-02    1.000000        0.000000    
 k2_pp27              5.7493910E-02    1.000000        0.000000    
 k2_pp28              5.8147833E-02    1.000000        0.000000    
 k2_pp29              9.1837533E-02    1.000000        0.000000    
 k2_pp30              0.1156121        1.000000        0.000000    
 k2_pp31              0.1039090        1.000000        0.000000    
 k2_pp32              9.9095851E-02    1.000000        0.000000    
 k2_pp33              8.6267494E-02    1.000000        0.000000    
 k2_pp34              5.8589593E-02    1.000000        0.000000    
 k2_pp35              0.1308128        1.000000        0.000000    
 k2_pp36              0.1042722        1.000000        0.000000    
 k2_pp37              0.1591691        1.000000        0.000000    
 k2_pp38              0.1517925        1.000000        0.000000    
 k2_pp39              0.1073615        1.000000        0.000000    
 k2_pp40              7.9486690E-02    1.000000        0.000000    
 k2_pp41              6.2590584E-02    1.000000        0.000000    
 k2_pp42              5.2855179E-02    1.000000        0.000000    
 k2_pp43              7.0975162E-02    1.000000        0.000000    
 k2_pp44              0.1138330        1.000000        0.000000    
 k2_pp45              0.1138733        1.000000        0.000000    
 k2_pp46              9.2436187E-02    1.000000        0.000000    
 k2_pp47              9.5437422E-02    1.000000        0.000000    
 k2_pp48              0.1213459        1.000000        0.000000    
 k2_pp49              6.5476283E-02    1.000000        0.000000    
 k2_pp50              4.7376931E-02    1.000000        0.000000    
 k2_pp51              9.1917001E-02    1.000000        0.000000    
 k2_pp52              0.1693030        1.000000        0.000000    
 k2_pp53              0.1536579        1.000000        0.000000    
 k2_pp54              0.1667873        1.000000        0.000000    
 k2_pp55              0.1265024        1.000000        0.000000    
 k2_pp56              0.1034131        1.000000        0.000000    
 k2_pp57              9.5879644E-02    1.000000        0.000000    
 k2_pp58              6.6868991E-02    1.000000        0.000000    
 k2_pp59              0.1044733        1.000000        0.000000    
 k2_pp60              0.1398071        1.000000        0.000000    
 k2_pp61              0.1319972        1.000000        0.000000    
 k2_pp62              0.1426069        1.000000        0.000000    
 k2_pp63              7.9300433E-02    1.000000        0.000000    
 k2_pp64              0.1347594        1.000000        0.000000    
 k2_pp65              7.8701019E-02    1.000000        0.000000    
 k2_pp66              5.7031866E-02    1.000000        0.000000    
 k2_pp67              0.1086225        1.000000        0.000000    
 k2_pp68              0.1544094        1.000000        0.000000    
 k2_pp69              0.1601099        1.000000        0.000000    
 k2_pp70              0.1959698        1.000000        0.000000    
 k2_pp71              7.5864293E-02    1.000000        0.000000    
 k2_pp72              0.1185665        1.000000        0.000000    
 k2_pp73              9.3311377E-02    1.000000        0.000000    
 k2_pp74              0.1404475        1.000000        0.000000    
 k2_pp75              8.1209697E-02    1.000000        0.000000    
 k2_pp76              7.9027459E-02    1.000000        0.000000    
 k2_pp77              6.6635720E-02    1.000000        0.000000    
 k2_pp78              7.4721918E-02    1.000000        0.000000    
 k2_pp79              8.6502425E-02    1.000000        0.000000    
 k2_pp80              0.1012208        1.000000        0.000000    
 k2_pp81              0.1074317        1.000000        0.000000    
 k2_pp82              8.2403608E-02    1.000000        0.000000    
 k2_pp83              8.9369223E-02    1.000000        0.000000    
 k2_pp84              0.1782093        1.000000        0.000000    
 k2_pp85              0.1181163        1.000000        0.000000    
 k2_pp86              0.1054453        1.000000        0.000000    
 k2_pp87              0.1427893        1.000000        0.000000    
 k2_pp88              0.1258711        1.000000        0.000000    
 k2_pp89              0.1381864        1.000000        0.000000    
 k2_pp90              0.1228012        1.000000        0.000000    
 k2_pp91              8.1206419E-02    1.000000        0.000000    
 k2_pp92              8.9086972E-02    1.000000        0.000000    
 k2_pp93              6.4380780E-02    1.000000        0.000000    
 k2_pp94              8.1989758E-02    1.000000        0.000000    
 k2_pp95              0.1191378        1.000000        0.000000    
 k2_pp96              8.7255090E-02    1.000000        0.000000    
 k2_pp97              0.1218183        1.000000        0.000000    
 k2_pp98              7.2182544E-02    1.000000        0.000000    
 k2_pp99              9.4300583E-02    1.000000        0.000000    
 k2_pp100             0.1006964        1.000000        0.000000    
 k2_pp101             7.1275115E-02    1.000000        0.000000    
 k2_pp102             8.9365341E-02    1.000000        0.000000    
 k2_pp103             0.1496840        1.000000        0.000000    
 k2_pp104             0.1567834        1.000000        0.000000    
 k2_pp105             0.2505499        1.000000        0.000000    
 k2_pp106             0.1461836        1.000000        0.000000    
 k2_pp107             0.1207420        1.000000        0.000000    
 k2_pp108             7.7658981E-02    1.000000        0.000000    
 k2_pp109             6.6370904E-02    1.000000        0.000000    
 k2_pp110             6.9319278E-02    1.000000        0.000000    
 k2_pp111             0.1011299        1.000000        0.000000    
 k2_pp112             0.1795428        1.000000        0.000000    
 k2_pp113             6.7463428E-02    1.000000        0.000000    
 k2_pp114             0.1183159        1.000000        0.000000    
 k2_pp115             4.8429247E-02    1.000000        0.000000    
 k2_pp116             7.5213917E-02    1.000000        0.000000    
 k2_pp117             7.6653264E-02    1.000000        0.000000    
 k2_pp118             0.1102312        1.000000        0.000000    
 k2_pp119             0.1173776        1.000000        0.000000    
 k2_pp120             0.1348414        1.000000        0.000000    
 k2_pp121             0.1861658        1.000000        0.000000    
 k2_pp122             0.1956753        1.000000        0.000000    
 k2_pp123             0.1412158        1.000000        0.000000    
 k2_pp124             8.7260984E-02    1.000000        0.000000    
 k2_pp125             9.4450884E-02    1.000000        0.000000    
 k2_pp126             8.2990728E-02    1.000000        0.000000    
 k2_pp127             0.1023747        1.000000        0.000000    
 k2_pp128             8.2935944E-02    1.000000        0.000000    
 k2_pp129             6.6000327E-02    1.000000        0.000000    
 k2_pp130             7.0314355E-02    1.000000        0.000000    
 k2_pp131             7.8676134E-02    1.000000        0.000000    
 k2_pp132             6.1889611E-02    1.000000        0.000000    
 k2_pp133             0.1059353        1.000000        0.000000    
 k2_pp134             0.1183385        1.000000        0.000000    
 k2_pp135             0.1493981        1.000000        0.000000    
 k2_pp136             0.1807014        1.000000        0.000000    
 k2_pp137             0.1726942        1.000000        0.000000    
 k2_pp138             0.1821804        1.000000        0.000000    
 k2_pp139             0.1894573        1.000000        0.000000    
 k2_pp140             0.1447692        1.000000        0.000000    
 k2_pp141             5.9968524E-02    1.000000        0.000000    
 k2_pp142             8.0692902E-02    1.000000        0.000000    
 k2_pp143             0.1231860        1.000000        0.000000    
 k2_pp144             0.1029128        1.000000        0.000000    
 k2_pp145             0.1066822        1.000000        0.000000    
 k2_pp146             6.4990789E-02    1.000000        0.000000    
 k2_pp147             0.1138617        1.000000        0.000000    
 k2_pp148             0.1680349        1.000000        0.000000    
 k2_pp149             0.1093683        1.000000        0.000000    
 k2_pp150             7.4182995E-02    1.000000        0.000000    
 k2_pp151             8.3316557E-02    1.000000        0.000000    
 k2_pp152             9.6170478E-02    1.000000        0.000000    
 k2_pp153             0.1439423        1.000000        0.000000    
 k2_pp154             0.2228566        1.000000        0.000000    
 k2_pp155             0.1139210        1.000000        0.000000    
 k2_pp156             9.0081528E-02    1.000000        0.000000    
 k2_pp157             6.7871407E-02    1.000000        0.000000    
 k2_pp158             5.9560291E-02    1.000000        0.000000    
 k2_pp159             8.0720350E-02    1.000000        0.000000    
 k2_pp160             6.4505525E-02    1.000000        0.000000    
 k2_pp161             0.1763770        1.000000        0.000000    
 k2_pp162             5.9135199E-02    1.000000        0.000000    
 k2_pp163             0.1714716        1.000000        0.000000    
 k2_pp164             0.1507847        1.000000        0.000000    
 k2_pp165             0.1161618        1.000000        0.000000    
 k2_pp166             7.2290190E-02    1.000000        0.000000    
 k2_pp167             8.2334518E-02    1.000000        0.000000    
 k2_pp168             8.6930491E-02    1.000000        0.000000    
 k2_pp169             0.1902522        1.000000        0.000000    
 k2_pp170             0.1521258        1.000000        0.000000    
 k2_pp171             0.1118302        1.000000        0.000000    
 k2_pp172             0.1420009        1.000000        0.000000    
 k2_pp173             0.1183973        1.000000        0.000000    
 k2_pp174             8.8306189E-02    1.000000        0.000000    
 k2_pp175             6.8927780E-02    1.000000        0.000000    
 k2_pp176             9.3598962E-02    1.000000        0.000000    
 k2_pp177             6.0050867E-02    1.000000        0.000000    
 k2_pp178             4.0535923E-02    1.000000        0.000000    
 k2_pp179             5.2054018E-02    1.000000        0.000000    
 k2_pp180             7.7295870E-02    1.000000        0.000000    
 k2_pp181             4.7833923E-02    1.000000        0.000000    
 k2_pp182             6.1530981E-02    1.000000        0.000000    
 k2_pp183             5.8901966E-02    1.000000        0.000000    
 k2_pp184             0.1267818        1.000000        0.000000    
 k2_pp185             0.2474548        1.000000        0.000000    
 k2_pp186             0.1989832        1.000000        0.000000    
 k2_pp187             9.7407922E-02    1.000000        0.000000    
 k2_pp188             9.5238581E-02    1.000000        0.000000    
 k2_pp189             0.1523507        1.000000        0.000000    
 k2_pp190             8.1936836E-02    1.000000        0.000000    
 k2_pp191             4.9456026E-02    1.000000        0.000000    
 k2_pp192             7.2522566E-02    1.000000        0.000000    
 k2_pp193             2.3608703E-02    1.000000        0.000000    
 k2_pp194             4.0229190E-02    1.000000        0.000000    
 k2_pp195             4.3875594E-02    1.000000        0.000000    
 k2_pp196             5.1846340E-02    1.000000        0.000000    
 k2_pp197             3.3822719E-02    1.000000        0.000000    
 k2_pp198             9.1759063E-02    1.000000        0.000000    
 k2_pp199             8.3669029E-02    1.000000        0.000000    
 k2_pp200             0.1776913        1.000000        0.000000    
 k2_pp201             0.1569343        1.000000        0.000000    
 k2_pp202             0.2135624        1.000000        0.000000    
 k2_pp203             0.1390027        1.000000        0.000000    
 k2_pp204             0.1282769        1.000000        0.000000    
 k2_pp205             0.1662489        1.000000        0.000000    
 k2_pp206             9.3908392E-02    1.000000        0.000000    
 k2_pp207             0.1232806        1.000000        0.000000    
 k2_pp208             0.1350181        1.000000        0.000000    
 k2_pp209             2.8105605E-02    1.000000        0.000000    
 k2_pp210             3.1719327E-02    1.000000        0.000000    
 k2_pp211             4.9598638E-02    1.000000        0.000000    
 k2_pp212             5.2121632E-02    1.000000        0.000000    
 k2_pp213             9.1125622E-02    1.000000        0.000000    
 k2_pp214             7.3189661E-02    1.000000        0.000000    
 k2_pp215             0.1661069        1.000000        0.000000    
 k2_pp216             0.2214087        1.000000        0.000000    
 k2_pp217             0.1219038        1.000000        0.000000    
 k2_pp218             0.2053252        1.000000        0.000000    
 k2_pp219             0.1368266        1.000000        0.000000    
 k2_pp220             0.1211284        1.000000        0.000000    
 k2_pp221             0.1527292        1.000000        0.000000    
 k2_pp222             0.2249944        1.000000        0.000000    
 k2_pp223             0.1752067        1.000000        0.000000    
 k2_pp224             0.1241504        1.000000        0.000000    
 k2_pp225             5.8134999E-02    1.000000        0.000000    
 k2_pp226             3.7313800E-02    1.000000        0.000000    
 k2_pp227             4.8416432E-02    1.000000        0.000000    
 k2_pp228             6.4946935E-02    1.000000        0.000000    
 k2_pp229             6.0942508E-02    1.000000        0.000000    
 k2_pp230             0.1385029        1.000000        0.000000    
 k2_pp231             0.1858270        1.000000        0.000000    
 k2_pp232             0.2031304        1.000000        0.000000    
 k2_pp233             0.2199406        1.000000        0.000000    
 k2_pp234             0.1909419        1.000000        0.000000    
 k2_pp235             0.1724771        1.000000        0.000000    
 k2_pp236             0.1203483        1.000000        0.000000    
 k2_pp237             0.1594012        1.000000        0.000000    
 k2_pp238             0.1782694        1.000000        0.000000    
 k2_pp239             0.1072682        1.000000        0.000000    
 k2_pp240             7.4645124E-02    1.000000        0.000000    
 k2_pp241             5.0708525E-02    1.000000        0.000000    
 k2_pp242             4.9919661E-02    1.000000        0.000000    
 k2_pp243             8.1265643E-02    1.000000        0.000000    
 k2_pp244             6.4263143E-02    1.000000        0.000000    
 k2_pp245             6.7170113E-02    1.000000        0.000000    
 k2_pp246             0.1662592        1.000000        0.000000    
 k2_pp247             0.3545819        1.000000        0.000000    
 k2_pp248             0.3795783        1.000000        0.000000    
 k2_pp249             0.2192584        1.000000        0.000000    
 k2_pp250             0.1731335        1.000000        0.000000    
 k2_pp251             0.1429616        1.000000        0.000000    
 k2_pp252             0.1449633        1.000000        0.000000    
 k2_pp253             0.1758041        1.000000        0.000000    
 k2_pp254             0.1493768        1.000000        0.000000    
 k2_pp255             0.1386359        1.000000        0.000000    
 k2_pp256             0.1305814        1.000000        0.000000    
 k2_pp257             5.6173548E-02    1.000000        0.000000    
 k2_pp258             6.6726156E-02    1.000000        0.000000    
 k2_pp259             3.5353020E-02    1.000000        0.000000    
 k2_pp260             4.2762455E-02    1.000000        0.000000    
 k2_pp261             0.1093958        1.000000        0.000000    
 k2_pp262             0.2746474        1.000000        0.000000    
 k2_pp263             0.3755524        1.000000        0.000000    
 k2_pp264             0.2673915        1.000000        0.000000    
 k2_pp265             0.1739092        1.000000        0.000000    
 k2_pp266             0.1344325        1.000000        0.000000    
 k2_pp267             0.1995119        1.000000        0.000000    
 k2_pp268             0.1473010        1.000000        0.000000    
 k2_pp269             0.3538267        1.000000        0.000000    
 k2_pp270             0.2030007        1.000000        0.000000    
 k2_pp271             0.2152039        1.000000        0.000000    
 k2_pp272             0.1642162        1.000000        0.000000    
 k2_pp273             6.8204470E-02    1.000000        0.000000    
 k2_pp274             5.8153529E-02    1.000000        0.000000    
 k2_pp275             6.8652853E-02    1.000000        0.000000    
 k2_pp276             7.1336813E-02    1.000000        0.000000    
 k2_pp277             9.4431520E-02    1.000000        0.000000    
 k2_pp278             0.1974821        1.000000        0.000000    
 k2_pp279             0.2880157        1.000000        0.000000    
 k2_pp280             0.3396389        1.000000        0.000000    
 k2_pp281             0.2294474        1.000000        0.000000    
 k2_pp282             0.1515041        1.000000        0.000000    
 k2_pp283             0.3651533        1.000000        0.000000    
 k2_pp284             0.3583583        1.000000        0.000000    
 k2_pp285             0.2592936        1.000000        0.000000    
 k2_pp286             0.2143904        1.000000        0.000000    
 k2_pp287             0.1532832        1.000000        0.000000    
 k2_pp288             0.2752537        1.000000        0.000000    
 k2_pp289             4.1061893E-02    1.000000        0.000000    
 k2_pp290             6.0388368E-02    1.000000        0.000000    
 k2_pp291             6.4977869E-02    1.000000        0.000000    
 k2_pp292             8.9231826E-02    1.000000        0.000000    
 k2_pp293             0.1261988        1.000000        0.000000    
 k2_pp294             0.2837340        1.000000        0.000000    
 k2_pp295             0.2592872        1.000000        0.000000    
 k2_pp296             0.2231746        1.000000        0.000000    
 k2_pp297             0.2665072        1.000000        0.000000    
 k2_pp298             0.3077368        1.000000        0.000000    
 k2_pp299             0.4794972        1.000000        0.000000    
 k2_pp300             0.3884943        1.000000        0.000000    
 k2_pp301             0.2449832        1.000000        0.000000    
 k2_pp302             0.3015906        1.000000        0.000000    
 k2_pp303             0.2297180        1.000000        0.000000    
 k2_pp304             0.1970658        1.000000        0.000000    
 k2_pp305             3.3952985E-02    1.000000        0.000000    
 k2_pp306             6.6472314E-02    1.000000        0.000000    
 k2_pp307             0.1004757        1.000000        0.000000    
 k2_pp308             0.1463965        1.000000        0.000000    
 k2_pp309             0.1864709        1.000000        0.000000    
 k2_pp310             0.2604936        1.000000        0.000000    
 k2_pp311             0.2448940        1.000000        0.000000    
 k2_pp312             0.1637500        1.000000        0.000000    
 k2_pp313             0.3904350        1.000000        0.000000    
 k2_pp314             0.2410622        1.000000        0.000000    
 k2_pp315             0.2250756        1.000000        0.000000    
 k2_pp316             0.3460331        1.000000        0.000000    
 k2_pp317             0.2571991        1.000000        0.000000    
 k2_pp318             0.2117094        1.000000        0.000000    
 k2_pp319             0.2865345        1.000000        0.000000    
 k2_pp320             9.3219548E-02    1.000000        0.000000    
 k2_pp321             4.4055674E-02    1.000000        0.000000    
 k2_pp322             0.1254703        1.000000        0.000000    
 k2_pp323             0.1841548        1.000000        0.000000    
 k2_pp324             0.3423931        1.000000        0.000000    
 k2_pp325             0.1224981        1.000000        0.000000    
 k2_pp326             0.1138685        1.000000        0.000000    
 k2_pp327             0.2849704        1.000000        0.000000    
 k2_pp328             0.2275804        1.000000        0.000000    
 k2_pp329             0.1572743        1.000000        0.000000    
 k2_pp330             0.2273504        1.000000        0.000000    
 k2_pp331             0.2021330        1.000000        0.000000    
 k2_pp332             0.3512602        1.000000        0.000000    
 k2_pp333             0.1889923        1.000000        0.000000    
 k2_pp334             0.1790152        1.000000        0.000000    
 k2_pp335             0.1239076        1.000000        0.000000    
 k2_pp336             5.7653464E-02    1.000000        0.000000    
 k3_pp1               9.6784543E-06    1.000000        0.000000    
 k3_pp2               1.0341978E-05    1.000000        0.000000    
 k3_pp3               7.9255642E-06    1.000000        0.000000    
 k3_pp4               1.0304178E-05    1.000000        0.000000    
 k3_pp5               9.5829282E-06    1.000000        0.000000    
 k3_pp6               1.0813839E-05    1.000000        0.000000    
 k3_pp7               1.6974906E-05    1.000000        0.000000    
 k3_pp8               1.3603249E-05    1.000000        0.000000    
 k3_pp9               1.7891743E-05    1.000000        0.000000    
 k3_pp10              2.3388011E-05    1.000000        0.000000    
 k3_pp11              7.9078409E-06    1.000000        0.000000    
 k3_pp12              8.4752228E-06    1.000000        0.000000    
 k3_pp13              1.0986038E-05    1.000000        0.000000    
 k3_pp14              7.4618515E-06    1.000000        0.000000    
 k3_pp15              6.5506970E-06    1.000000        0.000000    
 k3_pp16              1.2708409E-05    1.000000        0.000000    
 k3_pp17              4.6396153E-06    1.000000        0.000000    
 k3_pp18              6.3378975E-06    1.000000        0.000000    
 k3_pp19              1.1707349E-05    1.000000        0.000000    
 k3_pp20              1.0443086E-05    1.000000        0.000000    
 k3_pp21              1.1940829E-05    1.000000        0.000000    
 k3_pp22              9.0796648E-06    1.000000        0.000000    
 k3_pp23              9.7813627E-06    1.000000        0.000000    
 k3_pp24              1.2341602E-05    1.000000        0.000000    
 k3_pp25              1.3508352E-05    1.000000        0.000000    
 k3_pp26              1.0008381E-05    1.000000        0.000000    
 k3_pp27              1.1962363E-05    1.000000        0.000000    
 k3_pp28              1.0949226E-05    1.000000        0.000000    
 k3_pp29              8.9460646E-06    1.000000        0.000000    
 k3_pp30              1.0150186E-05    1.000000        0.000000    
 k3_pp31              9.0776512E-06    1.000000        0.000000    
 k3_pp32              1.3813876E-05    1.000000        0.000000    
 k3_pp33              1.0726157E-05    1.000000        0.000000    
 k3_pp34              9.5401274E-06    1.000000        0.000000    
 k3_pp35              1.4220223E-05    1.000000        0.000000    
 k3_pp36              1.7406490E-05    1.000000        0.000000    
 k3_pp37              8.1354719E-06    1.000000        0.000000    
 k3_pp38              5.8902988E-06    1.000000        0.000000    
 k3_pp39              1.0934161E-05    1.000000        0.000000    
 k3_pp40              1.2453013E-05    1.000000        0.000000    
 k3_pp41              1.3670508E-05    1.000000        0.000000    
 k3_pp42              1.6341723E-05    1.000000        0.000000    
 k3_pp43              1.0233149E-05    1.000000        0.000000    
 k3_pp44              1.7566150E-05    1.000000        0.000000    
 k3_pp45              1.2407920E-05    1.000000        0.000000    
 k3_pp46              1.2791324E-05    1.000000        0.000000    
 k3_pp47              2.1587355E-05    1.000000        0.000000    
 k3_pp48              1.0328350E-05    1.000000        0.000000    
 k3_pp49              9.3986173E-06    1.000000        0.000000    
 k3_pp50              1.2970323E-05    1.000000        0.000000    
 k3_pp51              1.4458487E-05    1.000000        0.000000    
 k3_pp52              1.1556736E-05    1.000000        0.000000    
 k3_pp53              6.2992485E-06    1.000000        0.000000    
 k3_pp54              8.7804492E-06    1.000000        0.000000    
 k3_pp55              5.8901496E-06    1.000000        0.000000    
 k3_pp56              7.7760324E-06    1.000000        0.000000    
 k3_pp57              1.1224810E-05    1.000000        0.000000    
 k3_pp58              1.1074835E-05    1.000000        0.000000    
 k3_pp59              1.2508031E-05    1.000000        0.000000    
 k3_pp60              2.1210457E-05    1.000000        0.000000    
 k3_pp61              1.3351872E-05    1.000000        0.000000    
 k3_pp62              8.4947033E-06    1.000000        0.000000    
 k3_pp63              1.0391878E-05    1.000000        0.000000    
 k3_pp64              8.7892649E-06    1.000000        0.000000    
 k3_pp65              8.4685998E-06    1.000000        0.000000    
 k3_pp66              1.7481261E-05    1.000000        0.000000    
 k3_pp67              1.5247761E-05    1.000000        0.000000    
 k3_pp68              8.4581279E-06    1.000000        0.000000    
 k3_pp69              4.9009950E-06    1.000000        0.000000    
 k3_pp70              7.9790607E-06    1.000000        0.000000    
 k3_pp71              7.9635174E-06    1.000000        0.000000    
 k3_pp72              1.0375940E-05    1.000000        0.000000    
 k3_pp73              1.3184026E-05    1.000000        0.000000    
 k3_pp74              1.1456224E-05    1.000000        0.000000    
 k3_pp75              8.4293233E-06    1.000000        0.000000    
 k3_pp76              1.4919515E-05    1.000000        0.000000    
 k3_pp77              1.4645196E-05    1.000000        0.000000    
 k3_pp78              1.4059109E-05    1.000000        0.000000    
 k3_pp79              1.8013874E-05    1.000000        0.000000    
 k3_pp80              1.1917214E-05    1.000000        0.000000    
 k3_pp81              7.3474566E-06    1.000000        0.000000    
 k3_pp82              1.1375967E-05    1.000000        0.000000    
 k3_pp83              1.2016756E-05    1.000000        0.000000    
 k3_pp84              7.8375751E-06    1.000000        0.000000    
 k3_pp85              4.9631062E-06    1.000000        0.000000    
 k3_pp86              6.3180682E-06    1.000000        0.000000    
 k3_pp87              5.9633171E-06    1.000000        0.000000    
 k3_pp88              5.1383145E-06    1.000000        0.000000    
 k3_pp89              9.4309407E-06    1.000000        0.000000    
 k3_pp90              6.0117741E-06    1.000000        0.000000    
 k3_pp91              7.9132960E-06    1.000000        0.000000    
 k3_pp92              1.8155508E-05    1.000000        0.000000    
 k3_pp93              1.5298168E-05    1.000000        0.000000    
 k3_pp94              1.1440487E-05    1.000000        0.000000    
 k3_pp95              1.4096189E-05    1.000000        0.000000    
 k3_pp96              1.3409344E-05    1.000000        0.000000    
 k3_pp97              6.4346455E-06    1.000000        0.000000    
 k3_pp98              4.7427907E-06    1.000000        0.000000    
 k3_pp99              6.5847476E-06    1.000000        0.000000    
 k3_pp100             7.0694518E-06    1.000000        0.000000    
 k3_pp101             8.7638546E-06    1.000000        0.000000    
 k3_pp102             7.0569195E-06    1.000000        0.000000    
 k3_pp103             5.4608213E-06    1.000000        0.000000    
 k3_pp104             5.2872506E-06    1.000000        0.000000    
 k3_pp105             2.5852257E-06    1.000000        0.000000    
 k3_pp106             5.3525996E-06    1.000000        0.000000    
 k3_pp107             6.2645418E-06    1.000000        0.000000    
 k3_pp108             7.3665524E-06    1.000000        0.000000    
 k3_pp109             1.3876063E-05    1.000000        0.000000    
 k3_pp110             1.3297930E-05    1.000000        0.000000    
 k3_pp111             9.1840284E-06    1.000000        0.000000    
 k3_pp112             1.0127699E-05    1.000000        0.000000    
 k3_pp113             5.4669704E-06    1.000000        0.000000    
 k3_pp114             4.1955641E-06    1.000000        0.000000    
 k3_pp115             5.0227723E-06    1.000000        0.000000    
 k3_pp116             4.5667671E-06    1.000000        0.000000    
 k3_pp117             6.7034257E-06    1.000000        0.000000    
 k3_pp118             5.2538203E-06    1.000000        0.000000    
 k3_pp119             4.2382194E-06    1.000000        0.000000    
 k3_pp120             3.7112522E-06    1.000000        0.000000    
 k3_pp121             4.3459563E-06    1.000000        0.000000    
 k3_pp122             3.2757680E-06    1.000000        0.000000    
 k3_pp123             6.1474748E-06    1.000000        0.000000    
 k3_pp124             4.3525129E-06    1.000000        0.000000    
 k3_pp125             1.3379138E-05    1.000000        0.000000    
 k3_pp126             9.7564034E-06    1.000000        0.000000    
 k3_pp127             6.9953435E-06    1.000000        0.000000    
 k3_pp128             1.3917336E-05    1.000000        0.000000    
 k3_pp129             2.9799817E-06    1.000000        0.000000    
 k3_pp130             3.4709410E-06    1.000000        0.000000    
 k3_pp131             6.1572291E-06    1.000000        0.000000    
 k3_pp132             5.6665758E-06    1.000000        0.000000    
 k3_pp133             4.0151749E-06    1.000000        0.000000    
 k3_pp134             3.7406166E-06    1.000000        0.000000    
 k3_pp135             3.7087470E-06    1.000000        0.000000    
 k3_pp136             6.6251919E-06    1.000000        0.000000    
 k3_pp137             5.6468998E-06    1.000000        0.000000    
 k3_pp138             4.5756001E-06    1.000000        0.000000    
 k3_pp139             5.5900664E-06    1.000000        0.000000    
 k3_pp140             6.1159139E-06    1.000000        0.000000    
 k3_pp141             9.9763893E-06    1.000000        0.000000    
 k3_pp142             1.3825468E-05    1.000000        0.000000    
 k3_pp143             1.1026606E-05    1.000000        0.000000    
 k3_pp144             1.4404930E-05    1.000000        0.000000    
 k3_pp145             3.5759972E-06    1.000000        0.000000    
 k3_pp146             4.8483994E-06    1.000000        0.000000    
 k3_pp147             5.2783762E-06    1.000000        0.000000    
 k3_pp148             6.2392673E-06    1.000000        0.000000    
 k3_pp149             7.5851863E-06    1.000000        0.000000    
 k3_pp150             7.0115993E-06    1.000000        0.000000    
 k3_pp151             1.1141267E-05    1.000000        0.000000    
 k3_pp152             6.2630770E-06    1.000000        0.000000    
 k3_pp153             6.0074722E-06    1.000000        0.000000    
 k3_pp154             6.4208130E-06    1.000000        0.000000    
 k3_pp155             6.2854451E-06    1.000000        0.000000    
 k3_pp156             9.8301125E-06    1.000000        0.000000    
 k3_pp157             1.3378462E-05    1.000000        0.000000    
 k3_pp158             9.6963868E-06    1.000000        0.000000    
 k3_pp159             1.9076639E-05    1.000000        0.000000    
 k3_pp160             1.6464443E-05    1.000000        0.000000    
 k3_pp161             4.5969709E-06    1.000000        0.000000    
 k3_pp162             5.8289929E-06    1.000000        0.000000    
 k3_pp163             8.7780872E-06    1.000000        0.000000    
 k3_pp164             1.2109217E-05    1.000000        0.000000    
 k3_pp165             9.8905548E-06    1.000000        0.000000    
 k3_pp166             7.2847292E-06    1.000000        0.000000    
 k3_pp167             1.2706734E-05    1.000000        0.000000    
 k3_pp168             1.0749418E-05    1.000000        0.000000    
 k3_pp169             1.1676783E-05    1.000000        0.000000    
 k3_pp170             1.0639151E-05    1.000000        0.000000    
 k3_pp171             1.0424619E-05    1.000000        0.000000    
 k3_pp172             1.1423153E-05    1.000000        0.000000    
 k3_pp173             8.5086676E-06    1.000000        0.000000    
 k3_pp174             1.0417857E-05    1.000000        0.000000    
 k3_pp175             1.2616054E-05    1.000000        0.000000    
 k3_pp176             9.3512881E-06    1.000000        0.000000    
 k3_pp177             8.9666755E-06    1.000000        0.000000    
 k3_pp178             5.8943551E-06    1.000000        0.000000    
 k3_pp179             8.5388492E-06    1.000000        0.000000    
 k3_pp180             8.2795077E-06    1.000000        0.000000    
 k3_pp181             5.5995511E-06    1.000000        0.000000    
 k3_pp182             6.8975378E-06    1.000000        0.000000    
 k3_pp183             6.0896273E-06    1.000000        0.000000    
 k3_pp184             7.5588732E-06    1.000000        0.000000    
 k3_pp185             7.4812856E-06    1.000000        0.000000    
 k3_pp186             1.4255177E-05    1.000000        0.000000    
 k3_pp187             1.4711805E-05    1.000000        0.000000    
 k3_pp188             1.4319462E-05    1.000000        0.000000    
 k3_pp189             1.7529235E-05    1.000000        0.000000    
 k3_pp190             1.6855709E-05    1.000000        0.000000    
 k3_pp191             1.9659477E-05    1.000000        0.000000    
 k3_pp192             1.1328379E-05    1.000000        0.000000    
 k3_pp193             5.8272590E-06    1.000000        0.000000    
 k3_pp194             5.0965505E-06    1.000000        0.000000    
 k3_pp195             2.7764145E-06    1.000000        0.000000    
 k3_pp196             5.4670604E-06    1.000000        0.000000    
 k3_pp197             5.4037305E-06    1.000000        0.000000    
 k3_pp198             5.4372490E-06    1.000000        0.000000    
 k3_pp199             5.1772417E-06    1.000000        0.000000    
 k3_pp200             7.2815383E-06    1.000000        0.000000    
 k3_pp201             8.2221095E-06    1.000000        0.000000    
 k3_pp202             1.0792157E-05    1.000000        0.000000    
 k3_pp203             1.4806994E-05    1.000000        0.000000    
 k3_pp204             1.8622444E-05    1.000000        0.000000    
 k3_pp205             2.1289761E-05    1.000000        0.000000    
 k3_pp206             1.4699937E-05    1.000000        0.000000    
 k3_pp207             1.2584608E-05    1.000000        0.000000    
 k3_pp208             1.3692048E-05    1.000000        0.000000    
 k3_pp209             5.8016590E-06    1.000000        0.000000    
 k3_pp210             8.3044533E-06    1.000000        0.000000    
 k3_pp211             4.9320665E-06    1.000000        0.000000    
 k3_pp212             5.6446183E-06    1.000000        0.000000    
 k3_pp213             5.6517688E-06    1.000000        0.000000    
 k3_pp214             1.1437209E-05    1.000000        0.000000    
 k3_pp215             3.7184350E-06    1.000000        0.000000    
 k3_pp216             4.6363207E-06    1.000000        0.000000    
 k3_pp217             7.4951390E-06    1.000000        0.000000    
 k3_pp218             8.2059214E-06    1.000000        0.000000    
 k3_pp219             1.2146194E-05    1.000000        0.000000    
 k3_pp220             7.0514593E-06    1.000000        0.000000    
 k3_pp221             1.1108581E-05    1.000000        0.000000    
 k3_pp222             1.2262949E-05    1.000000        0.000000    
 k3_pp223             1.3558203E-05    1.000000        0.000000    
 k3_pp224             1.0157902E-05    1.000000        0.000000    
 k3_pp225             6.8983027E-06    1.000000        0.000000    
 k3_pp226             5.8695946E-06    1.000000        0.000000    
 k3_pp227             5.0588133E-06    1.000000        0.000000    
 k3_pp228             7.4867417E-06    1.000000        0.000000    
 k3_pp229             4.3934442E-06    1.000000        0.000000    
 k3_pp230             6.6629505E-06    1.000000        0.000000    
 k3_pp231             6.6175221E-06    1.000000        0.000000    
 k3_pp232             7.5297739E-06    1.000000        0.000000    
 k3_pp233             4.5501001E-06    1.000000        0.000000    
 k3_pp234             6.3594293E-06    1.000000        0.000000    
 k3_pp235             7.9169195E-06    1.000000        0.000000    
 k3_pp236             4.8085167E-06    1.000000        0.000000    
 k3_pp237             6.6518983E-06    1.000000        0.000000    
 k3_pp238             1.1885526E-05    1.000000        0.000000    
 k3_pp239             7.7295554E-06    1.000000        0.000000    
 k3_pp240             7.2071139E-06    1.000000        0.000000    
 k3_pp241             8.0799682E-06    1.000000        0.000000    
 k3_pp242             4.4229682E-06    1.000000        0.000000    
 k3_pp243             3.9566335E-06    1.000000        0.000000    
 k3_pp244             4.9607092E-06    1.000000        0.000000    
 k3_pp245             5.0733029E-06    1.000000        0.000000    
 k3_pp246             5.4510510E-06    1.000000        0.000000    
 k3_pp247             8.6202845E-06    1.000000        0.000000    
 k3_pp248             5.1319262E-06    1.000000        0.000000    
 k3_pp249             5.9604631E-06    1.000000        0.000000    
 k3_pp250             4.8399424E-06    1.000000        0.000000    
 k3_pp251             7.4425334E-06    1.000000        0.000000    
 k3_pp252             6.5422441E-06    1.000000        0.000000    
 k3_pp253             6.6695816E-06    1.000000        0.000000    
 k3_pp254             8.4708408E-06    1.000000        0.000000    
 k3_pp255             1.2520713E-05    1.000000        0.000000    
 k3_pp256             9.9498729E-06    1.000000        0.000000    
 k3_pp257             7.0080973E-06    1.000000        0.000000    
 k3_pp258             3.0786337E-06    1.000000        0.000000    
 k3_pp259             2.8211773E-06    1.000000        0.000000    
 k3_pp260             5.0710642E-06    1.000000        0.000000    
 k3_pp261             4.3982368E-06    1.000000        0.000000    
 k3_pp262             6.1388077E-06    1.000000        0.000000    
 k3_pp263             8.8834895E-06    1.000000        0.000000    
 k3_pp264             6.5068270E-06    1.000000        0.000000    
 k3_pp265             6.5255790E-06    1.000000        0.000000    
 k3_pp266             7.7229133E-06    1.000000        0.000000    
 k3_pp267             6.2119802E-06    1.000000        0.000000    
 k3_pp268             6.0033644E-06    1.000000        0.000000    
 k3_pp269             5.1118277E-06    1.000000        0.000000    
 k3_pp270             8.9039177E-06    1.000000        0.000000    
 k3_pp271             1.4242740E-05    1.000000        0.000000    
 k3_pp272             9.8770879E-06    1.000000        0.000000    
 k3_pp273             2.8459137E-06    1.000000        0.000000    
 k3_pp274             2.7454732E-06    1.000000        0.000000    
 k3_pp275             4.3936561E-06    1.000000        0.000000    
 k3_pp276             6.4782134E-06    1.000000        0.000000    
 k3_pp277             4.3606587E-06    1.000000        0.000000    
 k3_pp278             7.1441177E-06    1.000000        0.000000    
 k3_pp279             5.2218852E-06    1.000000        0.000000    
 k3_pp280             4.6939385E-06    1.000000        0.000000    
 k3_pp281             8.7124681E-06    1.000000        0.000000    
 k3_pp282             6.2964205E-06    1.000000        0.000000    
 k3_pp283             4.8404472E-06    1.000000        0.000000    
 k3_pp284             3.6722065E-06    1.000000        0.000000    
 k3_pp285             5.5799851E-06    1.000000        0.000000    
 k3_pp286             6.7313417E-06    1.000000        0.000000    
 k3_pp287             8.1063245E-06    1.000000        0.000000    
 k3_pp288             7.6862761E-06    1.000000        0.000000    
 k3_pp289             3.2792227E-06    1.000000        0.000000    
 k3_pp290             4.4898929E-06    1.000000        0.000000    
 k3_pp291             5.2923615E-06    1.000000        0.000000    
 k3_pp292             5.2247583E-06    1.000000        0.000000    
 k3_pp293             3.3946508E-06    1.000000        0.000000    
 k3_pp294             6.8465474E-06    1.000000        0.000000    
 k3_pp295             1.1336578E-05    1.000000        0.000000    
 k3_pp296             4.8966222E-06    1.000000        0.000000    
 k3_pp297             6.8378408E-06    1.000000        0.000000    
 k3_pp298             6.7736009E-06    1.000000        0.000000    
 k3_pp299             3.3702993E-06    1.000000        0.000000    
 k3_pp300             5.0651433E-06    1.000000        0.000000    
 k3_pp301             3.0816673E-06    1.000000        0.000000    
 k3_pp302             6.8551753E-06    1.000000        0.000000    
 k3_pp303             1.0595017E-05    1.000000        0.000000    
 k3_pp304             7.7418708E-06    1.000000        0.000000    
 k3_pp305             5.1781003E-06    1.000000        0.000000    
 k3_pp306             5.8524256E-06    1.000000        0.000000    
 k3_pp307             5.5814680E-06    1.000000        0.000000    
 k3_pp308             9.8841283E-06    1.000000        0.000000    
 k3_pp309             7.0998508E-06    1.000000        0.000000    
 k3_pp310             4.8058405E-06    1.000000        0.000000    
 k3_pp311             8.0642103E-06    1.000000        0.000000    
 k3_pp312             6.1138057E-06    1.000000        0.000000    
 k3_pp313             9.5302867E-06    1.000000        0.000000    
 k3_pp314             7.1766813E-06    1.000000        0.000000    
 k3_pp315             3.5199341E-06    1.000000        0.000000    
 k3_pp316             8.0945038E-06    1.000000        0.000000    
 k3_pp317             4.7501962E-06    1.000000        0.000000    
 k3_pp318             6.0592547E-06    1.000000        0.000000    
 k3_pp319             1.3187153E-05    1.000000        0.000000    
 k3_pp320             1.0327170E-05    1.000000        0.000000    
 k3_pp321             7.0593296E-06    1.000000        0.000000    
 k3_pp322             1.0585169E-05    1.000000        0.000000    
 k3_pp323             9.0610511E-06    1.000000        0.000000    
 k3_pp324             7.1892759E-06    1.000000        0.000000    
 k3_pp325             5.1362445E-06    1.000000        0.000000    
 k3_pp326             8.9418218E-06    1.000000        0.000000    
 k3_pp327             1.7264425E-05    1.000000        0.000000    
 k3_pp328             7.8124021E-06    1.000000        0.000000    
 k3_pp329             7.4873910E-06    1.000000        0.000000    
 k3_pp330             6.5322242E-06    1.000000        0.000000    
 k3_pp331             7.1400400E-06    1.000000        0.000000    
 k3_pp332             6.9372977E-06    1.000000        0.000000    
 k3_pp333             3.7923835E-06    1.000000        0.000000    
 k3_pp334             2.6255047E-06    1.000000        0.000000    
 k3_pp335             1.1768630E-05    1.000000        0.000000    
 k3_pp336             8.5494312E-06    1.000000        0.000000    
 k4_pp1               6.3722096E-02    1.000000        0.000000    
 k4_pp2               6.3212685E-02    1.000000        0.000000    
 k4_pp3               0.1218531        1.000000        0.000000    
 k4_pp4               0.1824681        1.000000        0.000000    
 k4_pp5               0.2260412        1.000000        0.000000    
 k4_pp6               0.2160222        1.000000        0.000000    
 k4_pp7               0.1157740        1.000000        0.000000    
 k4_pp8               9.2091255E-02    1.000000        0.000000    
 k4_pp9               8.3621092E-02    1.000000        0.000000    
 k4_pp10              5.1923931E-02    1.000000        0.000000    
 k4_pp11              5.6701869E-02    1.000000        0.000000    
 k4_pp12              5.1376574E-02    1.000000        0.000000    
 k4_pp13              5.7722185E-02    1.000000        0.000000    
 k4_pp14              4.9399871E-02    1.000000        0.000000    
 k4_pp15              3.3600409E-02    1.000000        0.000000    
 k4_pp16              4.2905565E-02    1.000000        0.000000    
 k4_pp17              0.1052921        1.000000        0.000000    
 k4_pp18              6.4907223E-02    1.000000        0.000000    
 k4_pp19              7.9578362E-02    1.000000        0.000000    
 k4_pp20              6.5384850E-02    1.000000        0.000000    
 k4_pp21              7.9910658E-02    1.000000        0.000000    
 k4_pp22              0.1009095        1.000000        0.000000    
 k4_pp23              5.3526316E-02    1.000000        0.000000    
 k4_pp24              8.7026253E-02    1.000000        0.000000    
 k4_pp25              7.7085830E-02    1.000000        0.000000    
 k4_pp26              4.5106009E-02    1.000000        0.000000    
 k4_pp27              3.1573936E-02    1.000000        0.000000    
 k4_pp28              2.0187363E-02    1.000000        0.000000    
 k4_pp29              2.7406974E-02    1.000000        0.000000    
 k4_pp30              4.2227924E-02    1.000000        0.000000    
 k4_pp31              3.4879021E-02    1.000000        0.000000    
 k4_pp32              2.7364338E-02    1.000000        0.000000    
 k4_pp33              4.8797656E-02    1.000000        0.000000    
 k4_pp34              6.2923744E-02    1.000000        0.000000    
 k4_pp35              4.6758749E-02    1.000000        0.000000    
 k4_pp36              6.4719871E-02    1.000000        0.000000    
 k4_pp37              7.0614129E-02    1.000000        0.000000    
 k4_pp38              0.1086571        1.000000        0.000000    
 k4_pp39              9.2448823E-02    1.000000        0.000000    
 k4_pp40              0.1080357        1.000000        0.000000    
 k4_pp41              3.9966885E-02    1.000000        0.000000    
 k4_pp42              2.8709300E-02    1.000000        0.000000    
 k4_pp43              3.3255871E-02    1.000000        0.000000    
 k4_pp44              3.9486319E-02    1.000000        0.000000    
 k4_pp45              2.5828894E-02    1.000000        0.000000    
 k4_pp46              2.8546810E-02    1.000000        0.000000    
 k4_pp47              3.7878145E-02    1.000000        0.000000    
 k4_pp48              3.8316436E-02    1.000000        0.000000    
 k4_pp49              5.0514799E-02    1.000000        0.000000    
 k4_pp50              3.8722400E-02    1.000000        0.000000    
 k4_pp51              3.1895887E-02    1.000000        0.000000    
 k4_pp52              4.4541307E-02    1.000000        0.000000    
 k4_pp53              7.3607452E-02    1.000000        0.000000    
 k4_pp54              8.7794609E-02    1.000000        0.000000    
 k4_pp55              7.4987881E-02    1.000000        0.000000    
 k4_pp56              4.5529176E-02    1.000000        0.000000    
 k4_pp57              5.7744753E-02    1.000000        0.000000    
 k4_pp58              3.5036106E-02    1.000000        0.000000    
 k4_pp59              2.9273830E-02    1.000000        0.000000    
 k4_pp60              2.2326674E-02    1.000000        0.000000    
 k4_pp61              4.6749379E-02    1.000000        0.000000    
 k4_pp62              3.2787465E-02    1.000000        0.000000    
 k4_pp63              1.7900059E-02    1.000000        0.000000    
 k4_pp64              3.2442849E-02    1.000000        0.000000    
 k4_pp65              4.9147978E-02    1.000000        0.000000    
 k4_pp66              5.1101990E-02    1.000000        0.000000    
 k4_pp67              4.6256732E-02    1.000000        0.000000    
 k4_pp68              0.1123848        1.000000        0.000000    
 k4_pp69              0.1069807        1.000000        0.000000    
 k4_pp70              8.8617362E-02    1.000000        0.000000    
 k4_pp71              5.5394635E-02    1.000000        0.000000    
 k4_pp72              2.7691163E-02    1.000000        0.000000    
 k4_pp73              3.6445115E-02    1.000000        0.000000    
 k4_pp74              4.3295752E-02    1.000000        0.000000    
 k4_pp75              3.6466837E-02    1.000000        0.000000    
 k4_pp76              3.9833609E-02    1.000000        0.000000    
 k4_pp77              3.3739388E-02    1.000000        0.000000    
 k4_pp78              2.7804917E-02    1.000000        0.000000    
 k4_pp79              2.1870749E-02    1.000000        0.000000    
 k4_pp80              4.1250542E-02    1.000000        0.000000    
 k4_pp81              8.8329852E-02    1.000000        0.000000    
 k4_pp82              5.1353913E-02    1.000000        0.000000    
 k4_pp83              8.1580773E-02    1.000000        0.000000    
 k4_pp84              7.8096345E-02    1.000000        0.000000    
 k4_pp85              8.6722195E-02    1.000000        0.000000    
 k4_pp86              7.3510796E-02    1.000000        0.000000    
 k4_pp87              2.4813805E-02    1.000000        0.000000    
 k4_pp88              2.5136555E-02    1.000000        0.000000    
 k4_pp89              3.5761289E-02    1.000000        0.000000    
 k4_pp90              3.6178164E-02    1.000000        0.000000    
 k4_pp91              3.8096279E-02    1.000000        0.000000    
 k4_pp92              2.3994492E-02    1.000000        0.000000    
 k4_pp93              1.9109614E-02    1.000000        0.000000    
 k4_pp94              2.2040335E-02    1.000000        0.000000    
 k4_pp95              3.9207574E-02    1.000000        0.000000    
 k4_pp96              5.8155015E-02    1.000000        0.000000    
 k4_pp97              7.4781343E-02    1.000000        0.000000    
 k4_pp98              6.4511716E-02    1.000000        0.000000    
 k4_pp99              8.3336271E-02    1.000000        0.000000    
 k4_pp100             5.9122376E-02    1.000000        0.000000    
 k4_pp101             7.6442815E-02    1.000000        0.000000    
 k4_pp102             7.1170777E-02    1.000000        0.000000    
 k4_pp103             4.8301850E-02    1.000000        0.000000    
 k4_pp104             1.6217284E-02    1.000000        0.000000    
 k4_pp105             2.5908215E-02    1.000000        0.000000    
 k4_pp106             1.8772531E-02    1.000000        0.000000    
 k4_pp107             1.8117808E-02    1.000000        0.000000    
 k4_pp108             3.1343948E-02    1.000000        0.000000    
 k4_pp109             3.0167431E-02    1.000000        0.000000    
 k4_pp110             1.9590402E-02    1.000000        0.000000    
 k4_pp111             2.8319728E-02    1.000000        0.000000    
 k4_pp112             4.7121745E-02    1.000000        0.000000    
 k4_pp113             5.5864036E-02    1.000000        0.000000    
 k4_pp114             8.0468640E-02    1.000000        0.000000    
 k4_pp115             0.1243554        1.000000        0.000000    
 k4_pp116             0.1413840        1.000000        0.000000    
 k4_pp117             8.4708601E-02    1.000000        0.000000    
 k4_pp118             0.1021828        1.000000        0.000000    
 k4_pp119             8.1000917E-02    1.000000        0.000000    
 k4_pp120             4.5891520E-02    1.000000        0.000000    
 k4_pp121             1.7073702E-02    1.000000        0.000000    
 k4_pp122             2.1366470E-02    1.000000        0.000000    
 k4_pp123             2.0038109E-02    1.000000        0.000000    
 k4_pp124             1.9560440E-02    1.000000        0.000000    
 k4_pp125             2.9952522E-02    1.000000        0.000000    
 k4_pp126             3.4678262E-02    1.000000        0.000000    
 k4_pp127             2.8473694E-02    1.000000        0.000000    
 k4_pp128             4.2094339E-02    1.000000        0.000000    
 k4_pp129             4.7256231E-02    1.000000        0.000000    
 k4_pp130             7.4045777E-02    1.000000        0.000000    
 k4_pp131             9.0289466E-02    1.000000        0.000000    
 k4_pp132             0.1508809        1.000000        0.000000    
 k4_pp133             0.1284222        1.000000        0.000000    
 k4_pp134             9.5378861E-02    1.000000        0.000000    
 k4_pp135             9.9079184E-02    1.000000        0.000000    
 k4_pp136             7.0395522E-02    1.000000        0.000000    
 k4_pp137             2.6135990E-02    1.000000        0.000000    
 k4_pp138             2.1511961E-02    1.000000        0.000000    
 k4_pp139             2.3694374E-02    1.000000        0.000000    
 k4_pp140             2.2968229E-02    1.000000        0.000000    
 k4_pp141             2.9820053E-02    1.000000        0.000000    
 k4_pp142             2.7673323E-02    1.000000        0.000000    
 k4_pp143             2.3159524E-02    1.000000        0.000000    
 k4_pp144             3.2730538E-02    1.000000        0.000000    
 k4_pp145             5.3820189E-02    1.000000        0.000000    
 k4_pp146             7.2658576E-02    1.000000        0.000000    
 k4_pp147             6.9898389E-02    1.000000        0.000000    
 k4_pp148             8.4720992E-02    1.000000        0.000000    
 k4_pp149             5.8205448E-02    1.000000        0.000000    
 k4_pp150             4.9141746E-02    1.000000        0.000000    
 k4_pp151             9.9577874E-02    1.000000        0.000000    
 k4_pp152             6.4631999E-02    1.000000        0.000000    
 k4_pp153             4.5274075E-02    1.000000        0.000000    
 k4_pp154             2.4003571E-02    1.000000        0.000000    
 k4_pp155             3.4219798E-02    1.000000        0.000000    
 k4_pp156             2.8233636E-02    1.000000        0.000000    
 k4_pp157             5.1843807E-02    1.000000        0.000000    
 k4_pp158             3.9570961E-02    1.000000        0.000000    
 k4_pp159             3.4308970E-02    1.000000        0.000000    
 k4_pp160             2.3116319E-02    1.000000        0.000000    
 k4_pp161             5.3033698E-02    1.000000        0.000000    
 k4_pp162             5.4339040E-02    1.000000        0.000000    
 k4_pp163             8.6365744E-02    1.000000        0.000000    
 k4_pp164             0.1142875        1.000000        0.000000    
 k4_pp165             6.5828845E-02    1.000000        0.000000    
 k4_pp166             6.4317189E-02    1.000000        0.000000    
 k4_pp167             4.7210675E-02    1.000000        0.000000    
 k4_pp168             9.6437357E-02    1.000000        0.000000    
 k4_pp169             6.9169223E-02    1.000000        0.000000    
 k4_pp170             4.5233194E-02    1.000000        0.000000    
 k4_pp171             3.9215785E-02    1.000000        0.000000    
 k4_pp172             5.8324274E-02    1.000000        0.000000    
 k4_pp173             3.8220678E-02    1.000000        0.000000    
 k4_pp174             3.3597909E-02    1.000000        0.000000    
 k4_pp175             3.1748679E-02    1.000000        0.000000    
 k4_pp176             1.9033555E-02    1.000000        0.000000    
 k4_pp177             6.8330936E-02    1.000000        0.000000    
 k4_pp178             9.4492011E-02    1.000000        0.000000    
 k4_pp179             7.7072188E-02    1.000000        0.000000    
 k4_pp180             9.7529307E-02    1.000000        0.000000    
 k4_pp181             7.6665640E-02    1.000000        0.000000    
 k4_pp182             0.1062249        1.000000        0.000000    
 k4_pp183             4.2352468E-02    1.000000        0.000000    
 k4_pp184             5.9262872E-02    1.000000        0.000000    
 k4_pp185             7.0898876E-02    1.000000        0.000000    
 k4_pp186             6.4969309E-02    1.000000        0.000000    
 k4_pp187             3.9947450E-02    1.000000        0.000000    
 k4_pp188             3.9209444E-02    1.000000        0.000000    
 k4_pp189             4.3170542E-02    1.000000        0.000000    
 k4_pp190             4.3743748E-02    1.000000        0.000000    
 k4_pp191             4.1883469E-02    1.000000        0.000000    
 k4_pp192             3.9661638E-02    1.000000        0.000000    
 k4_pp193             5.7314377E-02    1.000000        0.000000    
 k4_pp194             6.8305492E-02    1.000000        0.000000    
 k4_pp195             6.4142056E-02    1.000000        0.000000    
 k4_pp196             0.1028766        1.000000        0.000000    
 k4_pp197             0.1494421        1.000000        0.000000    
 k4_pp198             0.1040639        1.000000        0.000000    
 k4_pp199             3.6606953E-02    1.000000        0.000000    
 k4_pp200             4.7685631E-02    1.000000        0.000000    
 k4_pp201             5.1303420E-02    1.000000        0.000000    
 k4_pp202             5.2781630E-02    1.000000        0.000000    
 k4_pp203             4.6633530E-02    1.000000        0.000000    
 k4_pp204             3.8080271E-02    1.000000        0.000000    
 k4_pp205             4.9486555E-02    1.000000        0.000000    
 k4_pp206             2.7212776E-02    1.000000        0.000000    
 k4_pp207             2.8837310E-02    1.000000        0.000000    
 k4_pp208             4.1993774E-02    1.000000        0.000000    
 k4_pp209             0.1280296        1.000000        0.000000    
 k4_pp210             7.1115807E-02    1.000000        0.000000    
 k4_pp211             7.0685804E-02    1.000000        0.000000    
 k4_pp212             0.1046985        1.000000        0.000000    
 k4_pp213             0.1101430        1.000000        0.000000    
 k4_pp214             5.6264102E-02    1.000000        0.000000    
 k4_pp215             6.8023726E-02    1.000000        0.000000    
 k4_pp216             3.9144807E-02    1.000000        0.000000    
 k4_pp217             4.8679780E-02    1.000000        0.000000    
 k4_pp218             4.4296734E-02    1.000000        0.000000    
 k4_pp219             3.9330237E-02    1.000000        0.000000    
 k4_pp220             7.1545713E-02    1.000000        0.000000    
 k4_pp221             6.1026644E-02    1.000000        0.000000    
 k4_pp222             4.4535756E-02    1.000000        0.000000    
 k4_pp223             3.5689555E-02    1.000000        0.000000    
 k4_pp224             4.2263549E-02    1.000000        0.000000    
 k4_pp225             8.6133875E-02    1.000000        0.000000    
 k4_pp226             0.1010905        1.000000        0.000000    
 k4_pp227             7.3221952E-02    1.000000        0.000000    
 k4_pp228             9.0485990E-02    1.000000        0.000000    
 k4_pp229             9.2235424E-02    1.000000        0.000000    
 k4_pp230             4.6831232E-02    1.000000        0.000000    
 k4_pp231             6.2558420E-02    1.000000        0.000000    
 k4_pp232             3.8778052E-02    1.000000        0.000000    
 k4_pp233             6.2202368E-02    1.000000        0.000000    
 k4_pp234             7.2004266E-02    1.000000        0.000000    
 k4_pp235             8.3246857E-02    1.000000        0.000000    
 k4_pp236             7.0824750E-02    1.000000        0.000000    
 k4_pp237             6.5630957E-02    1.000000        0.000000    
 k4_pp238             4.8808813E-02    1.000000        0.000000    
 k4_pp239             4.9403317E-02    1.000000        0.000000    
 k4_pp240             4.2102728E-02    1.000000        0.000000    
 k4_pp241             0.1724667        1.000000        0.000000    
 k4_pp242             9.7569712E-02    1.000000        0.000000    
 k4_pp243             8.9547023E-02    1.000000        0.000000    
 k4_pp244             4.9703795E-02    1.000000        0.000000    
 k4_pp245             6.1672054E-02    1.000000        0.000000    
 k4_pp246             4.8931006E-02    1.000000        0.000000    
 k4_pp247             3.4868997E-02    1.000000        0.000000    
 k4_pp248             3.8452826E-02    1.000000        0.000000    
 k4_pp249             5.2120887E-02    1.000000        0.000000    
 k4_pp250             5.3639729E-02    1.000000        0.000000    
 k4_pp251             7.2756626E-02    1.000000        0.000000    
 k4_pp252             7.6734506E-02    1.000000        0.000000    
 k4_pp253             5.0945617E-02    1.000000        0.000000    
 k4_pp254             6.2367946E-02    1.000000        0.000000    
 k4_pp255             7.3715769E-02    1.000000        0.000000    
 k4_pp256             5.1197294E-02    1.000000        0.000000    
 k4_pp257             0.1376657        1.000000        0.000000    
 k4_pp258             0.1128262        1.000000        0.000000    
 k4_pp259             0.1622525        1.000000        0.000000    
 k4_pp260             8.5614316E-02    1.000000        0.000000    
 k4_pp261             6.5152340E-02    1.000000        0.000000    
 k4_pp262             5.6493957E-02    1.000000        0.000000    
 k4_pp263             5.6290392E-02    1.000000        0.000000    
 k4_pp264             5.2798729E-02    1.000000        0.000000    
 k4_pp265             4.5647029E-02    1.000000        0.000000    
 k4_pp266             4.8093680E-02    1.000000        0.000000    
 k4_pp267             8.0127887E-02    1.000000        0.000000    
 k4_pp268             4.8700027E-02    1.000000        0.000000    
 k4_pp269             3.7117492E-02    1.000000        0.000000    
 k4_pp270             5.8448225E-02    1.000000        0.000000    
 k4_pp271             5.0230850E-02    1.000000        0.000000    
 k4_pp272             6.7828476E-02    1.000000        0.000000    
 k4_pp273             0.1333091        1.000000        0.000000    
 k4_pp274             0.1680481        1.000000        0.000000    
 k4_pp275             0.1518039        1.000000        0.000000    
 k4_pp276             7.5683445E-02    1.000000        0.000000    
 k4_pp277             6.3673563E-02    1.000000        0.000000    
 k4_pp278             6.1337933E-02    1.000000        0.000000    
 k4_pp279             4.0549722E-02    1.000000        0.000000    
 k4_pp280             4.9728498E-02    1.000000        0.000000    
 k4_pp281             7.2606482E-02    1.000000        0.000000    
 k4_pp282             4.3343697E-02    1.000000        0.000000    
 k4_pp283             5.4068565E-02    1.000000        0.000000    
 k4_pp284             5.6467727E-02    1.000000        0.000000    
 k4_pp285             9.3653500E-02    1.000000        0.000000    
 k4_pp286             0.1177408        1.000000        0.000000    
 k4_pp287             5.0765850E-02    1.000000        0.000000    
 k4_pp288             4.9867824E-02    1.000000        0.000000    
 k4_pp289             0.1393687        1.000000        0.000000    
 k4_pp290             0.1274501        1.000000        0.000000    
 k4_pp291             7.0183024E-02    1.000000        0.000000    
 k4_pp292             6.6117033E-02    1.000000        0.000000    
 k4_pp293             6.9939420E-02    1.000000        0.000000    
 k4_pp294             5.4364074E-02    1.000000        0.000000    
 k4_pp295             2.4624825E-02    1.000000        0.000000    
 k4_pp296             3.2731723E-02    1.000000        0.000000    
 k4_pp297             4.3069370E-02    1.000000        0.000000    
 k4_pp298             3.5379443E-02    1.000000        0.000000    
 k4_pp299             2.9566305E-02    1.000000        0.000000    
 k4_pp300             2.5080990E-02    1.000000        0.000000    
 k4_pp301             6.8007894E-02    1.000000        0.000000    
 k4_pp302             7.0690289E-02    1.000000        0.000000    
 k4_pp303             6.6276908E-02    1.000000        0.000000    
 k4_pp304             6.5019242E-02    1.000000        0.000000    
 k4_pp305             5.0319918E-02    1.000000        0.000000    
 k4_pp306             7.1649089E-02    1.000000        0.000000    
 k4_pp307             9.0710849E-02    1.000000        0.000000    
 k4_pp308             5.2935414E-02    1.000000        0.000000    
 k4_pp309             4.9073394E-02    1.000000        0.000000    
 k4_pp310             3.2913994E-02    1.000000        0.000000    
 k4_pp311             3.2714836E-02    1.000000        0.000000    
 k4_pp312             3.5019793E-02    1.000000        0.000000    
 k4_pp313             3.0983772E-02    1.000000        0.000000    
 k4_pp314             3.2633554E-02    1.000000        0.000000    
 k4_pp315             3.4926627E-02    1.000000        0.000000    
 k4_pp316             2.8849557E-02    1.000000        0.000000    
 k4_pp317             3.7689265E-02    1.000000        0.000000    
 k4_pp318             7.0887782E-02    1.000000        0.000000    
 k4_pp319             7.2588071E-02    1.000000        0.000000    
 k4_pp320             7.3061317E-02    1.000000        0.000000    
 k4_pp321             3.7943006E-02    1.000000        0.000000    
 k4_pp322             7.4064031E-02    1.000000        0.000000    
 k4_pp323             8.8082895E-02    1.000000        0.000000    
 k4_pp324             5.7018891E-02    1.000000        0.000000    
 k4_pp325             8.7396704E-02    1.000000        0.000000    
 k4_pp326             4.0409688E-02    1.000000        0.000000    
 k4_pp327             5.3057577E-02    1.000000        0.000000    
 k4_pp328             3.2459989E-02    1.000000        0.000000    
 k4_pp329             3.7185054E-02    1.000000        0.000000    
 k4_pp330             5.0371822E-02    1.000000        0.000000    
 k4_pp331             6.2940724E-02    1.000000        0.000000    
 k4_pp332             2.7099935E-02    1.000000        0.000000    
 k4_pp333             2.8706068E-02    1.000000        0.000000    
 k4_pp334             6.0051262E-02    1.000000        0.000000    
 k4_pp335             5.4961450E-02    1.000000        0.000000    
 k4_pp336             7.7554829E-02    1.000000        0.000000    
