 single point
 pos_hg               0.4646311        1.000000        0.000000    
 pos1_h               0.7343271        1.000000        0.000000    
 pos2_h               0.4158523        1.000000        0.000000    
 pos3_h               0.5306248        1.000000        0.000000    
 pos4_h               0.2147364        1.000000        0.000000    
 pos5_h                0.000000        1.000000        0.000000    
 pos6_h               0.2587698        1.000000        0.000000    
 pos1_f1              0.5306211        1.000000        0.000000    
 pos2_f1              0.4325451        1.000000        0.000000    
 pos3_f1              0.2754928        1.000000        0.000000    
 pos4_f1               1.000000        1.000000        0.000000    
 pos5_f1               0.000000        1.000000        0.000000    
 pos1_f2              0.5086395        1.000000        0.000000    
 pos2_f2              0.1774481        1.000000        0.000000    
 pos3_f2              0.9380283        1.000000        0.000000    
 pos4_f2              0.5203101        1.000000        0.000000    
 k1_h                 3.6362037E-02    1.000000        0.000000    
 k2_h                 7.2294794E-02    1.000000        0.000000    
 k3_h                 5.5712435E-02    1.000000        0.000000    
 k4_h                 4.6809278E-02    1.000000        0.000000    
 k5_h                 3.2839417E-02    1.000000        0.000000    
 k6_h                 6.9519207E-02    1.000000        0.000000    
 k1_f1                0.1269229        1.000000        0.000000    
 k2_f1                0.1502070        1.000000        0.000000    
 k3_f1                0.1968989        1.000000        0.000000    
 k4_f1                0.1507771        1.000000        0.000000    
 k5_f1                0.2345536        1.000000        0.000000    
 k1_f2                5.7593342E-02    1.000000        0.000000    
 k2_f2                3.0327763E-02    1.000000        0.000000    
 k3_f2                1.8612893E-02    1.000000        0.000000    
 k4_f2                3.5279483E-02    1.000000        0.000000    
 k1_pp1               0.9214242        1.000000        0.000000    
 k1_pp2               0.6865459        1.000000        0.000000    
 k1_pp3                1.301924        1.000000        0.000000    
 k1_pp4               0.9654810        1.000000        0.000000    
 k1_pp5                1.544765        1.000000        0.000000    
 k1_pp6                1.761381        1.000000        0.000000    
 k1_pp7                1.572940        1.000000        0.000000    
 k1_pp8                1.669662        1.000000        0.000000    
 k1_pp9                1.667912        1.000000        0.000000    
 k1_pp10               1.561049        1.000000        0.000000    
 k1_pp11              0.7836897        1.000000        0.000000    
 k1_pp12              0.6557242        1.000000        0.000000    
 k1_pp13              0.4365007        1.000000        0.000000    
 k1_pp14              0.4367875        1.000000        0.000000    
 k1_pp15              0.3032252        1.000000        0.000000    
 k1_pp16              0.3827491        1.000000        0.000000    
 k1_pp17              0.9718192        1.000000        0.000000    
 k1_pp18              0.7257453        1.000000        0.000000    
 k1_pp19              0.5423880        1.000000        0.000000    
 k1_pp20              0.9258051        1.000000        0.000000    
 k1_pp21               1.130812        1.000000        0.000000    
 k1_pp22               1.154514        1.000000        0.000000    
 k1_pp23               1.033864        1.000000        0.000000    
 k1_pp24               1.379755        1.000000        0.000000    
 k1_pp25               1.371183        1.000000        0.000000    
 k1_pp26               1.655144        1.000000        0.000000    
 k1_pp27              0.8400128        1.000000        0.000000    
 k1_pp28              0.3411214        1.000000        0.000000    
 k1_pp29              0.3536143        1.000000        0.000000    
 k1_pp30              0.3184575        1.000000        0.000000    
 k1_pp31              0.2263315        1.000000        0.000000    
 k1_pp32              0.2710945        1.000000        0.000000    
 k1_pp33               1.603728        1.000000        0.000000    
 k1_pp34              0.7429522        1.000000        0.000000    
 k1_pp35              0.7838018        1.000000        0.000000    
 k1_pp36               1.058074        1.000000        0.000000    
 k1_pp37              0.9342301        1.000000        0.000000    
 k1_pp38              0.6670417        1.000000        0.000000    
 k1_pp39              0.9617035        1.000000        0.000000    
 k1_pp40               1.259948        1.000000        0.000000    
 k1_pp41               1.601123        1.000000        0.000000    
 k1_pp42               1.073447        1.000000        0.000000    
 k1_pp43              0.6512794        1.000000        0.000000    
 k1_pp44              0.5582951        1.000000        0.000000    
 k1_pp45              0.4680685        1.000000        0.000000    
 k1_pp46              0.3424566        1.000000        0.000000    
 k1_pp47              0.2927256        1.000000        0.000000    
 k1_pp48              0.3021957        1.000000        0.000000    
 k1_pp49               1.256508        1.000000        0.000000    
 k1_pp50              0.8697662        1.000000        0.000000    
 k1_pp51              0.9183127        1.000000        0.000000    
 k1_pp52              0.9851931        1.000000        0.000000    
 k1_pp53              0.8098054        1.000000        0.000000    
 k1_pp54              0.7824039        1.000000        0.000000    
 k1_pp55              0.6086040        1.000000        0.000000    
 k1_pp56              0.5102423        1.000000        0.000000    
 k1_pp57              0.8256290        1.000000        0.000000    
 k1_pp58              0.9363568        1.000000        0.000000    
 k1_pp59              0.7744348        1.000000        0.000000    
 k1_pp60              0.9022452        1.000000        0.000000    
 k1_pp61              0.5985804        1.000000        0.000000    
 k1_pp62              0.4149469        1.000000        0.000000    
 k1_pp63              0.2766264        1.000000        0.000000    
 k1_pp64              0.3464907        1.000000        0.000000    
 k1_pp65              0.7998297        1.000000        0.000000    
 k1_pp66              0.9676916        1.000000        0.000000    
 k1_pp67               1.653056        1.000000        0.000000    
 k1_pp68               1.290014        1.000000        0.000000    
 k1_pp69               1.941980        1.000000        0.000000    
 k1_pp70               1.499330        1.000000        0.000000    
 k1_pp71              0.6550127        1.000000        0.000000    
 k1_pp72              0.6056784        1.000000        0.000000    
 k1_pp73              0.4080087        1.000000        0.000000    
 k1_pp74               1.312654        1.000000        0.000000    
 k1_pp75              0.8551376        1.000000        0.000000    
 k1_pp76              0.6330976        1.000000        0.000000    
 k1_pp77              0.4414728        1.000000        0.000000    
 k1_pp78              0.3820786        1.000000        0.000000    
 k1_pp79              0.2743052        1.000000        0.000000    
 k1_pp80              0.3820017        1.000000        0.000000    
 k1_pp81              0.8998625        1.000000        0.000000    
 k1_pp82               1.357309        1.000000        0.000000    
 k1_pp83               1.538888        1.000000        0.000000    
 k1_pp84               1.678346        1.000000        0.000000    
 k1_pp85               1.862188        1.000000        0.000000    
 k1_pp86               1.547365        1.000000        0.000000    
 k1_pp87               1.273959        1.000000        0.000000    
 k1_pp88              0.8159599        1.000000        0.000000    
 k1_pp89              0.5109001        1.000000        0.000000    
 k1_pp90              0.9029247        1.000000        0.000000    
 k1_pp91              0.8516527        1.000000        0.000000    
 k1_pp92              0.6456646        1.000000        0.000000    
 k1_pp93              0.3455548        1.000000        0.000000    
 k1_pp94              0.3613468        1.000000        0.000000    
 k1_pp95              0.4185334        1.000000        0.000000    
 k1_pp96              0.3696449        1.000000        0.000000    
 k1_pp97               1.240998        1.000000        0.000000    
 k1_pp98               1.000686        1.000000        0.000000    
 k1_pp99               2.729115        1.000000        0.000000    
 k1_pp100              1.745658        1.000000        0.000000    
 k1_pp101              2.322346        1.000000        0.000000    
 k1_pp102              1.936552        1.000000        0.000000    
 k1_pp103             0.8693603        1.000000        0.000000    
 k1_pp104             0.9513747        1.000000        0.000000    
 k1_pp105             0.6655712        1.000000        0.000000    
 k1_pp106             0.6408885        1.000000        0.000000    
 k1_pp107             0.8920704        1.000000        0.000000    
 k1_pp108             0.5099480        1.000000        0.000000    
 k1_pp109             0.3644602        1.000000        0.000000    
 k1_pp110             0.5172151        1.000000        0.000000    
 k1_pp111             0.7096940        1.000000        0.000000    
 k1_pp112             0.4819451        1.000000        0.000000    
 k1_pp113              1.138113        1.000000        0.000000    
 k1_pp114              1.762597        1.000000        0.000000    
 k1_pp115              2.768207        1.000000        0.000000    
 k1_pp116              2.612986        1.000000        0.000000    
 k1_pp117              2.313195        1.000000        0.000000    
 k1_pp118              1.169804        1.000000        0.000000    
 k1_pp119              1.376531        1.000000        0.000000    
 k1_pp120              1.043470        1.000000        0.000000    
 k1_pp121             0.8223212        1.000000        0.000000    
 k1_pp122             0.9412423        1.000000        0.000000    
 k1_pp123              2.032404        1.000000        0.000000    
 k1_pp124             0.5905977        1.000000        0.000000    
 k1_pp125             0.3256329        1.000000        0.000000    
 k1_pp126             0.4826902        1.000000        0.000000    
 k1_pp127             0.9280340        1.000000        0.000000    
 k1_pp128              1.126154        1.000000        0.000000    
 k1_pp129             0.5668586        1.000000        0.000000    
 k1_pp130              1.364578        1.000000        0.000000    
 k1_pp131              2.892051        1.000000        0.000000    
 k1_pp132              2.258172        1.000000        0.000000    
 k1_pp133              1.874589        1.000000        0.000000    
 k1_pp134              1.150394        1.000000        0.000000    
 k1_pp135             0.9951534        1.000000        0.000000    
 k1_pp136             0.8595676        1.000000        0.000000    
 k1_pp137             0.9638939        1.000000        0.000000    
 k1_pp138              1.217681        1.000000        0.000000    
 k1_pp139             0.9751663        1.000000        0.000000    
 k1_pp140             0.6585179        1.000000        0.000000    
 k1_pp141             0.8629153        1.000000        0.000000    
 k1_pp142             0.6152061        1.000000        0.000000    
 k1_pp143             0.7790430        1.000000        0.000000    
 k1_pp144              1.107942        1.000000        0.000000    
 k1_pp145             0.3286544        1.000000        0.000000    
 k1_pp146              1.211993        1.000000        0.000000    
 k1_pp147              1.910084        1.000000        0.000000    
 k1_pp148              2.125468        1.000000        0.000000    
 k1_pp149              1.209718        1.000000        0.000000    
 k1_pp150             0.8022164        1.000000        0.000000    
 k1_pp151             0.7849270        1.000000        0.000000    
 k1_pp152             0.7328539        1.000000        0.000000    
 k1_pp153             0.8268521        1.000000        0.000000    
 k1_pp154              1.304155        1.000000        0.000000    
 k1_pp155             0.9926197        1.000000        0.000000    
 k1_pp156             0.7331504        1.000000        0.000000    
 k1_pp157             0.7519627        1.000000        0.000000    
 k1_pp158             0.7108625        1.000000        0.000000    
 k1_pp159             0.8744097        1.000000        0.000000    
 k1_pp160             0.7801122        1.000000        0.000000    
 k1_pp161             0.5008317        1.000000        0.000000    
 k1_pp162             0.4154903        1.000000        0.000000    
 k1_pp163              1.058232        1.000000        0.000000    
 k1_pp164             0.9941474        1.000000        0.000000    
 k1_pp165             0.7836170        1.000000        0.000000    
 k1_pp166             0.7428433        1.000000        0.000000    
 k1_pp167             0.8152919        1.000000        0.000000    
 k1_pp168             0.7061231        1.000000        0.000000    
 k1_pp169              2.098114        1.000000        0.000000    
 k1_pp170              1.610974        1.000000        0.000000    
 k1_pp171              1.266720        1.000000        0.000000    
 k1_pp172             0.6621417        1.000000        0.000000    
 k1_pp173              1.116492        1.000000        0.000000    
 k1_pp174             0.9758936        1.000000        0.000000    
 k1_pp175              1.129539        1.000000        0.000000    
 k1_pp176              1.371367        1.000000        0.000000    
 k1_pp177             0.3985212        1.000000        0.000000    
 k1_pp178             0.4968014        1.000000        0.000000    
 k1_pp179             0.8269742        1.000000        0.000000    
 k1_pp180             0.9240587        1.000000        0.000000    
 k1_pp181             0.4749702        1.000000        0.000000    
 k1_pp182             0.7034229        1.000000        0.000000    
 k1_pp183             0.9087806        1.000000        0.000000    
 k1_pp184              1.649137        1.000000        0.000000    
 k1_pp185              1.863956        1.000000        0.000000    
 k1_pp186              2.150450        1.000000        0.000000    
 k1_pp187              1.159182        1.000000        0.000000    
 k1_pp188              1.202732        1.000000        0.000000    
 k1_pp189              1.007246        1.000000        0.000000    
 k1_pp190             0.8323818        1.000000        0.000000    
 k1_pp191              1.001880        1.000000        0.000000    
 k1_pp192             0.5992246        1.000000        0.000000    
 k1_pp193             0.4975762        1.000000        0.000000    
 k1_pp194             0.6204479        1.000000        0.000000    
 k1_pp195             0.8019664        1.000000        0.000000    
 k1_pp196             0.7104427        1.000000        0.000000    
 k1_pp197             0.9662562        1.000000        0.000000    
 k1_pp198             0.5468209        1.000000        0.000000    
 k1_pp199             0.5765262        1.000000        0.000000    
 k1_pp200             0.6403251        1.000000        0.000000    
 k1_pp201             0.9603548        1.000000        0.000000    
 k1_pp202              1.724076        1.000000        0.000000    
 k1_pp203              1.834621        1.000000        0.000000    
 k1_pp204              1.222419        1.000000        0.000000    
 k1_pp205              1.655273        1.000000        0.000000    
 k1_pp206              2.226343        1.000000        0.000000    
 k1_pp207              1.336967        1.000000        0.000000    
 k1_pp208             0.5911955        1.000000        0.000000    
 k1_pp209             0.6546083        1.000000        0.000000    
 k1_pp210             0.6331199        1.000000        0.000000    
 k1_pp211             0.6616030        1.000000        0.000000    
 k1_pp212             0.7450317        1.000000        0.000000    
 k1_pp213              1.190321        1.000000        0.000000    
 k1_pp214             0.6142964        1.000000        0.000000    
 k1_pp215             0.4255450        1.000000        0.000000    
 k1_pp216             0.6337398        1.000000        0.000000    
 k1_pp217              1.032807        1.000000        0.000000    
 k1_pp218              1.165352        1.000000        0.000000    
 k1_pp219              1.515064        1.000000        0.000000    
 k1_pp220              1.419781        1.000000        0.000000    
 k1_pp221              1.759789        1.000000        0.000000    
 k1_pp222              2.332057        1.000000        0.000000    
 k1_pp223              1.871621        1.000000        0.000000    
 k1_pp224              1.036052        1.000000        0.000000    
 k1_pp225             0.7518814        1.000000        0.000000    
 k1_pp226             0.7722682        1.000000        0.000000    
 k1_pp227             0.7129452        1.000000        0.000000    
 k1_pp228             0.7212536        1.000000        0.000000    
 k1_pp229              1.134324        1.000000        0.000000    
 k1_pp230             0.8113829        1.000000        0.000000    
 k1_pp231             0.9965944        1.000000        0.000000    
 k1_pp232             0.5818718        1.000000        0.000000    
 k1_pp233             0.7431244        1.000000        0.000000    
 k1_pp234              1.216295        1.000000        0.000000    
 k1_pp235              1.133503        1.000000        0.000000    
 k1_pp236              1.327633        1.000000        0.000000    
 k1_pp237              1.253212        1.000000        0.000000    
 k1_pp238              1.545752        1.000000        0.000000    
 k1_pp239             0.9780664        1.000000        0.000000    
 k1_pp240              1.640614        1.000000        0.000000    
 k1_pp241             0.5888368        1.000000        0.000000    
 k1_pp242             0.6843441        1.000000        0.000000    
 k1_pp243             0.7165977        1.000000        0.000000    
 k1_pp244             0.8704153        1.000000        0.000000    
 k1_pp245              1.088548        1.000000        0.000000    
 k1_pp246             0.7257035        1.000000        0.000000    
 k1_pp247             0.5279487        1.000000        0.000000    
 k1_pp248             0.7711177        1.000000        0.000000    
 k1_pp249             0.4513716        1.000000        0.000000    
 k1_pp250             0.6057147        1.000000        0.000000    
 k1_pp251             0.9396456        1.000000        0.000000    
 k1_pp252              1.582339        1.000000        0.000000    
 k1_pp253              1.282328        1.000000        0.000000    
 k1_pp254              1.697492        1.000000        0.000000    
 k1_pp255              1.642555        1.000000        0.000000    
 k1_pp256              1.607347        1.000000        0.000000    
 k1_pp257             0.5246525        1.000000        0.000000    
 k1_pp258             0.5129034        1.000000        0.000000    
 k1_pp259             0.7489305        1.000000        0.000000    
 k1_pp260             0.8856353        1.000000        0.000000    
 k1_pp261             0.6476107        1.000000        0.000000    
 k1_pp262             0.9347340        1.000000        0.000000    
 k1_pp263             0.3405272        1.000000        0.000000    
 k1_pp264             0.4011495        1.000000        0.000000    
 k1_pp265             0.5020130        1.000000        0.000000    
 k1_pp266             0.7529513        1.000000        0.000000    
 k1_pp267             0.8998625        1.000000        0.000000    
 k1_pp268              1.084513        1.000000        0.000000    
 k1_pp269              2.208573        1.000000        0.000000    
 k1_pp270              3.893109        1.000000        0.000000    
 k1_pp271              1.713355        1.000000        0.000000    
 k1_pp272              1.249504        1.000000        0.000000    
 k1_pp273             0.6944832        1.000000        0.000000    
 k1_pp274              1.352624        1.000000        0.000000    
 k1_pp275             0.6969810        1.000000        0.000000    
 k1_pp276             0.7111083        1.000000        0.000000    
 k1_pp277             0.6907295        1.000000        0.000000    
 k1_pp278             0.5002577        1.000000        0.000000    
 k1_pp279             0.3804105        1.000000        0.000000    
 k1_pp280             0.4759070        1.000000        0.000000    
 k1_pp281             0.5325458        1.000000        0.000000    
 k1_pp282             0.3160438        1.000000        0.000000    
 k1_pp283             0.4346585        1.000000        0.000000    
 k1_pp284             0.8541032        1.000000        0.000000    
 k1_pp285              1.014794        1.000000        0.000000    
 k1_pp286              2.219512        1.000000        0.000000    
 k1_pp287              1.799519        1.000000        0.000000    
 k1_pp288              1.355295        1.000000        0.000000    
 k1_pp289              1.633225        1.000000        0.000000    
 k1_pp290             0.7654846        1.000000        0.000000    
 k1_pp291             0.8322318        1.000000        0.000000    
 k1_pp292             0.5577304        1.000000        0.000000    
 k1_pp293             0.7870510        1.000000        0.000000    
 k1_pp294             0.6672940        1.000000        0.000000    
 k1_pp295             0.7834992        1.000000        0.000000    
 k1_pp296             0.7539067        1.000000        0.000000    
 k1_pp297             0.7719212        1.000000        0.000000    
 k1_pp298             0.2900568        1.000000        0.000000    
 k1_pp299             0.6647031        1.000000        0.000000    
 k1_pp300             0.8234594        1.000000        0.000000    
 k1_pp301              1.406857        1.000000        0.000000    
 k1_pp302              2.097918        1.000000        0.000000    
 k1_pp303              2.288984        1.000000        0.000000    
 k1_pp304              2.471711        1.000000        0.000000    
 k1_pp305              1.196107        1.000000        0.000000    
 k1_pp306             0.5937542        1.000000        0.000000    
 k1_pp307             0.6469263        1.000000        0.000000    
 k1_pp308             0.3157816        1.000000        0.000000    
 k1_pp309             0.6663895        1.000000        0.000000    
 k1_pp310             0.8832823        1.000000        0.000000    
 k1_pp311             0.9066713        1.000000        0.000000    
 k1_pp312             0.8193830        1.000000        0.000000    
 k1_pp313             0.6085263        1.000000        0.000000    
 k1_pp314             0.5651215        1.000000        0.000000    
 k1_pp315             0.7155610        1.000000        0.000000    
 k1_pp316              1.088562        1.000000        0.000000    
 k1_pp317              1.186657        1.000000        0.000000    
 k1_pp318              2.092931        1.000000        0.000000    
 k1_pp319              2.355397        1.000000        0.000000    
 k1_pp320              2.748599        1.000000        0.000000    
 k1_pp321             0.5801577        1.000000        0.000000    
 k1_pp322             0.6438061        1.000000        0.000000    
 k1_pp323             0.4009947        1.000000        0.000000    
 k1_pp324             0.2491297        1.000000        0.000000    
 k1_pp325             0.8402078        1.000000        0.000000    
 k1_pp326             0.6332030        1.000000        0.000000    
 k1_pp327             0.6641797        1.000000        0.000000    
 k1_pp328             0.6460153        1.000000        0.000000    
 k1_pp329             0.3769415        1.000000        0.000000    
 k1_pp330             0.5032370        1.000000        0.000000    
 k1_pp331             0.8428044        1.000000        0.000000    
 k1_pp332              1.034628        1.000000        0.000000    
 k1_pp333              1.686105        1.000000        0.000000    
 k1_pp334              1.357242        1.000000        0.000000    
 k1_pp335              1.271278        1.000000        0.000000    
 k1_pp336              2.212060        1.000000        0.000000    
 k2_pp1               7.6823421E-02    1.000000        0.000000    
 k2_pp2               0.1453546        1.000000        0.000000    
 k2_pp3               0.1342258        1.000000        0.000000    
 k2_pp4               0.1173986        1.000000        0.000000    
 k2_pp5               0.1844709        1.000000        0.000000    
 k2_pp6               0.2358256        1.000000        0.000000    
 k2_pp7               0.1414652        1.000000        0.000000    
 k2_pp8               0.1258810        1.000000        0.000000    
 k2_pp9               0.1150365        1.000000        0.000000    
 k2_pp10              0.1489935        1.000000        0.000000    
 k2_pp11              0.2360679        1.000000        0.000000    
 k2_pp12              0.2855992        1.000000        0.000000    
 k2_pp13              0.2048239        1.000000        0.000000    
 k2_pp14              0.1553437        1.000000        0.000000    
 k2_pp15              0.1608039        1.000000        0.000000    
 k2_pp16              0.1943802        1.000000        0.000000    
 k2_pp17              4.8385970E-02    1.000000        0.000000    
 k2_pp18              5.1637024E-02    1.000000        0.000000    
 k2_pp19              9.0653926E-02    1.000000        0.000000    
 k2_pp20              9.8249033E-02    1.000000        0.000000    
 k2_pp21              0.1304123        1.000000        0.000000    
 k2_pp22              0.3220737        1.000000        0.000000    
 k2_pp23              0.2285610        1.000000        0.000000    
 k2_pp24              0.2261057        1.000000        0.000000    
 k2_pp25              0.1872741        1.000000        0.000000    
 k2_pp26              0.1099504        1.000000        0.000000    
 k2_pp27              9.4887413E-02    1.000000        0.000000    
 k2_pp28              0.1029461        1.000000        0.000000    
 k2_pp29              0.1921921        1.000000        0.000000    
 k2_pp30              0.1398965        1.000000        0.000000    
 k2_pp31              0.2597512        1.000000        0.000000    
 k2_pp32              0.2474204        1.000000        0.000000    
 k2_pp33              7.8043886E-02    1.000000        0.000000    
 k2_pp34              6.2563345E-02    1.000000        0.000000    
 k2_pp35              7.9954103E-02    1.000000        0.000000    
 k2_pp36              0.1213447        1.000000        0.000000    
 k2_pp37              0.1504818        1.000000        0.000000    
 k2_pp38              0.1668856        1.000000        0.000000    
 k2_pp39              0.1760214        1.000000        0.000000    
 k2_pp40              0.1518978        1.000000        0.000000    
 k2_pp41              0.1484951        1.000000        0.000000    
 k2_pp42              0.1380958        1.000000        0.000000    
 k2_pp43              7.1077339E-02    1.000000        0.000000    
 k2_pp44              0.1062686        1.000000        0.000000    
 k2_pp45              9.8085038E-02    1.000000        0.000000    
 k2_pp46              0.1393810        1.000000        0.000000    
 k2_pp47              0.1907037        1.000000        0.000000    
 k2_pp48              0.2083595        1.000000        0.000000    
 k2_pp49              7.5232744E-02    1.000000        0.000000    
 k2_pp50              5.9402183E-02    1.000000        0.000000    
 k2_pp51              0.1485470        1.000000        0.000000    
 k2_pp52              0.2010468        1.000000        0.000000    
 k2_pp53              0.2101288        1.000000        0.000000    
 k2_pp54              0.1370718        1.000000        0.000000    
 k2_pp55              0.1360585        1.000000        0.000000    
 k2_pp56              0.1406714        1.000000        0.000000    
 k2_pp57              0.1414730        1.000000        0.000000    
 k2_pp58              0.1277505        1.000000        0.000000    
 k2_pp59              0.1593986        1.000000        0.000000    
 k2_pp60              0.1600505        1.000000        0.000000    
 k2_pp61              0.1002690        1.000000        0.000000    
 k2_pp62              8.3367042E-02    1.000000        0.000000    
 k2_pp63              9.5288843E-02    1.000000        0.000000    
 k2_pp64              0.1987330        1.000000        0.000000    
 k2_pp65              0.1346499        1.000000        0.000000    
 k2_pp66              0.1056304        1.000000        0.000000    
 k2_pp67              0.1323778        1.000000        0.000000    
 k2_pp68              0.1819441        1.000000        0.000000    
 k2_pp69              0.2316269        1.000000        0.000000    
 k2_pp70              0.1400572        1.000000        0.000000    
 k2_pp71              0.1228190        1.000000        0.000000    
 k2_pp72              0.1651497        1.000000        0.000000    
 k2_pp73              0.1132502        1.000000        0.000000    
 k2_pp74              7.5420819E-02    1.000000        0.000000    
 k2_pp75              0.1575083        1.000000        0.000000    
 k2_pp76              0.1225455        1.000000        0.000000    
 k2_pp77              0.1977349        1.000000        0.000000    
 k2_pp78              0.1007617        1.000000        0.000000    
 k2_pp79              0.1025949        1.000000        0.000000    
 k2_pp80              6.4800896E-02    1.000000        0.000000    
 k2_pp81              9.7368225E-02    1.000000        0.000000    
 k2_pp82              0.1618831        1.000000        0.000000    
 k2_pp83              0.1355000        1.000000        0.000000    
 k2_pp84              0.1692308        1.000000        0.000000    
 k2_pp85              0.1130548        1.000000        0.000000    
 k2_pp86              0.1627415        1.000000        0.000000    
 k2_pp87              0.1452634        1.000000        0.000000    
 k2_pp88              7.9711981E-02    1.000000        0.000000    
 k2_pp89              8.6502589E-02    1.000000        0.000000    
 k2_pp90              0.1046699        1.000000        0.000000    
 k2_pp91              0.1423657        1.000000        0.000000    
 k2_pp92              0.1217953        1.000000        0.000000    
 k2_pp93              0.1418906        1.000000        0.000000    
 k2_pp94              0.1233326        1.000000        0.000000    
 k2_pp95              7.9756454E-02    1.000000        0.000000    
 k2_pp96              9.0814613E-02    1.000000        0.000000    
 k2_pp97              0.1470882        1.000000        0.000000    
 k2_pp98              0.1007081        1.000000        0.000000    
 k2_pp99              0.1133388        1.000000        0.000000    
 k2_pp100             0.1442495        1.000000        0.000000    
 k2_pp101             9.8163180E-02    1.000000        0.000000    
 k2_pp102             0.1271750        1.000000        0.000000    
 k2_pp103             0.1091548        1.000000        0.000000    
 k2_pp104             0.1150991        1.000000        0.000000    
 k2_pp105             9.5020339E-02    1.000000        0.000000    
 k2_pp106             0.1580753        1.000000        0.000000    
 k2_pp107             0.1883190        1.000000        0.000000    
 k2_pp108             9.8232776E-02    1.000000        0.000000    
 k2_pp109             0.1001223        1.000000        0.000000    
 k2_pp110             9.8589316E-02    1.000000        0.000000    
 k2_pp111             8.7553710E-02    1.000000        0.000000    
 k2_pp112             0.1329399        1.000000        0.000000    
 k2_pp113             9.2458338E-02    1.000000        0.000000    
 k2_pp114             0.1299449        1.000000        0.000000    
 k2_pp115             0.1293522        1.000000        0.000000    
 k2_pp116             9.0970673E-02    1.000000        0.000000    
 k2_pp117             0.1035226        1.000000        0.000000    
 k2_pp118             0.1139219        1.000000        0.000000    
 k2_pp119             0.1225924        1.000000        0.000000    
 k2_pp120             8.1346080E-02    1.000000        0.000000    
 k2_pp121             0.1309141        1.000000        0.000000    
 k2_pp122             0.2339365        1.000000        0.000000    
 k2_pp123             0.1679775        1.000000        0.000000    
 k2_pp124             0.1004752        1.000000        0.000000    
 k2_pp125             7.3037736E-02    1.000000        0.000000    
 k2_pp126             5.6701045E-02    1.000000        0.000000    
 k2_pp127             9.0409726E-02    1.000000        0.000000    
 k2_pp128             0.1045192        1.000000        0.000000    
 k2_pp129             0.1264285        1.000000        0.000000    
 k2_pp130             0.1622912        1.000000        0.000000    
 k2_pp131             0.1198496        1.000000        0.000000    
 k2_pp132             0.1153588        1.000000        0.000000    
 k2_pp133             0.1393282        1.000000        0.000000    
 k2_pp134             0.1019344        1.000000        0.000000    
 k2_pp135             0.1003895        1.000000        0.000000    
 k2_pp136             9.5249668E-02    1.000000        0.000000    
 k2_pp137             0.2040169        1.000000        0.000000    
 k2_pp138             0.1442168        1.000000        0.000000    
 k2_pp139             0.1378206        1.000000        0.000000    
 k2_pp140             8.4983133E-02    1.000000        0.000000    
 k2_pp141             5.5384081E-02    1.000000        0.000000    
 k2_pp142             5.0526597E-02    1.000000        0.000000    
 k2_pp143             6.3961595E-02    1.000000        0.000000    
 k2_pp144             9.1032073E-02    1.000000        0.000000    
 k2_pp145             0.1520302        1.000000        0.000000    
 k2_pp146             0.1234522        1.000000        0.000000    
 k2_pp147             0.1174383        1.000000        0.000000    
 k2_pp148             0.1362717        1.000000        0.000000    
 k2_pp149             0.1257571        1.000000        0.000000    
 k2_pp150             0.1287801        1.000000        0.000000    
 k2_pp151             0.1732347        1.000000        0.000000    
 k2_pp152             0.2496807        1.000000        0.000000    
 k2_pp153             0.1281465        1.000000        0.000000    
 k2_pp154             0.2459816        1.000000        0.000000    
 k2_pp155             0.2333298        1.000000        0.000000    
 k2_pp156             0.1058018        1.000000        0.000000    
 k2_pp157             8.7843254E-02    1.000000        0.000000    
 k2_pp158             4.9266029E-02    1.000000        0.000000    
 k2_pp159             5.5918206E-02    1.000000        0.000000    
 k2_pp160             9.4910756E-02    1.000000        0.000000    
 k2_pp161             0.1072561        1.000000        0.000000    
 k2_pp162             0.1243511        1.000000        0.000000    
 k2_pp163             9.7557180E-02    1.000000        0.000000    
 k2_pp164             0.1019550        1.000000        0.000000    
 k2_pp165             0.1223996        1.000000        0.000000    
 k2_pp166             0.1433337        1.000000        0.000000    
 k2_pp167             0.1787460        1.000000        0.000000    
 k2_pp168             0.2072043        1.000000        0.000000    
 k2_pp169             0.3108791        1.000000        0.000000    
 k2_pp170             0.2224809        1.000000        0.000000    
 k2_pp171             0.1084691        1.000000        0.000000    
 k2_pp172             0.1343786        1.000000        0.000000    
 k2_pp173             0.1094324        1.000000        0.000000    
 k2_pp174             6.4034358E-02    1.000000        0.000000    
 k2_pp175             6.4591810E-02    1.000000        0.000000    
 k2_pp176             9.2943147E-02    1.000000        0.000000    
 k2_pp177             0.1586335        1.000000        0.000000    
 k2_pp178             0.1190641        1.000000        0.000000    
 k2_pp179             0.1043631        1.000000        0.000000    
 k2_pp180             0.1135448        1.000000        0.000000    
 k2_pp181             0.1326055        1.000000        0.000000    
 k2_pp182             0.1681914        1.000000        0.000000    
 k2_pp183             0.1529634        1.000000        0.000000    
 k2_pp184             0.1563300        1.000000        0.000000    
 k2_pp185             0.1034021        1.000000        0.000000    
 k2_pp186             0.1419978        1.000000        0.000000    
 k2_pp187             0.1114335        1.000000        0.000000    
 k2_pp188             9.4989285E-02    1.000000        0.000000    
 k2_pp189             8.0605589E-02    1.000000        0.000000    
 k2_pp190             8.7425932E-02    1.000000        0.000000    
 k2_pp191             0.1194538        1.000000        0.000000    
 k2_pp192             7.6551370E-02    1.000000        0.000000    
 k2_pp193             0.1170301        1.000000        0.000000    
 k2_pp194             9.5362186E-02    1.000000        0.000000    
 k2_pp195             4.9362097E-02    1.000000        0.000000    
 k2_pp196             7.5854257E-02    1.000000        0.000000    
 k2_pp197             0.1670705        1.000000        0.000000    
 k2_pp198             0.1399094        1.000000        0.000000    
 k2_pp199             0.1086459        1.000000        0.000000    
 k2_pp200             8.3272152E-02    1.000000        0.000000    
 k2_pp201             0.1763699        1.000000        0.000000    
 k2_pp202             9.8137394E-02    1.000000        0.000000    
 k2_pp203             9.1307469E-02    1.000000        0.000000    
 k2_pp204             7.3946185E-02    1.000000        0.000000    
 k2_pp205             8.9486063E-02    1.000000        0.000000    
 k2_pp206             8.4940106E-02    1.000000        0.000000    
 k2_pp207             9.5332563E-02    1.000000        0.000000    
 k2_pp208             6.6588089E-02    1.000000        0.000000    
 k2_pp209             5.7906762E-02    1.000000        0.000000    
 k2_pp210             5.4105695E-02    1.000000        0.000000    
 k2_pp211             5.4487471E-02    1.000000        0.000000    
 k2_pp212             0.1063809        1.000000        0.000000    
 k2_pp213             0.1530061        1.000000        0.000000    
 k2_pp214             6.9464117E-02    1.000000        0.000000    
 k2_pp215             6.4636610E-02    1.000000        0.000000    
 k2_pp216             0.1296094        1.000000        0.000000    
 k2_pp217             0.1421897        1.000000        0.000000    
 k2_pp218             6.5446168E-02    1.000000        0.000000    
 k2_pp219             0.1689680        1.000000        0.000000    
 k2_pp220             0.1176769        1.000000        0.000000    
 k2_pp221             7.8805298E-02    1.000000        0.000000    
 k2_pp222             0.1154872        1.000000        0.000000    
 k2_pp223             8.5727215E-02    1.000000        0.000000    
 k2_pp224             0.1370785        1.000000        0.000000    
 k2_pp225             0.1003743        1.000000        0.000000    
 k2_pp226             6.6887200E-02    1.000000        0.000000    
 k2_pp227             5.4213520E-02    1.000000        0.000000    
 k2_pp228             0.1012758        1.000000        0.000000    
 k2_pp229             9.7681589E-02    1.000000        0.000000    
 k2_pp230             6.4204037E-02    1.000000        0.000000    
 k2_pp231             9.1135077E-02    1.000000        0.000000    
 k2_pp232             9.4846219E-02    1.000000        0.000000    
 k2_pp233             0.1383767        1.000000        0.000000    
 k2_pp234             0.1483342        1.000000        0.000000    
 k2_pp235             0.1479200        1.000000        0.000000    
 k2_pp236             6.2177733E-02    1.000000        0.000000    
 k2_pp237             6.7767270E-02    1.000000        0.000000    
 k2_pp238             7.9798430E-02    1.000000        0.000000    
 k2_pp239             0.1217509        1.000000        0.000000    
 k2_pp240             0.1467234        1.000000        0.000000    
 k2_pp241             0.2548851        1.000000        0.000000    
 k2_pp242             0.1380765        1.000000        0.000000    
 k2_pp243             0.1638139        1.000000        0.000000    
 k2_pp244             0.1769945        1.000000        0.000000    
 k2_pp245             0.1149556        1.000000        0.000000    
 k2_pp246             0.1486114        1.000000        0.000000    
 k2_pp247             0.1145753        1.000000        0.000000    
 k2_pp248             9.1835417E-02    1.000000        0.000000    
 k2_pp249             0.1402903        1.000000        0.000000    
 k2_pp250             0.3970962        1.000000        0.000000    
 k2_pp251             0.2318651        1.000000        0.000000    
 k2_pp252             0.1219486        1.000000        0.000000    
 k2_pp253             7.6282904E-02    1.000000        0.000000    
 k2_pp254             0.1088245        1.000000        0.000000    
 k2_pp255             0.1886922        1.000000        0.000000    
 k2_pp256             8.2762696E-02    1.000000        0.000000    
 k2_pp257             0.2353681        1.000000        0.000000    
 k2_pp258             0.3163024        1.000000        0.000000    
 k2_pp259             0.3435037        1.000000        0.000000    
 k2_pp260             0.2511819        1.000000        0.000000    
 k2_pp261             0.1623768        1.000000        0.000000    
 k2_pp262             0.1851810        1.000000        0.000000    
 k2_pp263             0.1483500        1.000000        0.000000    
 k2_pp264             0.1310189        1.000000        0.000000    
 k2_pp265             0.1098669        1.000000        0.000000    
 k2_pp266             0.2305797        1.000000        0.000000    
 k2_pp267             0.2257593        1.000000        0.000000    
 k2_pp268             0.1425900        1.000000        0.000000    
 k2_pp269             0.1209258        1.000000        0.000000    
 k2_pp270             0.1395958        1.000000        0.000000    
 k2_pp271             0.2074284        1.000000        0.000000    
 k2_pp272             0.1015259        1.000000        0.000000    
 k2_pp273             0.2055870        1.000000        0.000000    
 k2_pp274             0.3004167        1.000000        0.000000    
 k2_pp275             0.4737747        1.000000        0.000000    
 k2_pp276             0.4015751        1.000000        0.000000    
 k2_pp277             0.3087991        1.000000        0.000000    
 k2_pp278             0.1771235        1.000000        0.000000    
 k2_pp279             0.1758428        1.000000        0.000000    
 k2_pp280             0.1814354        1.000000        0.000000    
 k2_pp281             0.2500830        1.000000        0.000000    
 k2_pp282             0.2003068        1.000000        0.000000    
 k2_pp283             0.2158729        1.000000        0.000000    
 k2_pp284             0.1831031        1.000000        0.000000    
 k2_pp285             0.1003859        1.000000        0.000000    
 k2_pp286             0.1440086        1.000000        0.000000    
 k2_pp287             0.1059318        1.000000        0.000000    
 k2_pp288             0.1315717        1.000000        0.000000    
 k2_pp289             0.1796669        1.000000        0.000000    
 k2_pp290             0.2019805        1.000000        0.000000    
 k2_pp291             0.3356892        1.000000        0.000000    
 k2_pp292             0.2728298        1.000000        0.000000    
 k2_pp293             0.2056087        1.000000        0.000000    
 k2_pp294             0.1794788        1.000000        0.000000    
 k2_pp295             0.1033166        1.000000        0.000000    
 k2_pp296             0.1531270        1.000000        0.000000    
 k2_pp297             0.3114820        1.000000        0.000000    
 k2_pp298             0.3837982        1.000000        0.000000    
 k2_pp299             0.4078673        1.000000        0.000000    
 k2_pp300             0.1728694        1.000000        0.000000    
 k2_pp301             0.1092785        1.000000        0.000000    
 k2_pp302             0.1180488        1.000000        0.000000    
 k2_pp303             0.1310546        1.000000        0.000000    
 k2_pp304             6.4503469E-02    1.000000        0.000000    
 k2_pp305             0.1862925        1.000000        0.000000    
 k2_pp306             0.1731377        1.000000        0.000000    
 k2_pp307             0.2793430        1.000000        0.000000    
 k2_pp308             0.1231600        1.000000        0.000000    
 k2_pp309             0.1316757        1.000000        0.000000    
 k2_pp310             0.1083301        1.000000        0.000000    
 k2_pp311             0.1904714        1.000000        0.000000    
 k2_pp312             0.1719572        1.000000        0.000000    
 k2_pp313             0.3493137        1.000000        0.000000    
 k2_pp314             0.2194776        1.000000        0.000000    
 k2_pp315             0.2069383        1.000000        0.000000    
 k2_pp316             0.1824142        1.000000        0.000000    
 k2_pp317             0.1046093        1.000000        0.000000    
 k2_pp318             0.1090505        1.000000        0.000000    
 k2_pp319             8.7705463E-02    1.000000        0.000000    
 k2_pp320             9.6706733E-02    1.000000        0.000000    
 k2_pp321             0.1913201        1.000000        0.000000    
 k2_pp322             0.2287751        1.000000        0.000000    
 k2_pp323             0.1564468        1.000000        0.000000    
 k2_pp324             0.1241301        1.000000        0.000000    
 k2_pp325             0.1038346        1.000000        0.000000    
 k2_pp326             0.1045128        1.000000        0.000000    
 k2_pp327             0.1675910        1.000000        0.000000    
 k2_pp328             0.1653329        1.000000        0.000000    
 k2_pp329             0.2539292        1.000000        0.000000    
 k2_pp330             0.1529607        1.000000        0.000000    
 k2_pp331             0.2418887        1.000000        0.000000    
 k2_pp332             0.2325549        1.000000        0.000000    
 k2_pp333             0.1466453        1.000000        0.000000    
 k2_pp334             0.1648432        1.000000        0.000000    
 k2_pp335             6.8044499E-02    1.000000        0.000000    
 k2_pp336             6.3682370E-02    1.000000        0.000000    
 k3_pp1               9.7983138E-06    1.000000        0.000000    
 k3_pp2               7.1424079E-06    1.000000        0.000000    
 k3_pp3               8.7035860E-06    1.000000        0.000000    
 k3_pp4               1.0326694E-05    1.000000        0.000000    
 k3_pp5               8.8125526E-06    1.000000        0.000000    
 k3_pp6               8.0824530E-06    1.000000        0.000000    
 k3_pp7               7.4452632E-06    1.000000        0.000000    
 k3_pp8               6.0439461E-06    1.000000        0.000000    
 k3_pp9               9.8651117E-06    1.000000        0.000000    
 k3_pp10              5.5709193E-06    1.000000        0.000000    
 k3_pp11              4.0477971E-06    1.000000        0.000000    
 k3_pp12              5.7172588E-06    1.000000        0.000000    
 k3_pp13              5.5255118E-06    1.000000        0.000000    
 k3_pp14              5.3256686E-06    1.000000        0.000000    
 k3_pp15              8.1912394E-06    1.000000        0.000000    
 k3_pp16              1.3641240E-05    1.000000        0.000000    
 k3_pp17              6.9675571E-06    1.000000        0.000000    
 k3_pp18              7.7809773E-06    1.000000        0.000000    
 k3_pp19              1.0158426E-05    1.000000        0.000000    
 k3_pp20              1.3704757E-05    1.000000        0.000000    
 k3_pp21              1.7670454E-05    1.000000        0.000000    
 k3_pp22              1.1717148E-05    1.000000        0.000000    
 k3_pp23              9.2076843E-06    1.000000        0.000000    
 k3_pp24              8.3448431E-06    1.000000        0.000000    
 k3_pp25              7.6919832E-06    1.000000        0.000000    
 k3_pp26              5.6819326E-06    1.000000        0.000000    
 k3_pp27              3.9216702E-06    1.000000        0.000000    
 k3_pp28              5.8888177E-06    1.000000        0.000000    
 k3_pp29              7.3471178E-06    1.000000        0.000000    
 k3_pp30              7.5118633E-06    1.000000        0.000000    
 k3_pp31              1.0204224E-05    1.000000        0.000000    
 k3_pp32              9.3655399E-06    1.000000        0.000000    
 k3_pp33              1.2907489E-05    1.000000        0.000000    
 k3_pp34              1.2498257E-05    1.000000        0.000000    
 k3_pp35              1.6197104E-05    1.000000        0.000000    
 k3_pp36              1.4069919E-05    1.000000        0.000000    
 k3_pp37              8.3617469E-06    1.000000        0.000000    
 k3_pp38              1.1069183E-05    1.000000        0.000000    
 k3_pp39              1.0297256E-05    1.000000        0.000000    
 k3_pp40              1.2576334E-05    1.000000        0.000000    
 k3_pp41              9.8961273E-06    1.000000        0.000000    
 k3_pp42              6.7123005E-06    1.000000        0.000000    
 k3_pp43              4.5231081E-06    1.000000        0.000000    
 k3_pp44              6.9695616E-06    1.000000        0.000000    
 k3_pp45              1.0027872E-05    1.000000        0.000000    
 k3_pp46              8.1208091E-06    1.000000        0.000000    
 k3_pp47              1.3124118E-05    1.000000        0.000000    
 k3_pp48              9.0693229E-06    1.000000        0.000000    
 k3_pp49              1.7272350E-05    1.000000        0.000000    
 k3_pp50              1.1676847E-05    1.000000        0.000000    
 k3_pp51              1.6506416E-05    1.000000        0.000000    
 k3_pp52              1.2126047E-05    1.000000        0.000000    
 k3_pp53              1.2905363E-05    1.000000        0.000000    
 k3_pp54              1.6977199E-05    1.000000        0.000000    
 k3_pp55              1.8696670E-05    1.000000        0.000000    
 k3_pp56              2.0411326E-05    1.000000        0.000000    
 k3_pp57              1.4321145E-05    1.000000        0.000000    
 k3_pp58              8.3962177E-06    1.000000        0.000000    
 k3_pp59              6.8945396E-06    1.000000        0.000000    
 k3_pp60              4.6219570E-06    1.000000        0.000000    
 k3_pp61              7.1037107E-06    1.000000        0.000000    
 k3_pp62              1.4585389E-05    1.000000        0.000000    
 k3_pp63              1.1835325E-05    1.000000        0.000000    
 k3_pp64              1.2385312E-05    1.000000        0.000000    
 k3_pp65              1.2281260E-05    1.000000        0.000000    
 k3_pp66              9.9054760E-06    1.000000        0.000000    
 k3_pp67              1.3152117E-05    1.000000        0.000000    
 k3_pp68              1.7254779E-05    1.000000        0.000000    
 k3_pp69              1.4290437E-05    1.000000        0.000000    
 k3_pp70              7.6430624E-06    1.000000        0.000000    
 k3_pp71              1.7214303E-05    1.000000        0.000000    
 k3_pp72              1.7815351E-05    1.000000        0.000000    
 k3_pp73              7.8335834E-06    1.000000        0.000000    
 k3_pp74              7.1904838E-06    1.000000        0.000000    
 k3_pp75              5.8052274E-06    1.000000        0.000000    
 k3_pp76              5.8064638E-06    1.000000        0.000000    
 k3_pp77              6.5702102E-06    1.000000        0.000000    
 k3_pp78              1.0704792E-05    1.000000        0.000000    
 k3_pp79              7.8458497E-06    1.000000        0.000000    
 k3_pp80              7.1829404E-06    1.000000        0.000000    
 k3_pp81              1.5441050E-05    1.000000        0.000000    
 k3_pp82              9.0364620E-06    1.000000        0.000000    
 k3_pp83              1.0639385E-05    1.000000        0.000000    
 k3_pp84              1.3742140E-05    1.000000        0.000000    
 k3_pp85              7.4559061E-06    1.000000        0.000000    
 k3_pp86              1.2689961E-05    1.000000        0.000000    
 k3_pp87              1.1243867E-05    1.000000        0.000000    
 k3_pp88              1.1879877E-05    1.000000        0.000000    
 k3_pp89              7.0738929E-06    1.000000        0.000000    
 k3_pp90              8.5732881E-06    1.000000        0.000000    
 k3_pp91              6.6941952E-06    1.000000        0.000000    
 k3_pp92              5.9334375E-06    1.000000        0.000000    
 k3_pp93              3.9394372E-06    1.000000        0.000000    
 k3_pp94              7.5774533E-06    1.000000        0.000000    
 k3_pp95              7.9360398E-06    1.000000        0.000000    
 k3_pp96              6.9155703E-06    1.000000        0.000000    
 k3_pp97              8.0044902E-06    1.000000        0.000000    
 k3_pp98              7.6734841E-06    1.000000        0.000000    
 k3_pp99              1.4721888E-05    1.000000        0.000000    
 k3_pp100             1.6446682E-05    1.000000        0.000000    
 k3_pp101             1.1163198E-05    1.000000        0.000000    
 k3_pp102             1.1631410E-05    1.000000        0.000000    
 k3_pp103             1.6177926E-05    1.000000        0.000000    
 k3_pp104             1.1468205E-05    1.000000        0.000000    
 k3_pp105             1.5649533E-05    1.000000        0.000000    
 k3_pp106             1.3563415E-05    1.000000        0.000000    
 k3_pp107             9.7717020E-06    1.000000        0.000000    
 k3_pp108             8.2625438E-06    1.000000        0.000000    
 k3_pp109             8.8916768E-06    1.000000        0.000000    
 k3_pp110             7.1006771E-06    1.000000        0.000000    
 k3_pp111             5.2104310E-06    1.000000        0.000000    
 k3_pp112             7.8312360E-06    1.000000        0.000000    
 k3_pp113             3.9990982E-06    1.000000        0.000000    
 k3_pp114             6.0502070E-06    1.000000        0.000000    
 k3_pp115             8.0767750E-06    1.000000        0.000000    
 k3_pp116             8.4665362E-06    1.000000        0.000000    
 k3_pp117             1.1959697E-05    1.000000        0.000000    
 k3_pp118             9.4366587E-06    1.000000        0.000000    
 k3_pp119             1.2458894E-05    1.000000        0.000000    
 k3_pp120             1.2756373E-05    1.000000        0.000000    
 k3_pp121             8.7906737E-06    1.000000        0.000000    
 k3_pp122             1.0083251E-05    1.000000        0.000000    
 k3_pp123             8.7838625E-06    1.000000        0.000000    
 k3_pp124             8.4842077E-06    1.000000        0.000000    
 k3_pp125             1.1155883E-05    1.000000        0.000000    
 k3_pp126             1.0124975E-05    1.000000        0.000000    
 k3_pp127             6.3494804E-06    1.000000        0.000000    
 k3_pp128             6.9946141E-06    1.000000        0.000000    
 k3_pp129             5.2169112E-06    1.000000        0.000000    
 k3_pp130             5.4475868E-06    1.000000        0.000000    
 k3_pp131             3.5133587E-06    1.000000        0.000000    
 k3_pp132             7.7156410E-06    1.000000        0.000000    
 k3_pp133             6.1558435E-06    1.000000        0.000000    
 k3_pp134             8.1385188E-06    1.000000        0.000000    
 k3_pp135             7.1592176E-06    1.000000        0.000000    
 k3_pp136             7.8464873E-06    1.000000        0.000000    
 k3_pp137             5.6078879E-06    1.000000        0.000000    
 k3_pp138             8.3932409E-06    1.000000        0.000000    
 k3_pp139             4.0528489E-06    1.000000        0.000000    
 k3_pp140             6.5128238E-06    1.000000        0.000000    
 k3_pp141             8.8046709E-06    1.000000        0.000000    
 k3_pp142             1.0791019E-05    1.000000        0.000000    
 k3_pp143             1.0409076E-05    1.000000        0.000000    
 k3_pp144             1.0190543E-05    1.000000        0.000000    
 k3_pp145             5.6313838E-06    1.000000        0.000000    
 k3_pp146             4.6605942E-06    1.000000        0.000000    
 k3_pp147             3.3754579E-06    1.000000        0.000000    
 k3_pp148             3.1881209E-06    1.000000        0.000000    
 k3_pp149             3.8380890E-06    1.000000        0.000000    
 k3_pp150             6.1768724E-06    1.000000        0.000000    
 k3_pp151             6.1544852E-06    1.000000        0.000000    
 k3_pp152             5.9358549E-06    1.000000        0.000000    
 k3_pp153             4.2052625E-06    1.000000        0.000000    
 k3_pp154             5.2652713E-06    1.000000        0.000000    
 k3_pp155             6.3747252E-06    1.000000        0.000000    
 k3_pp156             6.4550600E-06    1.000000        0.000000    
 k3_pp157             8.2962151E-06    1.000000        0.000000    
 k3_pp158             1.0254260E-05    1.000000        0.000000    
 k3_pp159             7.2087205E-06    1.000000        0.000000    
 k3_pp160             7.5259968E-06    1.000000        0.000000    
 k3_pp161             5.3457397E-06    1.000000        0.000000    
 k3_pp162             2.7437918E-06    1.000000        0.000000    
 k3_pp163             2.9588064E-06    1.000000        0.000000    
 k3_pp164             2.5818983E-06    1.000000        0.000000    
 k3_pp165             4.0327368E-06    1.000000        0.000000    
 k3_pp166             5.7769830E-06    1.000000        0.000000    
 k3_pp167             5.0377171E-06    1.000000        0.000000    
 k3_pp168             6.9081411E-06    1.000000        0.000000    
 k3_pp169             4.7585800E-06    1.000000        0.000000    
 k3_pp170             4.7323929E-06    1.000000        0.000000    
 k3_pp171             6.4961409E-06    1.000000        0.000000    
 k3_pp172             5.6204503E-06    1.000000        0.000000    
 k3_pp173             8.4911781E-06    1.000000        0.000000    
 k3_pp174             1.2253621E-05    1.000000        0.000000    
 k3_pp175             1.0780030E-05    1.000000        0.000000    
 k3_pp176             1.2975736E-05    1.000000        0.000000    
 k3_pp177             1.0665665E-05    1.000000        0.000000    
 k3_pp178             5.1446254E-06    1.000000        0.000000    
 k3_pp179             2.2822096E-06    1.000000        0.000000    
 k3_pp180             6.2039576E-06    1.000000        0.000000    
 k3_pp181             5.0794283E-06    1.000000        0.000000    
 k3_pp182             3.8188455E-06    1.000000        0.000000    
 k3_pp183             6.1278379E-06    1.000000        0.000000    
 k3_pp184             8.2796350E-06    1.000000        0.000000    
 k3_pp185             7.3172987E-06    1.000000        0.000000    
 k3_pp186             5.7024695E-06    1.000000        0.000000    
 k3_pp187             6.6184521E-06    1.000000        0.000000    
 k3_pp188             5.1857583E-06    1.000000        0.000000    
 k3_pp189             6.7337514E-06    1.000000        0.000000    
 k3_pp190             1.3497440E-05    1.000000        0.000000    
 k3_pp191             1.3908965E-05    1.000000        0.000000    
 k3_pp192             1.6558222E-05    1.000000        0.000000    
 k3_pp193             1.6681999E-05    1.000000        0.000000    
 k3_pp194             7.4445520E-06    1.000000        0.000000    
 k3_pp195             3.6014117E-06    1.000000        0.000000    
 k3_pp196             5.9163740E-06    1.000000        0.000000    
 k3_pp197             5.7867915E-06    1.000000        0.000000    
 k3_pp198             3.6656243E-06    1.000000        0.000000    
 k3_pp199             8.7547469E-06    1.000000        0.000000    
 k3_pp200             6.1352298E-06    1.000000        0.000000    
 k3_pp201             6.0419752E-06    1.000000        0.000000    
 k3_pp202             5.9994768E-06    1.000000        0.000000    
 k3_pp203             7.3844408E-06    1.000000        0.000000    
 k3_pp204             9.5848227E-06    1.000000        0.000000    
 k3_pp205             5.6800118E-06    1.000000        0.000000    
 k3_pp206             9.9625859E-06    1.000000        0.000000    
 k3_pp207             1.6206657E-05    1.000000        0.000000    
 k3_pp208             1.6507540E-05    1.000000        0.000000    
 k3_pp209             8.2175702E-06    1.000000        0.000000    
 k3_pp210             6.2542672E-06    1.000000        0.000000    
 k3_pp211             4.0016548E-06    1.000000        0.000000    
 k3_pp212             5.2218452E-06    1.000000        0.000000    
 k3_pp213             7.2348153E-06    1.000000        0.000000    
 k3_pp214             7.9681267E-06    1.000000        0.000000    
 k3_pp215             6.5081563E-06    1.000000        0.000000    
 k3_pp216             9.3382068E-06    1.000000        0.000000    
 k3_pp217             6.7086535E-06    1.000000        0.000000    
 k3_pp218             5.3812319E-06    1.000000        0.000000    
 k3_pp219             7.6662500E-06    1.000000        0.000000    
 k3_pp220             7.3612400E-06    1.000000        0.000000    
 k3_pp221             7.3559968E-06    1.000000        0.000000    
 k3_pp222             9.7865086E-06    1.000000        0.000000    
 k3_pp223             1.9163886E-05    1.000000        0.000000    
 k3_pp224             1.3981509E-05    1.000000        0.000000    
 k3_pp225             7.0114838E-06    1.000000        0.000000    
 k3_pp226             5.0698504E-06    1.000000        0.000000    
 k3_pp227             3.7075704E-06    1.000000        0.000000    
 k3_pp228             3.0891879E-06    1.000000        0.000000    
 k3_pp229             5.4925645E-06    1.000000        0.000000    
 k3_pp230             4.8494749E-06    1.000000        0.000000    
 k3_pp231             6.4838350E-06    1.000000        0.000000    
 k3_pp232             8.4261865E-06    1.000000        0.000000    
 k3_pp233             8.4590465E-06    1.000000        0.000000    
 k3_pp234             8.9221394E-06    1.000000        0.000000    
 k3_pp235             6.6691127E-06    1.000000        0.000000    
 k3_pp236             4.9183259E-06    1.000000        0.000000    
 k3_pp237             1.1150115E-05    1.000000        0.000000    
 k3_pp238             1.3005689E-05    1.000000        0.000000    
 k3_pp239             1.2055609E-05    1.000000        0.000000    
 k3_pp240             1.4454123E-05    1.000000        0.000000    
 k3_pp241             7.7695713E-06    1.000000        0.000000    
 k3_pp242             8.3307177E-06    1.000000        0.000000    
 k3_pp243             6.6390126E-06    1.000000        0.000000    
 k3_pp244             4.9548357E-06    1.000000        0.000000    
 k3_pp245             6.0578509E-06    1.000000        0.000000    
 k3_pp246             6.2548029E-06    1.000000        0.000000    
 k3_pp247             9.3939843E-06    1.000000        0.000000    
 k3_pp248             6.9119419E-06    1.000000        0.000000    
 k3_pp249             1.8619459E-05    1.000000        0.000000    
 k3_pp250             1.4416053E-05    1.000000        0.000000    
 k3_pp251             1.2664698E-05    1.000000        0.000000    
 k3_pp252             9.3045965E-06    1.000000        0.000000    
 k3_pp253             4.2435554E-06    1.000000        0.000000    
 k3_pp254             7.1654849E-06    1.000000        0.000000    
 k3_pp255             7.1360901E-06    1.000000        0.000000    
 k3_pp256             9.1498077E-06    1.000000        0.000000    
 k3_pp257             7.3711153E-06    1.000000        0.000000    
 k3_pp258             3.9547308E-06    1.000000        0.000000    
 k3_pp259             6.3046109E-06    1.000000        0.000000    
 k3_pp260             3.1918300E-06    1.000000        0.000000    
 k3_pp261             3.3257763E-06    1.000000        0.000000    
 k3_pp262             4.8617471E-06    1.000000        0.000000    
 k3_pp263             1.1216777E-05    1.000000        0.000000    
 k3_pp264             1.0741466E-05    1.000000        0.000000    
 k3_pp265             9.5344731E-06    1.000000        0.000000    
 k3_pp266             1.7431812E-05    1.000000        0.000000    
 k3_pp267             1.3619136E-05    1.000000        0.000000    
 k3_pp268             9.8867986E-06    1.000000        0.000000    
 k3_pp269             4.3045980E-06    1.000000        0.000000    
 k3_pp270             3.8099499E-06    1.000000        0.000000    
 k3_pp271             9.8017026E-06    1.000000        0.000000    
 k3_pp272             1.5094764E-05    1.000000        0.000000    
 k3_pp273             8.1817834E-06    1.000000        0.000000    
 k3_pp274             3.8000362E-06    1.000000        0.000000    
 k3_pp275             2.5475499E-06    1.000000        0.000000    
 k3_pp276             2.0892212E-06    1.000000        0.000000    
 k3_pp277             1.9541567E-06    1.000000        0.000000    
 k3_pp278             5.2282016E-06    1.000000        0.000000    
 k3_pp279             5.1569145E-06    1.000000        0.000000    
 k3_pp280             7.3747665E-06    1.000000        0.000000    
 k3_pp281             9.4949628E-06    1.000000        0.000000    
 k3_pp282             1.9259714E-05    1.000000        0.000000    
 k3_pp283             1.2655816E-05    1.000000        0.000000    
 k3_pp284             4.8209927E-06    1.000000        0.000000    
 k3_pp285             8.2676988E-06    1.000000        0.000000    
 k3_pp286             9.4523584E-06    1.000000        0.000000    
 k3_pp287             9.6144822E-06    1.000000        0.000000    
 k3_pp288             8.6912005E-06    1.000000        0.000000    
 k3_pp289             5.7340753E-06    1.000000        0.000000    
 k3_pp290             2.7712858E-06    1.000000        0.000000    
 k3_pp291             3.0181354E-06    1.000000        0.000000    
 k3_pp292             2.1401695E-06    1.000000        0.000000    
 k3_pp293             6.0180350E-06    1.000000        0.000000    
 k3_pp294             8.3706936E-06    1.000000        0.000000    
 k3_pp295             1.0394595E-05    1.000000        0.000000    
 k3_pp296             1.1903561E-05    1.000000        0.000000    
 k3_pp297             1.1228212E-05    1.000000        0.000000    
 k3_pp298             9.6795593E-06    1.000000        0.000000    
 k3_pp299             1.1260744E-05    1.000000        0.000000    
 k3_pp300             6.0752891E-06    1.000000        0.000000    
 k3_pp301             7.6401175E-06    1.000000        0.000000    
 k3_pp302             1.0887858E-05    1.000000        0.000000    
 k3_pp303             6.6648308E-06    1.000000        0.000000    
 k3_pp304             4.7468857E-06    1.000000        0.000000    
 k3_pp305             5.1881220E-06    1.000000        0.000000    
 k3_pp306             3.1121060E-06    1.000000        0.000000    
 k3_pp307             3.4140162E-06    1.000000        0.000000    
 k3_pp308             3.2632863E-06    1.000000        0.000000    
 k3_pp309             5.3648491E-06    1.000000        0.000000    
 k3_pp310             9.8821429E-06    1.000000        0.000000    
 k3_pp311             6.9892631E-06    1.000000        0.000000    
 k3_pp312             6.4963051E-06    1.000000        0.000000    
 k3_pp313             8.7472908E-06    1.000000        0.000000    
 k3_pp314             6.7983151E-06    1.000000        0.000000    
 k3_pp315             8.2534680E-06    1.000000        0.000000    
 k3_pp316             6.3072835E-06    1.000000        0.000000    
 k3_pp317             6.0137349E-06    1.000000        0.000000    
 k3_pp318             1.8462386E-05    1.000000        0.000000    
 k3_pp319             9.0918948E-06    1.000000        0.000000    
 k3_pp320             4.8645238E-06    1.000000        0.000000    
 k3_pp321             3.7513926E-06    1.000000        0.000000    
 k3_pp322             5.8706773E-06    1.000000        0.000000    
 k3_pp323             5.4532657E-06    1.000000        0.000000    
 k3_pp324             3.3618580E-06    1.000000        0.000000    
 k3_pp325             6.1966939E-06    1.000000        0.000000    
 k3_pp326             7.6915267E-06    1.000000        0.000000    
 k3_pp327             8.3700597E-06    1.000000        0.000000    
 k3_pp328             8.0476175E-06    1.000000        0.000000    
 k3_pp329             7.0369883E-06    1.000000        0.000000    
 k3_pp330             1.1717624E-05    1.000000        0.000000    
 k3_pp331             7.9011670E-06    1.000000        0.000000    
 k3_pp332             4.4286048E-06    1.000000        0.000000    
 k3_pp333             4.8662437E-06    1.000000        0.000000    
 k3_pp334             1.4708042E-05    1.000000        0.000000    
 k3_pp335             1.1297797E-05    1.000000        0.000000    
 k3_pp336             8.5906640E-06    1.000000        0.000000    
 k4_pp1               9.8063640E-02    1.000000        0.000000    
 k4_pp2               0.1620559        1.000000        0.000000    
 k4_pp3               0.2276160        1.000000        0.000000    
 k4_pp4               0.1645049        1.000000        0.000000    
 k4_pp5               9.9926159E-02    1.000000        0.000000    
 k4_pp6               4.1896407E-02    1.000000        0.000000    
 k4_pp7               4.9007703E-02    1.000000        0.000000    
 k4_pp8               4.1273464E-02    1.000000        0.000000    
 k4_pp9               4.7691885E-02    1.000000        0.000000    
 k4_pp10              6.5493502E-02    1.000000        0.000000    
 k4_pp11              5.5073459E-02    1.000000        0.000000    
 k4_pp12              3.1188756E-02    1.000000        0.000000    
 k4_pp13              4.0784597E-02    1.000000        0.000000    
 k4_pp14              6.2869430E-02    1.000000        0.000000    
 k4_pp15              3.7250955E-02    1.000000        0.000000    
 k4_pp16              3.4022320E-02    1.000000        0.000000    
 k4_pp17              8.7842509E-02    1.000000        0.000000    
 k4_pp18              0.1352918        1.000000        0.000000    
 k4_pp19              0.1612828        1.000000        0.000000    
 k4_pp20              0.1193190        1.000000        0.000000    
 k4_pp21              9.6232213E-02    1.000000        0.000000    
 k4_pp22              4.5030624E-02    1.000000        0.000000    
 k4_pp23              6.2910445E-02    1.000000        0.000000    
 k4_pp24              8.5862078E-02    1.000000        0.000000    
 k4_pp25              5.0206698E-02    1.000000        0.000000    
 k4_pp26              6.0722683E-02    1.000000        0.000000    
 k4_pp27              0.1054369        1.000000        0.000000    
 k4_pp28              6.1263140E-02    1.000000        0.000000    
 k4_pp29              7.1055435E-02    1.000000        0.000000    
 k4_pp30              5.8601767E-02    1.000000        0.000000    
 k4_pp31              4.1386332E-02    1.000000        0.000000    
 k4_pp32              6.1575927E-02    1.000000        0.000000    
 k4_pp33              9.8026261E-02    1.000000        0.000000    
 k4_pp34              0.1298240        1.000000        0.000000    
 k4_pp35              0.1475124        1.000000        0.000000    
 k4_pp36              7.2358899E-02    1.000000        0.000000    
 k4_pp37              0.1109753        1.000000        0.000000    
 k4_pp38              6.2023383E-02    1.000000        0.000000    
 k4_pp39              0.1185306        1.000000        0.000000    
 k4_pp40              0.1226058        1.000000        0.000000    
 k4_pp41              0.1179704        1.000000        0.000000    
 k4_pp42              7.7113979E-02    1.000000        0.000000    
 k4_pp43              7.9661056E-02    1.000000        0.000000    
 k4_pp44              5.8705047E-02    1.000000        0.000000    
 k4_pp45              5.6723852E-02    1.000000        0.000000    
 k4_pp46              7.8548677E-02    1.000000        0.000000    
 k4_pp47              4.7916714E-02    1.000000        0.000000    
 k4_pp48              5.8128137E-02    1.000000        0.000000    
 k4_pp49              0.1165789        1.000000        0.000000    
 k4_pp50              0.1345235        1.000000        0.000000    
 k4_pp51              9.3718894E-02    1.000000        0.000000    
 k4_pp52              0.1239238        1.000000        0.000000    
 k4_pp53              0.1132927        1.000000        0.000000    
 k4_pp54              0.1092113        1.000000        0.000000    
 k4_pp55              0.1409053        1.000000        0.000000    
 k4_pp56              8.8185199E-02    1.000000        0.000000    
 k4_pp57              0.1362626        1.000000        0.000000    
 k4_pp58              9.9484742E-02    1.000000        0.000000    
 k4_pp59              8.1623308E-02    1.000000        0.000000    
 k4_pp60              0.1015936        1.000000        0.000000    
 k4_pp61              6.8240464E-02    1.000000        0.000000    
 k4_pp62              9.3682215E-02    1.000000        0.000000    
 k4_pp63              8.2688153E-02    1.000000        0.000000    
 k4_pp64              4.9649920E-02    1.000000        0.000000    
 k4_pp65              7.0947915E-02    1.000000        0.000000    
 k4_pp66              7.0783176E-02    1.000000        0.000000    
 k4_pp67              7.4640125E-02    1.000000        0.000000    
 k4_pp68              6.9041260E-02    1.000000        0.000000    
 k4_pp69              0.1160114        1.000000        0.000000    
 k4_pp70              7.0429824E-02    1.000000        0.000000    
 k4_pp71              0.1097495        1.000000        0.000000    
 k4_pp72              7.8738101E-02    1.000000        0.000000    
 k4_pp73              0.1079606        1.000000        0.000000    
 k4_pp74              7.9032734E-02    1.000000        0.000000    
 k4_pp75              9.3130365E-02    1.000000        0.000000    
 k4_pp76              8.5906923E-02    1.000000        0.000000    
 k4_pp77              5.4265346E-02    1.000000        0.000000    
 k4_pp78              6.6045657E-02    1.000000        0.000000    
 k4_pp79              5.9265278E-02    1.000000        0.000000    
 k4_pp80              6.3682631E-02    1.000000        0.000000    
 k4_pp81              0.1167144        1.000000        0.000000    
 k4_pp82              0.1280855        1.000000        0.000000    
 k4_pp83              9.9768132E-02    1.000000        0.000000    
 k4_pp84              8.8037908E-02    1.000000        0.000000    
 k4_pp85              0.1102015        1.000000        0.000000    
 k4_pp86              0.1462193        1.000000        0.000000    
 k4_pp87              7.6963648E-02    1.000000        0.000000    
 k4_pp88              7.3442809E-02    1.000000        0.000000    
 k4_pp89              6.8600900E-02    1.000000        0.000000    
 k4_pp90              8.6900458E-02    1.000000        0.000000    
 k4_pp91              6.8792596E-02    1.000000        0.000000    
 k4_pp92              4.9610209E-02    1.000000        0.000000    
 k4_pp93              5.0110970E-02    1.000000        0.000000    
 k4_pp94              3.6644734E-02    1.000000        0.000000    
 k4_pp95              4.9052950E-02    1.000000        0.000000    
 k4_pp96              6.4446308E-02    1.000000        0.000000    
 k4_pp97              9.1588311E-02    1.000000        0.000000    
 k4_pp98              0.1023290        1.000000        0.000000    
 k4_pp99              9.7242348E-02    1.000000        0.000000    
 k4_pp100             6.6470541E-02    1.000000        0.000000    
 k4_pp101             7.9720840E-02    1.000000        0.000000    
 k4_pp102             0.1213242        1.000000        0.000000    
 k4_pp103             0.1402498        1.000000        0.000000    
 k4_pp104             9.5914759E-02    1.000000        0.000000    
 k4_pp105             7.4012794E-02    1.000000        0.000000    
 k4_pp106             6.0805075E-02    1.000000        0.000000    
 k4_pp107             5.2773446E-02    1.000000        0.000000    
 k4_pp108             5.2440457E-02    1.000000        0.000000    
 k4_pp109             4.7455892E-02    1.000000        0.000000    
 k4_pp110             4.2770345E-02    1.000000        0.000000    
 k4_pp111             3.8657553E-02    1.000000        0.000000    
 k4_pp112             4.4756822E-02    1.000000        0.000000    
 k4_pp113             0.1110673        1.000000        0.000000    
 k4_pp114             5.2007787E-02    1.000000        0.000000    
 k4_pp115             7.2419047E-02    1.000000        0.000000    
 k4_pp116             8.2287185E-02    1.000000        0.000000    
 k4_pp117             9.3236409E-02    1.000000        0.000000    
 k4_pp118             9.2491135E-02    1.000000        0.000000    
 k4_pp119             0.2105142        1.000000        0.000000    
 k4_pp120             0.2024814        1.000000        0.000000    
 k4_pp121             0.1140753        1.000000        0.000000    
 k4_pp122             5.0033864E-02    1.000000        0.000000    
 k4_pp123             5.9497155E-02    1.000000        0.000000    
 k4_pp124             7.6986998E-02    1.000000        0.000000    
 k4_pp125             9.8109841E-02    1.000000        0.000000    
 k4_pp126             6.2442873E-02    1.000000        0.000000    
 k4_pp127             3.8373135E-02    1.000000        0.000000    
 k4_pp128             4.6747774E-02    1.000000        0.000000    
 k4_pp129             9.4037727E-02    1.000000        0.000000    
 k4_pp130             6.1089374E-02    1.000000        0.000000    
 k4_pp131             8.6787201E-02    1.000000        0.000000    
 k4_pp132             9.8794252E-02    1.000000        0.000000    
 k4_pp133             0.1120563        1.000000        0.000000    
 k4_pp134             0.1229314        1.000000        0.000000    
 k4_pp135             0.1982502        1.000000        0.000000    
 k4_pp136             0.1758200        1.000000        0.000000    
 k4_pp137             7.7960424E-02    1.000000        0.000000    
 k4_pp138             7.5961664E-02    1.000000        0.000000    
 k4_pp139             0.1029837        1.000000        0.000000    
 k4_pp140             6.8739347E-02    1.000000        0.000000    
 k4_pp141             6.2553555E-02    1.000000        0.000000    
 k4_pp142             3.2331210E-02    1.000000        0.000000    
 k4_pp143             6.5285675E-02    1.000000        0.000000    
 k4_pp144             3.3707712E-02    1.000000        0.000000    
 k4_pp145             0.1281318        1.000000        0.000000    
 k4_pp146             0.1026545        1.000000        0.000000    
 k4_pp147             5.9073191E-02    1.000000        0.000000    
 k4_pp148             0.1471771        1.000000        0.000000    
 k4_pp149             0.1926757        1.000000        0.000000    
 k4_pp150             0.1396376        1.000000        0.000000    
 k4_pp151             0.2356160        1.000000        0.000000    
 k4_pp152             0.2947263        1.000000        0.000000    
 k4_pp153             9.3072124E-02    1.000000        0.000000    
 k4_pp154             9.0989999E-02    1.000000        0.000000    
 k4_pp155             9.8413520E-02    1.000000        0.000000    
 k4_pp156             4.4798929E-02    1.000000        0.000000    
 k4_pp157             6.8325557E-02    1.000000        0.000000    
 k4_pp158             6.2529676E-02    1.000000        0.000000    
 k4_pp159             4.2421114E-02    1.000000        0.000000    
 k4_pp160             3.2629933E-02    1.000000        0.000000    
 k4_pp161             0.1170939        1.000000        0.000000    
 k4_pp162             8.6076230E-02    1.000000        0.000000    
 k4_pp163             7.5028643E-02    1.000000        0.000000    
 k4_pp164             5.2922439E-02    1.000000        0.000000    
 k4_pp165             7.2414473E-02    1.000000        0.000000    
 k4_pp166             0.1848544        1.000000        0.000000    
 k4_pp167             0.2558596        1.000000        0.000000    
 k4_pp168             0.2061958        1.000000        0.000000    
 k4_pp169             0.1779400        1.000000        0.000000    
 k4_pp170             0.1144379        1.000000        0.000000    
 k4_pp171             0.1256572        1.000000        0.000000    
 k4_pp172             8.4793575E-02    1.000000        0.000000    
 k4_pp173             8.0528781E-02    1.000000        0.000000    
 k4_pp174             4.7523104E-02    1.000000        0.000000    
 k4_pp175             6.0198870E-02    1.000000        0.000000    
 k4_pp176             4.0896654E-02    1.000000        0.000000    
 k4_pp177             0.1032582        1.000000        0.000000    
 k4_pp178             9.7870670E-02    1.000000        0.000000    
 k4_pp179             7.6840229E-02    1.000000        0.000000    
 k4_pp180             5.7191547E-02    1.000000        0.000000    
 k4_pp181             9.6792936E-02    1.000000        0.000000    
 k4_pp182             0.1112513        1.000000        0.000000    
 k4_pp183             0.1229771        1.000000        0.000000    
 k4_pp184             0.1731463        1.000000        0.000000    
 k4_pp185             0.2096144        1.000000        0.000000    
 k4_pp186             0.1601404        1.000000        0.000000    
 k4_pp187             0.1758762        1.000000        0.000000    
 k4_pp188             8.9563176E-02    1.000000        0.000000    
 k4_pp189             6.3368641E-02    1.000000        0.000000    
 k4_pp190             5.4564267E-02    1.000000        0.000000    
 k4_pp191             4.1281212E-02    1.000000        0.000000    
 k4_pp192             4.4941273E-02    1.000000        0.000000    
 k4_pp193             0.1274220        1.000000        0.000000    
 k4_pp194             8.4095821E-02    1.000000        0.000000    
 k4_pp195             5.3795539E-02    1.000000        0.000000    
 k4_pp196             5.0189726E-02    1.000000        0.000000    
 k4_pp197             5.6331214E-02    1.000000        0.000000    
 k4_pp198             4.0563058E-02    1.000000        0.000000    
 k4_pp199             6.9039896E-02    1.000000        0.000000    
 k4_pp200             0.1226635        1.000000        0.000000    
 k4_pp201             0.1736083        1.000000        0.000000    
 k4_pp202             9.9083722E-02    1.000000        0.000000    
 k4_pp203             0.1654379        1.000000        0.000000    
 k4_pp204             8.3916701E-02    1.000000        0.000000    
 k4_pp205             5.8421660E-02    1.000000        0.000000    
 k4_pp206             5.7301417E-02    1.000000        0.000000    
 k4_pp207             5.3607423E-02    1.000000        0.000000    
 k4_pp208             4.1410923E-02    1.000000        0.000000    
 k4_pp209             0.1886625        1.000000        0.000000    
 k4_pp210             8.2663596E-02    1.000000        0.000000    
 k4_pp211             5.5235691E-02    1.000000        0.000000    
 k4_pp212             4.0249184E-02    1.000000        0.000000    
 k4_pp213             2.5766408E-02    1.000000        0.000000    
 k4_pp214             4.1541025E-02    1.000000        0.000000    
 k4_pp215             8.4108934E-02    1.000000        0.000000    
 k4_pp216             0.1586674        1.000000        0.000000    
 k4_pp217             0.1667583        1.000000        0.000000    
 k4_pp218             0.1640421        1.000000        0.000000    
 k4_pp219             0.2090217        1.000000        0.000000    
 k4_pp220             7.9349816E-02    1.000000        0.000000    
 k4_pp221             4.5569934E-02    1.000000        0.000000    
 k4_pp222             5.7291146E-02    1.000000        0.000000    
 k4_pp223             4.1818105E-02    1.000000        0.000000    
 k4_pp224             2.2436501E-02    1.000000        0.000000    
 k4_pp225             0.1777859        1.000000        0.000000    
 k4_pp226             0.1526798        1.000000        0.000000    
 k4_pp227             7.3841490E-02    1.000000        0.000000    
 k4_pp228             5.1727176E-02    1.000000        0.000000    
 k4_pp229             2.8993644E-02    1.000000        0.000000    
 k4_pp230             5.3129513E-02    1.000000        0.000000    
 k4_pp231             0.1482390        1.000000        0.000000    
 k4_pp232             0.1986510        1.000000        0.000000    
 k4_pp233             0.1572820        1.000000        0.000000    
 k4_pp234             0.2077231        1.000000        0.000000    
 k4_pp235             0.1480161        1.000000        0.000000    
 k4_pp236             0.1578223        1.000000        0.000000    
 k4_pp237             5.7212256E-02    1.000000        0.000000    
 k4_pp238             4.3825511E-02    1.000000        0.000000    
 k4_pp239             4.1129313E-02    1.000000        0.000000    
 k4_pp240             2.4511786E-02    1.000000        0.000000    
 k4_pp241             0.1009609        1.000000        0.000000    
 k4_pp242             0.1822737        1.000000        0.000000    
 k4_pp243             9.3628280E-02    1.000000        0.000000    
 k4_pp244             6.0962923E-02    1.000000        0.000000    
 k4_pp245             6.8001628E-02    1.000000        0.000000    
 k4_pp246             7.1791321E-02    1.000000        0.000000    
 k4_pp247             0.1124520        1.000000        0.000000    
 k4_pp248             0.2187005        1.000000        0.000000    
 k4_pp249             0.1669274        1.000000        0.000000    
 k4_pp250             0.2185555        1.000000        0.000000    
 k4_pp251             0.1704387        1.000000        0.000000    
 k4_pp252             0.1675775        1.000000        0.000000    
 k4_pp253             4.3656100E-02    1.000000        0.000000    
 k4_pp254             2.3555929E-02    1.000000        0.000000    
 k4_pp255             3.0819675E-02    1.000000        0.000000    
 k4_pp256             2.6138702E-02    1.000000        0.000000    
 k4_pp257             8.3318979E-02    1.000000        0.000000    
 k4_pp258             8.3690897E-02    1.000000        0.000000    
 k4_pp259             0.1089133        1.000000        0.000000    
 k4_pp260             7.4270479E-02    1.000000        0.000000    
 k4_pp261             9.8277465E-02    1.000000        0.000000    
 k4_pp262             9.5329314E-02    1.000000        0.000000    
 k4_pp263             0.1422200        1.000000        0.000000    
 k4_pp264             0.2340749        1.000000        0.000000    
 k4_pp265             0.1800622        1.000000        0.000000    
 k4_pp266             0.2177196        1.000000        0.000000    
 k4_pp267             0.2349132        1.000000        0.000000    
 k4_pp268             0.1859668        1.000000        0.000000    
 k4_pp269             5.0901879E-02    1.000000        0.000000    
 k4_pp270             4.9897578E-02    1.000000        0.000000    
 k4_pp271             2.8650492E-02    1.000000        0.000000    
 k4_pp272             4.5191385E-02    1.000000        0.000000    
 k4_pp273             5.1621348E-02    1.000000        0.000000    
 k4_pp274             9.2452325E-02    1.000000        0.000000    
 k4_pp275             6.3789137E-02    1.000000        0.000000    
 k4_pp276             0.1083671        1.000000        0.000000    
 k4_pp277             0.1028307        1.000000        0.000000    
 k4_pp278             0.1489742        1.000000        0.000000    
 k4_pp279             0.1332129        1.000000        0.000000    
 k4_pp280             0.1574821        1.000000        0.000000    
 k4_pp281             0.1447683        1.000000        0.000000    
 k4_pp282             0.2103575        1.000000        0.000000    
 k4_pp283             0.2480633        1.000000        0.000000    
 k4_pp284             0.1450384        1.000000        0.000000    
 k4_pp285             9.5224418E-02    1.000000        0.000000    
 k4_pp286             3.3562172E-02    1.000000        0.000000    
 k4_pp287             4.3165483E-02    1.000000        0.000000    
 k4_pp288             3.8697347E-02    1.000000        0.000000    
 k4_pp289             6.5178923E-02    1.000000        0.000000    
 k4_pp290             0.1038868        1.000000        0.000000    
 k4_pp291             5.2881837E-02    1.000000        0.000000    
 k4_pp292             5.7571799E-02    1.000000        0.000000    
 k4_pp293             8.8740632E-02    1.000000        0.000000    
 k4_pp294             0.1049862        1.000000        0.000000    
 k4_pp295             0.1107138        1.000000        0.000000    
 k4_pp296             8.0522642E-02    1.000000        0.000000    
 k4_pp297             8.9056090E-02    1.000000        0.000000    
 k4_pp298             7.8554429E-02    1.000000        0.000000    
 k4_pp299             0.1397675        1.000000        0.000000    
 k4_pp300             0.1612866        1.000000        0.000000    
 k4_pp301             6.8682030E-02    1.000000        0.000000    
 k4_pp302             5.2335959E-02    1.000000        0.000000    
 k4_pp303             5.2085493E-02    1.000000        0.000000    
 k4_pp304             3.8433138E-02    1.000000        0.000000    
 k4_pp305             3.6700532E-02    1.000000        0.000000    
 k4_pp306             4.0710084E-02    1.000000        0.000000    
 k4_pp307             4.1864183E-02    1.000000        0.000000    
 k4_pp308             3.5176702E-02    1.000000        0.000000    
 k4_pp309             7.8384034E-02    1.000000        0.000000    
 k4_pp310             0.1342687        1.000000        0.000000    
 k4_pp311             6.6737734E-02    1.000000        0.000000    
 k4_pp312             5.9914984E-02    1.000000        0.000000    
 k4_pp313             7.4440107E-02    1.000000        0.000000    
 k4_pp314             8.5198037E-02    1.000000        0.000000    
 k4_pp315             0.1106874        1.000000        0.000000    
 k4_pp316             8.8683285E-02    1.000000        0.000000    
 k4_pp317             8.4507361E-02    1.000000        0.000000    
 k4_pp318             8.4251173E-02    1.000000        0.000000    
 k4_pp319             6.8309560E-02    1.000000        0.000000    
 k4_pp320             5.7873204E-02    1.000000        0.000000    
 k4_pp321             5.8282249E-02    1.000000        0.000000    
 k4_pp322             3.6725804E-02    1.000000        0.000000    
 k4_pp323             5.3593431E-02    1.000000        0.000000    
 k4_pp324             3.5985924E-02    1.000000        0.000000    
 k4_pp325             4.7765370E-02    1.000000        0.000000    
 k4_pp326             6.3858531E-02    1.000000        0.000000    
 k4_pp327             6.4449191E-02    1.000000        0.000000    
 k4_pp328             5.5217866E-02    1.000000        0.000000    
 k4_pp329             7.6423071E-02    1.000000        0.000000    
 k4_pp330             0.1347348        1.000000        0.000000    
 k4_pp331             0.1419316        1.000000        0.000000    
 k4_pp332             8.6464845E-02    1.000000        0.000000    
 k4_pp333             5.9860274E-02    1.000000        0.000000    
 k4_pp334             3.4364946E-02    1.000000        0.000000    
 k4_pp335             5.1691819E-02    1.000000        0.000000    
 k4_pp336             4.1602772E-02    1.000000        0.000000    
