 single point
 pos_hg               0.8016849        1.000000        0.000000    
 pos1_h               0.7225773        1.000000        0.000000    
 pos2_h               0.5778700        1.000000        0.000000    
 pos3_h               0.5278239        1.000000        0.000000    
 pos4_h               0.1766696        1.000000        0.000000    
 pos5_h               0.8089360        1.000000        0.000000    
 pos6_h               9.0554833E-02    1.000000        0.000000    
 pos1_f1              0.3499642        1.000000        0.000000    
 pos2_f1               0.000000        1.000000        0.000000    
 pos3_f1              0.4769816        1.000000        0.000000    
 pos4_f1              0.6682127        1.000000        0.000000    
 pos5_f1              0.4825180        1.000000        0.000000    
 pos1_f2              0.8230008        1.000000        0.000000    
 pos2_f2              0.1387737        1.000000        0.000000    
 pos3_f2              0.3118770        1.000000        0.000000    
 pos4_f2              0.2289767        1.000000        0.000000    
 k1_h                 2.2590710E-02    1.000000        0.000000    
 k2_h                 3.4574840E-02    1.000000        0.000000    
 k3_h                 7.0778161E-02    1.000000        0.000000    
 k4_h                 3.9421644E-02    1.000000        0.000000    
 k5_h                 2.6648164E-02    1.000000        0.000000    
 k6_h                 3.9373402E-02    1.000000        0.000000    
 k1_f1                0.1860158        1.000000        0.000000    
 k2_f1                0.1210062        1.000000        0.000000    
 k3_f1                0.1765658        1.000000        0.000000    
 k4_f1                6.3739941E-02    1.000000        0.000000    
 k5_f1                2.0089058E-02    1.000000        0.000000    
 k1_f2                2.0472109E-02    1.000000        0.000000    
 k2_f2                8.6461999E-02    1.000000        0.000000    
 k3_f2                1.7187282E-02    1.000000        0.000000    
 k4_f2                4.3383226E-02    1.000000        0.000000    
 k1_pp1               0.4085968        1.000000        0.000000    
 k1_pp2               0.3340727        1.000000        0.000000    
 k1_pp3               0.5277792        1.000000        0.000000    
 k1_pp4               0.6062254        1.000000        0.000000    
 k1_pp5                1.806424        1.000000        0.000000    
 k1_pp6                1.277127        1.000000        0.000000    
 k1_pp7                1.145825        1.000000        0.000000    
 k1_pp8                1.144721        1.000000        0.000000    
 k1_pp9                1.037312        1.000000        0.000000    
 k1_pp10              0.9470558        1.000000        0.000000    
 k1_pp11               1.600047        1.000000        0.000000    
 k1_pp12               1.146474        1.000000        0.000000    
 k1_pp13               1.145059        1.000000        0.000000    
 k1_pp14              0.6517549        1.000000        0.000000    
 k1_pp15              0.5611671        1.000000        0.000000    
 k1_pp16              0.6519783        1.000000        0.000000    
 k1_pp17              0.5340517        1.000000        0.000000    
 k1_pp18              0.5390164        1.000000        0.000000    
 k1_pp19              0.3945465        1.000000        0.000000    
 k1_pp20              0.4838107        1.000000        0.000000    
 k1_pp21              0.8882794        1.000000        0.000000    
 k1_pp22              0.9659875        1.000000        0.000000    
 k1_pp23              0.8120444        1.000000        0.000000    
 k1_pp24              0.6920033        1.000000        0.000000    
 k1_pp25              0.9112074        1.000000        0.000000    
 k1_pp26               1.035333        1.000000        0.000000    
 k1_pp27               1.791276        1.000000        0.000000    
 k1_pp28               1.832689        1.000000        0.000000    
 k1_pp29               1.189348        1.000000        0.000000    
 k1_pp30              0.8300134        1.000000        0.000000    
 k1_pp31              0.6888196        1.000000        0.000000    
 k1_pp32              0.5655179        1.000000        0.000000    
 k1_pp33              0.4305525        1.000000        0.000000    
 k1_pp34              0.4104090        1.000000        0.000000    
 k1_pp35              0.4552674        1.000000        0.000000    
 k1_pp36              0.6776192        1.000000        0.000000    
 k1_pp37               1.243795        1.000000        0.000000    
 k1_pp38              0.4637291        1.000000        0.000000    
 k1_pp39              0.7915123        1.000000        0.000000    
 k1_pp40               1.034170        1.000000        0.000000    
 k1_pp41              0.8040993        1.000000        0.000000    
 k1_pp42               1.670856        1.000000        0.000000    
 k1_pp43               1.602981        1.000000        0.000000    
 k1_pp44               3.219789        1.000000        0.000000    
 k1_pp45               1.129295        1.000000        0.000000    
 k1_pp46              0.7858791        1.000000        0.000000    
 k1_pp47              0.5183744        1.000000        0.000000    
 k1_pp48              0.4464661        1.000000        0.000000    
 k1_pp49              0.3288123        1.000000        0.000000    
 k1_pp50              0.3756868        1.000000        0.000000    
 k1_pp51              0.4667037        1.000000        0.000000    
 k1_pp52               1.169519        1.000000        0.000000    
 k1_pp53               1.101675        1.000000        0.000000    
 k1_pp54               1.272323        1.000000        0.000000    
 k1_pp55               1.060548        1.000000        0.000000    
 k1_pp56              0.7235287        1.000000        0.000000    
 k1_pp57              0.9380251        1.000000        0.000000    
 k1_pp58               1.135708        1.000000        0.000000    
 k1_pp59               2.548077        1.000000        0.000000    
 k1_pp60               2.716266        1.000000        0.000000    
 k1_pp61               1.848810        1.000000        0.000000    
 k1_pp62              0.7718943        1.000000        0.000000    
 k1_pp63              0.6991923        1.000000        0.000000    
 k1_pp64              0.5166137        1.000000        0.000000    
 k1_pp65              0.3581411        1.000000        0.000000    
 k1_pp66              0.3780589        1.000000        0.000000    
 k1_pp67              0.7883322        1.000000        0.000000    
 k1_pp68               1.032513        1.000000        0.000000    
 k1_pp69               1.289745        1.000000        0.000000    
 k1_pp70              0.8579559        1.000000        0.000000    
 k1_pp71               1.216454        1.000000        0.000000    
 k1_pp72               1.059163        1.000000        0.000000    
 k1_pp73              0.8098500        1.000000        0.000000    
 k1_pp74               1.244461        1.000000        0.000000    
 k1_pp75               2.547283        1.000000        0.000000    
 k1_pp76               1.454344        1.000000        0.000000    
 k1_pp77               1.231591        1.000000        0.000000    
 k1_pp78               1.057606        1.000000        0.000000    
 k1_pp79              0.7283090        1.000000        0.000000    
 k1_pp80              0.5730948        1.000000        0.000000    
 k1_pp81              0.4483942        1.000000        0.000000    
 k1_pp82              0.6236538        1.000000        0.000000    
 k1_pp83               1.004689        1.000000        0.000000    
 k1_pp84              0.9759781        1.000000        0.000000    
 k1_pp85               1.146665        1.000000        0.000000    
 k1_pp86               1.534325        1.000000        0.000000    
 k1_pp87               1.282669        1.000000        0.000000    
 k1_pp88              0.9736143        1.000000        0.000000    
 k1_pp89               1.121549        1.000000        0.000000    
 k1_pp90               1.962276        1.000000        0.000000    
 k1_pp91               2.951627        1.000000        0.000000    
 k1_pp92               2.079267        1.000000        0.000000    
 k1_pp93               1.358412        1.000000        0.000000    
 k1_pp94              0.9754122        1.000000        0.000000    
 k1_pp95              0.6020190        1.000000        0.000000    
 k1_pp96               1.007832        1.000000        0.000000    
 k1_pp97              0.7325481        1.000000        0.000000    
 k1_pp98              0.6120628        1.000000        0.000000    
 k1_pp99              0.6244038        1.000000        0.000000    
 k1_pp100             0.9703370        1.000000        0.000000    
 k1_pp101              1.069600        1.000000        0.000000    
 k1_pp102              1.228570        1.000000        0.000000    
 k1_pp103              1.036411        1.000000        0.000000    
 k1_pp104             0.5667565        1.000000        0.000000    
 k1_pp105             0.9467310        1.000000        0.000000    
 k1_pp106              1.651979        1.000000        0.000000    
 k1_pp107              2.017744        1.000000        0.000000    
 k1_pp108              1.053907        1.000000        0.000000    
 k1_pp109             0.8087409        1.000000        0.000000    
 k1_pp110             0.6846246        1.000000        0.000000    
 k1_pp111             0.6152133        1.000000        0.000000    
 k1_pp112             0.8969035        1.000000        0.000000    
 k1_pp113             0.8430188        1.000000        0.000000    
 k1_pp114             0.8030884        1.000000        0.000000    
 k1_pp115             0.5405918        1.000000        0.000000    
 k1_pp116             0.7621024        1.000000        0.000000    
 k1_pp117             0.5956232        1.000000        0.000000    
 k1_pp118              1.259283        1.000000        0.000000    
 k1_pp119             0.9608483        1.000000        0.000000    
 k1_pp120             0.6030173        1.000000        0.000000    
 k1_pp121             0.6299629        1.000000        0.000000    
 k1_pp122             0.8258387        1.000000        0.000000    
 k1_pp123             0.8550380        1.000000        0.000000    
 k1_pp124             0.8208162        1.000000        0.000000    
 k1_pp125             0.4208443        1.000000        0.000000    
 k1_pp126             0.6517815        1.000000        0.000000    
 k1_pp127             0.6351426        1.000000        0.000000    
 k1_pp128             0.7019882        1.000000        0.000000    
 k1_pp129             0.5934663        1.000000        0.000000    
 k1_pp130             0.7236827        1.000000        0.000000    
 k1_pp131              1.011100        1.000000        0.000000    
 k1_pp132             0.8604082        1.000000        0.000000    
 k1_pp133             0.6878491        1.000000        0.000000    
 k1_pp134             0.9974219        1.000000        0.000000    
 k1_pp135             0.5416808        1.000000        0.000000    
 k1_pp136             0.5499052        1.000000        0.000000    
 k1_pp137             0.4136560        1.000000        0.000000    
 k1_pp138             0.4736907        1.000000        0.000000    
 k1_pp139             0.8738266        1.000000        0.000000    
 k1_pp140             0.5155437        1.000000        0.000000    
 k1_pp141             0.4468329        1.000000        0.000000    
 k1_pp142             0.6089616        1.000000        0.000000    
 k1_pp143             0.5747486        1.000000        0.000000    
 k1_pp144              1.351046        1.000000        0.000000    
 k1_pp145             0.4307689        1.000000        0.000000    
 k1_pp146             0.3826481        1.000000        0.000000    
 k1_pp147             0.4317042        1.000000        0.000000    
 k1_pp148             0.6568899        1.000000        0.000000    
 k1_pp149             0.6933805        1.000000        0.000000    
 k1_pp150              1.272189        1.000000        0.000000    
 k1_pp151              1.964269        1.000000        0.000000    
 k1_pp152              1.654214        1.000000        0.000000    
 k1_pp153             0.7198286        1.000000        0.000000    
 k1_pp154             0.5655594        1.000000        0.000000    
 k1_pp155             0.7901935        1.000000        0.000000    
 k1_pp156             0.8573319        1.000000        0.000000    
 k1_pp157             0.4819038        1.000000        0.000000    
 k1_pp158             0.4692369        1.000000        0.000000    
 k1_pp159             0.5113764        1.000000        0.000000    
 k1_pp160             0.8992682        1.000000        0.000000    
 k1_pp161             0.3775590        1.000000        0.000000    
 k1_pp162             0.4682234        1.000000        0.000000    
 k1_pp163             0.6057929        1.000000        0.000000    
 k1_pp164             0.6205573        1.000000        0.000000    
 k1_pp165             0.7332131        1.000000        0.000000    
 k1_pp166             0.8638692        1.000000        0.000000    
 k1_pp167             0.7853430        1.000000        0.000000    
 k1_pp168             0.9883258        1.000000        0.000000    
 k1_pp169             0.5363700        1.000000        0.000000    
 k1_pp170             0.4989509        1.000000        0.000000    
 k1_pp171             0.4145363        1.000000        0.000000    
 k1_pp172             0.6202315        1.000000        0.000000    
 k1_pp173             0.4627813        1.000000        0.000000    
 k1_pp174             0.5360382        1.000000        0.000000    
 k1_pp175             0.7354528        1.000000        0.000000    
 k1_pp176             0.3763533        1.000000        0.000000    
 k1_pp177             0.6805458        1.000000        0.000000    
 k1_pp178             0.9142743        1.000000        0.000000    
 k1_pp179             0.6280690        1.000000        0.000000    
 k1_pp180             0.5716146        1.000000        0.000000    
 k1_pp181             0.6754329        1.000000        0.000000    
 k1_pp182             0.8651319        1.000000        0.000000    
 k1_pp183              1.203908        1.000000        0.000000    
 k1_pp184             0.9106438        1.000000        0.000000    
 k1_pp185             0.4639802        1.000000        0.000000    
 k1_pp186             0.6728205        1.000000        0.000000    
 k1_pp187             0.6069149        1.000000        0.000000    
 k1_pp188             0.4917464        1.000000        0.000000    
 k1_pp189             0.6116395        1.000000        0.000000    
 k1_pp190             0.5552716        1.000000        0.000000    
 k1_pp191             0.5090901        1.000000        0.000000    
 k1_pp192             0.3585394        1.000000        0.000000    
 k1_pp193             0.4726594        1.000000        0.000000    
 k1_pp194             0.5735847        1.000000        0.000000    
 k1_pp195             0.6721312        1.000000        0.000000    
 k1_pp196             0.8117521        1.000000        0.000000    
 k1_pp197              1.235337        1.000000        0.000000    
 k1_pp198              1.328818        1.000000        0.000000    
 k1_pp199             0.7243876        1.000000        0.000000    
 k1_pp200             0.7776704        1.000000        0.000000    
 k1_pp201             0.8284401        1.000000        0.000000    
 k1_pp202             0.6313890        1.000000        0.000000    
 k1_pp203             0.5941413        1.000000        0.000000    
 k1_pp204             0.5549460        1.000000        0.000000    
 k1_pp205             0.5195611        1.000000        0.000000    
 k1_pp206             0.7571754        1.000000        0.000000    
 k1_pp207             0.5369931        1.000000        0.000000    
 k1_pp208             0.4389690        1.000000        0.000000    
 k1_pp209             0.4117426        1.000000        0.000000    
 k1_pp210             0.8150378        1.000000        0.000000    
 k1_pp211             0.7428528        1.000000        0.000000    
 k1_pp212              1.049952        1.000000        0.000000    
 k1_pp213              1.244572        1.000000        0.000000    
 k1_pp214              1.110319        1.000000        0.000000    
 k1_pp215              1.294532        1.000000        0.000000    
 k1_pp216             0.8932652        1.000000        0.000000    
 k1_pp217              1.216662        1.000000        0.000000    
 k1_pp218              1.049334        1.000000        0.000000    
 k1_pp219             0.8383158        1.000000        0.000000    
 k1_pp220             0.8327420        1.000000        0.000000    
 k1_pp221             0.6332586        1.000000        0.000000    
 k1_pp222             0.5991596        1.000000        0.000000    
 k1_pp223              1.026100        1.000000        0.000000    
 k1_pp224             0.7115029        1.000000        0.000000    
 k1_pp225             0.9068798        1.000000        0.000000    
 k1_pp226             0.7493158        1.000000        0.000000    
 k1_pp227              1.122930        1.000000        0.000000    
 k1_pp228              1.405626        1.000000        0.000000    
 k1_pp229              1.404965        1.000000        0.000000    
 k1_pp230              1.392005        1.000000        0.000000    
 k1_pp231             0.8504547        1.000000        0.000000    
 k1_pp232              1.097847        1.000000        0.000000    
 k1_pp233              1.127976        1.000000        0.000000    
 k1_pp234              2.171207        1.000000        0.000000    
 k1_pp235              1.244823        1.000000        0.000000    
 k1_pp236              1.128338        1.000000        0.000000    
 k1_pp237              1.183785        1.000000        0.000000    
 k1_pp238             0.8610151        1.000000        0.000000    
 k1_pp239              1.843121        1.000000        0.000000    
 k1_pp240              2.420202        1.000000        0.000000    
 k1_pp241             0.7501466        1.000000        0.000000    
 k1_pp242             0.5472100        1.000000        0.000000    
 k1_pp243             0.4788560        1.000000        0.000000    
 k1_pp244              1.118401        1.000000        0.000000    
 k1_pp245              1.149750        1.000000        0.000000    
 k1_pp246              2.141541        1.000000        0.000000    
 k1_pp247             0.9720916        1.000000        0.000000    
 k1_pp248             0.8237631        1.000000        0.000000    
 k1_pp249              1.601016        1.000000        0.000000    
 k1_pp250              1.716805        1.000000        0.000000    
 k1_pp251              2.077479        1.000000        0.000000    
 k1_pp252              3.113185        1.000000        0.000000    
 k1_pp253              2.158284        1.000000        0.000000    
 k1_pp254              2.703493        1.000000        0.000000    
 k1_pp255              4.348433        1.000000        0.000000    
 k1_pp256              4.390626        1.000000        0.000000    
 k1_pp257             0.9147187        1.000000        0.000000    
 k1_pp258              1.093100        1.000000        0.000000    
 k1_pp259             0.7242833        1.000000        0.000000    
 k1_pp260             0.5290942        1.000000        0.000000    
 k1_pp261              1.240722        1.000000        0.000000    
 k1_pp262              2.025398        1.000000        0.000000    
 k1_pp263              1.304475        1.000000        0.000000    
 k1_pp264              1.216201        1.000000        0.000000    
 k1_pp265              1.676102        1.000000        0.000000    
 k1_pp266              2.463087        1.000000        0.000000    
 k1_pp267              3.879607        1.000000        0.000000    
 k1_pp268              2.485432        1.000000        0.000000    
 k1_pp269              3.478363        1.000000        0.000000    
 k1_pp270              2.540733        1.000000        0.000000    
 k1_pp271              3.382086        1.000000        0.000000    
 k1_pp272              2.584171        1.000000        0.000000    
 k1_pp273             0.9663091        1.000000        0.000000    
 k1_pp274              1.012817        1.000000        0.000000    
 k1_pp275             0.5180755        1.000000        0.000000    
 k1_pp276             0.6696137        1.000000        0.000000    
 k1_pp277              1.467988        1.000000        0.000000    
 k1_pp278              2.019490        1.000000        0.000000    
 k1_pp279              1.236656        1.000000        0.000000    
 k1_pp280              1.520412        1.000000        0.000000    
 k1_pp281              1.218490        1.000000        0.000000    
 k1_pp282              1.633364        1.000000        0.000000    
 k1_pp283              3.171805        1.000000        0.000000    
 k1_pp284              3.614855        1.000000        0.000000    
 k1_pp285              3.019487        1.000000        0.000000    
 k1_pp286              2.975132        1.000000        0.000000    
 k1_pp287              3.867356        1.000000        0.000000    
 k1_pp288              5.311403        1.000000        0.000000    
 k1_pp289              1.449881        1.000000        0.000000    
 k1_pp290              1.635919        1.000000        0.000000    
 k1_pp291              1.065405        1.000000        0.000000    
 k1_pp292              1.155001        1.000000        0.000000    
 k1_pp293              1.357629        1.000000        0.000000    
 k1_pp294              2.612672        1.000000        0.000000    
 k1_pp295              1.468674        1.000000        0.000000    
 k1_pp296             0.9162412        1.000000        0.000000    
 k1_pp297             0.9750205        1.000000        0.000000    
 k1_pp298              1.366273        1.000000        0.000000    
 k1_pp299              2.175504        1.000000        0.000000    
 k1_pp300              2.855640        1.000000        0.000000    
 k1_pp301              2.586988        1.000000        0.000000    
 k1_pp302              3.732893        1.000000        0.000000    
 k1_pp303              3.034375        1.000000        0.000000    
 k1_pp304              5.501551        1.000000        0.000000    
 k1_pp305              1.569422        1.000000        0.000000    
 k1_pp306              2.276032        1.000000        0.000000    
 k1_pp307              2.251096        1.000000        0.000000    
 k1_pp308              1.758567        1.000000        0.000000    
 k1_pp309              2.056449        1.000000        0.000000    
 k1_pp310              1.384259        1.000000        0.000000    
 k1_pp311              1.339708        1.000000        0.000000    
 k1_pp312             0.6008288        1.000000        0.000000    
 k1_pp313             0.3943744        1.000000        0.000000    
 k1_pp314             0.7301365        1.000000        0.000000    
 k1_pp315              2.588673        1.000000        0.000000    
 k1_pp316              2.678654        1.000000        0.000000    
 k1_pp317              2.139149        1.000000        0.000000    
 k1_pp318              3.365126        1.000000        0.000000    
 k1_pp319              3.764994        1.000000        0.000000    
 k1_pp320              4.969976        1.000000        0.000000    
 k1_pp321              1.662470        1.000000        0.000000    
 k1_pp322              2.101652        1.000000        0.000000    
 k1_pp323              2.391811        1.000000        0.000000    
 k1_pp324              1.592716        1.000000        0.000000    
 k1_pp325              2.172929        1.000000        0.000000    
 k1_pp326              2.569301        1.000000        0.000000    
 k1_pp327              1.127313        1.000000        0.000000    
 k1_pp328             0.6542665        1.000000        0.000000    
 k1_pp329             0.5568705        1.000000        0.000000    
 k1_pp330             0.7838314        1.000000        0.000000    
 k1_pp331              1.608971        1.000000        0.000000    
 k1_pp332              2.107682        1.000000        0.000000    
 k1_pp333              3.195252        1.000000        0.000000    
 k1_pp334              4.670229        1.000000        0.000000    
 k1_pp335              3.508746        1.000000        0.000000    
 k1_pp336              6.199498        1.000000        0.000000    
 k2_pp1               7.4941643E-02    1.000000        0.000000    
 k2_pp2               6.5263778E-02    1.000000        0.000000    
 k2_pp3               7.9698369E-02    1.000000        0.000000    
 k2_pp4               8.2342967E-02    1.000000        0.000000    
 k2_pp5               0.1079439        1.000000        0.000000    
 k2_pp6               0.1336258        1.000000        0.000000    
 k2_pp7               0.1016048        1.000000        0.000000    
 k2_pp8               5.2066367E-02    1.000000        0.000000    
 k2_pp9               7.3113501E-02    1.000000        0.000000    
 k2_pp10              9.5313638E-02    1.000000        0.000000    
 k2_pp11              0.1073121        1.000000        0.000000    
 k2_pp12              8.4819324E-02    1.000000        0.000000    
 k2_pp13              8.5188374E-02    1.000000        0.000000    
 k2_pp14              0.1224705        1.000000        0.000000    
 k2_pp15              0.1565732        1.000000        0.000000    
 k2_pp16              0.1460099        1.000000        0.000000    
 k2_pp17              6.8202391E-02    1.000000        0.000000    
 k2_pp18              6.9123782E-02    1.000000        0.000000    
 k2_pp19              3.9789394E-02    1.000000        0.000000    
 k2_pp20              6.3794881E-02    1.000000        0.000000    
 k2_pp21              6.0502633E-02    1.000000        0.000000    
 k2_pp22              7.4483991E-02    1.000000        0.000000    
 k2_pp23              6.5915652E-02    1.000000        0.000000    
 k2_pp24              5.7270769E-02    1.000000        0.000000    
 k2_pp25              6.4341664E-02    1.000000        0.000000    
 k2_pp26              0.1037516        1.000000        0.000000    
 k2_pp27              9.9635132E-02    1.000000        0.000000    
 k2_pp28              9.6494846E-02    1.000000        0.000000    
 k2_pp29              9.5466316E-02    1.000000        0.000000    
 k2_pp30              0.1589961        1.000000        0.000000    
 k2_pp31              0.2207577        1.000000        0.000000    
 k2_pp32              0.2052498        1.000000        0.000000    
 k2_pp33              6.7711972E-02    1.000000        0.000000    
 k2_pp34              6.0165469E-02    1.000000        0.000000    
 k2_pp35              4.4342525E-02    1.000000        0.000000    
 k2_pp36              5.6427270E-02    1.000000        0.000000    
 k2_pp37              7.4247018E-02    1.000000        0.000000    
 k2_pp38              7.6887682E-02    1.000000        0.000000    
 k2_pp39              4.5540199E-02    1.000000        0.000000    
 k2_pp40              7.9342254E-02    1.000000        0.000000    
 k2_pp41              7.3652342E-02    1.000000        0.000000    
 k2_pp42              0.1045922        1.000000        0.000000    
 k2_pp43              6.0839668E-02    1.000000        0.000000    
 k2_pp44              6.5557100E-02    1.000000        0.000000    
 k2_pp45              8.2756497E-02    1.000000        0.000000    
 k2_pp46              7.7687934E-02    1.000000        0.000000    
 k2_pp47              0.1561528        1.000000        0.000000    
 k2_pp48              0.2119790        1.000000        0.000000    
 k2_pp49              3.9476044E-02    1.000000        0.000000    
 k2_pp50              3.6456309E-02    1.000000        0.000000    
 k2_pp51              2.7106609E-02    1.000000        0.000000    
 k2_pp52              3.6931485E-02    1.000000        0.000000    
 k2_pp53              4.2588022E-02    1.000000        0.000000    
 k2_pp54              5.9491422E-02    1.000000        0.000000    
 k2_pp55              7.5367965E-02    1.000000        0.000000    
 k2_pp56              5.2021854E-02    1.000000        0.000000    
 k2_pp57              7.8690395E-02    1.000000        0.000000    
 k2_pp58              6.4852253E-02    1.000000        0.000000    
 k2_pp59              6.2761560E-02    1.000000        0.000000    
 k2_pp60              8.1264593E-02    1.000000        0.000000    
 k2_pp61              7.4739844E-02    1.000000        0.000000    
 k2_pp62              9.1501236E-02    1.000000        0.000000    
 k2_pp63              0.1557486        1.000000        0.000000    
 k2_pp64              0.1094274        1.000000        0.000000    
 k2_pp65              3.4300756E-02    1.000000        0.000000    
 k2_pp66              3.2389473E-02    1.000000        0.000000    
 k2_pp67              3.6328048E-02    1.000000        0.000000    
 k2_pp68              4.3377474E-02    1.000000        0.000000    
 k2_pp69              3.1365372E-02    1.000000        0.000000    
 k2_pp70              4.9828745E-02    1.000000        0.000000    
 k2_pp71              6.8480492E-02    1.000000        0.000000    
 k2_pp72              5.9131075E-02    1.000000        0.000000    
 k2_pp73              5.2415490E-02    1.000000        0.000000    
 k2_pp74              3.9858785E-02    1.000000        0.000000    
 k2_pp75              4.5147344E-02    1.000000        0.000000    
 k2_pp76              4.8755132E-02    1.000000        0.000000    
 k2_pp77              6.6581294E-02    1.000000        0.000000    
 k2_pp78              9.3006589E-02    1.000000        0.000000    
 k2_pp79              0.1560278        1.000000        0.000000    
 k2_pp80              0.1206178        1.000000        0.000000    
 k2_pp81              5.4398015E-02    1.000000        0.000000    
 k2_pp82              9.4027273E-02    1.000000        0.000000    
 k2_pp83              4.5543399E-02    1.000000        0.000000    
 k2_pp84              5.6400653E-02    1.000000        0.000000    
 k2_pp85              3.4068596E-02    1.000000        0.000000    
 k2_pp86              3.9280750E-02    1.000000        0.000000    
 k2_pp87              4.7302004E-02    1.000000        0.000000    
 k2_pp88              3.7442263E-02    1.000000        0.000000    
 k2_pp89              5.4147623E-02    1.000000        0.000000    
 k2_pp90              2.9154195E-02    1.000000        0.000000    
 k2_pp91              3.9152037E-02    1.000000        0.000000    
 k2_pp92              4.2861212E-02    1.000000        0.000000    
 k2_pp93              6.2958948E-02    1.000000        0.000000    
 k2_pp94              7.5752467E-02    1.000000        0.000000    
 k2_pp95              9.6440643E-02    1.000000        0.000000    
 k2_pp96              8.5593730E-02    1.000000        0.000000    
 k2_pp97              4.0042564E-02    1.000000        0.000000    
 k2_pp98              7.5605668E-02    1.000000        0.000000    
 k2_pp99              3.7955806E-02    1.000000        0.000000    
 k2_pp100             4.3823030E-02    1.000000        0.000000    
 k2_pp101             3.7436016E-02    1.000000        0.000000    
 k2_pp102             6.5794557E-02    1.000000        0.000000    
 k2_pp103             4.3083228E-02    1.000000        0.000000    
 k2_pp104             2.8678268E-02    1.000000        0.000000    
 k2_pp105             2.8195169E-02    1.000000        0.000000    
 k2_pp106             4.0264610E-02    1.000000        0.000000    
 k2_pp107             4.3802094E-02    1.000000        0.000000    
 k2_pp108             4.1301332E-02    1.000000        0.000000    
 k2_pp109             4.9179435E-02    1.000000        0.000000    
 k2_pp110             5.5792455E-02    1.000000        0.000000    
 k2_pp111             7.2955847E-02    1.000000        0.000000    
 k2_pp112             8.3356515E-02    1.000000        0.000000    
 k2_pp113             7.5515918E-02    1.000000        0.000000    
 k2_pp114             7.1709409E-02    1.000000        0.000000    
 k2_pp115             7.3221952E-02    1.000000        0.000000    
 k2_pp116             9.2302538E-02    1.000000        0.000000    
 k2_pp117             9.3407243E-02    1.000000        0.000000    
 k2_pp118             3.6838904E-02    1.000000        0.000000    
 k2_pp119             3.7158199E-02    1.000000        0.000000    
 k2_pp120             4.4165287E-02    1.000000        0.000000    
 k2_pp121             3.2776058E-02    1.000000        0.000000    
 k2_pp122             3.3429060E-02    1.000000        0.000000    
 k2_pp123             2.9732557E-02    1.000000        0.000000    
 k2_pp124             3.4446198E-02    1.000000        0.000000    
 k2_pp125             3.2938324E-02    1.000000        0.000000    
 k2_pp126             6.0843010E-02    1.000000        0.000000    
 k2_pp127             4.8335459E-02    1.000000        0.000000    
 k2_pp128             5.7948470E-02    1.000000        0.000000    
 k2_pp129             6.2727064E-02    1.000000        0.000000    
 k2_pp130             0.1633266        1.000000        0.000000    
 k2_pp131             6.0292006E-02    1.000000        0.000000    
 k2_pp132             0.1016899        1.000000        0.000000    
 k2_pp133             6.5890871E-02    1.000000        0.000000    
 k2_pp134             4.4598754E-02    1.000000        0.000000    
 k2_pp135             6.7408010E-02    1.000000        0.000000    
 k2_pp136             6.7255959E-02    1.000000        0.000000    
 k2_pp137             7.2960012E-02    1.000000        0.000000    
 k2_pp138             3.6433201E-02    1.000000        0.000000    
 k2_pp139             2.4156015E-02    1.000000        0.000000    
 k2_pp140             2.6617080E-02    1.000000        0.000000    
 k2_pp141             3.1740770E-02    1.000000        0.000000    
 k2_pp142             3.4378417E-02    1.000000        0.000000    
 k2_pp143             3.1619236E-02    1.000000        0.000000    
 k2_pp144             3.0235708E-02    1.000000        0.000000    
 k2_pp145             7.5559191E-02    1.000000        0.000000    
 k2_pp146             0.1098698        1.000000        0.000000    
 k2_pp147             6.5624729E-02    1.000000        0.000000    
 k2_pp148             5.0424956E-02    1.000000        0.000000    
 k2_pp149             5.7159360E-02    1.000000        0.000000    
 k2_pp150             4.9695503E-02    1.000000        0.000000    
 k2_pp151             4.7353826E-02    1.000000        0.000000    
 k2_pp152             5.3619489E-02    1.000000        0.000000    
 k2_pp153             3.6174677E-02    1.000000        0.000000    
 k2_pp154             3.0376852E-02    1.000000        0.000000    
 k2_pp155             2.5630809E-02    1.000000        0.000000    
 k2_pp156             3.5556845E-02    1.000000        0.000000    
 k2_pp157             3.0456567E-02    1.000000        0.000000    
 k2_pp158             4.1558135E-02    1.000000        0.000000    
 k2_pp159             2.9040286E-02    1.000000        0.000000    
 k2_pp160             2.4721129E-02    1.000000        0.000000    
 k2_pp161             6.6841997E-02    1.000000        0.000000    
 k2_pp162             4.7671888E-02    1.000000        0.000000    
 k2_pp163             5.4483447E-02    1.000000        0.000000    
 k2_pp164             4.3282002E-02    1.000000        0.000000    
 k2_pp165             6.7178987E-02    1.000000        0.000000    
 k2_pp166             5.5468779E-02    1.000000        0.000000    
 k2_pp167             4.2418368E-02    1.000000        0.000000    
 k2_pp168             3.5050143E-02    1.000000        0.000000    
 k2_pp169             5.5495933E-02    1.000000        0.000000    
 k2_pp170             3.4374028E-02    1.000000        0.000000    
 k2_pp171             3.6467880E-02    1.000000        0.000000    
 k2_pp172             3.7628379E-02    1.000000        0.000000    
 k2_pp173             4.8627108E-02    1.000000        0.000000    
 k2_pp174             4.1671026E-02    1.000000        0.000000    
 k2_pp175             3.0355671E-02    1.000000        0.000000    
 k2_pp176             5.0558202E-02    1.000000        0.000000    
 k2_pp177             3.4489125E-02    1.000000        0.000000    
 k2_pp178             5.7118252E-02    1.000000        0.000000    
 k2_pp179             6.4609118E-02    1.000000        0.000000    
 k2_pp180             5.2301880E-02    1.000000        0.000000    
 k2_pp181             4.2875897E-02    1.000000        0.000000    
 k2_pp182             3.8401924E-02    1.000000        0.000000    
 k2_pp183             4.1611783E-02    1.000000        0.000000    
 k2_pp184             4.6929672E-02    1.000000        0.000000    
 k2_pp185             3.7765555E-02    1.000000        0.000000    
 k2_pp186             3.6426272E-02    1.000000        0.000000    
 k2_pp187             3.7215758E-02    1.000000        0.000000    
 k2_pp188             3.1342074E-02    1.000000        0.000000    
 k2_pp189             2.5647221E-02    1.000000        0.000000    
 k2_pp190             2.9269056E-02    1.000000        0.000000    
 k2_pp191             4.4124257E-02    1.000000        0.000000    
 k2_pp192             6.5063596E-02    1.000000        0.000000    
 k2_pp193             4.4989407E-02    1.000000        0.000000    
 k2_pp194             4.1309666E-02    1.000000        0.000000    
 k2_pp195             7.0032805E-02    1.000000        0.000000    
 k2_pp196             4.0198330E-02    1.000000        0.000000    
 k2_pp197             3.4921717E-02    1.000000        0.000000    
 k2_pp198             2.6179731E-02    1.000000        0.000000    
 k2_pp199             2.5922250E-02    1.000000        0.000000    
 k2_pp200             2.0570515E-02    1.000000        0.000000    
 k2_pp201             2.7502796E-02    1.000000        0.000000    
 k2_pp202             3.6444545E-02    1.000000        0.000000    
 k2_pp203             3.4921344E-02    1.000000        0.000000    
 k2_pp204             3.6198966E-02    1.000000        0.000000    
 k2_pp205             3.3653360E-02    1.000000        0.000000    
 k2_pp206             5.5001851E-02    1.000000        0.000000    
 k2_pp207             8.4886335E-02    1.000000        0.000000    
 k2_pp208             0.1412403        1.000000        0.000000    
 k2_pp209             4.6503406E-02    1.000000        0.000000    
 k2_pp210             6.7323193E-02    1.000000        0.000000    
 k2_pp211             8.3508261E-02    1.000000        0.000000    
 k2_pp212             4.7417793E-02    1.000000        0.000000    
 k2_pp213             3.8770068E-02    1.000000        0.000000    
 k2_pp214             2.9336620E-02    1.000000        0.000000    
 k2_pp215             2.7884595E-02    1.000000        0.000000    
 k2_pp216             3.7003022E-02    1.000000        0.000000    
 k2_pp217             4.9727622E-02    1.000000        0.000000    
 k2_pp218             4.4517960E-02    1.000000        0.000000    
 k2_pp219             2.5088454E-02    1.000000        0.000000    
 k2_pp220             4.1313078E-02    1.000000        0.000000    
 k2_pp221             5.0599687E-02    1.000000        0.000000    
 k2_pp222             7.3332556E-02    1.000000        0.000000    
 k2_pp223             6.4341240E-02    1.000000        0.000000    
 k2_pp224             0.1107017        1.000000        0.000000    
 k2_pp225             7.5910456E-02    1.000000        0.000000    
 k2_pp226             8.4919989E-02    1.000000        0.000000    
 k2_pp227             0.1119600        1.000000        0.000000    
 k2_pp228             4.7270622E-02    1.000000        0.000000    
 k2_pp229             5.0726149E-02    1.000000        0.000000    
 k2_pp230             2.4961466E-02    1.000000        0.000000    
 k2_pp231             3.2515910E-02    1.000000        0.000000    
 k2_pp232             4.7430303E-02    1.000000        0.000000    
 k2_pp233             4.4899732E-02    1.000000        0.000000    
 k2_pp234             6.1909523E-02    1.000000        0.000000    
 k2_pp235             3.4647774E-02    1.000000        0.000000    
 k2_pp236             3.3761606E-02    1.000000        0.000000    
 k2_pp237             5.5915505E-02    1.000000        0.000000    
 k2_pp238             6.9571547E-02    1.000000        0.000000    
 k2_pp239             8.8382848E-02    1.000000        0.000000    
 k2_pp240             0.1390059        1.000000        0.000000    
 k2_pp241             6.4814061E-02    1.000000        0.000000    
 k2_pp242             6.2315583E-02    1.000000        0.000000    
 k2_pp243             4.5949742E-02    1.000000        0.000000    
 k2_pp244             7.1816117E-02    1.000000        0.000000    
 k2_pp245             6.0957801E-02    1.000000        0.000000    
 k2_pp246             3.5794776E-02    1.000000        0.000000    
 k2_pp247             3.5914492E-02    1.000000        0.000000    
 k2_pp248             4.4124451E-02    1.000000        0.000000    
 k2_pp249             5.7533175E-02    1.000000        0.000000    
 k2_pp250             4.8555378E-02    1.000000        0.000000    
 k2_pp251             8.1963994E-02    1.000000        0.000000    
 k2_pp252             7.0177451E-02    1.000000        0.000000    
 k2_pp253             0.1019788        1.000000        0.000000    
 k2_pp254             0.1360063        1.000000        0.000000    
 k2_pp255             0.2017230        1.000000        0.000000    
 k2_pp256             0.1396787        1.000000        0.000000    
 k2_pp257             4.7285557E-02    1.000000        0.000000    
 k2_pp258             6.5107062E-02    1.000000        0.000000    
 k2_pp259             5.0998181E-02    1.000000        0.000000    
 k2_pp260             5.1164545E-02    1.000000        0.000000    
 k2_pp261             4.5626935E-02    1.000000        0.000000    
 k2_pp262             4.2619132E-02    1.000000        0.000000    
 k2_pp263             6.5741539E-02    1.000000        0.000000    
 k2_pp264             8.1963718E-02    1.000000        0.000000    
 k2_pp265             2.8172648E-02    1.000000        0.000000    
 k2_pp266             5.7813361E-02    1.000000        0.000000    
 k2_pp267             9.9027768E-02    1.000000        0.000000    
 k2_pp268             9.8898195E-02    1.000000        0.000000    
 k2_pp269             0.1490909        1.000000        0.000000    
 k2_pp270             0.1595689        1.000000        0.000000    
 k2_pp271             0.1689031        1.000000        0.000000    
 k2_pp272             0.1173172        1.000000        0.000000    
 k2_pp273             5.7828121E-02    1.000000        0.000000    
 k2_pp274             9.6429519E-02    1.000000        0.000000    
 k2_pp275             8.7521300E-02    1.000000        0.000000    
 k2_pp276             6.2829919E-02    1.000000        0.000000    
 k2_pp277             6.1291113E-02    1.000000        0.000000    
 k2_pp278             4.2765062E-02    1.000000        0.000000    
 k2_pp279             4.1620921E-02    1.000000        0.000000    
 k2_pp280             0.1047768        1.000000        0.000000    
 k2_pp281             5.6840979E-02    1.000000        0.000000    
 k2_pp282             7.4377522E-02    1.000000        0.000000    
 k2_pp283             9.1995575E-02    1.000000        0.000000    
 k2_pp284             7.6129451E-02    1.000000        0.000000    
 k2_pp285             0.1083055        1.000000        0.000000    
 k2_pp286             9.9368155E-02    1.000000        0.000000    
 k2_pp287             0.1632905        1.000000        0.000000    
 k2_pp288             0.1295639        1.000000        0.000000    
 k2_pp289             0.1245059        1.000000        0.000000    
 k2_pp290             0.1796279        1.000000        0.000000    
 k2_pp291             0.1161686        1.000000        0.000000    
 k2_pp292             9.3748324E-02    1.000000        0.000000    
 k2_pp293             7.4281737E-02    1.000000        0.000000    
 k2_pp294             4.7334865E-02    1.000000        0.000000    
 k2_pp295             5.2940439E-02    1.000000        0.000000    
 k2_pp296             7.1074121E-02    1.000000        0.000000    
 k2_pp297             7.6107554E-02    1.000000        0.000000    
 k2_pp298             0.1074469        1.000000        0.000000    
 k2_pp299             0.1109181        1.000000        0.000000    
 k2_pp300             7.5065561E-02    1.000000        0.000000    
 k2_pp301             0.1418995        1.000000        0.000000    
 k2_pp302             0.1689040        1.000000        0.000000    
 k2_pp303             8.2307264E-02    1.000000        0.000000    
 k2_pp304             0.1222644        1.000000        0.000000    
 k2_pp305             9.0214260E-02    1.000000        0.000000    
 k2_pp306             0.1051931        1.000000        0.000000    
 k2_pp307             0.1378934        1.000000        0.000000    
 k2_pp308             0.1249121        1.000000        0.000000    
 k2_pp309             9.6891023E-02    1.000000        0.000000    
 k2_pp310             6.5597855E-02    1.000000        0.000000    
 k2_pp311             4.3155130E-02    1.000000        0.000000    
 k2_pp312             4.2568319E-02    1.000000        0.000000    
 k2_pp313             6.5088153E-02    1.000000        0.000000    
 k2_pp314             0.1312816        1.000000        0.000000    
 k2_pp315             7.6662250E-02    1.000000        0.000000    
 k2_pp316             8.4275112E-02    1.000000        0.000000    
 k2_pp317             0.1603228        1.000000        0.000000    
 k2_pp318             0.1101905        1.000000        0.000000    
 k2_pp319             9.8594859E-02    1.000000        0.000000    
 k2_pp320             0.1146943        1.000000        0.000000    
 k2_pp321             8.5242055E-02    1.000000        0.000000    
 k2_pp322             7.1943596E-02    1.000000        0.000000    
 k2_pp323             0.1434331        1.000000        0.000000    
 k2_pp324             0.1264398        1.000000        0.000000    
 k2_pp325             6.5821998E-02    1.000000        0.000000    
 k2_pp326             0.1817164        1.000000        0.000000    
 k2_pp327             8.4399849E-02    1.000000        0.000000    
 k2_pp328             6.2324293E-02    1.000000        0.000000    
 k2_pp329             9.9593155E-02    1.000000        0.000000    
 k2_pp330             6.4908721E-02    1.000000        0.000000    
 k2_pp331             3.8558882E-02    1.000000        0.000000    
 k2_pp332             6.2895298E-02    1.000000        0.000000    
 k2_pp333             9.2075199E-02    1.000000        0.000000    
 k2_pp334             0.1118671        1.000000        0.000000    
 k2_pp335             9.8678388E-02    1.000000        0.000000    
 k2_pp336             0.1372938        1.000000        0.000000    
 k3_pp1               1.8041248E-05    1.000000        0.000000    
 k3_pp2               1.0931808E-05    1.000000        0.000000    
 k3_pp3               1.5854965E-05    1.000000        0.000000    
 k3_pp4               1.8558638E-05    1.000000        0.000000    
 k3_pp5               1.3971274E-05    1.000000        0.000000    
 k3_pp6               1.2723124E-05    1.000000        0.000000    
 k3_pp7               1.7752051E-05    1.000000        0.000000    
 k3_pp8               1.4978274E-05    1.000000        0.000000    
 k3_pp9               8.5634201E-06    1.000000        0.000000    
 k3_pp10              9.4945353E-06    1.000000        0.000000    
 k3_pp11              1.3308184E-05    1.000000        0.000000    
 k3_pp12              8.5043430E-06    1.000000        0.000000    
 k3_pp13              6.2478498E-06    1.000000        0.000000    
 k3_pp14              4.6975888E-06    1.000000        0.000000    
 k3_pp15              2.9534283E-06    1.000000        0.000000    
 k3_pp16              3.4325690E-06    1.000000        0.000000    
 k3_pp17              1.8191406E-05    1.000000        0.000000    
 k3_pp18              1.6075337E-05    1.000000        0.000000    
 k3_pp19              2.2467457E-05    1.000000        0.000000    
 k3_pp20              2.8952250E-05    1.000000        0.000000    
 k3_pp21              1.4571224E-05    1.000000        0.000000    
 k3_pp22              1.9396444E-05    1.000000        0.000000    
 k3_pp23              1.1847911E-05    1.000000        0.000000    
 k3_pp24              1.1754180E-05    1.000000        0.000000    
 k3_pp25              1.4406955E-05    1.000000        0.000000    
 k3_pp26              7.9765468E-06    1.000000        0.000000    
 k3_pp27              1.1274377E-05    1.000000        0.000000    
 k3_pp28              9.9370445E-06    1.000000        0.000000    
 k3_pp29              5.4419434E-06    1.000000        0.000000    
 k3_pp30              5.0255467E-06    1.000000        0.000000    
 k3_pp31              2.6847013E-06    1.000000        0.000000    
 k3_pp32              4.4002750E-06    1.000000        0.000000    
 k3_pp33              1.5907641E-05    1.000000        0.000000    
 k3_pp34              1.5495414E-05    1.000000        0.000000    
 k3_pp35              2.8159908E-05    1.000000        0.000000    
 k3_pp36              1.9425301E-05    1.000000        0.000000    
 k3_pp37              1.0031275E-05    1.000000        0.000000    
 k3_pp38              1.1079347E-05    1.000000        0.000000    
 k3_pp39              1.0004239E-05    1.000000        0.000000    
 k3_pp40              2.3904595E-05    1.000000        0.000000    
 k3_pp41              1.8395795E-05    1.000000        0.000000    
 k3_pp42              1.0811631E-05    1.000000        0.000000    
 k3_pp43              9.5500836E-06    1.000000        0.000000    
 k3_pp44              1.1139922E-05    1.000000        0.000000    
 k3_pp45              8.9629257E-06    1.000000        0.000000    
 k3_pp46              5.4032321E-06    1.000000        0.000000    
 k3_pp47              4.9232208E-06    1.000000        0.000000    
 k3_pp48              7.3140859E-06    1.000000        0.000000    
 k3_pp49              1.4529415E-05    1.000000        0.000000    
 k3_pp50              2.3043673E-05    1.000000        0.000000    
 k3_pp51              2.0873800E-05    1.000000        0.000000    
 k3_pp52              1.7230206E-05    1.000000        0.000000    
 k3_pp53              1.0125075E-05    1.000000        0.000000    
 k3_pp54              8.9460746E-06    1.000000        0.000000    
 k3_pp55              1.1594599E-05    1.000000        0.000000    
 k3_pp56              1.2239610E-05    1.000000        0.000000    
 k3_pp57              1.5284184E-05    1.000000        0.000000    
 k3_pp58              1.0408242E-05    1.000000        0.000000    
 k3_pp59              1.4640083E-05    1.000000        0.000000    
 k3_pp60              6.6742041E-06    1.000000        0.000000    
 k3_pp61              5.4686811E-06    1.000000        0.000000    
 k3_pp62              8.0722184E-06    1.000000        0.000000    
 k3_pp63              1.1179990E-05    1.000000        0.000000    
 k3_pp64              4.6488244E-06    1.000000        0.000000    
 k3_pp65              1.0485275E-05    1.000000        0.000000    
 k3_pp66              1.1468432E-05    1.000000        0.000000    
 k3_pp67              1.0562426E-05    1.000000        0.000000    
 k3_pp68              1.3435135E-05    1.000000        0.000000    
 k3_pp69              9.0753292E-06    1.000000        0.000000    
 k3_pp70              7.6625311E-06    1.000000        0.000000    
 k3_pp71              1.2432289E-05    1.000000        0.000000    
 k3_pp72              1.0570686E-05    1.000000        0.000000    
 k3_pp73              1.3685420E-05    1.000000        0.000000    
 k3_pp74              1.4582843E-05    1.000000        0.000000    
 k3_pp75              1.0369198E-05    1.000000        0.000000    
 k3_pp76              7.0097212E-06    1.000000        0.000000    
 k3_pp77              7.8119565E-06    1.000000        0.000000    
 k3_pp78              8.2126271E-06    1.000000        0.000000    
 k3_pp79              7.6199781E-06    1.000000        0.000000    
 k3_pp80              7.9538268E-06    1.000000        0.000000    
 k3_pp81              7.5489706E-06    1.000000        0.000000    
 k3_pp82              1.0969260E-05    1.000000        0.000000    
 k3_pp83              7.6046076E-06    1.000000        0.000000    
 k3_pp84              1.2223092E-05    1.000000        0.000000    
 k3_pp85              6.9500602E-06    1.000000        0.000000    
 k3_pp86              5.8839123E-06    1.000000        0.000000    
 k3_pp87              9.7649881E-06    1.000000        0.000000    
 k3_pp88              7.9855909E-06    1.000000        0.000000    
 k3_pp89              6.7897290E-06    1.000000        0.000000    
 k3_pp90              1.4378257E-05    1.000000        0.000000    
 k3_pp91              9.3776407E-06    1.000000        0.000000    
 k3_pp92              5.3452700E-06    1.000000        0.000000    
 k3_pp93              5.2807468E-06    1.000000        0.000000    
 k3_pp94              9.1370275E-06    1.000000        0.000000    
 k3_pp95              1.0926864E-05    1.000000        0.000000    
 k3_pp96              1.3253240E-05    1.000000        0.000000    
 k3_pp97              7.7213872E-06    1.000000        0.000000    
 k3_pp98              5.6617309E-06    1.000000        0.000000    
 k3_pp99              1.0149094E-05    1.000000        0.000000    
 k3_pp100             7.0860742E-06    1.000000        0.000000    
 k3_pp101             6.1991914E-06    1.000000        0.000000    
 k3_pp102             3.8681765E-06    1.000000        0.000000    
 k3_pp103             5.5752084E-06    1.000000        0.000000    
 k3_pp104             7.2309876E-06    1.000000        0.000000    
 k3_pp105             7.8647554E-06    1.000000        0.000000    
 k3_pp106             9.3183880E-06    1.000000        0.000000    
 k3_pp107             5.8269643E-06    1.000000        0.000000    
 k3_pp108             6.4817636E-06    1.000000        0.000000    
 k3_pp109             9.9806948E-06    1.000000        0.000000    
 k3_pp110             1.8600436E-05    1.000000        0.000000    
 k3_pp111             2.3471153E-05    1.000000        0.000000    
 k3_pp112             1.4941054E-05    1.000000        0.000000    
 k3_pp113             1.0039153E-05    1.000000        0.000000    
 k3_pp114             7.5508851E-06    1.000000        0.000000    
 k3_pp115             1.2336887E-05    1.000000        0.000000    
 k3_pp116             6.5416052E-06    1.000000        0.000000    
 k3_pp117             5.0009148E-06    1.000000        0.000000    
 k3_pp118             6.5742875E-06    1.000000        0.000000    
 k3_pp119             5.5498567E-06    1.000000        0.000000    
 k3_pp120             7.0182232E-06    1.000000        0.000000    
 k3_pp121             6.2845133E-06    1.000000        0.000000    
 k3_pp122             8.5985148E-06    1.000000        0.000000    
 k3_pp123             8.1527924E-06    1.000000        0.000000    
 k3_pp124             7.6689948E-06    1.000000        0.000000    
 k3_pp125             9.4990510E-06    1.000000        0.000000    
 k3_pp126             6.3282532E-06    1.000000        0.000000    
 k3_pp127             1.6635431E-05    1.000000        0.000000    
 k3_pp128             1.4546463E-05    1.000000        0.000000    
 k3_pp129             5.5330156E-06    1.000000        0.000000    
 k3_pp130             1.5253220E-05    1.000000        0.000000    
 k3_pp131             1.0815133E-05    1.000000        0.000000    
 k3_pp132             7.7539335E-06    1.000000        0.000000    
 k3_pp133             1.0767940E-05    1.000000        0.000000    
 k3_pp134             9.0582662E-06    1.000000        0.000000    
 k3_pp135             1.3005874E-05    1.000000        0.000000    
 k3_pp136             6.9762682E-06    1.000000        0.000000    
 k3_pp137             4.9313462E-06    1.000000        0.000000    
 k3_pp138             5.6319959E-06    1.000000        0.000000    
 k3_pp139             5.5079099E-06    1.000000        0.000000    
 k3_pp140             7.1141853E-06    1.000000        0.000000    
 k3_pp141             6.1202600E-06    1.000000        0.000000    
 k3_pp142             1.5174543E-05    1.000000        0.000000    
 k3_pp143             2.5347796E-05    1.000000        0.000000    
 k3_pp144             1.4375622E-05    1.000000        0.000000    
 k3_pp145             8.9246769E-06    1.000000        0.000000    
 k3_pp146             1.3190396E-05    1.000000        0.000000    
 k3_pp147             9.9612298E-06    1.000000        0.000000    
 k3_pp148             9.9359750E-06    1.000000        0.000000    
 k3_pp149             1.4627133E-05    1.000000        0.000000    
 k3_pp150             8.1466633E-06    1.000000        0.000000    
 k3_pp151             8.2091565E-06    1.000000        0.000000    
 k3_pp152             4.6534510E-06    1.000000        0.000000    
 k3_pp153             3.8127871E-06    1.000000        0.000000    
 k3_pp154             3.2186181E-06    1.000000        0.000000    
 k3_pp155             6.7637166E-06    1.000000        0.000000    
 k3_pp156             1.1781145E-05    1.000000        0.000000    
 k3_pp157             9.0901285E-06    1.000000        0.000000    
 k3_pp158             1.0184659E-05    1.000000        0.000000    
 k3_pp159             1.1293928E-05    1.000000        0.000000    
 k3_pp160             7.0496321E-06    1.000000        0.000000    
 k3_pp161             1.0220696E-05    1.000000        0.000000    
 k3_pp162             1.4083798E-05    1.000000        0.000000    
 k3_pp163             1.5617881E-05    1.000000        0.000000    
 k3_pp164             1.3982953E-05    1.000000        0.000000    
 k3_pp165             1.1443803E-05    1.000000        0.000000    
 k3_pp166             6.6736688E-06    1.000000        0.000000    
 k3_pp167             3.9731758E-06    1.000000        0.000000    
 k3_pp168             5.4424331E-06    1.000000        0.000000    
 k3_pp169             3.0084680E-06    1.000000        0.000000    
 k3_pp170             4.9036594E-06    1.000000        0.000000    
 k3_pp171             5.5179698E-06    1.000000        0.000000    
 k3_pp172             1.3741416E-05    1.000000        0.000000    
 k3_pp173             1.6103035E-05    1.000000        0.000000    
 k3_pp174             1.4798688E-05    1.000000        0.000000    
 k3_pp175             1.6644621E-05    1.000000        0.000000    
 k3_pp176             1.4147683E-05    1.000000        0.000000    
 k3_pp177             1.2869592E-05    1.000000        0.000000    
 k3_pp178             9.4749576E-06    1.000000        0.000000    
 k3_pp179             1.4274990E-05    1.000000        0.000000    
 k3_pp180             1.0638531E-05    1.000000        0.000000    
 k3_pp181             5.5047963E-06    1.000000        0.000000    
 k3_pp182             4.6024811E-06    1.000000        0.000000    
 k3_pp183             3.6504625E-06    1.000000        0.000000    
 k3_pp184             3.4138252E-06    1.000000        0.000000    
 k3_pp185             5.4304833E-06    1.000000        0.000000    
 k3_pp186             5.8199248E-06    1.000000        0.000000    
 k3_pp187             2.9814184E-06    1.000000        0.000000    
 k3_pp188             7.8478652E-06    1.000000        0.000000    
 k3_pp189             1.0775272E-05    1.000000        0.000000    
 k3_pp190             1.3966903E-05    1.000000        0.000000    
 k3_pp191             1.4391161E-05    1.000000        0.000000    
 k3_pp192             1.3626390E-05    1.000000        0.000000    
 k3_pp193             4.9412160E-06    1.000000        0.000000    
 k3_pp194             1.0129835E-05    1.000000        0.000000    
 k3_pp195             9.1907868E-06    1.000000        0.000000    
 k3_pp196             1.3151222E-05    1.000000        0.000000    
 k3_pp197             5.4388252E-06    1.000000        0.000000    
 k3_pp198             3.2653975E-06    1.000000        0.000000    
 k3_pp199             3.8270473E-06    1.000000        0.000000    
 k3_pp200             3.3425902E-06    1.000000        0.000000    
 k3_pp201             1.9792262E-06    1.000000        0.000000    
 k3_pp202             3.9048659E-06    1.000000        0.000000    
 k3_pp203             3.7551674E-06    1.000000        0.000000    
 k3_pp204             3.7261307E-06    1.000000        0.000000    
 k3_pp205             7.8398989E-06    1.000000        0.000000    
 k3_pp206             8.2535043E-06    1.000000        0.000000    
 k3_pp207             1.3524691E-05    1.000000        0.000000    
 k3_pp208             1.0372569E-05    1.000000        0.000000    
 k3_pp209             1.0172153E-05    1.000000        0.000000    
 k3_pp210             1.0598717E-05    1.000000        0.000000    
 k3_pp211             1.0975657E-05    1.000000        0.000000    
 k3_pp212             9.6696276E-06    1.000000        0.000000    
 k3_pp213             4.7301069E-06    1.000000        0.000000    
 k3_pp214             3.4257353E-06    1.000000        0.000000    
 k3_pp215             4.1635058E-06    1.000000        0.000000    
 k3_pp216             1.9743513E-06    1.000000        0.000000    
 k3_pp217             1.6812404E-06    1.000000        0.000000    
 k3_pp218             2.1688300E-06    1.000000        0.000000    
 k3_pp219             3.7303755E-06    1.000000        0.000000    
 k3_pp220             2.8341954E-06    1.000000        0.000000    
 k3_pp221             3.9390698E-06    1.000000        0.000000    
 k3_pp222             6.2465465E-06    1.000000        0.000000    
 k3_pp223             9.1173360E-06    1.000000        0.000000    
 k3_pp224             1.1456174E-05    1.000000        0.000000    
 k3_pp225             7.1737427E-06    1.000000        0.000000    
 k3_pp226             7.2921712E-06    1.000000        0.000000    
 k3_pp227             8.7095223E-06    1.000000        0.000000    
 k3_pp228             9.3838717E-06    1.000000        0.000000    
 k3_pp229             7.7978939E-06    1.000000        0.000000    
 k3_pp230             5.4133566E-06    1.000000        0.000000    
 k3_pp231             4.9043538E-06    1.000000        0.000000    
 k3_pp232             2.6451514E-06    1.000000        0.000000    
 k3_pp233             2.4016772E-06    1.000000        0.000000    
 k3_pp234             2.7031342E-06    1.000000        0.000000    
 k3_pp235             2.5292445E-06    1.000000        0.000000    
 k3_pp236             1.9655463E-06    1.000000        0.000000    
 k3_pp237             4.7442959E-06    1.000000        0.000000    
 k3_pp238             4.9472960E-06    1.000000        0.000000    
 k3_pp239             6.6452844E-06    1.000000        0.000000    
 k3_pp240             1.0165119E-05    1.000000        0.000000    
 k3_pp241             7.4866844E-06    1.000000        0.000000    
 k3_pp242             8.0978025E-06    1.000000        0.000000    
 k3_pp243             6.2506633E-06    1.000000        0.000000    
 k3_pp244             7.7898239E-06    1.000000        0.000000    
 k3_pp245             5.2605678E-06    1.000000        0.000000    
 k3_pp246             4.4886706E-06    1.000000        0.000000    
 k3_pp247             2.3157274E-06    1.000000        0.000000    
 k3_pp248             2.3903415E-06    1.000000        0.000000    
 k3_pp249             2.7147637E-06    1.000000        0.000000    
 k3_pp250             3.4798816E-06    1.000000        0.000000    
 k3_pp251             2.4482188E-06    1.000000        0.000000    
 k3_pp252             3.5626572E-06    1.000000        0.000000    
 k3_pp253             3.8078213E-06    1.000000        0.000000    
 k3_pp254             5.3087324E-06    1.000000        0.000000    
 k3_pp255             6.8326099E-06    1.000000        0.000000    
 k3_pp256             7.5027551E-06    1.000000        0.000000    
 k3_pp257             6.6370085E-06    1.000000        0.000000    
 k3_pp258             7.0734659E-06    1.000000        0.000000    
 k3_pp259             8.7050003E-06    1.000000        0.000000    
 k3_pp260             7.3094857E-06    1.000000        0.000000    
 k3_pp261             6.7916749E-06    1.000000        0.000000    
 k3_pp262             2.3887148E-06    1.000000        0.000000    
 k3_pp263             2.9535418E-06    1.000000        0.000000    
 k3_pp264             2.8614606E-06    1.000000        0.000000    
 k3_pp265             2.6525270E-06    1.000000        0.000000    
 k3_pp266             3.0702656E-06    1.000000        0.000000    
 k3_pp267             2.8096133E-06    1.000000        0.000000    
 k3_pp268             5.0640815E-06    1.000000        0.000000    
 k3_pp269             3.8618196E-06    1.000000        0.000000    
 k3_pp270             5.1179491E-06    1.000000        0.000000    
 k3_pp271             6.7604501E-06    1.000000        0.000000    
 k3_pp272             1.1612116E-05    1.000000        0.000000    
 k3_pp273             1.0066747E-05    1.000000        0.000000    
 k3_pp274             1.1343276E-05    1.000000        0.000000    
 k3_pp275             8.5262491E-06    1.000000        0.000000    
 k3_pp276             8.8553752E-06    1.000000        0.000000    
 k3_pp277             1.1030565E-05    1.000000        0.000000    
 k3_pp278             5.9061194E-06    1.000000        0.000000    
 k3_pp279             3.6825550E-06    1.000000        0.000000    
 k3_pp280             2.7549004E-06    1.000000        0.000000    
 k3_pp281             3.5589001E-06    1.000000        0.000000    
 k3_pp282             3.6132105E-06    1.000000        0.000000    
 k3_pp283             4.2127631E-06    1.000000        0.000000    
 k3_pp284             7.3025312E-06    1.000000        0.000000    
 k3_pp285             7.3066935E-06    1.000000        0.000000    
 k3_pp286             4.6130394E-06    1.000000        0.000000    
 k3_pp287             1.0839432E-05    1.000000        0.000000    
 k3_pp288             1.8080096E-05    1.000000        0.000000    
 k3_pp289             1.2032533E-05    1.000000        0.000000    
 k3_pp290             1.2726882E-05    1.000000        0.000000    
 k3_pp291             8.0961481E-06    1.000000        0.000000    
 k3_pp292             8.0213113E-06    1.000000        0.000000    
 k3_pp293             1.0613914E-05    1.000000        0.000000    
 k3_pp294             1.1049536E-05    1.000000        0.000000    
 k3_pp295             7.1573154E-06    1.000000        0.000000    
 k3_pp296             6.9869461E-06    1.000000        0.000000    
 k3_pp297             6.7638803E-06    1.000000        0.000000    
 k3_pp298             7.2086414E-06    1.000000        0.000000    
 k3_pp299             3.0756808E-06    1.000000        0.000000    
 k3_pp300             6.3748512E-06    1.000000        0.000000    
 k3_pp301             6.9360717E-06    1.000000        0.000000    
 k3_pp302             9.9745048E-06    1.000000        0.000000    
 k3_pp303             1.2579580E-05    1.000000        0.000000    
 k3_pp304             1.3117736E-05    1.000000        0.000000    
 k3_pp305             6.9536172E-06    1.000000        0.000000    
 k3_pp306             8.3757868E-06    1.000000        0.000000    
 k3_pp307             5.9900644E-06    1.000000        0.000000    
 k3_pp308             6.8307195E-06    1.000000        0.000000    
 k3_pp309             1.0323452E-05    1.000000        0.000000    
 k3_pp310             8.9668729E-06    1.000000        0.000000    
 k3_pp311             1.0033489E-05    1.000000        0.000000    
 k3_pp312             1.0735877E-05    1.000000        0.000000    
 k3_pp313             7.7703480E-06    1.000000        0.000000    
 k3_pp314             3.8631470E-06    1.000000        0.000000    
 k3_pp315             3.9158572E-06    1.000000        0.000000    
 k3_pp316             4.9401146E-06    1.000000        0.000000    
 k3_pp317             6.1262635E-06    1.000000        0.000000    
 k3_pp318             6.7713181E-06    1.000000        0.000000    
 k3_pp319             1.5460100E-05    1.000000        0.000000    
 k3_pp320             1.6737074E-05    1.000000        0.000000    
 k3_pp321             9.0223448E-06    1.000000        0.000000    
 k3_pp322             1.0176611E-05    1.000000        0.000000    
 k3_pp323             1.0615884E-05    1.000000        0.000000    
 k3_pp324             9.0411959E-06    1.000000        0.000000    
 k3_pp325             8.8318293E-06    1.000000        0.000000    
 k3_pp326             1.0388513E-05    1.000000        0.000000    
 k3_pp327             1.1883660E-05    1.000000        0.000000    
 k3_pp328             1.2543279E-05    1.000000        0.000000    
 k3_pp329             6.0182133E-06    1.000000        0.000000    
 k3_pp330             3.8063583E-06    1.000000        0.000000    
 k3_pp331             3.7400418E-06    1.000000        0.000000    
 k3_pp332             6.1796604E-06    1.000000        0.000000    
 k3_pp333             8.8242778E-06    1.000000        0.000000    
 k3_pp334             1.0744344E-05    1.000000        0.000000    
 k3_pp335             6.7252618E-06    1.000000        0.000000    
 k3_pp336             1.1840160E-05    1.000000        0.000000    
 k4_pp1               0.2412687        1.000000        0.000000    
 k4_pp2               0.1982366        1.000000        0.000000    
 k4_pp3               0.1362834        1.000000        0.000000    
 k4_pp4               0.1422195        1.000000        0.000000    
 k4_pp5               0.1656624        1.000000        0.000000    
 k4_pp6               0.1073969        1.000000        0.000000    
 k4_pp7               8.3425373E-02    1.000000        0.000000    
 k4_pp8               5.5294551E-02    1.000000        0.000000    
 k4_pp9               5.2072339E-02    1.000000        0.000000    
 k4_pp10              7.2151341E-02    1.000000        0.000000    
 k4_pp11              4.3945644E-02    1.000000        0.000000    
 k4_pp12              2.9928269E-02    1.000000        0.000000    
 k4_pp13              2.6332874E-02    1.000000        0.000000    
 k4_pp14              1.7177306E-02    1.000000        0.000000    
 k4_pp15              2.5035882E-02    1.000000        0.000000    
 k4_pp16              5.9487339E-02    1.000000        0.000000    
 k4_pp17              8.6280420E-02    1.000000        0.000000    
 k4_pp18              0.1316637        1.000000        0.000000    
 k4_pp19              0.1409032        1.000000        0.000000    
 k4_pp20              0.1516177        1.000000        0.000000    
 k4_pp21              0.1328691        1.000000        0.000000    
 k4_pp22              0.1091938        1.000000        0.000000    
 k4_pp23              0.1102740        1.000000        0.000000    
 k4_pp24              3.8496304E-02    1.000000        0.000000    
 k4_pp25              5.7253495E-02    1.000000        0.000000    
 k4_pp26              7.0101134E-02    1.000000        0.000000    
 k4_pp27              5.0377298E-02    1.000000        0.000000    
 k4_pp28              3.5509892E-02    1.000000        0.000000    
 k4_pp29              3.4308940E-02    1.000000        0.000000    
 k4_pp30              3.1183157E-02    1.000000        0.000000    
 k4_pp31              3.0932309E-02    1.000000        0.000000    
 k4_pp32              4.7148578E-02    1.000000        0.000000    
 k4_pp33              8.3724953E-02    1.000000        0.000000    
 k4_pp34              5.4529335E-02    1.000000        0.000000    
 k4_pp35              8.8295043E-02    1.000000        0.000000    
 k4_pp36              0.1399661        1.000000        0.000000    
 k4_pp37              0.1223744        1.000000        0.000000    
 k4_pp38              0.1082472        1.000000        0.000000    
 k4_pp39              6.9665551E-02    1.000000        0.000000    
 k4_pp40              5.6586813E-02    1.000000        0.000000    
 k4_pp41              3.1809941E-02    1.000000        0.000000    
 k4_pp42              6.9261879E-02    1.000000        0.000000    
 k4_pp43              5.4011591E-02    1.000000        0.000000    
 k4_pp44              5.3377222E-02    1.000000        0.000000    
 k4_pp45              3.2369856E-02    1.000000        0.000000    
 k4_pp46              3.2168109E-02    1.000000        0.000000    
 k4_pp47              2.9312039E-02    1.000000        0.000000    
 k4_pp48              3.3860222E-02    1.000000        0.000000    
 k4_pp49              9.8160863E-02    1.000000        0.000000    
 k4_pp50              8.9502446E-02    1.000000        0.000000    
 k4_pp51              8.7639458E-02    1.000000        0.000000    
 k4_pp52              0.1135757        1.000000        0.000000    
 k4_pp53              9.5179290E-02    1.000000        0.000000    
 k4_pp54              0.2031726        1.000000        0.000000    
 k4_pp55              8.6072713E-02    1.000000        0.000000    
 k4_pp56              4.8978183E-02    1.000000        0.000000    
 k4_pp57              3.8436785E-02    1.000000        0.000000    
 k4_pp58              5.2279904E-02    1.000000        0.000000    
 k4_pp59              4.4959113E-02    1.000000        0.000000    
 k4_pp60              2.8778430E-02    1.000000        0.000000    
 k4_pp61              3.7110750E-02    1.000000        0.000000    
 k4_pp62              3.2083191E-02    1.000000        0.000000    
 k4_pp63              3.1708661E-02    1.000000        0.000000    
 k4_pp64              3.8450971E-02    1.000000        0.000000    
 k4_pp65              7.5957328E-02    1.000000        0.000000    
 k4_pp66              0.1245055        1.000000        0.000000    
 k4_pp67              0.1152739        1.000000        0.000000    
 k4_pp68              0.1246978        1.000000        0.000000    
 k4_pp69              6.1688103E-02    1.000000        0.000000    
 k4_pp70              6.3532971E-02    1.000000        0.000000    
 k4_pp71              4.2421311E-02    1.000000        0.000000    
 k4_pp72              2.4865508E-02    1.000000        0.000000    
 k4_pp73              2.4880139E-02    1.000000        0.000000    
 k4_pp74              2.0100635E-02    1.000000        0.000000    
 k4_pp75              1.8029971E-02    1.000000        0.000000    
 k4_pp76              2.2986310E-02    1.000000        0.000000    
 k4_pp77              1.8590877E-02    1.000000        0.000000    
 k4_pp78              1.5428717E-02    1.000000        0.000000    
 k4_pp79              1.9300820E-02    1.000000        0.000000    
 k4_pp80              3.4117520E-02    1.000000        0.000000    
 k4_pp81              0.1284619        1.000000        0.000000    
 k4_pp82              0.1226704        1.000000        0.000000    
 k4_pp83              0.1261021        1.000000        0.000000    
 k4_pp84              9.4200358E-02    1.000000        0.000000    
 k4_pp85              3.4800563E-02    1.000000        0.000000    
 k4_pp86              3.0456016E-02    1.000000        0.000000    
 k4_pp87              2.5375949E-02    1.000000        0.000000    
 k4_pp88              2.0373268E-02    1.000000        0.000000    
 k4_pp89              2.8759392E-02    1.000000        0.000000    
 k4_pp90              1.9500708E-02    1.000000        0.000000    
 k4_pp91              1.7367294E-02    1.000000        0.000000    
 k4_pp92              1.8567601E-02    1.000000        0.000000    
 k4_pp93              1.8309228E-02    1.000000        0.000000    
 k4_pp94              2.0218588E-02    1.000000        0.000000    
 k4_pp95              2.1695612E-02    1.000000        0.000000    
 k4_pp96              2.9908134E-02    1.000000        0.000000    
 k4_pp97              0.1158077        1.000000        0.000000    
 k4_pp98              0.1161988        1.000000        0.000000    
 k4_pp99              7.2181530E-02    1.000000        0.000000    
 k4_pp100             6.6280060E-02    1.000000        0.000000    
 k4_pp101             3.5467137E-02    1.000000        0.000000    
 k4_pp102             2.3915451E-02    1.000000        0.000000    
 k4_pp103             2.2667889E-02    1.000000        0.000000    
 k4_pp104             1.4358900E-02    1.000000        0.000000    
 k4_pp105             2.2729931E-02    1.000000        0.000000    
 k4_pp106             1.8276906E-02    1.000000        0.000000    
 k4_pp107             1.9968888E-02    1.000000        0.000000    
 k4_pp108             1.5281104E-02    1.000000        0.000000    
 k4_pp109             1.2907488E-02    1.000000        0.000000    
 k4_pp110             1.6896890E-02    1.000000        0.000000    
 k4_pp111             1.7398294E-02    1.000000        0.000000    
 k4_pp112             2.6863789E-02    1.000000        0.000000    
 k4_pp113             8.2924604E-02    1.000000        0.000000    
 k4_pp114             0.1024335        1.000000        0.000000    
 k4_pp115             4.9731553E-02    1.000000        0.000000    
 k4_pp116             3.7517522E-02    1.000000        0.000000    
 k4_pp117             3.1823277E-02    1.000000        0.000000    
 k4_pp118             1.6197909E-02    1.000000        0.000000    
 k4_pp119             1.6423170E-02    1.000000        0.000000    
 k4_pp120             1.8152313E-02    1.000000        0.000000    
 k4_pp121             1.9923905E-02    1.000000        0.000000    
 k4_pp122             1.8636066E-02    1.000000        0.000000    
 k4_pp123             3.5169084E-02    1.000000        0.000000    
 k4_pp124             1.4507593E-02    1.000000        0.000000    
 k4_pp125             1.3073752E-02    1.000000        0.000000    
 k4_pp126             2.0061132E-02    1.000000        0.000000    
 k4_pp127             1.3373685E-02    1.000000        0.000000    
 k4_pp128             2.0616438E-02    1.000000        0.000000    
 k4_pp129             5.5490617E-02    1.000000        0.000000    
 k4_pp130             6.3405856E-02    1.000000        0.000000    
 k4_pp131             6.7290895E-02    1.000000        0.000000    
 k4_pp132             3.3924337E-02    1.000000        0.000000    
 k4_pp133             1.4997429E-02    1.000000        0.000000    
 k4_pp134             1.3276649E-02    1.000000        0.000000    
 k4_pp135             1.3364757E-02    1.000000        0.000000    
 k4_pp136             1.9075822E-02    1.000000        0.000000    
 k4_pp137             2.0592192E-02    1.000000        0.000000    
 k4_pp138             3.9891556E-02    1.000000        0.000000    
 k4_pp139             2.1556770E-02    1.000000        0.000000    
 k4_pp140             3.4767892E-02    1.000000        0.000000    
 k4_pp141             4.2563107E-02    1.000000        0.000000    
 k4_pp142             3.2617945E-02    1.000000        0.000000    
 k4_pp143             2.2997469E-02    1.000000        0.000000    
 k4_pp144             3.3767898E-02    1.000000        0.000000    
 k4_pp145             4.5889705E-02    1.000000        0.000000    
 k4_pp146             4.3383509E-02    1.000000        0.000000    
 k4_pp147             3.1351537E-02    1.000000        0.000000    
 k4_pp148             3.8086880E-02    1.000000        0.000000    
 k4_pp149             2.5168825E-02    1.000000        0.000000    
 k4_pp150             1.4827159E-02    1.000000        0.000000    
 k4_pp151             3.4516465E-02    1.000000        0.000000    
 k4_pp152             3.0262917E-02    1.000000        0.000000    
 k4_pp153             2.0727346E-02    1.000000        0.000000    
 k4_pp154             2.2211403E-02    1.000000        0.000000    
 k4_pp155             2.8352613E-02    1.000000        0.000000    
 k4_pp156             1.7940773E-02    1.000000        0.000000    
 k4_pp157             3.4320537E-02    1.000000        0.000000    
 k4_pp158             4.2273421E-02    1.000000        0.000000    
 k4_pp159             4.1492481E-02    1.000000        0.000000    
 k4_pp160             3.9315235E-02    1.000000        0.000000    
 k4_pp161             3.8422368E-02    1.000000        0.000000    
 k4_pp162             3.7615418E-02    1.000000        0.000000    
 k4_pp163             4.2296808E-02    1.000000        0.000000    
 k4_pp164             2.7817978E-02    1.000000        0.000000    
 k4_pp165             2.2469832E-02    1.000000        0.000000    
 k4_pp166             1.8004008E-02    1.000000        0.000000    
 k4_pp167             3.4725904E-02    1.000000        0.000000    
 k4_pp168             2.8368812E-02    1.000000        0.000000    
 k4_pp169             2.5602790E-02    1.000000        0.000000    
 k4_pp170             3.2028083E-02    1.000000        0.000000    
 k4_pp171             5.2899275E-02    1.000000        0.000000    
 k4_pp172             3.3977605E-02    1.000000        0.000000    
 k4_pp173             3.7304267E-02    1.000000        0.000000    
 k4_pp174             6.7094840E-02    1.000000        0.000000    
 k4_pp175             5.0924841E-02    1.000000        0.000000    
 k4_pp176             3.8128950E-02    1.000000        0.000000    
 k4_pp177             3.5681121E-02    1.000000        0.000000    
 k4_pp178             2.0599395E-02    1.000000        0.000000    
 k4_pp179             3.0959526E-02    1.000000        0.000000    
 k4_pp180             3.4491558E-02    1.000000        0.000000    
 k4_pp181             2.8233457E-02    1.000000        0.000000    
 k4_pp182             5.1415961E-02    1.000000        0.000000    
 k4_pp183             4.1864276E-02    1.000000        0.000000    
 k4_pp184             5.5302672E-02    1.000000        0.000000    
 k4_pp185             3.9312288E-02    1.000000        0.000000    
 k4_pp186             2.9151563E-02    1.000000        0.000000    
 k4_pp187             2.2723213E-02    1.000000        0.000000    
 k4_pp188             6.1499577E-02    1.000000        0.000000    
 k4_pp189             5.2156553E-02    1.000000        0.000000    
 k4_pp190             8.8419631E-02    1.000000        0.000000    
 k4_pp191             7.5524233E-02    1.000000        0.000000    
 k4_pp192             4.9815893E-02    1.000000        0.000000    
 k4_pp193             1.8179739E-02    1.000000        0.000000    
 k4_pp194             2.9384485E-02    1.000000        0.000000    
 k4_pp195             2.6651675E-02    1.000000        0.000000    
 k4_pp196             3.0613109E-02    1.000000        0.000000    
 k4_pp197             4.5509148E-02    1.000000        0.000000    
 k4_pp198             6.3363060E-02    1.000000        0.000000    
 k4_pp199             6.2559649E-02    1.000000        0.000000    
 k4_pp200             5.8560316E-02    1.000000        0.000000    
 k4_pp201             3.6926161E-02    1.000000        0.000000    
 k4_pp202             2.4601139E-02    1.000000        0.000000    
 k4_pp203             2.5742967E-02    1.000000        0.000000    
 k4_pp204             5.4278694E-02    1.000000        0.000000    
 k4_pp205             6.8908915E-02    1.000000        0.000000    
 k4_pp206             4.9719363E-02    1.000000        0.000000    
 k4_pp207             8.5350506E-02    1.000000        0.000000    
 k4_pp208             7.0060700E-02    1.000000        0.000000    
 k4_pp209             2.4925739E-02    1.000000        0.000000    
 k4_pp210             2.5271120E-02    1.000000        0.000000    
 k4_pp211             4.7273539E-02    1.000000        0.000000    
 k4_pp212             2.2946890E-02    1.000000        0.000000    
 k4_pp213             4.4933770E-02    1.000000        0.000000    
 k4_pp214             2.9336121E-02    1.000000        0.000000    
 k4_pp215             4.2314507E-02    1.000000        0.000000    
 k4_pp216             5.1160302E-02    1.000000        0.000000    
 k4_pp217             3.6355861E-02    1.000000        0.000000    
 k4_pp218             2.2875682E-02    1.000000        0.000000    
 k4_pp219             2.1487942E-02    1.000000        0.000000    
 k4_pp220             5.3133041E-02    1.000000        0.000000    
 k4_pp221             5.4384325E-02    1.000000        0.000000    
 k4_pp222             9.5699511E-02    1.000000        0.000000    
 k4_pp223             8.9220077E-02    1.000000        0.000000    
 k4_pp224             7.5378992E-02    1.000000        0.000000    
 k4_pp225             3.5601575E-02    1.000000        0.000000    
 k4_pp226             4.8532087E-02    1.000000        0.000000    
 k4_pp227             4.1107092E-02    1.000000        0.000000    
 k4_pp228             4.4378031E-02    1.000000        0.000000    
 k4_pp229             4.1856829E-02    1.000000        0.000000    
 k4_pp230             2.1153430E-02    1.000000        0.000000    
 k4_pp231             3.7190218E-02    1.000000        0.000000    
 k4_pp232             6.6421971E-02    1.000000        0.000000    
 k4_pp233             1.9592794E-02    1.000000        0.000000    
 k4_pp234             3.0398989E-02    1.000000        0.000000    
 k4_pp235             3.1526826E-02    1.000000        0.000000    
 k4_pp236             4.5705352E-02    1.000000        0.000000    
 k4_pp237             7.2125681E-02    1.000000        0.000000    
 k4_pp238             0.1219534        1.000000        0.000000    
 k4_pp239             8.6251602E-02    1.000000        0.000000    
 k4_pp240             8.6307354E-02    1.000000        0.000000    
 k4_pp241             4.3443426E-02    1.000000        0.000000    
 k4_pp242             4.0407158E-02    1.000000        0.000000    
 k4_pp243             3.6066636E-02    1.000000        0.000000    
 k4_pp244             4.0437460E-02    1.000000        0.000000    
 k4_pp245             4.4576079E-02    1.000000        0.000000    
 k4_pp246             4.3791384E-02    1.000000        0.000000    
 k4_pp247             6.1776657E-02    1.000000        0.000000    
 k4_pp248             4.6994396E-02    1.000000        0.000000    
 k4_pp249             4.7116853E-02    1.000000        0.000000    
 k4_pp250             3.5402749E-02    1.000000        0.000000    
 k4_pp251             2.9547410E-02    1.000000        0.000000    
 k4_pp252             5.8109809E-02    1.000000        0.000000    
 k4_pp253             0.1059707        1.000000        0.000000    
 k4_pp254             0.1462372        1.000000        0.000000    
 k4_pp255             7.2161742E-02    1.000000        0.000000    
 k4_pp256             7.5756587E-02    1.000000        0.000000    
 k4_pp257             4.1085411E-02    1.000000        0.000000    
 k4_pp258             4.2984996E-02    1.000000        0.000000    
 k4_pp259             5.2947242E-02    1.000000        0.000000    
 k4_pp260             3.2523606E-02    1.000000        0.000000    
 k4_pp261             3.3838265E-02    1.000000        0.000000    
 k4_pp262             4.2687189E-02    1.000000        0.000000    
 k4_pp263             4.0454857E-02    1.000000        0.000000    
 k4_pp264             4.4813715E-02    1.000000        0.000000    
 k4_pp265             3.4555275E-02    1.000000        0.000000    
 k4_pp266             2.1029826E-02    1.000000        0.000000    
 k4_pp267             4.2396761E-02    1.000000        0.000000    
 k4_pp268             6.9850653E-02    1.000000        0.000000    
 k4_pp269             8.8007540E-02    1.000000        0.000000    
 k4_pp270             9.4530843E-02    1.000000        0.000000    
 k4_pp271             0.1489251        1.000000        0.000000    
 k4_pp272             7.0930548E-02    1.000000        0.000000    
 k4_pp273             5.1678739E-02    1.000000        0.000000    
 k4_pp274             7.7043295E-02    1.000000        0.000000    
 k4_pp275             5.4392852E-02    1.000000        0.000000    
 k4_pp276             3.5150852E-02    1.000000        0.000000    
 k4_pp277             3.5989154E-02    1.000000        0.000000    
 k4_pp278             1.9359391E-02    1.000000        0.000000    
 k4_pp279             1.5422688E-02    1.000000        0.000000    
 k4_pp280             2.0721361E-02    1.000000        0.000000    
 k4_pp281             2.9973881E-02    1.000000        0.000000    
 k4_pp282             3.0680483E-02    1.000000        0.000000    
 k4_pp283             3.5996486E-02    1.000000        0.000000    
 k4_pp284             9.6399695E-02    1.000000        0.000000    
 k4_pp285             6.2962234E-02    1.000000        0.000000    
 k4_pp286             9.4098330E-02    1.000000        0.000000    
 k4_pp287             6.6140242E-02    1.000000        0.000000    
 k4_pp288             6.1347295E-02    1.000000        0.000000    
 k4_pp289             3.9388835E-02    1.000000        0.000000    
 k4_pp290             7.2813429E-02    1.000000        0.000000    
 k4_pp291             4.9271412E-02    1.000000        0.000000    
 k4_pp292             2.4508491E-02    1.000000        0.000000    
 k4_pp293             2.1938343E-02    1.000000        0.000000    
 k4_pp294             1.8217053E-02    1.000000        0.000000    
 k4_pp295             1.5848368E-02    1.000000        0.000000    
 k4_pp296             1.8453391E-02    1.000000        0.000000    
 k4_pp297             2.5949460E-02    1.000000        0.000000    
 k4_pp298             4.4828735E-02    1.000000        0.000000    
 k4_pp299             5.8143634E-02    1.000000        0.000000    
 k4_pp300             7.4824825E-02    1.000000        0.000000    
 k4_pp301             6.4780109E-02    1.000000        0.000000    
 k4_pp302             6.5125465E-02    1.000000        0.000000    
 k4_pp303             7.4964680E-02    1.000000        0.000000    
 k4_pp304             6.8896532E-02    1.000000        0.000000    
 k4_pp305             2.7683085E-02    1.000000        0.000000    
 k4_pp306             5.2859604E-02    1.000000        0.000000    
 k4_pp307             3.5280015E-02    1.000000        0.000000    
 k4_pp308             2.8068937E-02    1.000000        0.000000    
 k4_pp309             4.1535303E-02    1.000000        0.000000    
 k4_pp310             2.3701144E-02    1.000000        0.000000    
 k4_pp311             2.7394639E-02    1.000000        0.000000    
 k4_pp312             2.5745278E-02    1.000000        0.000000    
 k4_pp313             3.2193702E-02    1.000000        0.000000    
 k4_pp314             6.2748209E-02    1.000000        0.000000    
 k4_pp315             8.7730505E-02    1.000000        0.000000    
 k4_pp316             0.1135549        1.000000        0.000000    
 k4_pp317             9.0360031E-02    1.000000        0.000000    
 k4_pp318             0.1710338        1.000000        0.000000    
 k4_pp319             6.6363767E-02    1.000000        0.000000    
 k4_pp320             7.7633485E-02    1.000000        0.000000    
 k4_pp321             4.5662340E-02    1.000000        0.000000    
 k4_pp322             7.5988568E-02    1.000000        0.000000    
 k4_pp323             5.2208748E-02    1.000000        0.000000    
 k4_pp324             3.8428791E-02    1.000000        0.000000    
 k4_pp325             3.9200418E-02    1.000000        0.000000    
 k4_pp326             1.6902361E-02    1.000000        0.000000    
 k4_pp327             2.1263776E-02    1.000000        0.000000    
 k4_pp328             2.0849738E-02    1.000000        0.000000    
 k4_pp329             5.0390229E-02    1.000000        0.000000    
 k4_pp330             9.3517296E-02    1.000000        0.000000    
 k4_pp331             0.1039489        1.000000        0.000000    
 k4_pp332             7.8569204E-02    1.000000        0.000000    
 k4_pp333             8.7550208E-02    1.000000        0.000000    
 k4_pp334             0.1651999        1.000000        0.000000    
 k4_pp335             8.8659458E-02    1.000000        0.000000    
 k4_pp336             8.8614739E-02    1.000000        0.000000    
