  1 2830     140.94892883    21.4256946  stream-1
  1 2842     139.41760254    23.8230196  stream-1
  1 2843     138.98307800    23.9414310  stream-1
  1 2845     139.76692200    23.2704847  stream-1
  1 2846     140.12881470    22.2961442  stream-1
  1 2847     139.87527466    22.9286580  stream-1
  1 2848     139.36170959    23.7925537  stream-1
  1 2854     138.29095459    23.5953752  stream-1
  1 2855     137.97273254    22.9319113  stream-1
  1 2856     137.55987549    21.8843727  stream-1
  1 2857     137.21325684    21.3476073  stream-1
  1 2858     137.65238953    22.1912056  stream-1
  1 2870     136.57574463    21.2496100  stream-1
  1 2871     136.24092102    21.3551935  stream-1
  1 2874     135.90707397    21.8075500  stream-1
  1 2875     135.57432556    22.5496649  stream-1
  1 2880     134.91270447    23.4512894  stream-1
  1 2881     134.57838440    24.3024421  stream-1
  1 2884     134.23027039    24.8491984  stream-1
  1 2885     133.87829590    24.9104868  stream-1
  1 2898     133.16310120    24.4830607  stream-1
  1 2899     132.82168579    23.8820130  stream-1
  1 2902     132.48745728    23.3067174  stream-1
  1 2904     132.61286926    23.2596665  stream-1
  1 2905     132.24163818    23.1117888  stream-1
  1 2910     131.51754761    23.3706885  stream-1
  1 2911     131.16175842    24.0076993  stream-1
  1 2914     130.80834961    24.8297560  stream-1
  1 2915     130.45629883    25.5924725  stream-1
  1 2925     129.78453064    25.9748155  stream-1
  1 2926     129.45254517    25.8332422  stream-1
  1 2929     129.12196350    25.2528237  stream-1
  1 2932     129.15356445    25.0277464  stream-1
  1 2933     128.80433655    24.4386027  stream-1
  1 2938     128.09814453    23.8566903  stream-1
  1 2939     127.74836731    23.4932502  stream-1
  1 2942     127.42294312    23.5246266  stream-1
  1 2943     127.09448242    23.9273715  stream-1
  1 2950     126.43228149    24.4704632  stream-1
  1 2951     126.12805176    25.1906669  stream-1
  1 2953     126.11300659    25.4695919  stream-1
  1 2956     125.71177673    26.2404953  stream-1
  1 2957     125.38627625    26.8056334  stream-1
  1 2962     124.74716187    26.9822260  stream-1
  1 2963     124.42984009    26.7240881  stream-1
  1 2966     124.11621094    26.1857967  stream-1
  1 3010     106.08220673    30.1854499  stream-1
  1 3011     104.91427612    29.9572569  stream-1
  1 3015     103.56811523    29.6999427  stream-1
  1 3017     102.69724274    30.6043784  stream-1
  1 3018     102.99445343    30.1877744  stream-1
  1 3019     102.89657593    30.8268175  stream-1
  1 3020     103.82995605    29.5993318  stream-1
  1 3021     103.58644104    29.9154905  stream-1
  1 3022     104.31425476    29.8554286  stream-1
  1 3030     101.16681671    31.0680824  stream-1
  1 3031     100.76856232    31.0827561  stream-1
  1 3036     100.05654144    31.3453729  stream-1
  1 3037      99.72547150    32.0641312  stream-1
  1 3040      99.40077209    32.8350985  stream-1
  1 3041      99.15164185    32.9533169  stream-1
  1 3042     102.18315887    31.3522423  stream-1
  1 3043     102.10232544    31.8401033  stream-1
  1 3046     102.05285645    31.7365272  stream-1
  1 3062      97.68768311    33.3295730  stream-1
  1 3063      98.71369171    32.9012765  stream-1
  1 3064      98.47105408    33.3586135  stream-1
  1 3065      97.54783630    34.0321587  stream-1
  1 3066      97.51295471    34.2547089  stream-1
  1 3077      96.86720276    34.1038805  stream-1
  1 3078      96.47791290    35.6752186  stream-1
  1 3081      95.99910736    36.5923575  stream-1
  1 3261     157.20172119    19.9708627  stream-1
  1 3264     156.84829712    19.8157522  stream-1
  1 3265     156.52485657    19.5934404  stream-1
  1 3269     155.48519897    19.3802072  stream-1
  1 3270     155.87597656    19.4198357  stream-1
  1 3271     155.54989624    19.4082385  stream-1
  1 3272     155.12814331    19.6100839  stream-1
  1 3273     154.77615356    20.0112730  stream-1
  1 3286     154.10334778    20.4634771  stream-1
  1 3287     153.77345276    20.8269111  stream-1
  1 3290     153.44372559    20.9946544  stream-1
  1 3291     153.11407471    20.9267652  stream-1
  1 3296     152.43653870    20.6601995  stream-1
  1 3297     152.09403992    20.2937762  stream-1
  1 3300     151.75161743    19.9542933  stream-1
  1 3301     151.40982056    19.7573803  stream-1
  1 3314     150.75207520    19.7769591  stream-1
  1 3315     150.42671204    20.0292623  stream-1
  1 3317     150.49763489    20.1210028  stream-1
  1 3320     150.14834595    20.5808581  stream-1
  1 3321     149.79924011    21.1255465  stream-1
  1 3326     149.10162354    21.6217514  stream-1
  1 3327     148.75845337    21.9365029  stream-1
  1 3330     148.42298889    21.9841836  stream-1
  1 3331     148.08755493    21.7644520  stream-1
  1 3344     144.71214294    22.4806998  stream-1
  1 3347     147.41751099    21.3665193  stream-1
  1 3348     147.08271790    20.9338292  stream-1
  1 3350     146.39512634    20.4957471  stream-1
  1 3351     146.74858093    20.6101429  stream-1
  1 3352     146.42578125    20.4954754  stream-1
  1 3355     145.68450928    20.7055109  stream-1
  1 3356     145.36201477    21.1491017  stream-1
  1 3359     145.03918457    21.7235598  stream-1
  1 3360     144.71365356    22.2756263  stream-1
  1 3369     142.86938477    21.7900587  stream-1
  1 3371     143.59378052    22.8842539  stream-1
  1 3372     143.91931152    22.8933683  stream-1
  1 3373     143.55433655    22.9724867  stream-1
  1 3374     143.19950867    22.6179328  stream-1
  1 3375     142.81011963    22.1164249  stream-1
  1 3379     141.66189575    20.8306860  stream-1
  1 3380     142.06065369    21.3296473  stream-1
  1 3381     141.77708435    20.9981566  stream-1
  1 3382     141.35147095    20.9082229  stream-1
  1 3383     141.20858765    21.2323949  stream-1
  1 3423     124.18763733    26.1642089  stream-1
  1 3424     123.81753540    25.7502195  stream-1
  1 3431     123.07929993    25.5883327  stream-1
  1 3432     122.70878601    25.9208132  stream-1
  1 3435     122.33508301    26.5102277  stream-1
  1 3436     121.95627594    27.2274540  stream-1
  1 3441     121.42705536    27.8095028  stream-1
  1 3443     121.40378571    27.6404152  stream-1
  1 3444     121.02072144    27.8101201  stream-1
  1 3447     120.63170624    27.5726471  stream-1
  1 3448     120.25042725    27.0876078  stream-1
  1 3455     119.90151215    26.4859420  stream-1
  1 3456     119.61042786    26.0144060  stream-1
  1 3459     119.32991791    25.9638640  stream-1
  1 3462     118.94729614    25.7886425  stream-1
  1 3463     118.55519104    25.8848974  stream-1
  1 3468     117.96264648    26.4017979  stream-1
  1 3469     117.66700745    26.9975706  stream-1
  1 3472     117.36540985    27.7193021  stream-1
  1 3474     117.26510620    27.8393393  stream-1
  1 3475     116.87754822    28.5049640  stream-1
  1 3488     116.20101166    28.9191438  stream-1
  1 3489     115.89495850    28.9459620  stream-1
  1 3492     115.58674622    28.5875125  stream-1
  1 3493     115.27692413    28.0794555  stream-1
  1 3498     114.65421295    27.4612623  stream-1
  1 3499     114.33720398    26.9270002  stream-1
  1 3506     114.44267273    26.9423923  stream-1
  1 3509     114.08169556    26.6426181  stream-1
  1 3510     113.71822357    26.6508039  stream-1
  1 3523     112.98375702    26.8066739  stream-1
  1 3524     112.61254120    27.4962569  stream-1
  1 3527     112.24895477    28.2549270  stream-1
  1 3528     111.90277100    28.8016459  stream-1
  1 3533     111.20854187    29.3553941  stream-1
  1 3534     110.86061096    29.8202246  stream-1
  1 3537     110.51216888    29.9717181  stream-1
  1 3538     110.18052673    29.8577109  stream-1
  1 3549     108.97172546    28.8315049  stream-1
  1 3554     107.76271057    30.5777035  stream-1
  1 3556     107.89952850    29.4463238  stream-1
  1 3557     107.86071777    28.9688960  stream-1
  1 3558     107.41826630    29.5642149  stream-1
  1 3559     107.17255402    29.9507347  stream-1
  1 3560     106.71498108    30.5399317  stream-1
  1 3563     109.65287781    29.5707593  stream-1
  1 3564     109.39402771    29.2232739  stream-1
  1 3567     109.13790894    28.9611214  stream-1
  1 3568     108.88316345    28.8611911  stream-1
  1 3578     105.41850281    30.8219668  stream-1
  1 3579     105.93222809    30.9564689  stream-1
  1 3580     105.84342957    30.9587473  stream-1
  1 3581     105.46980286    30.5607345  stream-1
  1 1270     155.52236938    1.51686262  stream-2
  1 1272     154.78224182    1.94807400  stream-2
  1 1273     155.20268250    1.73920128  stream-2
  1 1274     154.88928223    1.91056783  stream-2
  1 1277     156.68557739    1.08532220  stream-2
  1 1278     157.09468079    1.00127799  stream-2
  1 1279     156.74327087    1.04535631  stream-2
  1 1282     155.97956848    1.21290509  stream-2
  1 1283     155.60957336    1.41857387  stream-2
  1 1291     154.18037415    2.00180623  stream-2
  1 1292     153.88221741    2.00345174  stream-2
  1 1295     153.56172180    2.00314440  stream-2
  1 1296     153.23962402    2.04276111  stream-2
  1 1301     152.58436584    2.14459965  stream-2
  1 1302     152.25610352    2.30849779  stream-2
  1 1305     151.87274170    2.51182836  stream-2
  1 1307     151.93804932    2.55783542  stream-2
  1 1308     151.60000610    2.76103687  stream-2
  1 1321     150.83131409    2.91559048  stream-2
  1 1322     150.44529724    3.00211903  stream-2
  1 1329     150.54914856    3.01130029  stream-2
  1 1332     150.18405151    3.01888976  stream-2
  1 1334     150.17329407    3.01389113  stream-2
  1 1335     149.80624390    3.00021681  stream-2
  1 1340     149.00823975    3.02707196  stream-2
  1 1343     149.05787659    3.06462591  stream-2
  1 1344     148.65611267    3.17186859  stream-2
  1 1347     148.24130249    3.35294307  stream-2
  1 1349     148.29792786    3.45948646  stream-2
  1 1350     147.88652039    3.67198819  stream-2
  1 1462     147.91566467    3.77055932  stream-2
  1 1469     147.22166443    3.92258742  stream-2
  1 1470     146.88406372    4.00390440  stream-2
  1 1473     146.53788757    4.01798703  stream-2
  1 1475     146.56040955    4.02282964  stream-2
  1 1476     146.22366333    4.00488590  stream-2
  1 1481     145.57244873    4.02515449  stream-2
  1 1482     145.25161743    4.11898344  stream-2
  1 1485     144.93038940    4.29482915  stream-2
  1 1486     144.60864258    4.52402409  stream-2
  1 1493     143.96855164    4.75252957  stream-2
  1 1494     143.64738464    4.92348142  stream-2
  1 1497     143.32658386    5.00688199  stream-2
  1 1498     143.00633240    5.01720295  stream-2
  1 1503     142.16169739    5.00380905  stream-2
  1 1506     142.15988159    5.00921744  stream-2
  1 1507     141.72332764    5.02960328  stream-2
  1 1509     141.71112061    5.10218550  stream-2
  1 1512     141.28555298    5.20253179  stream-2
  1 1516     141.10411072    5.35079892  stream-2
  1 1518     140.95037842    5.55070250  stream-2
  1 1521     140.82901001    5.74586237  stream-2
  1 1522     140.34501648    5.87326173  stream-2
  1 1524     140.21723938    6.00667974  stream-2
  1 1645     140.14982605    6.08805634  stream-2
  1 1652     139.28143311    6.10590271  stream-2
  1 1654     138.95700073    6.09620288  stream-2
  1 1655     138.74923706    6.05197970  stream-2
  1 1658     138.48187256    6.02224884  stream-2
  1 1660     138.38284302    6.07214143  stream-2
  1 1663     137.99647522    6.06219203  stream-2
  1 1664     137.73205566    6.16744754  stream-2
  1 1669     137.15771484    6.40180325  stream-2
  1 1676     137.05950928    6.54695934  stream-2
  1 1677     136.67478943    6.78956357  stream-2
  1 1680     136.36970520    6.96008129  stream-2
  1 1681     136.06427002    7.01497478  stream-2
  1 1691     135.16586304    7.01814757  stream-2
  1 1694     134.81555176    7.09907929  stream-2
  1 1695     134.46473694    7.24776921  stream-2
  1 1700     133.75016785    7.45618677  stream-2
  1 1701     133.38543701    7.68953313  stream-2
  1 1703     133.04258728    8.17415372  stream-2
  1 1704     133.07005310    8.03372515  stream-2
  1 1705     132.76594543    8.21920223  stream-2
  1 1706     135.45285034    7.00852528  stream-2
  1 1707     135.14935303    7.02652595  stream-2
  1 1719     132.29849243    8.27662645  stream-2
  1 1720     131.93713379    8.29275712  stream-2
  1 1723     131.60272217    8.23101229  stream-2
  1 1724     131.27137756    8.12500920  stream-2
  1 1729     130.62205505    8.03303356  stream-2
  1 1730     130.32788086    8.00627751  stream-2
  1 1732     130.20785522    8.04558649  stream-2
  1 1735     129.83924866    8.14910745  stream-2
  1 1736     129.56266785    8.37627107  stream-2
  1 1749     129.04017639    8.66386808  stream-2
  1 1750     128.79907227    8.94000434  stream-2
  1 1757     128.61218262    9.03352156  stream-2
  1 1760     128.24185181    9.17173588  stream-2
  1 1761     127.87338257    9.18511273  stream-2
  1 1766     127.29563904    9.11311705  stream-2
  1 1768     127.25073242    9.11552219  stream-2
  1 1769     126.90371704    9.02698120  stream-2
  1 1772     126.55737305    9.02275447  stream-2
  1 1773     126.21058655    9.15995172  stream-2
  1 1786     125.65942383    9.42029965  stream-2
  1 1787     125.34574890    9.74308102  stream-2
  1 1790     125.03036499    10.0516935  stream-2
  1 1791     124.71384430    10.2654303  stream-2
  1 1796     124.03490448    10.3719501  stream-2
  1 1797     123.63904572    10.3512637  stream-2
  1 1800     123.34184265    10.2674808  stream-2
  1 1801     123.05781555    10.1033647  stream-2
  1 1810     121.71968079    10.7997896  stream-2
  1 1815     120.83704376    10.9964884  stream-2
  1 1816     120.33828735    11.1021730  stream-2
  1 1817     120.51295471    11.0515324  stream-2
  1 1818     119.99619293    11.0030787  stream-2
  1 1819     120.05545807    11.0712060  stream-2
  1 1821     122.35668182    10.1177538  stream-2
  1 1822     122.04370880    10.1766751  stream-2
  1 1823     122.51847076    10.0087753  stream-2
  1 1825     121.79590607    10.3807793  stream-2
  1 1826     121.55549622    10.7197188  stream-2
  1 1838     118.73722076    11.5404714  stream-2
  1 1839     118.18402863    11.8173606  stream-2
  1 1840     118.99983978    11.0439425  stream-2
  1 1841     118.73526001    11.2052209  stream-2
  1 1844     118.48886871    11.5092919  stream-2
  1 1850     117.45323944    12.0495540  stream-2
  1 1851     117.13285065    12.1961390  stream-2
  1 1854     116.81497955    12.2115453  stream-2
  1 1855     116.49938202    12.1622690  stream-2
  1 1865     116.06570435    12.0490508  stream-2
  1 1868     115.83982086    12.1654328  stream-2
  1 1869     115.40920258    12.1537627  stream-2
  1 1872     115.23652649    12.2744880  stream-2
  1 1873     115.09064484    12.5262595  stream-2
  1 1875     114.84571838    12.7447335  stream-2
  1 1880     114.56913757    12.9797795  stream-2
  1 1887     114.23275757    13.1235324  stream-2
  1 1888     113.70044708    13.1947424  stream-2
  1 1891     113.37372589    13.1833383  stream-2
  1 1893     113.36968994    13.1174160  stream-2
  1 1894     112.90527344    13.0442841  stream-2
  1 1897     112.90147400    13.0180006  stream-2
  1 1904     112.52159882    13.0559281  stream-2
  1 1906     112.03302002    13.2185316  stream-2
  1 1907     112.04551697    13.4482652  stream-2
  1 2031     111.38140106    13.7531723  stream-2
  1 2033     111.68189240    14.1197697  stream-2
  1 2036     110.77936554    14.3569721  stream-2
  1 2039     111.11810303    14.6194511  stream-2
  1 2040     110.37083435    14.8679863  stream-2
  1 2042     110.52101898    14.9351571  stream-2
  1 2047     109.83957672    14.8741373  stream-2
  1 2054     109.47418213    14.7319877  stream-2
  1 2055     109.04861450    14.4751252  stream-2
  1 2057     108.94142151    14.2706251  stream-2
  1 2060     108.60946655    14.0486252  stream-2
  1 2061     108.32830048    14.1371475  stream-2
  1 2063     108.59603882    14.0674722  stream-2
  1 2064     108.28948975    14.1593527  stream-2
  1 2073     106.86313629    15.3636093  stream-2
  1 2076     105.80738831    15.0624060  stream-2
  1 2077     105.36038208    15.0348745  stream-2
  1 2078     105.41987610    15.1767044  stream-2
  1 2080     104.90682220    15.3762180  stream-2
  1 2081     104.44629669    15.9790904  stream-2
  1 2086     107.59757233    14.5636800  stream-2
  1 2087     107.23598480    15.1343589  stream-2
  1 2088     106.96956635    15.5302063  stream-2
  1 2089     106.31630707    15.5735226  stream-2
  1 2090     106.76570129    15.6109059  stream-2
  1 2100     103.73176575    16.5686085  stream-2
  1 2101     103.55423737    17.0410096  stream-2
  1 2104     103.45330811    16.9705988  stream-2
  1 2106     103.13768005    17.0621554  stream-2
  1 2107     102.71176910    16.6579233  stream-2
  1 2112     102.47946930    16.2207019  stream-2
  1 2113     102.54695892    16.1873221  stream-2
  1 2120     101.72594452    16.8916625  stream-2
  1 2123     101.32280731    17.3171800  stream-2
  1 2125     101.38003540    17.7989109  stream-2
  1 2126     100.87449646    17.6566696  stream-2
  1 2129     101.02288818    17.7293222  stream-2
  1 2136     100.39961243    17.1621720  stream-2
  1 2137     100.78137970    17.2128391  stream-2
  1 2139      99.92277527    18.0431138  stream-2
  1 2142     100.41922760    18.7322682  stream-2
  1 2392      99.17133331    19.1961468  stream-2
  1 2393      98.92664337    18.9290810  stream-2
  1 2395      98.69334412    18.4346595  stream-2
  1 2400      99.37758636    18.0723669  stream-2
  1 2403      97.86891937    18.7862220  stream-2
  1 2404      98.89804840    20.0414954  stream-2
  1 2406      97.43084717    20.9360364  stream-2
  1 2409      98.41815948    21.5403965  stream-2
  1 2413      96.99398804    19.8232397  stream-2
  1 2414      96.91487122    22.6145087  stream-2
  1 2416      96.53025055    23.8163935  stream-2
  1 2419      96.99343872    28.1289798  stream-2
  1 2429      96.93178558    34.0203303  stream-2
  1 2162      92.95631409    44.1989410  stream-3
  1 2164      91.04825592    45.2290798  stream-3
  1 2165      91.45989227    44.3239085  stream-3
  1 2166      91.30890656    45.0761792  stream-3
  1 2167      90.90287781    45.8289979  stream-3
  1 2168      90.85562134    45.9796428  stream-3
  1 2171      91.30867767    44.3375587  stream-3
  1 2173      91.78815460    44.3428775  stream-3
  1 2178      92.62166595    44.6136931  stream-3
  1 2180      92.37626648    44.9711478  stream-3
  1 2183      92.14665985    44.8434812  stream-3
  1 2185      91.85453033    44.2173077  stream-3
  1 2190      90.46047974    45.7857743  stream-3
  1 2191      90.74297333    45.6407823  stream-3
  1 2193      90.68501282    45.7663441  stream-3
  1 2196      90.29386902    46.0798115  stream-3
  1 2199      90.96051025    46.5128907  stream-3
  1 2200      90.07701111    46.8129074  stream-3
  1 2202      90.59310913    46.9920886  stream-3
  1 2207      90.82277679    46.7930872  stream-3
  1 2214      90.06117249    46.5373014  stream-3
  1 2216      89.72788239    46.2494451  stream-3
  1 2219      89.56758881    45.8161403  stream-3
  1 2220      91.08982849    45.9364765  stream-3
  1 2222      90.95513153    45.8932978  stream-3
  1 2238      86.42504883    49.6795905  stream-3
  1 2239      85.75097656    49.6191396  stream-3
  1 2242      85.61947632    49.6804588  stream-3
  1 2243      85.50241852    49.8106522  stream-3
  1 2250      85.22930145    50.0872578  stream-3
  1 2251      85.57999420    50.4441610  stream-3
  1 2254      85.84234619    50.7880199  stream-3
  1 2429      96.93178558    34.0203303  stream-3
  1 2430      97.05606842    34.2778913  stream-3
  1 2432      96.69277191    33.8944218  stream-3
  1 2435      96.67712402    33.8501397  stream-3
  1 2436      96.80047607    34.8229040  stream-3
  1 2449      93.87799835    43.3218219  stream-3
  1 2450      92.17015839    43.5649191  stream-3
  1 2451      93.28630829    43.1562267  stream-3
  1 2454      92.74793243    43.4592677  stream-3
  1 2456      92.35603333    43.8908845  stream-3
  1 2463      93.18731689    43.6672602  stream-3
  1 2465      92.86986542    42.9143927  stream-3
  1 2466      92.91248322    43.8348092  stream-3
  1 2471      92.90560150    42.1247850  stream-3
  1 2472      93.38376617    41.5771667  stream-3
  1 2473      93.26101685    41.7557589  stream-3
  1 2484      90.28367615    46.0553983  stream-3
  1 2486      89.77394867    46.4465324  stream-3
  1 2489      89.15487671    47.0306296  stream-3
  1 2491      88.97657013    47.6322336  stream-3
  1 2498      89.38697052    47.9208660  stream-3
  1 2501      88.89472961    47.9458471  stream-3
  1 2503      88.74118805    47.7578964  stream-3
  1 2506      89.22682190    47.3033188  stream-3
  1 2507      88.41437531    47.2355195  stream-3
  1 2509      88.75275421    47.0033316  stream-3
  1 2516      89.03417969    47.2278547  stream-3
  1 2525      88.15918732    47.8257056  stream-3
  1 2528      86.42488098    49.9041907  stream-3
  1 2530      86.12651062    49.9857582  stream-3
  1 2532      86.79183960    49.6518785  stream-3
  1 2533      86.37104034    49.8501732  stream-3
  1 2534      86.47153473    49.3583798  stream-3
  1 2536      87.06861877    49.8873492  stream-3
  1 2544      86.92293549    48.7255848  stream-3
  1 2546      86.65032959    48.4514345  stream-3
  1 2547      86.79050446    49.0071297  stream-3
  1 2551      87.08755493    48.0704811  stream-3
  1 2552      86.91584778    48.2287428  stream-3
  1 2553      86.98997498    47.9763106  stream-3
  1 2561      86.68083191    50.8067187  stream-3
  1 2562      85.74175262    50.9709894  stream-3
  1 2567      84.87522125    50.9778287  stream-3
  1 2569      84.95059967    50.8819667  stream-3
  1 2570      84.52828217    50.8301551  stream-3
  1 2573      84.98531342    50.7275709  stream-3
  1 2576      84.31005859    50.7569201  stream-3
  1 2577      84.54183960    50.8666044  stream-3
  1 2579      84.35810089    50.8978032  stream-3
  1 2589      84.51873779    51.2261663  stream-3
  1 2590      84.69918823    51.5092171  stream-3
  1 2597      84.46475983    51.8956948  stream-3
  1 2598      84.09183502    51.9727163  stream-3
  1 2600      84.28419495    51.5711827  stream-3
  1 2603      83.94996643    51.8246017  stream-3
  1 2604      83.80719757    51.9709233  stream-3
  1 2609      83.65402222    51.9947235  stream-3
  1 2610      83.60797882    51.9421169  stream-3
  1 2613      83.64704132    51.8961390  stream-3
  1 2623      83.41536713    52.9801774  stream-3
  1 2625      83.69917297    52.5310438  stream-3
  1 2626      82.87338257    52.1576192  stream-3
  1 2627      82.79166412    52.4034949  stream-3
  1 2628      82.86293793    52.7801143  stream-3
  1 2629      82.50657654    52.9206439  stream-3
  1 2634      82.21463776    52.9912647  stream-3
  1 2635      82.33363342    52.9239729  stream-3
  1 2636      82.08522797    52.8408225  stream-3
  1 2637      81.91346741    52.8539503  stream-3
  1 2638      82.43247223    52.8545247  stream-3
  1 2647      81.99359894    52.9723464  stream-3
  1 2648      81.90988159    53.1934106  stream-3
  1 2651      81.83503723    53.4721935  stream-3
  1 2652      81.67222595    53.7376956  stream-3
  1 2657      81.12914276    53.9236336  stream-3
  1 2658      81.22020721    53.9980188  stream-3
  1 2660      81.43170929    53.9476475  stream-3
  1 2663      81.06340790    53.9322261  stream-3
  1 2664      80.75827026    53.8684783  stream-3
  1 2671      81.81497955    53.8118018  stream-3
  1 2674      80.66872406    53.7732367  stream-3
  1 2675      80.52188873    53.8032512  stream-3
  1 2678      80.77993011    53.9103376  stream-3
  1 2680      80.56281281    53.9208087  stream-3
  1 2681      80.21588135    54.1257407  stream-3
  1 2686      80.26549530    54.3748144  stream-3
  1 2687      80.31232452    54.6256419  stream-3
  1 2690      80.32213593    54.8312391  stream-3
  1 2697      80.19546509    54.8276066  stream-3
  1 2698      80.03573608    54.9519230  stream-3
  1 2708      79.88198090    54.9642300  stream-3
  1 2711      79.66866302    54.9207484  stream-3
  1 2712      79.43376923    54.9229246  stream-3
  1 2717      79.19698334    55.8246919  stream-3
  1 2718      79.39548492    55.0601476  stream-3
  1 2719      78.99341583    55.2747903  stream-3
  1 2720      78.95640564    55.0126906  stream-3
  1 2722      78.66686249    55.5279143  stream-3
  1 2723      78.76961517    55.7492345  stream-3
  1 2726      79.73670959    54.9887977  stream-3
  1 2727      79.72031403    54.9596159  stream-3
  1 2738      78.76328278    55.9808139  stream-3
  1 2739      78.37669373    55.9614795  stream-3
  1 2740      78.43695068    55.9946742  stream-3
  1 2741      78.14183044    55.9437779  stream-3
  1 2742      78.00662231    55.8937996  stream-3
  1 2747      77.85672760    55.9037729  stream-3
  1 2748      77.76968384    56.0317530  stream-3
  1 2751      77.65932465    56.2804035  stream-3
  1 2752      77.51130676    56.5806981  stream-3
  1 2762      77.22603607    56.8338845  stream-3
  1 2763      77.05780792    56.9746136  stream-3
  1 3058      96.65835571    35.6641314  stream-3
  1 3069      96.34697723    35.8039534  stream-3
  1 3070      96.41296387    35.6556243  stream-3
  1 3072      96.19615173    36.1156537  stream-3
  1 3075      96.29763031    36.8527736  stream-3
  1 3081      95.99910736    36.5923575  stream-3
  1 3083      96.35601807    36.1219317  stream-3
  1 3084      95.88799286    36.6083939  stream-3
  1 3091      96.17773438    37.2234133  stream-3
  1 3093      96.49055481    37.7664119  stream-3
  1 3104      94.14205170    42.7243080  stream-3
  1 3106      93.95143890    41.9787997  stream-3
  1 3109      95.85224152    37.9809304  stream-3
  1 3112      95.54798889    38.0274950  stream-3
  1 3114      95.29113007    38.4752907  stream-3
  1 3115      95.84571838    38.8481190  stream-3
  1 3118      94.23834229    41.7582207  stream-3
  1 3119      94.11009979    41.7725306  stream-3
  1 3120      94.02404785    41.8105386  stream-3
  1 3123      94.37925720    40.6253494  stream-3
  1 3125      94.26238251    40.6983071  stream-3
  1 3126      94.39561462    41.0732069  stream-3
  1 3130      93.32517242    41.9540697  stream-3
  1 3132      93.75753784    42.6246688  stream-3
  1 3135      94.24893188    42.8307829  stream-3
  1 3153      88.64907074    47.3378724  stream-3
  1 3154      87.88159943    47.9166422  stream-3
  1 3156      88.81358337    48.1299520  stream-3
  1 3159      88.32791138    48.7590248  stream-3
  1 3160      88.10182953    48.9849745  stream-3
  1 3164      87.60337067    48.3272452  stream-3
  1 3165      87.67176056    48.8319718  stream-3
  1 3166      87.81090546    48.4771778  stream-3
  1 3167      87.22875214    48.0458583  stream-3
  1 3168      87.41751099    47.8499867  stream-3
  1 3605      95.10905457    38.9846140  stream-3
  1 3607      95.31861115    38.9023364  stream-3
  1 3610      95.20740509    39.2686065  stream-3
  1 3613      94.97933960    39.4222879  stream-3
  1 3614      94.65171814    39.9269266  stream-3
  1 3617      94.44202423    40.7696520  stream-3
  1 3618      95.78227234    40.8714179  stream-3
  1 3619      95.07302094    40.1770653  stream-3
  1 3622      95.75080872    39.9783866  stream-3
