  1.33769037342E-03
  1.32920961412E-03
  1.45337448804E-03
  1.66203571935E-03
  1.90818076730E-03
  2.11730825343E-03
  2.29780363932E-03
  2.49639406026E-03
  2.59532615793E-03
  2.77111106636E-03
  2.81452735527E-03
  2.89043546665E-03
  3.03929736963E-03
  3.17585015553E-03
  3.25353945174E-03
  3.75798967137E-03
  4.13207186621E-03
  4.58519277925E-03
  6.04619454916E-03
  8.06973088144E-03
  1.04618227073E-02
  1.49180595186E-02
  1.86371648241E-02
  2.93320803626E-02
  3.86601357562E-02
  5.74772418508E-02
  7.60676495435E-02
  0.10605008652    
  0.12188544757    
  0.14478039476    
  0.17548661339    
  0.20333668662    
  0.23755418636    
  0.26058508822    
  0.27985932040    
  0.29209626706    
  0.30539506353    
  0.30653365133    
  0.30715721930    
  0.31283715416    
  0.31864393347    
  0.29787683481    
  0.29169312376    
  0.28878560496    
  0.28848532060    
  0.29149457786    
  0.28896985665    
  0.29756530844    
  0.29201178432    
  0.29167232735    
  0.29503304636    
  0.29215708115    
  0.31088506465    
  0.30667658955    
  0.31934771715    
  0.31749740807    
  0.30428129186    
  0.30399193802    
  0.30479656063    
  0.30448275346    
  0.30369604556    
  0.30416356768    
  0.30702595175    
  0.30668805807    
  0.31233741532    
  0.30715792567    
  0.28308213805    
  0.28358183661    
  1.35997902672E-03
  1.32012552990E-03
  1.50431932158E-03
  1.72739122228E-03
  1.97205771166E-03
  2.18931077969E-03
  2.33261721213E-03
  2.50372795616E-03
  2.69750363537E-03
  2.85750973469E-03
  2.82550114724E-03
  2.92627420776E-03
  3.08074903968E-03
  3.07829287017E-03
  3.24993306382E-03
  3.59848260328E-03
  3.87932810626E-03
  4.43810802084E-03
  5.88107710474E-03
  7.60522550428E-03
  1.02627962926E-02
  1.42648351861E-02
  2.06371443771E-02
  2.91945289767E-02
  3.88979779984E-02
  5.39952787064E-02
  7.61972797924E-02
  9.60334776720E-02
  0.12103524502    
  0.14920863739    
  0.18168645561    
  0.21232004888    
  0.24453926270    
  0.27149713091    
  0.29297287794    
  0.30765049776    
  0.31732311189    
  0.31774215697    
  0.32104930745    
  0.32484815695    
  0.32284535197    
  0.32557540085    
  0.32543876152    
  0.32670963105    
  0.32614897732    
  0.32602379796    
  0.32656909335    
  0.32640082548    
  0.31279164065    
  0.31835620567    
  0.32283305811    
  0.32784566862    
  0.32701965455    
  0.32674149135    
  0.32744509749    
  0.32704390078    
  0.32643767307    
  0.32783111376    
  0.32816397327    
  1.52116811687E-03
  1.54653783259E-03
  1.71717312966E-03
  1.92699847209E-03
  2.15543191422E-03
  2.38661163068E-03
  2.59638489600E-03
  2.74063039869E-03
  2.88077627064E-03
  3.07115927600E-03
  3.04136963579E-03
  3.04688803385E-03
  3.09787263568E-03
  3.14175995014E-03
  3.26428555726E-03
  3.49639193083E-03
  3.83226951117E-03
  4.29186606525E-03
  5.25640995461E-03
  6.68468434438E-03
  9.29185534754E-03
  1.30024545910E-02
  1.84281975494E-02
  2.61433925433E-02
  3.67878667562E-02
  5.20271572341E-02
  6.97342475806E-02
  9.16642361746E-02
  0.12005467212    
  0.15061974604    
  0.18228826003    
  0.21767535290    
  0.25332226302    
  0.28065658843    
  0.30391214119    
  0.32425684498    
  0.33099224688    
  0.33147640055    
  0.32477401111    
  0.32352208299    
  0.32501414543    
  0.32378504654    
  0.32696196044    
  0.32536472301    
  0.32314651877    
  0.32501387467    
  0.32194438406    
  0.32064803452    
  0.32143986791    
  0.32095817406    
  0.32167728859    
  0.32577540360    
  0.32107926563    
  0.32177417127    
  0.32312691783    
  0.32173426575    
  0.32292081251    
  0.32259032045    
  0.32216198362    
  0.32166159244    
  1.59338091012E-03
  1.64408381063E-03
  1.84496962407E-03
  2.09623736376E-03
  2.40636513762E-03
  2.62330018204E-03
  2.92214466252E-03
  2.99124346884E-03
  3.07065038560E-03
  3.18088046768E-03
  3.16350966825E-03
  3.11568801271E-03
  3.15731510500E-03
  3.20527766873E-03
  3.22783028415E-03
  3.38088128309E-03
  3.55188817420E-03
  3.96209257583E-03
  4.62161788176E-03
  5.72917071720E-03
  7.53945740399E-03
  1.12558168132E-02
  1.56567964690E-02
  2.29478622897E-02
  3.33822478250E-02
  4.84251826623E-02
  6.49084165100E-02
  8.65737962610E-02
  0.11697614295    
  0.14267368053    
  0.17632348461    
  0.21250555710    
  0.24777662143    
  0.27401746122    
  0.30445065147    
  0.32686819813    
  0.32589636615    
  0.32375182577    
  0.32318503489    
  0.32342537301    
  0.32225310300    
  0.32270418404    
  0.32160220947    
  0.32147343653    
  0.32198383834    
  0.32109953294    
  0.32159799885    
  0.31550029127    
  0.32059102844    
  0.32169722747    
  0.31235674607    
  0.31123185326    
  0.31155935009    
  0.31019580322    
  0.31651671045    
  0.31525152690    
  0.30952339854    
  0.31837692603    
  0.30817316933    
  0.32111078637    
  1.65704868737E-03
  1.70563695668E-03
  1.91589099871E-03
  2.20427324518E-03
  2.52265643928E-03
  2.77094917138E-03
  2.95001581704E-03
  3.12402913133E-03
  3.24623875092E-03
  3.26399576370E-03
  3.24124771253E-03
  3.09589112467E-03
  3.07431995887E-03
  3.06039623933E-03
  3.01378043358E-03
  3.10610153220E-03
  3.21171507582E-03
  3.44965570697E-03
  3.95261310211E-03
  4.75720311687E-03
  6.05201246754E-03
  8.33578711856E-03
  1.31889060423E-02
  1.89037448727E-02
  2.74003406893E-02
  4.09183738470E-02
  5.81895851233E-02
  7.86820154453E-02
  0.11035437889    
  0.13081429129    
  0.16509436196    
  0.20160196404    
  0.23814674345    
  0.26252151506    
  0.29488621703    
  0.31228808364    
  0.32602757554    
  0.31477769300    
  0.31039438443    
  0.31758145559    
  0.30688139262    
  0.30714651752    
  0.30835294373    
  0.30712257281    
  0.30664213992    
  0.30808816001    
  0.30570212782    
  0.30715707804    
  0.30954082303    
  0.30504323080    
  0.30465133545    
  0.30299779738    
  0.30141964492    
  0.30190344886    
  0.30068430631    
  0.30016241888    
  0.29847042772    
  0.29879552309    
  0.29725422929    
  1.69277123528E-03
  1.75552521826E-03
  1.94095104948E-03
  2.25674347195E-03
  2.53334555731E-03
  2.76770354235E-03
  2.94268771308E-03
  3.13784639205E-03
  3.26486050716E-03
  3.16736413589E-03
  3.06856672940E-03
  2.93187327782E-03
  2.88997799182E-03
  2.74413660608E-03
  2.67327855562E-03
  2.74705801911E-03
  2.76763096845E-03
  2.88564526982E-03
  3.08410933680E-03
  3.64491384461E-03
  4.50579906426E-03
  6.15319419650E-03
  1.04669273844E-02
  1.44720376764E-02
  2.21066235350E-02
  3.34675859372E-02
  4.58229567830E-02
  6.71688488749E-02
  9.34297443569E-02
  0.11958701212    
  0.14866419327    
  0.17808414055    
  0.21002863718    
  0.24179749923    
  0.27251870311    
  0.28742602614    
  0.29478377854    
  0.29738643986    
  0.29732596301    
  0.29563251347    
  0.29442924032    
  0.29413716093    
  0.29345400278    
  0.29371590766    
  0.29119683715    
  0.28687119315    
  0.28637245098    
  0.28334937924    
  0.28306247777    
  0.28034521976    
  0.29423694500    
  0.28749054168    
  0.29066990000    
  0.28876207155    
  0.28743464332    
  0.28047242962    
  0.28044121606    
  0.27909381168    
  0.27783226693    
  0.27765037833    
  0.27447228634    
  1.70492797612E-03
  1.74680434401E-03
  1.94149753934E-03
  2.22347292069E-03
  2.49131441834E-03
  2.73012596643E-03
  2.93623648922E-03
  3.01873886909E-03
  3.03135463229E-03
  2.96746676975E-03
  2.84342860623E-03
  2.69740709164E-03
  2.54517867377E-03
  2.39589309819E-03
  2.26550777530E-03
  2.26092658460E-03
  2.30025871162E-03
  2.31229360335E-03
  2.39337390743E-03
  2.69236402378E-03
  3.32670213901E-03
  4.71289763904E-03
  7.00227169290E-03
  9.71066099047E-03
  1.68569525935E-02
  2.66939935332E-02
  3.81754935867E-02
  5.66437213245E-02
  8.01104856724E-02
  0.10395768130    
  0.12851158238    
  0.15503901878    
  0.18853118237    
  0.21987678681    
  0.24448878289    
  0.25448767315    
  0.26733854705    
  0.27888767923    
  0.27622664055    
  0.27702577836    
  0.27234212052    
  0.27073442365    
  0.26524557840    
  0.25945093796    
  0.27612321284    
  0.26593761985    
  0.26659159475    
  0.26471530816    
  0.26510249437    
  0.26334438575    
  0.26342948792    
  0.26182424674    
  0.26270823390    
  0.26131966949    
  0.25634958900    
  0.25982267351    
  0.25474836082    
  0.25282803038    
  0.25302743018    
  0.24628196271    
  0.24610939065    
  1.69295890609E-03
  1.69993296056E-03
  1.95291075616E-03
  2.24020890635E-03
  2.53369823352E-03
  2.72887438525E-03
  2.92811697873E-03
  2.96548193091E-03
  2.91053326126E-03
  2.85659536370E-03
  2.71994823253E-03
  2.47318284013E-03
  2.22660847459E-03
  2.05697122283E-03
  1.89190146474E-03
  1.82644942383E-03
  1.76387232154E-03
  1.68596981412E-03
  1.72499656970E-03
  1.88244164477E-03
  2.24667562681E-03
  2.94159958461E-03
  4.71336336978E-03
  8.44531949749E-03
  1.11135564045E-02
  1.81168214422E-02
  2.96380068844E-02
  4.64623979754E-02
  6.63195214265E-02
  8.50389578646E-02
  0.10497628317    
  0.13260894396    
  0.16536813347    
  0.19460376548    
  0.21189226515    
  0.22857564535    
  0.23668531666    
  0.24901829125    
  0.24783077488    
  0.23389118939    
  0.23460241448    
  0.24509304010    
  0.24497566870    
  0.24831868605    
  0.24360531210    
  0.24610926606    
  0.24146015244    
  0.24467419504    
  0.24433066003    
  0.24268509582    
  0.23466440618    
  0.23128321544    
  0.23039277229    
  0.22475137717    
  0.22396607248    
  0.22084692473    
  0.22475095433    
  0.22343098317    
  0.22173017258    
  0.21967457738    
  1.67287355269E-03
  1.71606130622E-03
  2.01578643305E-03
  2.34652748961E-03
  2.69392901054E-03
  2.94516966333E-03
  3.13835019626E-03
  3.02390638435E-03
  3.04946581898E-03
  2.85072816243E-03
  2.80763244178E-03
  2.56090636916E-03
  2.20726218923E-03
  1.84769815926E-03
  1.58036470947E-03
  1.49762613427E-03
  1.39547802096E-03
  1.29860843538E-03
  1.23951223243E-03
  1.31770678542E-03
  1.21141474792E-03
  1.53947924778E-03
  2.80080311395E-03
  4.88554019059E-03
  7.58993874715E-03
  1.27472641526E-02
  2.30049701911E-02
  3.54412488222E-02
  5.20128407307E-02
  7.26500224122E-02
  9.44496889872E-02
  0.11593974536    
  0.13780097863    
  0.15947235670    
  0.18537060738    
  0.20229102311    
  0.21170279439    
  0.21790722798    
  0.21715493040    
  0.20717998448    
  0.20877469626    
  0.21803173469    
  0.21742592377    
  0.21232457753    
  0.21351724579    
  0.21768612824    
  0.21764405727    
  0.21575620183    
  0.21576351957    
  0.21387372199    
  0.21385279105    
  0.21176598642    
  0.21179420442    
  0.20048610483    
  0.20850472651    
  0.20060231620    
  0.19633890339    
  0.20895619045    
  0.20984663160    
  0.20522002333    
  0.20721015760    
  0.20323102742    
  0.20363938794    
  0.19591497277    
  0.20185115672    
  1.74777740461E-03
  1.90799692720E-03
  2.33577242022E-03
  2.77866242603E-03
  3.17162811517E-03
  3.55468561147E-03
  3.89169218195E-03
  3.92202157225E-03
  3.76039436297E-03
  3.45261456724E-03
  3.23477586242E-03
  3.00822211235E-03
  2.66775493495E-03
  2.08957395839E-03
  1.79069173822E-03
  1.41473315912E-03
  1.06986101737E-03
  1.07550336098E-03
  1.03746024515E-03
  9.24354728463E-04
  8.06542163392E-04
  1.06738622066E-03
  1.88069602394E-03
  3.34524390751E-03
  6.18796995664E-03
  9.56698354653E-03
  1.66797985981E-02
  2.75617764086E-02
  4.21554357833E-02
  5.97960302620E-02
  7.84969117655E-02
  9.88173236382E-02
  0.12026105183    
  0.14230344239    
  0.16114800534    
  0.17389213184    
  0.18331545529    
  0.19192200071    
  0.19475717405    
  0.18170130090    
  0.17987666386    
  0.19720578011    
  0.19450748725    
  0.19446607493    
  0.19158781391    
  0.19416590901    
  0.19455424126    
  0.19256110483    
  0.19298646756    
  0.20065864429    
  0.19913629606    
  0.19062666549    
  0.18920390112    
  0.18785267742    
  0.17837359182    
  0.18808609903    
  0.18658805165    
  0.18539371303    
  0.18575189676    
  0.17940838249    
  0.17832280330    
  2.30129576969E-03
  2.42899015436E-03
  2.87051362584E-03
  3.49181392140E-03
  4.07796790371E-03
  4.64925513215E-03
  5.22327219930E-03
  5.37602297461E-03
  5.40148182430E-03
  5.05742408113E-03
  4.66694439303E-03
  4.22172967981E-03
  3.78751420256E-03
  3.19948148082E-03
  2.45896651179E-03
  1.62510552762E-03
  1.40126131766E-03
  1.14505475359E-03
  7.19101901799E-04
  8.61589658057E-04
  8.01145108558E-04
  1.04714349168E-03
  1.51586214117E-03
  2.67213755813E-03
  5.45890083877E-03
  9.09587809893E-03
  1.44682747627E-02
  2.31007371607E-02
  3.54405941680E-02
  5.06894224066E-02
  6.86891011041E-02
  8.79755695027E-02
  0.10539479836    
  0.12722845750    
  0.14197039381    
  0.15428294964    
  0.16411444199    
  0.17251269711    
  0.17298836973    
  0.16485121843    
  0.16715655912    
  0.17559039165    
  0.18262614185    
  0.17176461807    
  0.17511124266    
  0.17804374606    
  0.17726316855    
  0.17448798502    
  0.17444975325    
  0.17309412115    
  0.17170434839    
  0.17043095924    
  0.17177968164    
  0.16548329332    
  0.16955046622    
  0.16488223615    
  0.16597394814    
  0.16908249145    
  0.16952905110    
  0.16815312548    
  0.16861081461    
  0.16719787518    
  0.16767493838    
  0.16612124392    
  0.16547211747    
  3.10464099797E-03
  2.95986570652E-03
  3.84988542059E-03
  4.79260740433E-03
  6.03947270895E-03
  6.95190637441E-03
  7.68148808153E-03
  8.13129876174E-03
  8.29894816102E-03
  8.23120035889E-03
  7.52190398372E-03
  6.72154585712E-03
  6.04974178319E-03
  4.82910747484E-03
  3.89276973985E-03
  2.79918421521E-03
  2.23632153863E-03
  1.64592337489E-03
  1.03115370798E-03
  9.57187021481E-04
  1.24615782797E-03
  1.69486101195E-03
  2.58396628239E-03
  3.80752759344E-03
  5.65239329450E-03
  9.72830584921E-03
  1.48204912962E-02
  2.22344005993E-02
  3.39554965993E-02
  4.86549221634E-02
  6.47190638464E-02
  8.09543356111E-02
  9.75314346639E-02
  0.11469148319    
  0.12997599941    
  0.14123063103    
  0.14786565499    
  0.15370004603    
  0.15767092967    
  0.14810031193    
  0.15015650305    
  0.15922871689    
  0.16351017120    
  0.15793466229    
  0.15796388499    
  0.16492788861    
  0.16548266480    
  0.16383674569    
  0.16284443222    
  0.15530176475    
  0.15383758850    
  0.15537093918    
  0.15695640632    
  0.15464999587    
  0.15626050294    
  0.14938997216    
  0.15400206514    
  0.15436416075    
  0.15341153576    
  0.15376125000    
  0.15448413721    
  3.69598402194E-03
  4.10838002047E-03
  5.78094908756E-03
  7.52208299654E-03
  9.27777152035E-03
  1.09084671736E-02
  1.26563421216E-02
  1.37377562228E-02
  1.44631696859E-02
  1.41192270703E-02
  1.32920295850E-02
  1.23347413293E-02
  1.08718640918E-02
  8.57686971253E-03
  7.12599711366E-03
  5.37553463968E-03
  3.52339195606E-03
  3.18799775916E-03
  1.94235710453E-03
  1.23156398446E-03
  1.47840483390E-03
  2.31790916184E-03
  4.45188372289E-03
  6.15706400656E-03
  9.07730568614E-03
  1.31272083489E-02
  1.88592695466E-02
  2.67542244453E-02
  3.68632062357E-02
  4.92883243383E-02
  6.40203675318E-02
  8.02990127761E-02
  9.49388594453E-02
  0.10926963731    
  0.12264388954    
  0.13231015500    
  0.13837782329    
  0.14362237676    
  0.14746446412    
  0.14596251098    
  0.14420395042    
  0.14484289743    
  0.13988093023    
  0.14320975873    
  0.14393756330    
  0.14239268907    
  0.14310599459    
  0.14301854685    
  0.14224692096    
  0.14102325074    
  0.14632837279    
  0.15020291580    
  0.14969017542    
  0.14545292905    
  0.14578842510    
  0.14501842865    
  0.14534178610    
  0.14920067964    
  0.14459169966    
  0.14491165769    
  0.14376456072    
  0.14171197345    
  5.38151893956E-03
  6.63116723450E-03
  7.97330977619E-03
  9.07960408523E-03
  1.41487182012E-02
  1.73382738460E-02
  2.06846586319E-02
  2.19577506342E-02
  2.31987108804E-02
  2.37746477975E-02
  2.25746860163E-02
  2.09532588625E-02
  1.87766606961E-02
  1.56167915571E-02
  1.27064333153E-02
  7.18114927794E-03
  2.30217758096E-03
  3.60261956862E-03
  2.28188604589E-03
  8.51274485603E-04
  9.12728761745E-04
  2.78081406305E-03
  7.60272410515E-03
  1.09782177611E-02
  1.45792623286E-02
  2.00807210719E-02
  2.61473292122E-02
  3.47543721008E-02
  4.28047423552E-02
  5.66143458718E-02
  6.73516234587E-02
  8.31217250806E-02
  9.72950613264E-02
  0.11042298359    
  0.12077343914    
  0.12805544760    
  0.13254830741    
  0.13539069548    
  0.13062748774    
  0.13301719080    
  0.13737375296    
  0.13818133601    
  0.13495761518    
  0.13738661890    
  0.13894389257    
  0.13965104619    
  0.14003172628    
  0.13986464204    
  0.14218261518    
  0.13867618604    
  0.13916117784    
  0.13831399305    
  0.13879110678    
  0.14137616502    
  0.14108972872    
  0.13426955889    
  0.13700183516    
  0.13526948243    
  0.13563494294    
  0.13706028463    
  0.13353863427    
  0.13469643450    
  0.13801118824    
  0.13847911881    
  0.13585498626    
  0.13822243621    
  0.13684364230    
  0.13669919189    
  7.88833128847E-03
  7.54514560979E-03
  5.81089209339E-03
  7.06481507236E-03
  1.54488912460E-02
  2.35508200072E-02
  3.13804249365E-02
  3.14659864456E-02
  3.40197196171E-02
  3.79490727801E-02
  3.67073821988E-02
  3.46986849208E-02
  3.05761919572E-02
  2.70126185410E-02
  2.28535919589E-02
  1.15170578756E-02
  3.31875893330E-04
  8.33424547471E-03
  3.45071024555E-03
  2.01337529782E-04
  5.47475971478E-04
  2.42674400250E-03
  6.18703852077E-03
  1.36878625300E-02
  2.12771746688E-02
  3.02474372762E-02
  3.73992216670E-02
  4.57362297890E-02
  5.58203181731E-02
  6.84426470020E-02
  7.96371907203E-02
  9.22590425240E-02
  0.10448222323    
  0.11655559945    
  0.12465574452    
  0.12904680452    
  0.13034531754    
  0.13223032816    
  0.13316705739    
  0.13193899221    
  0.13292743577    
  0.13179584304    
  0.13298846390    
  0.13321213709    
  0.13366151206    
  0.13294069432    
  0.13312177585    
  0.13314899269    
  0.13331016639    
  0.13365216317    
  0.13415335801    
  0.13457861592    
  0.13407014505    
  0.13434518134    
  0.13344400765    
  0.13375862984    
  0.13348847625    
  0.13377810645    
  0.13403096343    
  0.13343512365    
  0.13307143113    
  0.13327572622    
  0.13316699142    
  0.13335770452    
  0.13329128720    
  0.13470322025    
  1.10032542173E-02
  8.61281172778E-03
  4.40855407201E-03
  5.25486195184E-03
  2.44779769013E-02
  2.81883888310E-02
  3.16857421742E-02
  3.48816330976E-02
  3.46755446137E-02
  3.78357288214E-02
  3.95610098745E-02
  4.08611426100E-02
  4.33519206715E-02
  3.91470623147E-02
  4.18861699338E-02
  4.60038792869E-02
  4.63247889705E-02
  4.65622546799E-02
  5.83156718959E-02
  5.50146097182E-02
  5.31218620707E-02
  4.80532848754E-02
  4.24930835537E-02
  3.79203207089E-02
  2.91398055781E-02
  1.09329899241E-03
  8.65547674916E-03
  8.68771208924E-03
  3.06674263949E-03
  2.39333130903E-03
  2.59455660548E-03
  4.32917897332E-03
  1.71411372883E-02
  3.60008034657E-02
  4.41328419661E-02
  5.35369527135E-02
  6.36813780587E-02
  7.44303706600E-02
  8.58831426403E-02
  9.69429148886E-02
  0.10872226909    
  0.11690409786    
  0.12597373225    
  0.12825097355    
  0.12730257882    
  0.13325205568    
  0.13298577764    
  0.13141983874    
  0.13331137675    
  0.13366882017    
  0.13365329017    
  0.13368667708    
  0.13401876135    
  0.13447873373    
  0.13469528938    
  0.13446170752    
  0.13539870158    
  0.13383668390    
  0.13458870106    
  0.13417014163    
  0.13419046911    
  0.13521020606    
  0.13461024070    
  0.13473400681    
  0.13598492275    
  0.13535898819    
  0.13524330967    
  0.13574839944    
  0.13558833574    
  0.13449811910    
  0.13447187994    
  0.13482071372    
  0.13513597017    
  0.13544172750    
  1.34191107787E-02
  1.20503787459E-02
  1.12910954324E-02
  2.25835272505E-02
  3.59202001115E-02
  4.11910571242E-02
  4.02363750622E-02
  4.70716781540E-02
  4.13091138220E-02
  4.04484411333E-02
  4.58811875300E-02
  4.34340454799E-02
  3.86065749674E-02
  4.25561856982E-02
  4.12210351736E-02
  4.28382585155E-02
  4.51406901294E-02
  4.48172229123E-02
  4.49855786334E-02
  4.46345336120E-02
  4.72105634302E-02
  4.74244281078E-02
  4.71184220925E-02
  4.53080112354E-02
  4.41339408878E-02
  4.67407041254E-02
  4.82554997173E-02
  4.89995609636E-02
  4.99197867637E-02
  4.62387965172E-02
  4.59237080493E-02
  4.80213235642E-02
  5.00527593018E-02
  4.98205083794E-02
  5.18668163980E-02
  5.87065437512E-02
  4.40604982078E-02
  4.61983934338E-02
  4.44992720054E-02
  4.43336991255E-02
  5.24348830993E-02
  4.69388953883E-02
  4.80285363199E-02
  4.99394423386E-02
  4.97278330319E-02
  5.17127650730E-02
  4.79749259523E-02
  4.93258590674E-02
  5.19763463599E-02
  5.23537777185E-02
  5.38974381530E-02
  5.48193636663E-02
  5.28425021900E-02
  5.34547544428E-02
  5.59252428527E-02
  5.60489692143E-02
  4.93441819723E-02
  5.40756254803E-02
  5.42291702934E-02
  5.94213610336E-02
  5.74704570528E-02
  6.05872731196E-02
  6.26568873409E-02
  6.41204669010E-02
  5.02187787575E-02
  5.07041713330E-02
  5.40796583711E-02
  5.43659401719E-02
  5.64935327203E-02
  5.60028080997E-02
  5.39867233743E-02
  4.99085648632E-02
  4.96865655734E-02
  5.39062739166E-02
  5.20991987245E-02
  5.83342687713E-02
  5.74937212983E-02
  6.02787128593E-02
  5.91337027310E-02
  5.86334729458E-02
  5.82403074657E-02
  6.11859049208E-02
  6.07220543032E-02
  6.46290977627E-02
  6.64130523617E-02
  5.76898682439E-02
  5.60412291921E-02
  5.99125340755E-02
  6.42631242202E-02
  6.09202460621E-02
  6.78987644609E-02
  6.71868784604E-02
  6.95748883180E-02
  7.04731844026E-02
  6.57819773570E-02
  6.38443183621E-02
  6.92911344940E-02
  6.52910516926E-02
  4.74236713938E-02
  4.43296584862E-02
  5.46799352141E-02
  4.52639025971E-02
  5.92357715912E-02
  4.83034169839E-02
  3.82973952285E-02
  3.30973573302E-02
  3.59031834819E-02
  2.55550499321E-02
  4.87226972178E-02
  6.02790512325E-02
  3.09095799709E-02
  3.33902566716E-02
  2.09838483756E-02
  2.31171194057E-02
  3.93456990893E-02
  4.78642713977E-02
  3.01818850210E-02
  4.02754021933E-02
  6.37261570291E-02
  6.90590472721E-02
  6.09786535922E-02
  7.95611076462E-02
  7.75054429199E-02
  6.29599750705E-02
  6.45298682374E-02
  4.93877568812E-02
  4.60380551539E-02
  7.45414754308E-03
  4.26023221615E-03
  2.36416985669E-02
  1.62271467279E-02
  6.52706967889E-03
  4.71200621890E-03
  2.97677176872E-03
  2.11066851559E-02
  4.93571988455E-02
  6.21143819427E-02
  7.71458447991E-02
  8.72897912661E-02
  9.84406897366E-02
  0.10766993537    
  0.11853631487    
  0.13018216977    
  0.13565617256    
  0.13625717355    
  0.13297370161    
  0.13884458719    
  0.13695284524    
  0.13446902777    
  0.13784826597    
  0.13340008731    
  0.14323570378    
  0.13271529418    
  0.12495826550    
  0.13934771973    
  0.13439262994    
  0.12914279516    
  0.13299655751    
  0.12830988614    
  0.12952411678    
  0.13612491612    
  0.13662495128    
  0.13710307202    
  0.13695207448    
  0.13026926693    
  0.12786723641    
  0.12988183019    
  0.12756904621    
  0.13746254085    
  0.12125509813    
  0.12922532337    
  0.12713083268    
  0.12863763342    
  0.12659921587    
  0.12696964053    
  0.12559819121    
  1.60222994458E-02
  1.77910870482E-02
  2.35168426804E-02
  3.87013274400E-02
  4.93414911870E-02
  5.29329551545E-02
  6.27010615923E-02
  6.12938815033E-02
  7.05133636334E-02
  6.37367970219E-02
  6.91752689375E-02
  7.22858912163E-02
  8.04835144564E-02
  7.78512464137E-02
  7.49454577491E-02
  7.35451707842E-02
  7.08933392930E-02
  7.87054146225E-02
  7.65867925063E-02
  8.41337435261E-02
  8.97745714946E-02
  9.17197522167E-02
  9.59265305893E-02
  6.81684818381E-02
  6.57826110140E-02
  7.72019279717E-02
  7.27685617309E-02
  5.84466392556E-02
  4.96096185622E-02
  6.50126467730E-02
  5.43259658602E-02
  8.85479048303E-02
  7.63041504137E-02
  4.01299779670E-02
  3.10524511582E-02
  4.24267801821E-02
  3.15398378746E-02
  2.37949701730E-02
  1.82772809081E-02
  2.25530890084E-02
  1.58478127470E-02
  4.23747817300E-02
  2.06014311711E-02
  9.41837809104E-02
  4.56962693467E-02
  1.49121230616E-02
  1.42475227523E-02
  1.13121554233E-02
  1.06461167064E-02
  1.59178004783E-02
  1.89929490634E-02
  1.32876917575E-02
  1.68470722379E-02
  1.10736788129E-02
  1.50596138560E-02
  2.29369490930E-02
  2.76380334460E-02
  2.09380097890E-02
  2.55966684929E-02
  3.46945038153E-02
  2.02334816139E-02
  2.45614810721E-02
  2.09136584749E-02
  2.47448013510E-02
  2.96401188380E-02
  3.48909623309E-02
  2.88258045165E-02
  3.31556735314E-02
  2.58233499605E-02
  2.48648046310E-02
  2.84535441834E-02
  3.15377461046E-02
  2.83282875804E-02
  3.01900785959E-02
  2.99102783802E-02
  2.88275049230E-02
  2.95013145723E-02
  2.98508228775E-02
  2.90804646808E-02
  4.89080684140E-02
  7.06251992732E-02
  4.35102415122E-02
  6.19544419632E-02
  9.11467880209E-02
  3.53285374483E-02
  4.22050717878E-02
  2.81783731609E-02
  2.71669156062E-02
  3.95914451866E-02
  6.67980554397E-02
  5.81578630525E-02
  4.39003226902E-02
  4.20041052076E-02
  5.94253334782E-02
  6.90940691359E-02
  4.53726024448E-02
  6.90278531137E-02
  8.35628145015E-02
  6.02592634549E-02
  8.20336397975E-02
  4.25703125964E-02
  3.01665252226E-02
  1.51138734481E-02
  2.14658331476E-02
  1.44430335696E-02
  1.04312222592E-02
  2.62163268629E-02
  1.06001103099E-02
  2.14271513407E-02
  4.03921334759E-02
  5.41416396613E-03
  3.75673221904E-02
  3.09971677106E-02
  3.29317656721E-02
  3.80995894981E-02
  1.66485413861E-02
  1.02793073111E-02
  3.13315787222E-02
  2.05167396410E-02
  4.72608105526E-03
  6.79410562288E-03
  8.22327587197E-03
  7.03933888920E-03
  1.43831041065E-02
  1.13430457196E-02
  8.84997749339E-03
  3.01087767888E-02
  1.01632269753E-02
  5.27654397791E-03
  1.63490710826E-02
  1.80206358859E-02
  4.13593109777E-02
  5.86922355615E-02
  7.32989400701E-02
  9.93567476294E-02
  0.11844780752    
  0.12399411785    
  0.11409662362    
  0.11505333902    
  0.14099818731    
  0.15621028789    
  0.10152647747    
  0.11285908243    
  0.14089333206    
  7.58782882596E-02
  0.14926520591    
  0.14316577650    
  0.13834754039    
  0.13654519994    
  0.12431022772    
  0.13586670728    
  0.13551498553    
  0.13662276707    
  0.13512573210    
  0.13561694995    
  0.13575110507    
  0.14102637063    
  0.13597111966    
  0.12890955852    
  0.12757009810    
  0.13468639633    
  0.13499944763    
  0.13206284021    
  0.13260862470    
  0.13523136282    
  0.13368521131    
  0.12887669116    
  0.13010981218    
  0.12527697054    
  0.12757340566    
  1.87297295568E-02
  2.29668563149E-02
  3.12506876052E-02
  4.39636211289E-02
  6.12652328686E-02
  7.69129882718E-02
  9.19537145925E-02
  0.10840776397    
  9.93673604402E-02
  5.64053159177E-02
  3.71171795251E-02
  3.14020129692E-02
  2.91789467176E-02
  3.43760158526E-02
  3.04599310976E-02
  4.94744477903E-02
  3.74297555556E-02
  0.12622643863    
  6.71732871037E-02
  2.64587206321E-02
  2.34820933926E-02
  2.62880891842E-02
  2.20940352260E-02
  1.75773532489E-02
  2.75711379669E-02
  2.26066213912E-02
  3.06177949400E-02
  2.51902889170E-02
  1.78745647213E-02
  1.37339406725E-02
  2.05668961640E-02
  1.73670026352E-02
  1.73989955895E-02
  2.43980812551E-02
  1.31511748949E-02
  1.66853072360E-02
  1.68055377606E-02
  1.88599032810E-02
  2.29728196668E-02
  3.52219363688E-02
  2.66123598401E-02
  5.01581786654E-02
  4.06332534883E-02
  2.17625406033E-02
  2.29151216419E-02
  2.77030368633E-02
  2.82373199035E-02
  2.52763036768E-02
  2.80504452222E-02
  2.97719684030E-02
  3.14687591487E-02
  3.70003429274E-02
  3.74724419141E-02
  3.04181415865E-02
  3.42801800404E-02
  2.75005750624E-02
  3.04077117130E-02
  2.81703378988E-02
  3.07217510845E-02
  3.24419602709E-02
  3.20017734674E-02
  3.28036981834E-02
  3.27988771099E-02
  3.33562309753E-02
  3.56212908403E-02
  3.15200239676E-02
  3.24185859583E-02
  3.15719091581E-02
  3.35192283501E-02
  3.23995734066E-02
  3.31186451198E-02
  3.42119623010E-02
  3.27846752432E-02
  3.04396831426E-02
  3.24836101372E-02
  3.37561967950E-02
  3.53409260218E-02
  3.51172882838E-02
  4.00025834290E-02
  4.01048019960E-02
  3.29547945877E-02
  3.57287185443E-02
  3.91939882240E-02
  4.20999999492E-02
  3.06652722213E-02
  3.03022259031E-02
  2.96166230073E-02
  2.64172108501E-02
  2.88709028900E-02
  2.42692912574E-02
  2.32362116780E-02
  1.87153523354E-02
  2.52601794190E-02
  1.63356958923E-02
  4.50223763452E-02
  8.79282019692E-02
  1.81371211232E-02
  3.20751710466E-02
  1.29625553690E-02
  2.05140435581E-02
  8.19158725847E-02
  7.56850627472E-02
  4.16386517274E-02
  6.22784242220E-02
  2.90471226219E-02
  2.89447128896E-02
  3.89164956112E-02
  3.23579388589E-02
  2.69633709318E-02
  4.47142595710E-02
  4.08991631791E-02
  5.15213584375E-02
  7.99534768988E-02
  6.48477670054E-02
  7.36722999139E-02
  7.69829445369E-02
  7.08572014312E-02
  7.08007202377E-02
  6.64824473288E-02
  4.19490770170E-02
  2.82779119150E-02
  4.38146261314E-02
  3.96835060619E-02
  6.16071210715E-02
  6.53543866748E-02
  5.99817044647E-02
  6.51153531078E-02
  6.56702680851E-02
  5.79003315253E-02
  5.74195742593E-02
  5.85465026974E-02
  5.80925892908E-02
  6.01521561432E-02
  5.66484470725E-02
  4.55943311972E-02
  5.87090618613E-02
  5.33374482087E-02
  4.84434819095E-02
  4.19050968767E-02
  4.59520582576E-02
  5.22210194685E-02
  6.13630348696E-02
  5.27283496115E-02
  1.44556361239E-02
  2.95250941239E-02
  4.31625116030E-02
  5.75467846404E-02
  2.30842841870E-02
  2.05632724272E-02
  3.15842115818E-02
  2.55890286080E-02
  7.01443412972E-02
  5.09015557862E-02
  4.54720731460E-02
  5.72221926236E-02
  4.34867983473E-02
  4.27324404288E-02
  4.75754774666E-02
  4.09694023038E-02
  4.83616320463E-02
  4.32813926059E-02
  3.48642258083E-02
  2.96730206659E-02
  3.63376106589E-02
  3.33700706386E-02
  2.98786324768E-02
  2.50834135564E-02
  3.00731247122E-02
  2.49105651778E-02
  3.59273506263E-02
  2.66551497900E-02
  1.64177291731E-02
  1.51066923779E-02
  1.81790187194E-02
  1.62982134297E-02
  1.53187124680E-02
  1.64848639949E-02
  1.59156347345E-02
  1.62470770743E-02
  1.99635543625E-02
  1.50535246824E-02
  1.51497461387E-02
  1.42725787973E-02
  1.33087418627E-02
  1.53765644086E-02
  1.67839944150E-02
  1.30988617604E-02
  1.35662245420E-02
  2.11420936749E-02
  1.94001123338E-02
  2.10599985953E-02
  1.89101230844E-02
  1.72575123933E-02
  1.57278214341E-02
  1.70448739400E-02
  1.53335331931E-02
  2.00598103118E-02
  1.57062021427E-02
  1.30110621367E-02
  1.03797233527E-02
  1.31855622695E-02
  1.15568422632E-02
  2.85859185153E-02
  4.16544398402E-02
  5.14267896932E-02
  4.03098441798E-02
  5.57645906552E-02
  2.00061373400E-02
  2.55460024563E-02
  1.58566431581E-02
  2.03470289878E-02
  3.40042044216E-02
  4.46982142658E-02
  2.67661613011E-02
  3.41448869879E-02
  5.52451018109E-02
  4.43426442767E-02
  6.96635486065E-02
  5.13796913602E-02
  3.41589852936E-02
  2.72259820165E-02
  3.96216898002E-02
  3.23555483042E-02
  4.52543967048E-02
  3.85836922658E-02
  1.31904346110E-02
  2.17580968994E-02
  1.26441595664E-02
  1.58927116700E-02
  2.95701882076E-02
  2.24477173586E-02
  1.91132706580E-02
  2.71006334582E-02
  2.32725281364E-02
  1.73890342149E-02
  3.12318046190E-02
  2.72273117572E-02
  3.42277298585E-02
  3.12482562718E-02
  2.40122383713E-02
  2.12672283979E-02
  2.86174585396E-02
  2.53350960658E-02
  1.39657043081E-02
  1.22835300250E-02
  1.88415846445E-02
  1.67562382683E-02
  2.19809677813E-02
  1.92351516498E-02
  1.47431628886E-02
  4.02954280377E-02
  3.39901616887E-02
  5.39178154240E-02
  4.66895718669E-02
  2.55044422523E-02
  2.20375372301E-02
  2.89980855564E-02
  2.47643387817E-02
  1.91224837488E-02
  1.68469676126E-02
  2.19907969913E-02
  1.90068976352E-02
  3.35409993928E-02
  2.48398367293E-02
  2.17952244175E-02
  2.72421656961E-02
  2.39535712545E-02
  1.01890121927E-02
  2.32204865640E-02
  1.55272324308E-02
  1.57495770924E-02
  1.96448545488E-02
  1.88348542199E-02
  2.14228397179E-02
  2.02010801581E-02
  1.95386988495E-02
  2.72260739493E-02
  2.68069559650E-02
  1.26360428685E-02
  2.88959621966E-02
  1.27825536006E-02
  7.63472717798E-03
  6.59931012062E-03
  1.13671858471E-02
  1.37025959098E-02
  1.62400209357E-02
  1.16313211529E-02
  3.97593093175E-02
  5.00954533484E-02
  5.10372117633E-02
  3.48379827853E-02
  4.26879473035E-02
  4.57485504217E-02
  3.92102329799E-02
  4.32210872985E-02
  5.67547795397E-02
  6.01440634409E-02
  4.98864543222E-02
  5.22818124195E-02
  4.83913753293E-02
  5.20141947190E-02
  5.03059971905E-02
  7.37803422917E-02
  0.13055864832    
  0.12003106333    
  0.12360611845    
  7.94974544684E-02
  0.10540347778    
  0.15627851400    
  9.38137866231E-02
  4.74091321951E-02
  8.47359234730E-02
  4.68471561555E-02
  6.18864158783E-02
  0.11174421549    
  0.11693949078    
  9.75847662637E-02
  0.10796886905    
  0.12210029988    
  0.12508858760    
  0.11915365298    
  0.11649654689    
  0.10173543039    
  8.77053452819E-02
  9.12507485025E-02
  9.61850591863E-02
  9.81497447116E-02
  0.10493357241    
  8.14756482884E-02
  9.22259823856E-02
  0.10210882734    
  9.28956827254E-02
  9.82615586332E-02
  0.10049025721    
  2.46360086061E-02
  2.81855621152E-02
  3.78864440205E-02
  5.24980165075E-02
  6.86083454904E-02
  8.61398482840E-02
  0.10642799925    
  0.11968587381    
  0.13864925018    
  0.12695432267    
  7.21987990300E-02
  6.24398581554E-02
  0.11388957373    
  0.11772733244    
  6.06895163412E-02
  6.08719249824E-02
  0.10457863565    
  0.10010678004    
  6.42944678020E-02
  7.66807486128E-02
  0.13087360247    
  0.15086331663    
  7.16294163227E-02
  6.56104653051E-02
  0.10584506185    
  7.42463213848E-02
  4.33073682907E-02
  2.22437415423E-02
  4.50914602986E-02
  2.31546888205E-02
  1.56466240924E-02
  1.43550407996E-02
  1.95408330397E-02
  2.18655337455E-02
  1.32462171499E-02
  1.43295905775E-02
  1.76865255808E-02
  1.48833240287E-02
  4.12874895989E-02
  3.55394408931E-02
  2.67988669823E-02
  3.14941861683E-02
  2.57452378161E-02
  2.69165576625E-02
  2.63597855627E-02
  2.26261392982E-02
  2.12076200654E-02
  2.30898232265E-02
  2.11969601397E-02
  2.04477917937E-02
  2.07480421029E-02
  2.04961973008E-02
  2.05302554736E-02
  2.14126525790E-02
  2.00653810114E-02
  1.99543849319E-02
  1.91316385771E-02
  1.89940942510E-02
  2.19879425903E-02
  2.41312033012E-02
  2.03273535824E-02
  2.13347260278E-02
  1.93967161298E-02
  2.03635298471E-02
  2.21202271527E-02
  1.98931944589E-02
  1.76750248001E-02
  2.10419902451E-02
  1.78657083471E-02
  1.87821078520E-02
  1.98312596956E-02
  1.86284912160E-02
  2.00985717662E-02
  2.10715916276E-02
  2.15529650522E-02
  2.13316815961E-02
  2.17615777965E-02
  2.11768773488E-02
  2.23609266988E-02
  2.28292082131E-02
  2.42397982036E-02
  2.48639007150E-02
  2.33738882628E-02
  1.97763080198E-02
  2.15526525991E-02
  2.00262035468E-02
  1.88093004447E-02
  2.02689998009E-02
  1.92343552844E-02
  1.51726400464E-02
  1.30850441862E-02
  1.73518476330E-02
  1.61291347582E-02
  1.82298641029E-02
  1.69943887065E-02
  1.53257957514E-02
  1.46641440529E-02
  1.62794351562E-02
  1.56196871259E-02
  2.13948164126E-02
  2.10795831329E-02
  2.18818388460E-02
  2.16464791393E-02
  2.03428164932E-02
  1.94636036138E-02
  2.10667492343E-02
  2.05173228387E-02
  2.40159070644E-02
  2.26982234714E-02
  1.85431893272E-02
  1.71633283067E-02
  2.05967579065E-02
  1.90244823074E-02
  1.36194231065E-02
  1.48022687438E-02
  1.48587434080E-02
  1.52637036300E-02
  1.57480741064E-02
  1.60445514260E-02
  1.59208645172E-02
  1.66314435035E-02
  1.66149226104E-02
  1.73376385121E-02
  1.73022440905E-02
  2.15225661603E-02
  1.77753819018E-02
  1.93306192479E-02
  1.83821550369E-02
  1.94796033127E-02
  2.24851104889E-02
  1.67509111011E-02
  1.74766904395E-02
  1.76823713139E-02
  1.73255988814E-02
  1.85590820985E-02
  1.94852584168E-02
  1.82516940483E-02
  1.91764726293E-02
  2.08460731336E-02
  2.27063127147E-02
  2.03599689363E-02
  2.18377724509E-02
  1.81051921359E-02
  1.95396872819E-02
  2.07466358315E-02
  1.85583591115E-02
  1.96520065426E-02
  3.54320388568E-02
  4.03500554935E-02
  2.54263013829E-02
  3.03307613204E-02
  2.18028927970E-02
  2.31446910541E-02
  2.04183205955E-02
  2.12611702780E-02
  2.49210360076E-02
  2.65870270122E-02
  2.23318073080E-02
  2.38531882722E-02
  3.38101944832E-02
  3.68066879013E-02
  2.84475634547E-02
  3.34557661639E-02
  3.20379632066E-02
  4.10218099876E-02
  4.63393815394E-02
  7.91509116570E-02
  4.33641562540E-02
  3.49522629819E-02
  6.11317770677E-02
  4.51452577744E-02
  2.79070131950E-02
  3.29263818576E-02
  3.31072579416E-02
  3.35651039004E-02
  3.55644318108E-02
  3.52432639599E-02
  3.72412907050E-02
  3.66343647628E-02
  3.95005220194E-02
  3.68348127300E-02
  3.92318519184E-02
  4.18231383512E-02
  4.53624155210E-02
  4.34026610381E-02
  4.55829330224E-02
  3.76922933482E-02
  3.98782642427E-02
  3.89964648379E-02
  4.25802146847E-02
  4.55736600302E-02
  3.76714648202E-02
  3.67157903244E-02
  3.81117075675E-02
  4.03830427668E-02
  4.24236593291E-02
  4.46339397266E-02
  4.40577321922E-02
  4.45511044469E-02
  4.70761918315E-02
  4.68808987517E-02
  4.41203226482E-02
  4.65630415483E-02
  4.74381295846E-02
  5.10406925004E-02
  4.57949035210E-02
  4.85327653041E-02
  4.59886664455E-02
  4.91142977473E-02
  5.18665117053E-02
  5.28149367392E-02
  5.18347195746E-02
  5.36232011672E-02
  5.12763384112E-02
  5.31598658523E-02
  5.46017425523E-02
  5.41963818408E-02
  5.60451719766E-02
  5.40018093091E-02
  5.61062215898E-02
  5.51282951250E-02
  5.71293424292E-02
  5.68919145906E-02
  5.84985014306E-02
  6.02182176306E-02
  5.42948133751E-02
  5.70022744795E-02
  5.68070770463E-02
  5.89257870832E-02
  5.79809758536E-02
  5.94100061791E-02
  5.84833607596E-02
  6.03856866167E-02
  6.35203213675E-02
  5.97581270390E-02
  6.15430209849E-02
  6.18258190343E-02
  6.35449277644E-02
  6.56189492468E-02
  6.64858861498E-02
  8.71319845491E-02
  7.44816115724E-02
  9.58677107256E-02
  0.10722694229    
  0.10048138768    
  0.11550147358    
  0.12542879321    
  0.12562692083    
  0.14593502565    
  0.12621910668    
  0.11670309484    
  0.14741364821    
  0.14632430764    
  0.16698721476    
  0.16539411264    
  0.13898214193    
  0.13019722652    
  0.15385236576    
  0.14069836998    
  7.10435648056E-02
  0.10383875083    
  0.10461883097    
  0.10199493646    
  0.12182228192    
  0.11607468121    
  0.12944033474    
  0.12199105049    
  0.11279660360    
  0.11388011730    
  0.11776644570    
  0.11978749039    
  0.10990590180    
  0.12475634772    
  0.12471188695    
  0.13883867336    
  0.13651875310    
  0.15504896268    
  0.16400233550    
  0.16997879952    
  0.14766391617    
  7.59993789123E-02
  0.14177298157    
  0.11023836503    
  0.14711028301    
  0.11625156694    
  7.93309103620E-02
  5.61980021619E-02
  9.03434120853E-02
  7.27043310549E-02
  7.24798222301E-02
  0.10366982655    
  5.84899772723E-02
  6.82728880718E-02
  6.67367870224E-02
  6.78615729687E-02
  7.52490096036E-02
  7.92584482292E-02
  7.02885699721E-02
  6.85007412683E-02
  0.11329386375    
  9.51464601539E-02
  7.98683713245E-02
  7.43979114886E-02
  6.71220241022E-02
  6.11329596269E-02
  5.55988181538E-02
  7.73606773778E-02
  5.79980965259E-02
  5.57544710446E-02
  5.55418522392E-02
  5.34822490676E-02
  5.44026715714E-02
  5.37921363123E-02
  4.21169730155E-02
  4.13882999244E-02
  4.95172315764E-02
  4.35222988400E-02
  5.55926748569E-02
  5.46634195792E-02
  5.91984869575E-02
  0.10567063467    
  6.14636366417E-02
  7.81744821882E-02
  7.63233938037E-02
  9.23478688775E-02
  8.30507192897E-02
  8.58120693542E-02
  8.67629772294E-02
  9.94699454604E-02
  0.10984749668    
  9.83591746832E-02
  0.11832152881    
  0.10300664653    
  0.10309968156    
  8.54424195430E-02
  0.10002107755    
  7.82558629396E-02
  2.64913591190E-02
  2.97931705458E-02
  3.94971122785E-02
  4.86671427851E-02
  5.80582638639E-02
  8.52408304221E-02
  0.10811825857    
  0.12740574806    
  0.14581671026    
  0.15591953343    
  0.16118405825    
  0.16574092539    
  0.17503216239    
  0.18041005124    
  0.12964498022    
  0.12128663032    
  0.10693566716    
  8.88755367907E-02
  0.15200956692    
  0.14522273533    
  0.10882684527    
  0.12503986024    
  0.13591976153    
  0.10366392390    
  0.15165118663    
  0.13359890043    
  6.86431866321E-02
  8.06896522763E-02
  4.25789677824E-02
  4.77227580002E-02
  3.22898533446E-02
  2.85795795004E-02
  2.95791679081E-02
  4.11852594488E-02
  4.18254457743E-02
  6.09541969553E-02
  7.55204322101E-02
  3.09479772314E-02
  2.27131774176E-02
  4.80888899635E-02
  2.76659599340E-02
  1.66586244743E-02
  1.69436743588E-02
  1.74967087417E-02
  1.62459037442E-02
  1.62117136643E-02
  1.91319570480E-02
  1.62253610261E-02
  1.79480445840E-02
  1.99507709034E-02
  2.09164685837E-02
  1.75235504411E-02
  1.81532404000E-02
  1.55899662816E-02
  1.46720585787E-02
  2.27613851201E-02
  2.53070547847E-02
  1.97079584342E-02
  2.24792075746E-02
  2.94413673444E-02
  1.69074344520E-02
  2.00356143214E-02
  1.47605895266E-02
  1.83881301296E-02
  2.41741498838E-02
  2.91066392915E-02
  2.27032029148E-02
  2.78036108693E-02
  1.50963284920E-02
  1.68239977518E-02
  2.20711366625E-02
  2.69617426706E-02
  2.19055883965E-02
  2.63198669337E-02
  1.81672084422E-02
  2.19435866565E-02
  2.58109363787E-02
  2.18459112113E-02
  2.50541265918E-02
  3.95232580584E-02
  5.30500418395E-02
  3.74186448864E-02
  5.31874427404E-02
  7.24476189325E-02
  3.55378848543E-02
  5.32265290003E-02
  3.04583178562E-02
  3.70695064943E-02
  2.94275998265E-02
  3.47825374919E-02
  4.50699423243E-02
  5.55667134757E-02
  4.14955172278E-02
  4.97559683885E-02
  7.78349136272E-02
  8.29937656030E-02
  7.02295715267E-02
  7.45630390265E-02
  6.82557726273E-02
  5.62458463137E-02
  6.66500263441E-02
  6.12660175747E-02
  6.71348000781E-02
  6.18385148562E-02
  7.12310419807E-02
  4.83535708687E-02
  4.83874586518E-02
  4.74491677391E-02
  4.66074334938E-02
  4.65184447285E-02
  5.89351385217E-02
  5.75885909698E-02
  5.37254485977E-02
  5.98564460737E-02
  4.69127183468E-02
  4.87608579097E-02
  5.46921218328E-02
  6.23075684756E-02
  6.47096189191E-02
  6.59946253163E-02
  7.63293830766E-02
  7.65628898421E-02
  9.04923293184E-02
  7.28514222762E-02
  7.09680842840E-02
  9.44167478867E-02
  0.10259548119    
  8.26545594710E-02
  0.10385585266    
  8.37836519350E-02
  9.07423451201E-02
  0.12374975191    
  0.11118025620    
  9.18749279402E-02
  0.12003020811    
  0.10286912854    
  6.12777160676E-02
  6.41187314751E-02
  7.04277081284E-02
  6.93569980521E-02
  6.41655022775E-02
  6.57488474565E-02
  6.69003768370E-02
  6.78965802584E-02
  6.90796793065E-02
  6.95058345296E-02
  6.99800152181E-02
  7.08852457046E-02
  7.17027551042E-02
  7.13738048020E-02
  8.26070162169E-02
  7.30077245759E-02
  7.89953193560E-02
  8.02913859513E-02
  7.27127796407E-02
  7.22193532769E-02
  7.37578742306E-02
  7.34192377911E-02
  7.32540382997E-02
  7.30961934332E-02
  7.52259482786E-02
  7.58569755928E-02
  7.72287564261E-02
  8.01289258784E-02
  7.84715250716E-02
  7.85603898346E-02
  8.39260326942E-02
  7.71480253750E-02
  9.80305145872E-02
  7.50955992970E-02
  8.12302985589E-02
  7.90049234930E-02
  8.00246071305E-02
  8.26162417957E-02
  8.29458786336E-02
  8.75649105859E-02
  8.58973006965E-02
  0.10889116943    
  7.62157306077E-02
  0.10411591924    
  0.12409466842    
  0.11864254454    
  0.14272821149    
  0.13368698872    
  0.15380602264    
  0.17194772848    
  0.15710911720    
  0.17659388033    
  0.13276829690    
  0.15492846335    
  0.17000424442    
  0.15024255963    
  0.15998251757    
  0.18928811977    
  0.18911546659    
  0.19871013588    
  0.19971343471    
  0.15814578014    
  0.17034156525    
  0.14257960844    
  0.12610684060    
  0.13926460300    
  0.12848726035    
  0.13796633884    
  0.14739049015    
  0.15376494525    
  0.14555161521    
  0.14834003368    
  0.13762703739    
  0.14422551710    
  0.15419990906    
  0.15182329124    
  0.14684889204    
  0.14493198233    
  0.12134254177    
  0.13793519456    
  0.11683729358    
  0.12756317513    
  0.12128870100    
  0.12122290065    
  0.11928925805    
  0.11942084219    
  0.11402090011    
  0.10905204878    
  0.12574240332    
  0.13235360653    
  0.12479333751    
  0.13285276254    
  0.15069036730    
  0.12138696963    
  0.13120491530    
  0.11612338978    
  0.12777305694    
  0.14557964591    
  0.16286387282    
  0.14324548106    
  0.16215067119    
  7.95617496089E-02
  0.11631673103    
  0.14808613637    
  0.11923647971    
  0.14679228956    
  0.19143638217    
  0.22194560209    
  0.18540677428    
  0.21284176131    
  0.18193601938    
  0.20475808006    
  0.23296650173    
  0.20793043895    
  0.18524930809    
  0.21910435264    
  0.20193118142    
  0.18954160470    
  0.20488073499    
  0.19486893535    
  0.17764887518    
  0.19487659756    
  0.17283642779    
  0.18893168162    
  0.20936675419    
  0.21687550442    
  0.20183662208    
  0.20851666086    
  0.17684447642    
  0.20037436334    
  0.21682912062    
  0.21384958949    
  0.21219591742    
  0.21240218655    
  0.20746573180    
  0.19993047517    
  0.20756220535    
  0.20608590316    
  0.21081722493    
  0.20928411504    
  0.16063760191    
  0.13418312079    
  0.12167106903    
  0.14416629387    
  0.13068846937    
  0.17809283576    
  0.16754647545    
  0.18652014893    
  0.17787216504    
  0.15358466850    
  0.14460147792    
  0.16854078347    
  0.16525369948    
  0.10929845561    
  9.93951152547E-02
  0.11989280291    
  0.10851751166    
  8.88808526476E-02
  8.11870282217E-02
  9.66238183595E-02
  8.69871140742E-02
  0.13745317486    
  0.10522294628    
  0.19712309373    
  0.18840306933    
  0.20408693505    
  0.19921059367    
  0.18539977807    
  7.50084775248E-02
  7.11428717365E-02
  7.85599004916E-02
  7.23040576968E-02
  6.90377984530E-02
  6.79468299205E-02
  6.82650401101E-02
  6.64587949433E-02
  7.85544019046E-02
  6.61406765126E-02
  6.76426134186E-02
  6.64027050755E-02
  6.57525758309E-02
  6.43535230359E-02
  6.45142565403E-02
  6.50651474479E-02
  6.44174275103E-02
  6.41375155952E-02
  6.31920606308E-02
  6.32265630727E-02
  5.13308618906E-02
  6.45051548123E-02
  6.35461628990E-02
  6.18459429183E-02
  6.18760776132E-02
  5.99565457147E-02
  5.68174520832E-02
  6.26494849786E-02
  6.10274232487E-02
  6.48148767685E-02
  6.43406787105E-02
  5.99193503553E-02
  5.73862097690E-02
  6.35386971172E-02
  6.20628571534E-02
  4.76625228729E-02
  4.11198617895E-02
  5.43873493632E-02
  5.17226135634E-02
  6.02778140598E-02
  5.86819882080E-02
  4.98249952375E-02
  5.01152011286E-02
  5.78492027574E-02
  5.74455018940E-02
  7.01989095698E-02
  7.16568507785E-02
  8.11723537491E-02
  8.47737088034E-02
  7.13411445732E-02
  6.64282898757E-02
  6.57117494596E-02
  7.66500037367E-02
  7.60533815600E-02
  9.14158024489E-02
  9.55062997362E-02
  4.80271997381E-02
  5.34121234713E-02
  5.20055302031E-02
  5.35596914648E-02
  5.77539342418E-02
  5.83439988121E-02
  5.58921298087E-02
  5.62282594146E-02
  5.84058476118E-02
  5.78169601405E-02
  5.54235978968E-02
  5.31487618022E-02
  5.16213210995E-02
  5.22741211863E-02
  5.09242994182E-02
  5.56109542083E-02
  5.59772508266E-02
  5.62837902109E-02
  5.46272379745E-02
  5.21373511464E-02
  5.23267986934E-02
  5.37691701909E-02
  5.26690698043E-02
  6.57579899567E-02
  6.52337452315E-02
  7.57159356558E-02
  7.39881297143E-02
  6.56346731758E-02
  9.50518450062E-02
  8.10913526019E-02
  5.78469605057E-02
  5.20243331692E-02
  6.22637013658E-02
  4.96127015470E-02
  5.58173345332E-02
  5.87496774340E-02
  5.23336028153E-02
  5.46696069735E-02
  5.98554543900E-02
  6.14566461270E-02
  5.70895594572E-02
  6.33014309978E-02
  5.39127333450E-02
  5.66795151056E-02
  6.64512944984E-02
  6.87675145176E-02
  6.55260003163E-02
  7.05010157129E-02
  7.31100707482E-02
  7.06168434959E-02
  7.50799886768E-02
  8.00603369417E-02
  6.12175700216E-02
  7.27163156741E-02
  4.67010192751E-02
  5.33026332141E-02
  6.25058485486E-02
  4.74555271486E-02
  5.16624604692E-02
  7.33790761555E-02
  7.40124783541E-02
  9.13418721918E-02
  6.84435242965E-02
  7.29880866677E-02
  7.92602088030E-02
  8.19268151531E-02
  6.67161955517E-02
  7.39223988740E-02
  6.76153649954E-02
  7.01016569858E-02
  6.70578785513E-02
  6.81054748543E-02
  6.23372453560E-02
  7.01437503702E-02
  6.02044669981E-02
  6.47074382735E-02
  2.42309329369E-02
  2.94389626137E-02
  4.11107242640E-02
  4.02798606007E-02
  3.95881347324E-02
  6.14950248511E-02
  9.21684879663E-02
  4.83164832205E-02
  5.32410660654E-02
  0.11086813561    
  0.10045921359    
  7.44961765043E-02
  7.07856226229E-02
  0.11038656862    
  0.13579976915    
  8.56740789443E-02
  0.12704806509    
  0.15333892379    
  0.15665636942    
  0.16063269383    
  0.15713982455    
  0.16784731341    
  0.17775226398    
  0.16552419149    
  0.16450962842    
  0.16440026707    
  0.16288614743    
  0.17830108249    
  0.18375177904    
  0.17594916760    
  0.18237378268    
  0.18511834057    
  0.17996218520    
  0.18157808476    
  0.17157067642    
  0.16982510760    
  0.17558214179    
  0.15764833799    
  0.15631367908    
  0.12580275191    
  0.12770836389    
  8.95530927571E-02
  0.18196499935    
  0.16201163208    
  0.14489481924    
  0.16340925981    
  0.14344814396    
  0.18710722165    
  0.18381811054    
  0.18083395066    
  0.17411669268    
  0.16327987094    
  0.14266527791    
  0.15955466683    
  0.14191357375    
  0.12625030254    
  0.10684605455    
  0.12348183207    
  0.10390374829    
  8.73786763399E-02
  6.87704052559E-02
  8.49828482116E-02
  6.74107572034E-02
  0.11404924039    
  7.98906584536E-02
  8.11108765250E-02
  5.56427354214E-02
  5.30660449322E-02
  3.03693058534E-02
  5.00457969094E-02
  5.77848346058E-02
  2.88287160664E-02
  4.17856230951E-02
  5.18632754847E-02
  3.73415871297E-02
  5.15357862687E-02
  3.80989448101E-02
  2.56460066356E-02
  1.67418826635E-02
  2.76083316543E-02
  2.11093735397E-02
  5.21408107334E-02
  3.55185797639E-02
  1.81541249306E-02
  2.49805811074E-02
  2.14073132494E-02
  2.67362639508E-02
  3.28647537155E-02
  4.16432064563E-02
  3.40487800726E-02
  4.24993572798E-02
  3.43069413994E-02
  4.52366091105E-02
  6.93877290827E-02
  8.35918050219E-02
  5.72950919070E-02
  7.56329865207E-02
  0.10127753391    
  0.11290750539    
  9.27300709515E-02
  0.10928848414    
  4.93074580235E-02
  5.86349067086E-02
  5.01034844545E-02
  5.91979843253E-02
  6.81478540435E-02
  7.76818960201E-02
  6.86154111875E-02
  7.80346382349E-02
  5.97312864115E-02
  7.75513806333E-02
  8.41552379479E-02
  9.45673906465E-02
  8.56141691369E-02
  9.36780387324E-02
  0.10188707590    
  0.11128617690    
  0.10415781889    
  0.11500044977    
  9.34890455848E-02
  0.11470924121    
  0.12748762140    
  0.13195472048    
  0.12029975900    
  0.12287390870    
  0.10737116754    
  0.11747509631    
  0.12109520249    
  0.11873904331    
  0.12302787406    
  0.12304714073    
  0.12191934259    
  0.12580302003    
  0.12546669625    
  0.12634869572    
  0.13076913287    
  0.13194846250    
  0.13744887372    
  0.14115055308    
  0.11505116799    
  9.06851642938E-02
  0.12877135048    
  0.12007707690    
  0.14050742775    
  0.13238325131    
  0.10561648819    
  8.89386243715E-02
  0.11628800137    
  9.59284294257E-02
  6.56973971307E-02
  5.36833853931E-02
  6.37056886856E-02
  4.06275992350E-02
  7.24127469550E-02
  5.73079372406E-02
  7.71330823341E-02
  6.06186503164E-02
  4.41993496523E-02
  3.28384057249E-02
  4.66655353367E-02
  3.52351833893E-02
  2.63715914286E-02
  2.63611699367E-02
  2.37761405407E-02
  1.66842741266E-02
  2.62451869640E-02
  2.02566057491E-02
  1.62495196046E-02
  2.31136320063E-02
  1.99327138432E-02
  2.52942134351E-02
  7.83404888173E-02
  8.47830476833E-02
  4.07673144878E-02
  5.95920100392E-02
  3.64853732034E-02
  5.63420835275E-02
  7.60565204035E-02
  8.60603934498E-02
  7.38307796930E-02
  8.82363987660E-02
  8.67366887436E-02
  9.55981602180E-02
  9.28735412063E-02
  9.61817171306E-02
  9.85961212354E-02
  0.10265163644    
  0.10100803206    
  0.11846255707    
  8.96154731634E-02
  0.10504734127    
  8.83597890839E-02
  8.06449242285E-02
  8.19344749342E-02
  6.41899831341E-02
  5.12944366528E-02
  4.83186508314E-02
  2.89754527831E-02
  3.34129194779E-02
  2.78465555513E-02
  2.38886586123E-02
  2.63982456702E-02
  2.35039780852E-02
  2.03042781331E-02
  1.75554437365E-02
  1.61947995016E-02
  1.71335429385E-02
  1.67608361225E-02
  2.04869198302E-02
  1.74631819774E-02
  2.04494261540E-02
  1.76069907667E-02
  1.59254713987E-02
  1.78450069553E-02
  1.57499020245E-02
  1.65025222660E-02
  1.63631643987E-02
  1.59084456638E-02
  1.57952379265E-02
  1.63872938177E-02
  1.68302818980E-02
  1.61966213459E-02
  1.69371527519E-02
  1.49044467036E-02
  1.51123946535E-02
  1.39377086104E-02
  1.48083681004E-02
  1.68529886616E-02
  1.61872564583E-02
  1.70601560715E-02
  1.69730536245E-02
  1.70077747380E-02
  1.76134688630E-02
  1.76182755159E-02
  1.79451411978E-02
  1.88734079714E-02
  2.24810064140E-02
  1.83587326442E-02
  1.92648054636E-02
  1.81599840197E-02
  1.86279084398E-02
  2.01807886021E-02
  2.17467492278E-02
  1.91791550515E-02
  2.02000161777E-02
  1.71857106150E-02
  1.75346598497E-02
  1.75693998602E-02
  1.78994148013E-02
  1.78013817647E-02
  1.79804037028E-02
  1.81347745517E-02
  1.81427765826E-02
  1.89373997607E-02
  1.92082515324E-02
  1.81168383060E-02
  1.75522459457E-02
  1.76410437528E-02
  1.54009089697E-02
  2.86109668929E-02
  3.73435497844E-02
  4.34830659125E-02
  3.31862099667E-02
  3.77119325536E-02
  2.37756469925E-02
  2.62588964686E-02
  2.16659428106E-02
  2.35677174265E-02
  2.93163352797E-02
  3.27458454366E-02
  2.59560218936E-02
  2.86362620949E-02
  4.98445582031E-02
  5.52159812589E-02
  4.22288739230E-02
  4.61884991992E-02
  5.80233781351E-02
  5.84618716077E-02
  4.88326853391E-02
  5.00351290458E-02
  3.61690840166E-02
  3.93161497299E-02
  3.14552439330E-02
  3.45384667709E-02
  4.17189726174E-02
  4.40542235007E-02
  3.68002941885E-02
  3.86246566558E-02
  1.86009572668E-02
  2.23717892924E-02
  1.44747376831E-02
  1.79909349942E-02
  2.73150184311E-02
  3.31216830502E-02
  3.45757639423E-02
  2.93914845224E-02
  3.09721778599E-02
  2.31786995707E-02
  2.75636847691E-02
  5.33571091666E-02
  5.31746970433E-02
  4.25644028658E-02
  4.32079118042E-02
  5.47533179479E-02
  6.32361085892E-02
  4.54810700223E-02
  5.21684123346E-02
  5.70214113800E-02
  4.78597336207E-02
  5.15353781342E-02
  3.55107790580E-02
  3.59938318214E-02
  3.26693438917E-02
  3.29946327043E-02
  3.47809720336E-02
  2.98572803390E-02
  3.00549268213E-02
  2.88661725650E-02
  2.90260890091E-02
  2.84971368293E-02
  3.50700890543E-02
  4.20593228405E-02
  4.56466946597E-02
  3.59088308165E-02
  4.00771874005E-02
  2.79194899915E-02
  2.82998364505E-02
  2.49599597840E-02
  2.44128309929E-02
  3.14319317600E-02
  3.58213578822E-02
  2.85665170988E-02
  3.34182648280E-02
  8.00279730246E-02
  8.29313123874E-02
  7.16387380333E-02
  7.48195036927E-02
  8.71370152137E-02
  6.39542430896E-02
  6.87117161030E-02
  5.57634456627E-02
  6.25959900605E-02
  7.01267806268E-02
  7.17240199304E-02
  4.85211488994E-02
  5.79883458159E-02
  4.05048726746E-02
  4.82100717686E-02
  5.67535126753E-02
  8.05709259823E-02
  7.90688927246E-02
  8.22318627778E-02
  7.77915688266E-02
  8.29211557795E-02
  6.38785046972E-02
  7.69512801274E-02
  8.72294666511E-02
  8.68717022038E-02
  9.05649940257E-02
  9.29276503296E-02
  9.99149488296E-02
  9.99397257303E-02
  9.63984256559E-02
  0.11118414032    
  9.76462503195E-02
  0.10779184300    
  0.10333552549    
  0.11707820754    
  0.11892385045    
  0.13438119744    
  0.14744369791    
  0.17821953150    
  0.16401729090    
  0.18875688243    
  0.13481576788    
  0.16404857164    
  0.11059453877    
  0.13736339173    
  0.17120601670    
  0.15041543636    
  0.16784817677    
  0.16358248211    
  0.13894138695    
  0.16002473817    
  0.15162703517    
  0.12315401361    
  0.14638129603    
  0.14892923773    
  0.16387649307    
  0.19583423329    
  0.21476449174    
  0.19822994484    
  0.20559224627    
  0.19668564600    
  0.15427780884    
  0.18662690113    
  0.16714908809    
  0.14002474805    
  0.10870324652    
  0.12629962305    
  0.14091931526    
  0.13709387110    
  0.13302237262    
  5.19967431519E-02
  0.11606189712    
  7.73095780184E-02
  3.61206593319E-02
  4.66093615417E-02
  4.91444100548E-02
  4.75367336848E-02
  5.12178930525E-02
  6.20635108470E-02
  5.46206629505E-02
  5.51695581069E-02
  6.21218054621E-02
  5.63387359105E-02
  5.84560514068E-02
  6.27063371720E-02
  5.62099163926E-02
  5.77962940524E-02
  5.54591014672E-02
  5.97787085116E-02
  5.49325345238E-02
  5.51908359450E-02
  5.44606098691E-02
  5.42399116022E-02
  5.44628261832E-02
  5.37590602083E-02
  5.45266147259E-02
  5.31861500388E-02
  5.58764321673E-02
  5.21567228105E-02
  2.50243111249E-02
  2.95874585155E-02
  3.27162445729E-02
  1.90984010434E-02
  2.28326320085E-02
  2.88975475179E-02
  1.41799742060E-02
  2.24097543170E-02
  2.66991717339E-02
  2.10099264485E-02
  2.58197513055E-02
  3.37828678659E-02
  3.92803012841E-02
  2.96758334101E-02
  3.26195008719E-02
  4.33227697490E-02
  4.41076085643E-02
  3.69116548405E-02
  3.59694353099E-02
  2.82072547638E-02
  2.84836748310E-02
  2.80379059886E-02
  2.80846344302E-02
  2.94248819866E-02
  3.19175880547E-02
  2.86871784478E-02
  3.08962486390E-02
  2.83238415194E-02
  2.93941115548E-02
  3.40016435645E-02
  3.51849309366E-02
  3.31088511011E-02
  3.42163478092E-02
  3.39373242544E-02
  3.19650053313E-02
  3.32398436521E-02
  3.12551810540E-02
  3.33716306850E-02
  3.25758859685E-02
  4.05249749077E-02
  3.73726429022E-02
  3.15954913036E-02
  2.56606998202E-02
  3.62812856349E-02
  4.23705853123E-02
  2.20525159677E-02
  2.74493879483E-02
  2.95283339206E-02
  2.64077065328E-02
  2.87761673325E-02
  2.58286439989E-02
  2.29779731967E-02
  1.96306909801E-02
  2.26201453616E-02
  1.95006275533E-02
  2.85995216241E-02
  2.38879719335E-02
  1.64365547330E-02
  1.48187619919E-02
  1.68658428380E-02
  1.61887588925E-02
  1.92985970558E-02
  2.53704654841E-02
  1.96571093667E-02
  2.52911905969E-02
  2.16858133135E-02
  2.66860635225E-02
  5.36632043906E-02
  7.10891359404E-02
  4.16065103992E-02
  6.07794238057E-02
  9.24835418276E-02
  0.11620715110    
  8.34649856807E-02
  0.10611823427    
  3.30431061238E-02
  4.18317465501E-02
  3.27630011804E-02
  4.16977861145E-02
  5.17738498581E-02
  6.25698425489E-02
  5.16780492050E-02
  6.26205405066E-02
  4.07036695617E-02
  5.96541607119E-02
  7.35384769198E-02
  8.53437853122E-02
  7.41832879767E-02
  8.61632807441E-02
  9.66315191810E-02
  0.10649009237    
  9.70880128482E-02
  0.10706917232    
  8.28451721163E-02
  9.83307518408E-02
  0.13576788096    
  0.14637513487    
  0.12534545834    
  0.13790696772    
  0.15127708008    
  0.15467591816    
  0.14628484823    
  0.15034992483    
  0.14790564658    
  0.14937425167    
  0.15150248844    
  0.11793541708    
  0.12554190321    
  0.11255906121    
  0.11938875199    
  0.12964582611    
  0.13458885185    
  0.12503517158    
  0.13494015006    
  0.15220693564    
  0.15196718225    
  0.13846093916    
  0.14352782601    
  0.13911509397    
  0.14224431649    
  0.14596939839    
  0.14803117765    
  0.14662990425    
  0.14847315778    
  0.15735604979    
  0.15949306887    
  0.16259017720    
  0.15960435345    
  0.16227815542    
  0.15916066542    
  0.16054458816    
  0.14992408834    
  0.15473437795    
  0.14893358402    
  0.15109177079    
  0.15969890717    
  0.16563402410    
  0.15443304318    
  0.15972224188    
  0.17132435733    
  0.17354816080    
  0.16921904820    
  0.17081910717    
  0.17527728058    
  0.17653066696    
  0.17172266039    
  0.17127694129    
  0.16675047248    
  0.16720638688    
  0.15243189108    
  0.16020852788    
  0.16088983854    
  0.15855723514    
  0.16228725185    
  0.16889688381    
  0.14896705756    
  0.16254115463    
  0.15098962180    
  0.11583768577    
  0.16102254667    
  0.15872866883    
  7.70415928818E-02
  7.06568537920E-02
  0.14124426842    
  0.13282373731    
  8.88202603934E-02
  0.11904430158    
  0.12826388471    
  0.13852276644    
  0.13836877695    
  0.15206563207    
  0.14534225361    
  0.15897140427    
  0.16600864952    
  0.12312228894    
  0.16341667694    
  0.13236051861    
  0.15290880394    
  0.14326280371    
  7.84469701542E-02
  4.99682987161E-02
  9.43702610783E-02
  6.91136703257E-02
  3.46922358155E-02
  2.77914812029E-02
  3.18326219169E-02
  3.79340406016E-02
  4.14722455025E-02
  5.77049860951E-02
  5.89289735121E-02
  0.10838611700    
  0.10022680488    
  3.88758199355E-02
  4.76939099862E-02
  4.79272737304E-02
  5.62851423805E-02
  5.72707589701E-02
  6.67087649836E-02
  6.54115789150E-02
  7.42530062279E-02
  7.16174994335E-02
  8.86702868101E-02
  7.53103760467E-02
  8.23095435400E-02
  8.20351171790E-02
  8.84558643705E-02
  8.79435906229E-02
  9.27806711869E-02
  9.30972057221E-02
  9.54247651186E-02
  9.94046977446E-02
  0.10465483877    
  0.14787219475    
  0.12973531951    
  9.62185001336E-02
  0.10239324799    
  9.75690479199E-02
  0.10263260223    
  0.10949016346    
  0.10357827571    
  0.10565000722    
  0.10839589936    
  0.10912152121    
  0.10799521167    
  0.11390558196    
  0.11015101323    
  0.11534319017    
  0.10923368818    
  0.10515553784    
  0.10937752369    
  0.10908245740    
  0.11216254304    
  0.11094192101    
  0.10838472918    
  0.10916854702    
  0.11162559753    
  0.11088558014    
  0.11527146757    
  0.11670602694    
  0.12622879376    
  0.12317271981    
  0.11472263061    
  0.11447097881    
  0.11731310325    
  0.11681075037    
  0.10473340337    
  0.10225750047    
  0.10964130915    
  0.10911795660    
  0.11170819284    
  0.11236321058    
  0.10839397685    
  0.10598220280    
  0.11199324924    
  0.11047208981    
  9.21167339789E-02
  7.79698620540E-02
  0.10079550948    
  9.38079048165E-02
  0.10699413618    
  9.94782451919E-02
  8.20431805661E-02
  0.11509126916    
  0.11659495913    
  0.11693760610    
  0.11679590728    
  0.11417332962    
  0.10594598547    
  0.11803516427    
  0.10976759524    
  9.37817004084E-02
  8.22189845405E-02
  9.73805918115E-02
  8.62645237194E-02
  0.11050962518    
  9.58358990911E-02
  5.83354976672E-02
  4.05564561209E-02
  6.05604264591E-02
  4.17849059314E-02
  2.37412959858E-02
  1.62904292316E-02
  2.78693935840E-02
  2.28089860585E-02
  7.15700873875E-02
  6.15511909434E-02
  7.63312323411E-02
  6.72181149519E-02
  5.27383970071E-02
  4.58838394125E-02
  5.98103502090E-02
  5.27450076055E-02
  8.06642946942E-02
  6.81707398014E-02
  3.94654194965E-02
  3.48032253222E-02
  4.68049490485E-02
  4.21737581736E-02
  3.20319143506E-02
  3.07960892052E-02
  3.89720159586E-02
  3.70334282614E-02
  5.78494686313E-02
  4.93702803238E-02
  2.30665613602E-02
  2.64416443202E-02
  2.50489367024E-02
  2.64942475773E-02
  2.75385439564E-02
  2.82577759007E-02
  2.91240641077E-02
  2.56027030605E-02
  2.43112377923E-02
  2.35375196260E-02
  2.53848778242E-02
  2.45319472730E-02
  2.76141254126E-02
  2.68307693871E-02
  2.88805030174E-02
  2.86819127881E-02
  2.66047076434E-02
  2.60466196574E-02
  2.83426231251E-02
  2.80431335366E-02
  2.99792406875E-02
  3.04316388776E-02
  3.53780332990E-02
  3.48325515129E-02
  3.10366484845E-02
  3.15618192927E-02
  3.48002423306E-02
  3.48826035638E-02
  4.35671723729E-02
  4.09998335733E-02
  3.22138755999E-02
  3.19074570458E-02
  3.86506814463E-02
  3.76393610804E-02
  2.21179331041E-02
  2.04917437312E-02
  2.34216807047E-02
  2.21355543383E-02
  1.89248329002E-02
  1.70239144211E-02
  2.10556829924E-02
  1.97368702840E-02
  2.60836954980E-02
  2.50651925799E-02
  1.74151943466E-02
  2.03772143542E-02
  2.59514509596E-02
  2.93104919542E-02
  3.57006808435E-02
  4.41928357126E-02
  2.59389098445E-02
  1.99003435777E-02
  5.50451376134E-02
  3.64114375779E-02
  1.66355105633E-02
  2.27563411566E-02
  2.73964635911E-02
  2.64125247977E-02
  3.13856589615E-02
  3.15501014296E-02
  3.89960582919E-02
  2.89756320752E-02
  2.92762594057E-02
  3.01824798947E-02
  3.08187913247E-02
  2.88966215744E-02
  2.75804179503E-02
  3.08888924188E-02
  3.02402836554E-02
  3.49994124100E-02
  3.47647338954E-02
  3.47209898506E-02
  3.94656968434E-02
  4.05968847382E-02
  2.57187208313E-02
  2.55011089503E-02
  2.94329812389E-02
  2.97013330876E-02
  3.15226285377E-02
  3.45331292034E-02
  3.49254146162E-02
  4.10106719944E-02
  4.14091633247E-02
  3.87482731749E-02
  4.43638725014E-02
  5.08497216431E-02
  5.58736052377E-02
  6.93112303472E-02
  5.29266037746E-02
  5.13692683401E-02
  7.35300909508E-02
  6.38791969843E-02
  4.30712743559E-02
  4.52260892248E-02
  5.13648801391E-02
  5.17190995319E-02
  5.28590568688E-02
  0.14305948805    
  0.15315319622    
  0.16742287051    
  0.17619093813    
  0.16800484715    
  0.16080554760    
  0.14298510572    
  0.10250472493    
  0.12183620159    
  6.83258666906E-02
  5.80677988370E-02
  5.50345500011E-02
  4.55156188311E-02
  5.53031546297E-02
  3.65562540718E-02
  3.30859376531E-02
  2.25420048348E-02
  2.40384634920E-02
  5.76201807666E-02
  5.28314219507E-02
  5.41045566050E-02
  5.29839769173E-02
  4.65878428381E-02
  4.23264198763E-02
  3.67931584895E-02
  3.32282730225E-02
  3.08104800927E-02
  3.00786543923E-02
  2.31618361002E-02
  2.73843147738E-02
  2.94530931092E-02
  2.09081299939E-02
  1.60883998456E-02
  2.57946030730E-02
  3.46557093256E-02
  3.70767453836E-02
  3.11038752666E-02
  3.62680167632E-02
  4.20250596338E-02
  4.93341638349E-02
  3.57190339174E-02
  3.81934104258E-02
  5.46570192140E-02
  6.35594755104E-02
  6.19987013298E-02
  8.52550263458E-02
  7.75817329371E-02
  9.76774129805E-02
  0.14597825184    
  0.15508932510    
  0.13427682864    
  0.13912408529    
  0.15743133674    
  0.16045205590    
  0.14466843323    
  0.14690510077    
  0.15821224194    
  0.16161945738    
  0.14917693338    
  0.15075105080    
  0.14207840118    
  0.14141537859    
  0.12834917051    
  0.12136408789    
  0.12567474998    
  0.12012832330    
  0.11484133277    
  0.10486500228    
  0.11195824308    
  0.10357214216    
  9.24903567927E-02
  8.31923879588E-02
  9.56519834798E-02
  8.55025852497E-02
  5.84032914256E-02
  4.88399895533E-02
  7.14212802990E-02
  6.34982482680E-02
  5.41779113445E-02
  6.15987463874E-02
  5.15918194339E-02
  6.74202508810E-02
  7.15743213340E-02
  5.09419350601E-02
  5.66443542045E-02
  7.11969355663E-02
  0.11172915352    
  0.12488469934    
  0.13479807292    
  0.15223394834    
  0.15167578682    
  0.14946266370    
  0.13905676322    
  0.12188168330    
  8.48524043438E-02
  4.77909622253E-02
  2.85309336579E-02
  2.76017698587E-02
  3.89085494737E-02
  3.84860799364E-02
  6.11834363880E-02
  4.96931698383E-02
  4.94979053551E-02
  6.05483377562E-02
  6.14273763072E-02
  3.11463994226E-02
  3.46452546899E-02
  3.90029482107E-02
  4.38595230409E-02
  4.89701689784E-02
  5.46113803843E-02
  6.07846477199E-02
  6.74646748776E-02
  2.13016902162E-02
  2.34974225386E-02
  2.85869650004E-02
  3.81609505523E-02
  4.96053596377E-02
  5.96138268679E-02
  8.45555147881E-02
  9.42108462874E-02
  0.11705013150    
  0.12759803235    
  0.13335715679    
  0.13458181720    
  0.13550896821    
  0.13569123918    
  0.13314444047    
  0.12599633982    
  0.11882362983    
  0.10386684040    
  9.03910144196E-02
  7.59206280112E-02
  6.72864013047E-02
  4.99223144830E-02
  1.85589950523E-02
  3.72592246123E-02
  6.79372478140E-02
  8.57802796179E-02
  0.10010041734    
  0.11128422942    
  0.11804428631    
  0.12038377708    
  0.12101978100    
  0.11782431486    
  0.11063154838    
  9.13366197472E-02
  7.58156397710E-02
  7.07046433646E-02
  7.33336446616E-02
  7.87089483094E-02
  8.24204946996E-02
  8.38025298162E-02
  8.30083875808E-02
  8.62006110223E-02
  8.79432320035E-02
  8.89292980847E-02
  7.43501370379E-02
  8.09124769816E-02
  8.58955315199E-02
  8.88145280075E-02
  9.02086111937E-02
  8.96409114554E-02
  8.78899211458E-02
  9.08972187409E-02
  1.71048538939E-02
  1.90113108007E-02
  2.58075828221E-02
  3.26211643550E-02
  4.28172358048E-02
  5.49008341678E-02
  6.83448461756E-02
  8.16341467650E-02
  9.39550779149E-02
  0.10303798497    
  0.11484169469    
  0.11881898903    
  0.12209700122    
  0.12395956933    
  0.12847614650    
  0.12791064315    
  0.12562229376    
  0.11178505340    
  0.10002274672    
  9.31610656269E-02
  7.91258195874E-02
  6.18206225348E-02
  4.80927233667E-02
  6.43072503541E-02
  6.37793917761E-02
  7.52806049212E-02
  8.29773685494E-02
  8.84467393315E-02
  9.46986886784E-02
  9.61780492418E-02
  9.72404178186E-02
  9.81393212838E-02
  9.77661709833E-02
  9.21458385554E-02
  8.88990422500E-02
  8.92738240247E-02
  8.91130731793E-02
  8.99330572638E-02
  8.91294930546E-02
  8.99693207200E-02
  8.98376379339E-02
  8.92414738008E-02
  8.99127894642E-02
  8.92438521548E-02
  8.94601223375E-02
  8.84520460724E-02
  8.98435388537E-02
  8.91517698197E-02
  8.92608325260E-02
  8.89727148450E-02
  8.90071418952E-02
  8.85557224829E-02
  8.87141230439E-02
  8.87021243914E-02
  8.83876422539E-02
  8.29824093615E-02
  9.07528233212E-02
  1.45218075404E-02
  1.58984831100E-02
  2.08746178331E-02
  2.59566428148E-02
  3.41108256133E-02
  4.37004638360E-02
  5.49789422891E-02
  6.67907360374E-02
  7.88466527288E-02
  8.74854023003E-02
  0.10805551370    
  0.11426548378    
  0.12745471814    
  0.13615184739    
  0.14651027904    
  0.15306941094    
  0.15056302763    
  0.14536718608    
  0.13720464154    
  0.11865834228    
  0.10347636346    
  8.76975393773E-02
  7.75625788540E-02
  7.23427438976E-02
  6.71095671428E-02
  7.20304983446E-02
  7.56982001555E-02
  7.36902437951E-02
  7.69910379188E-02
  7.79806971350E-02
  7.72863414031E-02
  8.10986725392E-02
  8.24500760448E-02
  8.82588753870E-02
  8.33008107196E-02
  8.11953172299E-02
  8.33441462295E-02
  8.33882115085E-02
  8.35566196462E-02
  8.29264675094E-02
  8.21828663069E-02
  8.20017628599E-02
  8.13695737599E-02
  7.77914125662E-02
  8.79827066762E-02
  8.85053001139E-02
  8.70068826899E-02
  8.62034134234E-02
  8.67423976760E-02
  8.74033372508E-02
  8.76176538512E-02
  8.72716124675E-02
  8.74863243117E-02
  8.78228671433E-02
  8.76895470832E-02
  8.71598687043E-02
  8.73341550739E-02
  8.68365720309E-02
  8.33602747453E-02
  1.16012414621E-02
  1.21663152030E-02
  1.59717044315E-02
  2.06532814482E-02
  2.66168768559E-02
  3.46874993894E-02
  4.58730112949E-02
  5.63155801321E-02
  7.60137605297E-02
  9.29163899873E-02
  0.11155899509    
  0.13330645171    
  0.15003794890    
  0.16561429128    
  0.18842536805    
  0.20386452002    
  0.21224145654    
  0.20976721903    
  0.19545513686    
  0.18258847899    
  0.15395372919    
  0.13427060316    
  0.10968622916    
  9.16802261409E-02
  8.16977957180E-02
  7.96110310658E-02
  7.52369272639E-02
  6.89947707076E-02
  6.44489885730E-02
  6.71705373432E-02
  6.92966851047E-02
  7.22749166355E-02
  7.40311295440E-02
  7.77749787036E-02
  7.87576012904E-02
  7.37540702598E-02
  7.61530232259E-02
  8.20740845833E-02
  8.33433442710E-02
  7.58417906103E-02
  7.59832544013E-02
  8.18320801871E-02
  8.41152222215E-02
  7.58721272768E-02
  7.56040718871E-02
  7.57601589492E-02
  7.95732586095E-02
  7.51881747488E-02
  7.96499676867E-02
  7.45675519480E-02
  7.85748500630E-02
  7.85419058702E-02
  7.39857645704E-02
  7.80766151260E-02
  7.30794207320E-02
  7.99077830769E-02
  9.03739648816E-03
  9.23787680578E-03
  1.24007402205E-02
  1.61599153651E-02
  2.02739408590E-02
  2.86064229625E-02
  3.99098073121E-02
  5.89254183806E-02
  7.68415714874E-02
  9.82533664832E-02
  0.12415341291    
  0.15553756611    
  0.18500218910    
  0.21573708550    
  0.24979935983    
  0.27489921584    
  0.30394251728    
  0.30982310086    
  0.28728135878    
  0.26984636453    
  0.23304226139    
  0.19491834689    
  0.15358030409    
  0.12435706705    
  0.10230980910    
  9.09646246249E-02
  7.97967378439E-02
  7.10648952892E-02
  6.44229822940E-02
  6.36528447373E-02
  6.51474389024E-02
  6.64253866617E-02
  6.89569808392E-02
  7.28050559566E-02
  7.40932412551E-02
  7.71207964241E-02
  7.44196419079E-02
  7.48532466596E-02
  7.08693541259E-02
  7.29355624910E-02
  7.36817578413E-02
  7.01479167778E-02
  7.32914490688E-02
  6.97490228485E-02
  7.10167431788E-02
  7.30609679483E-02
  7.33604908150E-02
  7.19981973547E-02
  7.31496107145E-02
  7.76651643854E-02
  7.23588368976E-02
  7.64289659868E-02
  7.17968555332E-02
  7.24899076436E-02
  7.20761499032E-02
  7.10538545863E-02
  7.14061862383E-02
  7.07658171532E-02
  7.09957505468E-02
  7.03771102811E-02
  6.99611117084E-02
  7.49419590285E-03
  8.17173889933E-03
  9.37757480556E-03
  1.26519159437E-02
  1.68141118548E-02
  2.56515049041E-02
  3.92234527219E-02
  5.75683322133E-02
  8.32397552069E-02
  0.11164363706    
  0.14678546999    
  0.18251234067    
  0.22988627514    
  0.29157501354    
  0.34808711616    
  0.38596223967    
  0.43088758944    
  0.44113785215    
  0.41806708956    
  0.37719278579    
  0.32922541332    
  0.26659712498    
  0.21194429361    
  0.16148083853    
  0.12604882559    
  0.10385215170    
  8.47181657415E-02
  7.36377711015E-02
  6.38990264280E-02
  6.27391406191E-02
  6.32653053811E-02
  6.27379880531E-02
  6.45685807616E-02
  6.58618771193E-02
  6.33373152592E-02
  6.35016121471E-02
  6.67478835238E-02
  6.90569715751E-02
  6.63727474883E-02
  6.67205646553E-02
  7.08653064853E-02
  7.07799908166E-02
  6.93688439085E-02
  7.09268751977E-02
  7.07034539550E-02
  7.07973360218E-02
  6.91344790938E-02
  6.94154091239E-02
  6.91924483170E-02
  6.92052358836E-02
  6.57505316044E-02
  6.64395578299E-02
  6.65967430376E-02
  6.63439882081E-02
  6.64912325004E-02
  6.35818027769E-02
  6.62679105300E-02
  6.64058184164E-02
  6.62051417668E-02
  6.63355992863E-02
  6.90348570774E-02
  6.66401303072E-02
  6.03195678099E-03
  6.18040797827E-03
  7.06946098115E-03
  1.01878663366E-02
  1.50187217907E-02
  2.52917421172E-02
  3.83001905554E-02
  6.27307972371E-02
  9.04403036577E-02
  0.12789976226    
  0.16990810591    
  0.21902255698    
  0.28822008954    
  0.36502995004    
  0.42792568837    
  0.50698871300    
  0.56122274325    
  0.55911666663    
  0.55514868114    
  0.48628996288    
  0.41055778530    
  0.33290923718    
  0.27092952013    
  0.20218462831    
  0.15597538436    
  0.12562436160    
  9.68862956070E-02
  7.89806797549E-02
  6.09782151305E-02
  6.12693271130E-02
  6.34307095268E-02
  6.34174518326E-02
  6.34468888113E-02
  6.35651457170E-02
  6.36202007320E-02
  6.36954068609E-02
  6.37243731210E-02
  6.41291132095E-02
  6.42756409699E-02
  6.38343320988E-02
  6.38458834419E-02
  6.43802336280E-02
  6.44143279697E-02
  6.43044963430E-02
  6.44478948408E-02
  6.44789130192E-02
  6.43473203046E-02
  6.45404184112E-02
  6.36219375058E-02
  6.36479823478E-02
  6.36624005402E-02
  6.36912476892E-02
  6.61512038063E-02
  6.61037253863E-02
  6.37184789853E-02
  6.37422578703E-02
  6.37835103704E-02
  6.56333628370E-02
  6.43855463567E-02
  6.44401607826E-02
  4.26773048951E-03
  4.06887027621E-03
  5.68866764909E-03
  8.65555908809E-03
  1.36988651762E-02
  2.41216995496E-02
  3.90779824498E-02
  6.32569808943E-02
  9.63359274126E-02
  0.14194906125    
  0.18609695517    
  0.25011653682    
  0.33085310333    
  0.40904013553    
  0.49681541583    
  0.60960852835    
  0.69480015598    
  0.68134409661    
  0.66869653157    
  0.60094202776    
  0.48992457318    
  0.39899572456    
  0.32048145281    
  0.23725105463    
  0.17532895509    
  0.14270318662    
  0.10558642118    
  8.44997118927E-02
  7.21373240020E-02
  6.42886683295E-02
  6.47870874094E-02
  6.42584547714E-02
  6.45910104341E-02
  6.54062948612E-02
  6.53816755376E-02
  6.46389367353E-02
  6.48619153717E-02
  6.48952300717E-02
  6.51128135154E-02
  6.44635000497E-02
  6.44449976823E-02
  6.44312775182E-02
  6.45353005351E-02
  6.44261398687E-02
  6.45027497303E-02
  6.45191427054E-02
  6.46186951706E-02
  6.48514080515E-02
  6.46911278712E-02
  6.52243568658E-02
  6.50405600575E-02
  6.52585562780E-02
  6.51652937716E-02
  6.51333270383E-02
  6.52443700436E-02
  6.54075437143E-02
  6.49491344101E-02
  6.52077995900E-02
  6.52987609013E-02
  3.38376741850E-03
  3.38086146568E-03
  4.88134829068E-03
  7.72502639862E-03
  1.31990325375E-02
  2.34511591360E-02
  3.96030667562E-02
  6.34818964897E-02
  9.80470443553E-02
  0.14401841370    
  0.19750428985    
  0.27946502235    
  0.35020816007    
  0.45810041153    
  0.54510716305    
  0.66045410882    
  0.74826014558    
  0.74074616420    
  0.68667777605    
  0.61972892147    
  0.52739347816    
  0.43837015651    
  0.33447057716    
  0.25416042712    
  0.19010263479    
  0.14661057709    
  0.11054002743    
  8.68592384085E-02
  7.56472454770E-02
  6.93676397880E-02
  6.74068533873E-02
  6.62413588158E-02
  6.60828968396E-02
  6.72974932836E-02
  6.65026177621E-02
  6.64806253203E-02
  6.68061039529E-02
  6.68944648769E-02
  6.54290883873E-02
  6.55291661520E-02
  6.54954003122E-02
  6.56210070978E-02
  6.58437336232E-02
  6.57086830229E-02
  6.57920775522E-02
  6.58139169744E-02
  6.57220842138E-02
  6.62876741457E-02
  6.63756042757E-02
  6.56452141211E-02
  6.63741080885E-02
  6.62735307172E-02
  6.64516046007E-02
  6.63432971610E-02
  2.68794222579E-03
  2.89331913815E-03
  4.30375808879E-03
  7.14082289448E-03
  1.21154698497E-02
  2.17604538658E-02
  3.78172776539E-02
  5.99077555583E-02
  9.46284567467E-02
  0.13565913295    
  0.19674817718    
  0.27163026475    
  0.33950388420    
  0.43849905485    
  0.53009665198    
  0.62314700138    
  0.72585306953    
  0.73160605576    
  0.66749543653    
  0.64568591392    
  0.50667843764    
  0.40954834712    
  0.32436740254    
  0.26973176300    
  0.19151408074    
  0.14615669616    
  0.11092594243    
  8.82629540388E-02
  7.62548918161E-02
  7.13233259557E-02
  6.90535416319E-02
  6.74886651789E-02
  6.72321982677E-02
  6.70605068085E-02
  6.73652671460E-02
  6.71917630374E-02
  6.70705663482E-02
  6.72202787709E-02
  6.70967260140E-02
  6.80597058763E-02
  6.74481080757E-02
  6.72329520898E-02
  6.68274124392E-02
  6.66332705553E-02
  6.69135916633E-02
  6.74522382113E-02
  6.70358996464E-02
  6.72723163760E-02
  6.61487772851E-02
  6.59412770276E-02
  6.65177618451E-02
  6.65725536747E-02
  6.66157282798E-02
  6.66467139091E-02
  2.20975181592E-03
  2.48219816136E-03
  3.87034082502E-03
  6.05087196233E-03
  1.07145905757E-02
  1.97259084972E-02
  3.26144890570E-02
  5.40237504554E-02
  8.51802474955E-02
  0.12840333616    
  0.18303824905    
  0.24332786673    
  0.30597993283    
  0.40710089310    
  0.48614510548    
  0.56659085969    
  0.61625028145    
  0.64288455217    
  0.61791942684    
  0.52303046393    
  0.44316677153    
  0.37690464427    
  0.30685727991    
  0.23460419022    
  0.17558752619    
  0.13538893770    
  0.10635136585    
  8.59825450602E-02
  7.61368047993E-02
  7.13494196522E-02
  7.02017395761E-02
  6.88102483993E-02
  6.90458660412E-02
  6.75635487073E-02
  6.74647837728E-02
  6.73992698656E-02
  6.60966475835E-02
  6.54892543498E-02
  6.60478230985E-02
  6.54068633158E-02
  6.74433384992E-02
  6.56690680358E-02
  6.55658882659E-02
  6.77382452907E-02
  6.69492729506E-02
  6.63981019062E-02
  6.54132946389E-02
  6.57404914455E-02
  6.54253923256E-02
  6.47594932203E-02
  6.65204353127E-02
  6.64146410156E-02
  6.50081260113E-02
  6.47551232834E-02
  6.45774400422E-02
  6.59532558836E-02
  1.66497000356E-03
  1.96600965118E-03
  3.22095783445E-03
  5.25696835776E-03
  9.20750304564E-03
  1.69185240571E-02
  2.71277499014E-02
  4.45560892338E-02
  7.14887538736E-02
  0.10964583323    
  0.15382882139    
  0.20472009080    
  0.26303837045    
  0.33002446352    
  0.39775488197    
  0.45111193260    
  0.49033124408    
  0.50070947402    
  0.48008903027    
  0.42943417738    
  0.37421635692    
  0.32098373826    
  0.25719147816    
  0.20890043299    
  0.15509166405    
  0.12218569820    
  9.66848412826E-02
  8.03203690742E-02
  7.16703303544E-02
  6.78991841350E-02
  6.71026074349E-02
  6.61292452398E-02
  6.50371127338E-02
  6.48425846073E-02
  6.56624224120E-02
  6.51680289002E-02
  6.51466064662E-02
  6.47701588235E-02
  6.48541924841E-02
  6.46061399761E-02
  6.46810747236E-02
  6.44372487057E-02
  6.39996395827E-02
  6.42449766187E-02
  6.38125336960E-02
  6.33037236687E-02
  6.47246362286E-02
  6.41338481647E-02
  6.42190972580E-02
  6.34275741706E-02
  6.35870166618E-02
  6.30904458626E-02
  6.31740433353E-02
  6.28300747385E-02
  6.28449923461E-02
  6.20272869475E-02
  6.22791318193E-02
  6.16566029296E-02
  1.31823006756E-03
  1.73070882922E-03
  2.44218275353E-03
  3.90586927032E-03
  7.13198096128E-03
  1.29068478085E-02
  2.09328962378E-02
  3.69044267257E-02
  5.86064235796E-02
  8.60235859702E-02
  0.12119661850    
  0.16551366690    
  0.21229467893    
  0.26445729554    
  0.31664720134    
  0.36455600451    
  0.37185157641    
  0.37340345637    
  0.37630049645    
  0.34497094198    
  0.30390590279    
  0.26494807183    
  0.20865770577    
  0.16400891903    
  0.12919555221    
  0.10365794983    
  8.32026657844E-02
  7.11383294088E-02
  6.44987426244E-02
  6.17095026731E-02
  6.23737235777E-02
  6.22681169624E-02
  5.89286020214E-02
  5.84636867530E-02
  6.29097012954E-02
  6.23050951329E-02
  6.12186059458E-02
  6.06661921205E-02
  6.18084793641E-02
  6.12211224632E-02
  6.08812271767E-02
  6.02802208480E-02
  5.96490791406E-02
  5.91051121460E-02
  5.88625813790E-02
  5.71788614429E-02
  5.70343981847E-02
  5.90014452479E-02
  5.85229374440E-02
  5.74522463304E-02
  5.67833762939E-02
  1.31788045467E-03
  1.47400649429E-03
  1.78053749238E-03
  2.84618118027E-03
  5.11814563980E-03
  9.37760219682E-03
  1.69922524565E-02
  2.81918678391E-02
  4.43298668354E-02
  6.28754647728E-02
  9.33557310311E-02
  0.12744707792    
  0.15798221103    
  0.19091070411    
  0.22467743614    
  0.25940318655    
  0.26436577216    
  0.27379463997    
  0.28107638815    
  0.25543306745    
  0.22182353416    
  0.19389344833    
  0.16262474993    
  0.12677026735    
  0.10198361517    
  8.18749206287E-02
  6.86791686091E-02
  5.94987777880E-02
  5.61887706778E-02
  5.40086574578E-02
  5.49118980306E-02
  5.46240574363E-02
  5.09612751561E-02
  5.05139809736E-02
  5.55006637388E-02
  5.59064856184E-02
  5.59083122142E-02
  5.51300879349E-02
  5.51788167214E-02
  5.37680982646E-02
  5.42428566817E-02
  5.42826209917E-02
  5.35528272140E-02
  5.36301665129E-02
  5.61103304747E-02
  5.51884233204E-02
  5.20895800021E-02
  5.27620004780E-02
  5.29549449332E-02
  5.19515101814E-02
  5.21971417456E-02
  5.03038037327E-02
  5.11286551033E-02
  5.14314828695E-02
  5.02947195003E-02
  5.06611536107E-02
  1.22809817257E-03
  1.10970382821E-03
  1.42459728497E-03
  2.19088938940E-03
  3.83128765361E-03
  6.27975332519E-03
  1.32586020319E-02
  2.29047442247E-02
  3.43327025704E-02
  4.59782688226E-02
  7.50086839982E-02
  0.10235261155    
  0.12256900362    
  0.13220317986    
  0.15997415136    
  0.18256542755    
  0.19872549504    
  0.19828387276    
  0.21449858871    
  0.19652608718    
  0.16292072307    
  0.14834343571    
  0.11701118023    
  0.10265176652    
  8.84493903661E-02
  6.80623516953E-02
  5.62607202442E-02
  4.87988512838E-02
  4.84357392307E-02
  4.53210061955E-02
  4.72344992841E-02
  4.68763709816E-02
  4.47423992144E-02
  4.43123321222E-02
  4.80943150429E-02
  4.94541384303E-02
  4.98931486091E-02
  4.86165071516E-02
  4.89571036640E-02
  4.63425923180E-02
  4.78003911024E-02
  4.82583026471E-02
  4.66754567781E-02
  4.72525692500E-02
  4.47040108432E-02
  4.59628780557E-02
  4.67598197491E-02
  4.52919684516E-02
  4.64289650530E-02
  4.42476062673E-02
  4.51212266129E-02
  4.62999073675E-02
  4.51757979945E-02
  4.63670893032E-02
  1.23946644592E-03
  1.26388329534E-03
  1.26116887252E-03
  1.83186910590E-03
  3.16192397363E-03
  5.92321167261E-03
  9.98612718617E-03
  2.05347691685E-02
  3.62893562654E-02
  4.99085942394E-02
  7.15762937290E-02
  8.92250771748E-02
  9.88701497831E-02
  0.10677330816    
  0.11277794851    
  0.12899656715    
  0.15320932601    
  0.16090723331    
  0.18814269020    
  0.17833603179    
  0.15580810885    
  0.13536861862    
  0.11136033516    
  0.10347729770    
  8.40449610704E-02
  6.71675859570E-02
  5.26131587265E-02
  4.35087208669E-02
  4.63979348127E-02
  4.48677474782E-02
  4.45969292927E-02
  4.48223680570E-02
  4.52455797415E-02
  4.55937838073E-02
  4.49150198580E-02
  4.53751765424E-02
  4.60903432112E-02
  4.58728781973E-02
  4.63322421823E-02
  4.51530420844E-02
  4.62274304694E-02
  4.66256618007E-02
  4.65979762833E-02
  4.67833160526E-02
  4.67731229869E-02
  4.71187670726E-02
  4.52936359606E-02
  4.74542696836E-02
  4.55184873360E-02
