  1 2830      88.61518097    1903.04319      88.11518097  trib
  1 2842      88.90969849    2020.43297      88.40969849  trib
  1 2843      88.48574066    2050.39077      87.98574066  trib
  1 2845      88.52616119    1975.34378      88.02616119  trib
  1 2846      88.50934601    1931.26039      88.00934601  trib
  1 2847      88.80551147    1959.89469      88.30551147  trib
  1 2848      88.54326630    2004.63257      88.04326630  trib
  1 2854      88.30211639    2082.69605      87.80211639  trib
  1 2855      88.43521881    2116.80695      87.93521881  trib
  1 2856      88.56157684    2159.64875      88.06157684  trib
  1 2857      88.33576965    2195.01618      87.83576965  trib
  1 2858      88.59647369    2151.47202      88.09647369  trib
  1 2870      88.16908264    2230.96641      87.66908264  trib
  1 2871      88.15438080    2354.43831      87.65438080  trib
  1 2874      88.12480927    2487.62370      87.62480927  trib
  1 2875      88.09920502    2628.34318      87.59920502  trib
  1 2880      88.07325745    2777.02167      87.57325745  trib
  1 2881      88.04245758    2935.48006      87.54245758  trib
  1 2884      88.02877045    3100.60002      87.52877045  trib
  1 2885      88.11884308    3275.00695      87.61884308  trib
  1 2898      88.21546173    3459.21852      87.71546173  trib
  1 2899      88.31334686    3653.80039      87.81334686  trib
  1 2902      88.43149567    3856.98768      87.93149567  trib
  1 2904      88.17417145    3884.40706      87.67417145  trib
  1 2905      88.05956268    4102.26258      87.55956268  trib
  1 2910      87.94569397    4332.33374      87.44569397  trib
  1 2911      87.83186340    4575.31054      87.33186340  trib
  1 2914      87.78063965    4831.91568      87.28063965  trib
  1 2915      87.87967682    4980.57700      87.37967682  trib
  1 2925      87.97370148    4980.57700      87.47370148  trib
  1 2926      88.06431580    4980.57700      87.56431580  trib
  1 2929      88.16797638    6683.34300      87.66797638  trib
  1 2932      87.96025085    6683.34300      87.46025085  trib
  1 2933      87.84889984    6683.34300      87.34889984  trib
  1 2938      87.73394012    6229.09553      87.23394012  trib
  1 2939      87.61841583    5616.09658      87.11841583  trib
  1 2942      87.51667023    5063.42457      87.01667023  trib
  1 2943      87.62398529    4565.13964      87.12398529  trib
  1 2950      87.73015594    4115.89123      87.23015594  trib
  1 2951      87.84841919    3715.54964      87.34841919  trib
  1 2953      87.69529724    3650.38723      87.19529724  trib
  1 2956      87.55381775    3292.42405      87.05381775  trib
  1 2957      87.43322754    2969.56749      86.93322754  trib
  1 2962      87.34636688    2678.37004      86.84636688  trib
  1 2963      87.45930481    2415.72673      86.95930481  trib
  1 2966      87.59291077    2180.30273      87.09291077  trib
  1 3010      86.39208221    829.113908      85.89208221  trib
  1 3011      85.99839783    929.931819      85.49839783  trib
  1 3015      86.48100281    1356.90366      85.98100281  trib
  1 3017      86.18371582    1848.75209      85.68371582  trib
  1 3018      85.97966766    1531.75841      85.47966766  trib
  1 3019      85.96174622    1729.14549      85.46174622  trib
  1 3020      86.08670044    1124.24363      85.58670044  trib
  1 3021      86.00791931    1269.11709      85.50791931  trib
  1 3022      86.16537476    1043.00952      85.66537476  trib
  1 3030      85.90013123    2013.32885      85.40013123  trib
  1 3031      85.77600098    1994.30521      85.27600098  trib
  1 3036      85.71954346    1975.46069      85.21954346  trib
  1 3037      85.79264069    1955.88691      85.29264069  trib
  1 3040      85.81747437    1936.79154      85.31747437  trib
  1 3041      85.83985901    1917.88216      85.33985901  trib
  1 3042      85.85066986    2057.26434      85.35066986  trib
  1 3043      85.86672974    2037.82569      85.36672974  trib
  1 3046      85.98509979    2018.57232      85.48509979  trib
  1 3062      85.51241302    1879.11992      85.01241302  trib
  1 3063      85.86208344    1899.15741      85.36208344  trib
  1 3064      85.87181854    1880.61379      85.37181854  trib
  1 3065      85.59963226    1861.35403      85.09963226  trib
  1 3066      85.70551300    1843.12148      85.20551300  trib
  1 3077      85.57384491    1825.06851      85.07384491  trib
  1 3078      85.52469635    1807.19177      85.02469635  trib
  1 3081      85.40248108    1754.64552      84.90248108  trib
  1 3261      89.84897614    230.470300      89.34897614  trib
  1 3264      89.62804413    239.586459      89.12804413  trib
  1 3265      89.67655945    256.051914      89.17655945  trib
  1 3269      89.71537781    294.342865      89.21537781  trib
  1 3270      89.72554779    273.648961      89.22554779  trib
  1 3271      89.77370453    292.455348      89.27370453  trib
  1 3272      89.61705017    314.571413      89.11705017  trib
  1 3273      89.56112671    335.858458      89.06112671  trib
  1 3286      89.51013947    359.026243      89.01013947  trib
  1 3287      89.45871735    383.792114      88.95871735  trib
  1 3290      89.39721680    410.266396      88.89721680  trib
  1 3291      89.34173584    438.566804      88.84173584  trib
  1 3296      89.35750580    468.444826      88.85750580  trib
  1 3297      89.38145447    500.753934      88.88145447  trib
  1 3300      89.41268158    535.291441      88.91268158  trib
  1 3301      89.43949890    572.211154      88.93949890  trib
  1 3314      89.46420288    611.014381      88.96420288  trib
  1 3315      89.52203369    653.019686      89.02203369  trib
  1 3317      89.39952087    657.095360      88.89952087  trib
  1 3320      89.29860687    702.268081      88.79860687  trib
  1 3321      89.20965576    750.545432      88.70965576  trib
  1 3326      89.11707306    802.143054      88.61707306  trib
  1 3327      89.03314209    856.267271      88.53314209  trib
  1 3330      89.01068115    915.396640      88.51068115  trib
  1 3331      88.99143982    978.607407      88.49143982  trib
  1 3344      88.89733124    1637.88693      88.39733124  trib
  1 3347      88.97212982    1046.18352      88.47212982  trib
  1 3348      88.95278931    1118.42761      88.45278931  trib
  1 3350      89.07695770    1289.94485      88.57695770  trib
  1 3351      88.99993134    1191.27832      88.49993134  trib
  1 3352      89.15008545    1271.55733      88.65008545  trib
  1 3355      88.90661621    1376.87245      88.40661621  trib
  1 3356      88.74088287    1469.65706      88.24088287  trib
  1 3359      88.81338501    1568.69491      88.31338501  trib
  1 3360      89.03892517    1627.08561      88.53892517  trib
  1 3369      88.97016907    1766.98054      88.47016907  trib
  1 3371      88.92524719    1700.03633      88.42524719  trib
  1 3372      88.62102509    1663.16058      88.12102509  trib
  1 3373      88.86991882    1688.82624      88.36991882  trib
  1 3374      88.59890747    1726.27165      88.09890747  trib
  1 3375      88.75861359    1751.98765      88.25861359  trib
  1 3379      88.82836914    1833.95547      88.32836914  trib
  1 3380      88.60694885    1792.50290      88.10694885  trib
  1 3381      88.70810699    1818.39350      88.20810699  trib
  1 3382      88.48637390    1860.44522      87.98637390  trib
  1 3383      88.81459045    1887.31716      88.31459045  trib
  1 3423      87.58844757    2138.45692      87.08844757  trib
  1 3424      87.45906830    1929.34369      86.95906830  trib
  1 3431      87.32700348    1740.67677      86.82700348  trib
  1 3432      87.19227600    1570.46252      86.69227600  trib
  1 3435      87.28874207    1451.99400      86.78874207  trib
  1 3436      87.39029694    1451.99400      86.89029694  trib
  1 3441      87.48741913    1451.99400      86.98741913  trib
  1 3443      87.32968140    1451.99400      86.82968140  trib
  1 3444      87.18838501    1626.50000      86.68838501  trib
  1 3447      87.04386902    1626.50000      86.54386902  trib
  1 3448      87.14228821    1488.88877      86.64228821  trib
  1 3455      87.23769379    1238.81230      86.73769379  trib
  1 3456      87.33784485    1030.73944      86.83784485  trib
  1 3459      87.29100800    994.862325      86.79100800  trib
  1 3462      87.12375641    827.763268      86.62375641  trib
  1 3463      86.97900391    688.730731      86.47900391  trib
  1 3468      86.88088226    572.904509      86.38088226  trib
  1 3469      86.98143005    476.450143      86.48143005  trib
  1 3472      87.10608673    396.234905      86.60608673  trib
  1 3474      87.15035248    383.432347      86.65035248  trib
  1 3475      87.01440430    318.877585      86.51440430  trib
  1 3488      86.87895966    265.191340      86.37895966  trib
  1 3489      86.76003265    263.502300      86.26003265  trib
  1 3492      86.75946808    263.502300      86.25946808  trib
  1 3493      86.84911346    266.239300      86.34911346  trib
  1 3498      86.93636322    266.239300      86.43636322  trib
  1 3499      87.01942444    264.943553      86.51942444  trib
  1 3506      86.88815308    263.216778      86.38815308  trib
  1 3509      86.78792572    246.364065      86.28792572  trib
  1 3510      86.69991302    230.590492      86.19991302  trib
  1 3523      86.60900116    215.826550      86.10900116  trib
  1 3524      86.51469421    202.008148      86.01469421  trib
  1 3527      86.47940826    189.050091      85.97940826  trib
  1 3528      86.47369385    176.894861      85.97369385  trib
  1 3533      86.46764374    165.521167      85.96764374  trib
  1 3534      86.46141815    154.878819      85.96141815  trib
  1 3537      86.45401764    144.920726      85.95401764  trib
  1 3538      86.39282990    148.355552      85.89282990  trib
  1 3549      86.59227753    261.681604      86.09227753  trib
  1 3554      86.50368500    500.314054      86.00368500  trib
  1 3556      86.56681824    367.194642      86.06681824  trib
  1 3557      86.26104736    304.286755      85.76104736  trib
  1 3558      86.33549500    343.570707      85.83549500  trib
  1 3559      86.11785889    414.600356      85.61785889  trib
  1 3560      86.32223511    468.125668      85.82223511  trib
  1 3563      86.28411865    170.160398      85.78411865  trib
  1 3564      86.35834503    195.170329      85.85834503  trib
  1 3567      86.43639374    223.855833      85.93639374  trib
  1 3568      86.49452972    256.757499      85.99452972  trib
  1 3578      86.25299835    684.140423      85.75299835  trib
  1 3579      86.04716492    564.515888      85.54716492  trib
  1 3580      86.25383759    633.159715      85.75383759  trib
  1 3581      86.13348389    767.330080      85.63348389  trib
  1 1270      89.59767151    382.583328      89.09767151  trib
  1 1272      89.65467072    412.972416      89.15467072  trib
  1 1273      89.50456238    394.859384      89.00456238  trib
  1 1274      89.69697571    408.408130      89.19697571  trib
  1 1277      89.84814453    353.630430      89.34814453  trib
  1 1278      89.70024872    336.595891      89.20024872  trib
  1 1279      89.63773346    346.612731      89.13773346  trib
  1 1282      89.44460297    364.154267      88.94460297  trib
  1 1283      89.80284882    374.991322      89.30284882  trib
  1 1291      89.40486145    427.142894      88.90486145  trib
  1 1292      89.40097046    441.799101      88.90097046  trib
  1 1295      89.37533569    420.739795      88.87533569  trib
  1 1296      89.30366516    395.023983      88.80366516  trib
  1 1301      89.23322296    370.879933      88.73322296  trib
  1 1302      89.16432190    348.211706      88.66432190  trib
  1 1305      89.40224457    328.596531      88.90224457  trib
  1 1307      89.48019409    321.218207      88.98019409  trib
  1 1308      89.22453308    302.821472      88.72453308  trib
  1 1321      89.18834686    285.478274      88.68834686  trib
  1 1322      89.39749908    270.482298      88.89749908  trib
  1 1329      89.25408173    262.020543      88.75408173  trib
  1 1332      89.19688416    248.304560      88.69688416  trib
  1 1334      89.37142944    240.192739      88.87142944  trib
  1 1335      89.01177979    227.619306      88.51177979  trib
  1 1340      89.25673676    215.704438      88.75673676  trib
  1 1343      89.27751923    208.529493      88.77751923  trib
  1 1344      88.95587158    197.766969      88.45587158  trib
  1 1347      89.29930878    187.559818      88.79930878  trib
  1 1349      89.00132751    181.210674      88.50132751  trib
  1 1350      89.09467316    171.858139      88.59467316  trib
  1 1462      89.16567230    166.040281      88.66567230  trib
  1 1469      88.91123199    170.197682      88.41123199  trib
  1 1470      88.91719818    178.740263      88.41719818  trib
  1 1473      89.08060455    187.711539      88.58060455  trib
  1 1475      89.06638336    190.447468      88.56638336  trib
  1 1476      88.85835266    200.006392      88.35835266  trib
  1 1481      88.85260773    209.642017      88.35260773  trib
  1 1482      88.86630249    220.593283      88.36630249  trib
  1 1485      88.88011932    232.116558      88.38011932  trib
  1 1486      88.89045715    244.241823      88.39045715  trib
  1 1493      88.80893707    258.075051      88.30893707  trib
  1 1494      88.72876740    271.538304      88.22876740  trib
  1 1497      88.63732910    285.704016      88.13732910  trib
  1 1498      88.54065704    301.941060      88.04065704  trib
  1 1503      89.01267242    313.257798      88.51267242  trib
  1 1506      88.57194519    325.097936      88.07194519  trib
  1 1507      88.88167572    337.282451      88.38167572  trib
  1 1509      88.54279327    350.030610      88.04279327  trib
  1 1512      88.92263794    363.149606      88.42263794  trib
  1 1516      88.57058716    376.670419      88.07058716  trib
  1 1518      88.52757263    395.421800      88.02757263  trib
  1 1521      88.77678680    415.106661      88.27678680  trib
  1 1522      88.62450409    423.168412      88.12450409  trib
  1 1524      88.42478180    444.234553      87.92478180  trib
  1 1645      88.72489929    464.060685      88.22489929  trib
  1 1652      88.58245850    477.467097      88.08245850  trib
  1 1654      88.52307129    498.848828      88.02307129  trib
  1 1655      88.74560547    513.259897      88.24560547  trib
  1 1658      88.36414337    536.244786      87.86414337  trib
  1 1660      88.79434967    555.620781      88.29434967  trib
  1 1663      88.43321991    578.611656      87.93321991  trib
  1 1664      88.40824890    607.645482      87.90824890  trib
  1 1669      88.57864380    638.136292      88.07864380  trib
  1 1676      88.62203979    649.890438      88.12203979  trib
  1 1677      88.26239014    684.854265      87.76239014  trib
  1 1680      88.35140991    779.581526      87.85140991  trib
  1 1681      88.42095184    887.411174      87.92095184  trib
  1 1691      88.44287109    1172.69682      87.94287109  trib
  1 1694      88.27522278    1332.49776      87.77522278  trib
  1 1695      88.12200928    1514.07601      87.62200928  trib
  1 1700      88.10007477    1720.39509      87.60007477  trib
  1 1701      88.21547699    1958.21306      87.71547699  trib
  1 1703      88.22649384    2582.06558      87.72649384  trib
  1 1704      88.30493164    2227.55008      87.80493164  trib
  1 1705      88.37754059    2533.92777      87.87754059  trib
  1 1706      88.48225403    1010.15449      87.98225403  trib
  1 1707      88.53483582    1143.36657      88.03483582  trib
  1 1719      88.09600830    2937.20811      87.59600830  trib
  1 1720      88.00585938    3326.89378      87.50585938  trib
  1 1723      87.99858093    3789.45482      87.49858093  trib
  1 1724      87.99311066    4316.32925      87.49311066  trib
  1 1729      87.98895264    4916.45751      87.48895264  trib
  1 1730      88.05094910    5245.96384      87.55094910  trib
  1 1732      88.18618774    5213.83514      87.68618774  trib
  1 1735      87.94259644    5094.19720      87.44259644  trib
  1 1736      87.73372650    4977.29820      87.23372650  trib
  1 1749      87.85189819    4863.09198      87.35189819  trib
  1 1750      88.06316376    4754.23131      87.56316376  trib
  1 1757      87.96709442    4719.87459      87.46709442  trib
  1 1760      87.69042206    4613.05790      87.19042206  trib
  1 1761      87.75391388    4508.65882      87.25391388  trib
  1 1766      87.98377228    4406.61888      87.48377228  trib
  1 1768      87.88317871    4379.38696      87.38317871  trib
  1 1769      87.71559143    4278.44143      87.21559143  trib
  1 1772      87.51791382    4178.91162      87.01791382  trib
  1 1773      87.60993195    4081.69718      87.10993195  trib
  1 1786      87.73470306    3981.50396      87.23470306  trib
  1 1787      87.71799469    3887.04477      87.21799469  trib
  1 1790      87.69071198    3794.83295      87.19071198  trib
  1 1791      87.66538239    3704.80575      87.16538239  trib
  1 1796      87.62251282    3648.26059      87.12251282  trib
  1 1797      87.44769287    3776.62425      86.94769287  trib
  1 1800      87.28276825    3909.50918      86.78276825  trib
  1 1801      87.41736603    4047.06823      86.91736603  trib
  1 1810      87.42029572    4727.79203      86.92029572  trib
  1 1815      87.16794586    4888.36388      86.66794586  trib
  1 1816      87.20662689    5054.49080      86.70662689  trib
  1 1817      87.28847504    5286.00632      86.78847504  trib
  1 1818      87.02817535    5465.63999      86.52817535  trib
  1 1819      87.40538025    5226.25701      86.90538025  trib
  1 1821      87.55513000    4228.45683      87.05513000  trib
  1 1822      87.30690765    4372.09153      86.80690765  trib
  1 1823      87.55761719    4180.49475      87.05761719  trib
  1 1825      87.29204559    4520.60751      86.79204559  trib
  1 1826      87.49007416    4674.16967      86.99007416  trib
  1 1838      87.26445770    6104.37394      86.76445770  trib
  1 1839      87.09162140    6318.69790      86.59162140  trib
  1 1840      87.09259796    5655.71027      86.59259796  trib
  1 1841      87.18310547    5854.51571      86.68310547  trib
  1 1844      87.28376007    6060.30767      86.78376007  trib
  1 1850      87.06633759    6534.29553      86.56633759  trib
  1 1851      87.04528809    6769.04834      86.54528809  trib
  1 1854      87.02288818    7012.23188      86.52288818  trib
  1 1855      87.00765228    7259.64600      86.50765228  trib
  1 1865      87.17023468    6471.30245      86.67023468  trib
  1 1868      87.01689911    6241.87720      86.51689911  trib
  1 1869      86.82843018    5522.67192      86.32843018  trib
  1 1872      86.77587891    4886.33417      86.27587891  trib
  1 1873      86.99817657    4393.76333      86.49817657  trib
  1 1875      86.86013794    4099.30191      86.36013794  trib
  1 1880      86.75942230    3686.41661      86.25942230  trib
  1 1887      86.97255707    3434.28668      86.47255707  trib
  1 1888      86.65574646    3088.38201      86.15574646  trib
  1 1891      87.00600433    2777.31961      86.50600433  trib
  1 1893      86.68573761    2560.16323      86.18573761  trib
  1 1894      86.93575287    2349.98846      86.43575287  trib
  1 1897      86.68585968    2137.84403      86.18585968  trib
  1 1904      86.84644318    1962.33591      86.34644318  trib
  1 1906      86.62330627    1785.18669      86.12330627  trib
  1 1907      86.83850861    1638.63139      86.33850861  trib
  1 2031      86.52960968    1489.66229      86.02960968  trib
  1 2033      86.90016174    1346.09751      86.40016174  trib
  1 2036      86.58754730    1245.60825      86.08754730  trib
  1 2039      86.74851990    1125.56305      86.24851990  trib
  1 2040      86.59858704    1041.53842      86.09858704  trib
  1 2042      86.62784576    944.015653      86.12784576  trib
  1 2047      86.62291718    866.543696      86.12291718  trib
  1 2054      86.55541229    788.293678      86.05541229  trib
  1 2055      86.62748718    723.602277      86.12748718  trib
  1 2057      86.48744965    658.260218      85.98744965  trib
  1 2060      86.63503265    592.819443      86.13503265  trib
  1 2061      86.56529236    623.110865      86.06529236  trib
  1 2063      86.75950623    590.576618      86.25950623  trib
  1 2064      86.80300903    620.753527      86.30300903  trib
  1 2073      86.51010132    806.663130      86.01010132  trib
  1 2076      86.48588562    861.044533      85.98588562  trib
  1 2077      86.28897858    894.039106      85.78897858  trib
  1 2078      86.22969055    835.622901      85.72969055  trib
  1 2080      86.13480377    938.888198      85.63480377  trib
  1 2081      86.13243103    985.989285      85.63243103  trib
  1 2086      86.49727631    654.950361      85.99727631  trib
  1 2087      86.43222046    688.416554      85.93222046  trib
  1 2088      86.52994537    751.616101      86.02994537  trib
  1 2089      86.26696014    778.599498      85.76696014  trib
  1 2090      86.30576324    725.467694      85.80576324  trib
  1 2100      86.20838928    1039.39505      85.70838928  trib
  1 2101      86.01714325    1054.65353      85.51714325  trib
  1 2104      86.15015411    1070.13647      85.65015411  trib
  1 2106      86.24568939    1075.50870      85.74568939  trib
  1 2107      86.06238556    1091.29789      85.56238556  trib
  1 2112      85.96082306    1107.31882      85.46082306  trib
  1 2113      86.13792419    1121.00374      85.63792419  trib
  1 2120      85.99089050    1130.94615      85.49089050  trib
  1 2123      86.04278564    1145.31979      85.54278564  trib
  1 2125      86.01228333    1155.47794      85.51228333  trib
  1 2126      85.91863251    1170.16265      85.41863251  trib
  1 2129      86.12293243    1182.02758      85.62293243  trib
  1 2136      85.83376312    1195.67116      85.33376312  trib
  1 2137      86.00656128    1209.47144      85.50656128  trib
  1 2139      85.82962799    1221.97462      85.32962799  trib
  1 2142      85.99201965    1236.07823      85.49201965  trib
  1 2392      85.78012085    1248.85726      85.28012085  trib
  1 2393      85.94244385    1263.15387      85.44244385  trib
  1 2395      85.76119995    1276.38457      85.26119995  trib
  1 2400      85.89897156    1290.95793      85.39897156  trib
  1 2403      85.75527954    1304.48150      85.25527954  trib
  1 2404      85.80310059    1319.37471      85.30310059  trib
  1 2406      85.73211670    1334.37158      85.23211670  trib
  1 2409      85.85296631    1346.97079      85.35296631  trib
  1 2413      85.64219666    1363.52191      85.14219666  trib
  1 2414      85.91950989    1376.39712      85.41950989  trib
  1 2416      85.64942169    1393.30847      85.14942169  trib
  1 2419      85.67659760    1410.43066      85.17659760  trib
  1 2429      85.57020569    1434.52213      85.07020569  trib
  1 2162      85.55914307    530.497667      85.05914307  main
  1 2164      85.32701111    417.180800      84.82701111  main
  1 2165      85.57329559    459.438255      85.07329559  main
  1 2166      85.03472137    440.801418      84.53472137  main
  1 2167      85.07030487    441.285350      84.57030487  main
  1 2168      84.99620056    476.790058      84.49620056  main
  1 2171      85.00668335    486.046141      84.50668335  main
  1 2173      85.18967438    521.105547      84.68967438  main
  1 2178      85.30839539    567.580683      84.80839539  main
  1 2180      85.06578827    607.255415      84.56578827  main
  1 2183      85.14152527    650.393111      84.64152527  main
  1 2185      85.26831818    696.727797      84.76831818  main
  1 2190      84.96315765    512.951828      84.46315765  main
  1 2191      85.21395111    548.982190      84.71395111  main
  1 2193      84.98660278    569.964328      84.48660278  main
  1 2196      85.00605011    609.998856      84.50605011  main
  1 2199      85.18131256    633.313739      84.68131256  main
  1 2200      84.89450073    677.616748      84.39450073  main
  1 2202      84.99186707    723.270632      84.49186707  main
  1 2207      85.06326294    754.293009      84.56326294  main
  1 2214      84.76019287    805.654358      84.26019287  main
  1 2216      84.87822723    869.204119      84.37822723  main
  1 2219      85.03495026    937.765753      84.53495026  main
  1 2220      85.06307983    952.736728      84.56307983  main
  1 2222      84.95742798    1025.29668      84.45742798  main
  1 2238      84.75128174    1340.76121      84.25128174  main
  1 2239      84.27024078    1298.58118      83.77024078  main
  1 2242      84.35047150    1283.65802      83.85047150  main
  1 2243      84.31576538    1287.23300      83.81576538  main
  1 2250      84.28330231    1290.81968      83.78330231  main
  1 2251      84.17632294    1294.49686      83.67632294  main
  1 2254      84.36862183    1297.87258      83.86862183  main
  1 2429      85.57020569    1434.52213      85.07020569  main
  1 2430      85.68247223    1471.56041      85.18247223  main
  1 2432      85.50019836    1486.07765      85.00019836  main
  1 2435      85.50152588    1524.44691      85.00152588  main
  1 2436      85.66510773    1562.25964      85.16510773  main
  1 2449      85.43353271    755.510879      84.93353271  main
  1 2450      85.41958618    746.363504      84.91958618  main
  1 2451      85.25897217    810.103950      84.75897217  main
  1 2454      85.06172943    867.258030      84.56172943  main
  1 2456      85.26502228    928.444418      84.76502228  main
  1 2463      85.66352844    1012.08555      85.16352844  main
  1 2465      85.41580963    1082.16510      84.91580963  main
  1 2466      85.50827789    991.995292      85.00827789  main
  1 2471      85.10462952    1156.85535      84.60462952  main
  1 2472      85.78092957    1265.03534      85.28092957  main
  1 2473      85.36491394    1235.50713      84.86491394  main
  1 2484      84.87610626    1107.30724      84.37610626  main
  1 2486      84.80181885    1195.87738      84.30181885  main
  1 2489      84.82952881    1291.71101      84.32952881  main
  1 2491      85.09412384    1391.72063      84.59412384  main
  1 2498      85.36466217    1499.47309      84.86466217  main
  1 2501      84.91754913    1531.76394      84.41754913  main
  1 2503      84.71095276    1651.21991      84.21095276  main
  1 2506      85.21315002    1763.95725      84.71315002  main
  1 2507      84.80281067    1837.15339      84.30281067  main
  1 2509      84.89281464    1962.58752      84.39281464  main
  1 2516      84.85061646    2075.80853      84.35061646  main
  1 2525      84.76016998    1935.96175      84.26016998  main
  1 2528      84.61485291    1409.92585      84.11485291  main
  1 2530      84.37438202    1456.23625      83.87438202  main
  1 2532      84.67588806    1532.45141      84.17588806  main
  1 2533      84.57693481    1508.47099      84.07693481  main
  1 2534      84.38592529    1587.48200      83.88592529  main
  1 2536      84.42701721    1370.11304      83.92701721  main
  1 2544      84.90489197    1668.79103      84.40489197  main
  1 2546      84.59290314    1729.96496      84.09290314  main
  1 2547      84.56934357    1645.67394      84.06934357  main
  1 2551      84.69748688    1833.37822      84.19748688  main
  1 2552      84.56877899    1787.85202      84.06877899  main
  1 2553      84.54500580    1887.88861      84.04500580  main
  1 2561      84.35755920    1299.14052      83.85755920  main
  1 2562      84.15610504    1302.52863      83.65610504  main
  1 2567      84.23493958    1305.64742      83.73493958  main
  1 2569      84.27251434    1307.72545      83.77251434  main
  1 2570      84.09729767    1310.71408      83.59729767  main
  1 2573      84.46514130    1312.79933      83.96514130  main
  1 2576      84.05397034    1315.80135      83.55397034  main
  1 2577      84.11456299    1318.78489      83.61456299  main
  1 2579      84.15650940    1320.91621      83.65650940  main
  1 2589      84.00661469    1324.17170      83.50661469  main
  1 2590      84.07492065    1327.65748      83.57492065  main
  1 2597      83.90170288    1065.50225      83.40170288  main
  1 2598      83.79083252    1010.09638      83.29083252  main
  1 2600      84.12260437    1328.86717      83.62260437  main
  1 2603      83.89716339    1332.36474      83.39716339  main
  1 2604      83.87416077    1273.24323      83.37416077  main
  1 2609      83.87348938    1204.37401      83.37348938  main
  1 2610      83.87290955    1141.91835      83.37290955  main
  1 2613      83.98626709    1082.53863      83.48626709  main
  1 2623      83.82151031    786.333720      83.32151031  main
  1 2625      83.80380249    890.682346      83.30380249  main
  1 2626      83.76395416    958.151430      83.26395416  main
  1 2627      83.89842987    910.239397      83.39842987  main
  1 2628      83.66883850    846.144335      83.16883850  main
  1 2629      83.79330444    803.983344      83.29330444  main
  1 2634      83.66933441    747.166598      83.16933441  main
  1 2635      83.62659454    709.950647      83.12659454  main
  1 2636      83.67182159    661.244451      83.17182159  main
  1 2637      83.54640198    626.881193      83.04640198  main
  1 2638      83.72901154    671.893438      83.22901154  main
  1 2647      83.52519989    592.821514      83.02519989  main
  1 2648      83.50665283    560.709877      83.00665283  main
  1 2651      83.50000000    530.337921      83.00000000  main
  1 2652      83.50000000    521.677611      83.00000000  main
  1 2657      83.50000000    531.273205      83.00000000  main
  1 2658      83.50000000    541.045246      83.00000000  main
  1 2660      83.55023193    544.222025      83.05023193  main
  1 2663      83.50000000    553.835437      83.00000000  main
  1 2664      83.50000000    563.618136      83.00000000  main
  1 2671      83.50000000    573.573836      83.00000000  main
  1 2674      83.50000000    577.513569      83.00000000  main
  1 2675      83.50000000    587.671155      83.00000000  main
  1 2678      83.50000000    598.007740      83.00000000  main
  1 2680      83.52560425    602.176880      83.02560425  main
  1 2681      83.50000000    612.504873      83.00000000  main
  1 2686      83.50000000    623.615605      83.00000000  main
  1 2687      83.50000000    634.927804      83.00000000  main
  1 2690      83.50000000    647.705066      83.00000000  main
  1 2697      83.50000000    648.888588      83.00000000  main
  1 2698      83.50000000    661.124177      83.00000000  main
  1 2708      83.50000000    707.625100      83.00000000  main
  1 2711      83.50000000    741.951417      83.00000000  main
  1 2712      83.50000000    778.568579      83.00000000  main
  1 2717      83.50000000    966.455220      83.00000000  main
  1 2718      83.50000000    829.756130      83.00000000  main
  1 2719      83.50000000    867.391688      83.00000000  main
  1 2720      83.50000000    813.882810      83.00000000  main
  1 2722      83.50000000    906.655384      83.00000000  main
  1 2723      83.50000000    947.632294      83.00000000  main
  1 2726      83.50000000    673.590076      83.00000000  main
  1 2727      83.50000000    700.692276      83.00000000  main
  1 2738      83.50000000    1072.54502      83.00000000  main
  1 2739      83.50000000    1010.13421      83.00000000  main
  1 2740      83.50000000    1059.75649      83.00000000  main
  1 2741      83.50000000    1124.01418      83.00000000  main
  1 2742      83.50000000    1176.65406      83.00000000  main
  1 2747      83.50000000    1234.89140      83.00000000  main
  1 2748      83.50000000    1296.01095      83.00000000  main
  1 2751      83.50000000    1360.09178      83.00000000  main
  1 2752      83.50000000    1427.35243      83.00000000  main
  1 2762      83.50000000    1497.94026      83.00000000  main
  1 2763      83.50000000    1570.87234      83.00000000  main
  1 3058      85.47257233    1584.47530      84.97257233  main
  1 3069      85.46147156    1621.96367      84.96147156  main
  1 3070      85.82451630    1653.31429      85.32451630  main
  1 3072      85.43705750    1688.43433      84.93705750  main
  1 3075      86.03229523    1718.14933      85.53229523  main
  1 3081      85.40248108    1754.64552      84.90248108  main
  1 3083      85.49680328    1789.57705      84.99680328  main
  1 3084      85.61299896    1875.13283      85.11299896  main
  1 3091      85.40494537    1988.91154      84.90494537  main
  1 3093      85.55165863    2109.59262      85.05165863  main
  1 3104      85.50704956    1579.35805      85.00704956  main
  1 3106      85.15396881    1685.42226      84.65396881  main
  1 3109      85.61736298    2167.02153      85.11736298  main
  1 3112      85.39052582    2298.92033      84.89052582  main
  1 3114      85.60980225    2441.07563      85.10980225  main
  1 3115      85.63858795    2501.17491      85.13858795  main
  1 3118      85.56414032    1849.68343      85.06414032  main
  1 3119      85.46808624    1796.32427      84.96808624  main
  1 3120      85.25691986    1970.87381      84.75691986  main
  1 3123      85.58685303    2162.38679      85.08685303  main
  1 3125      85.34146881    2309.31476      84.84146881  main
  1 3126      85.56549835    2100.00572      85.06549835  main
  1 3130      85.38646698    1351.04203      84.88646698  main
  1 3132      85.19898987    1442.43832      84.69898987  main
  1 3135      85.55069733    1539.30747      85.05069733  main
  1 3153      84.97266388    2173.02936      84.47266388  main
  1 3154      84.70997620    2313.43501      84.20997620  main
  1 3156      85.13369751    2421.78513      84.63369751  main
  1 3159      84.78476715    2423.56517      84.28476715  main
  1 3160      84.67971039    2332.12303      84.17971039  main
  1 3164      84.85355377    2135.59160      84.35355377  main
  1 3165      84.58177948    2244.13125      84.08177948  main
  1 3166      84.69373322    2167.33610      84.19373322  main
  1 3167      84.57859802    2060.73904      84.07859802  main
  1 3168      84.56781769    1988.51028      84.06781769  main
  1 3605      85.36863708    2655.83816      84.86863708  main
  1 3607      85.66188812    2804.90890      85.16188812  main
  1 3610      85.67307281    2918.07356      85.17307281  main
  1 3613      85.45479584    3071.53930      84.95479584  main
  1 3614      85.63034058    2974.43457      85.13034058  main
  1 3617      85.51107788    2543.63126      85.01107788  main
  1 3618      85.56616974    2448.87260      85.06616974  main
  1 3619      85.24198914    2697.34912      84.74198914  main
  1 3622      86.18383026    2800.75920      85.68383026  main
