ppname	easting	northing	zone	kx1	sy1	kz2	kx3	ss3
pp001	96.62578432	9800.608887999999	1	         6.4209650E+01	         2.1885970E-01	         6.2890510E-01	         1.7963240E+01	         2.3332900E-06
pp002	125.98730659999998	8728.913326	1	         3.1499480E+01	         2.4029640E-01	         6.3384484E-02	         4.9830520E+00	         1.2157151E-05
pp003	184.7103511	7789.344614	1	         9.6346710E+00	         9.7143941E-02	         7.3621991E-02	         1.2726350E+01	         1.0170263E-05
pp004	184.7103511	6600.202963000001	1	         8.5286080E+00	         8.9530819E-02	         3.4926840E-02	         4.0687360E+01	         7.5112991E-06
pp005	155.3488288	5528.5074	1	         2.7034860E+01	         9.7206823E-02	         2.3172838E-02	         1.3601570E+01	         1.0459875E-05
pp006	199.3911122	4177.877377000001	1	         1.7904130E+01	         1.8146620E-01	         7.9446275E-02	         1.7179780E+01	         5.5034790E-05
pp007	140.6680677	3032.778009	1	         1.1068110E+01	         1.3567010E-01	         7.4470965E-02	         1.3940700E+01	         1.6363523E-05
pp008	214.0718733	2034.486253	1	         1.6631320E+01	         2.0235430E-01	         1.2649400E-01	         4.5987230E+01	         1.0180860E-05
pp009	214.0718733	786.6215572000001	1	         9.3517560E+01	         2.6323940E-01	         4.0186295E-02	         1.9303940E+01	         5.0408969E-06
pp010	727.8985127000001	170.0295899	1	         2.1962530E+02	         1.0765370E-01	         4.6780254E-02	         3.8558130E+01	         1.2490039E-05
pp011	2225.336147	170.0295899	1	         5.9175470E+01	         2.6809500E-01	         2.8245050E-01	         3.2534310E+01	         2.0296357E-06
pp012	3942.985199	170.0295899	1	         1.1063720E+01	         2.9009280E-01	         2.9860610E-01	         2.9082390E+01	         9.2455930E-06
pp013	5249.572939	125.98730659999998	1	         1.3987350E+01	         3.3195000E-01	         2.1385390E-01	         9.6401170E+01	         4.5185477E-06
pp014	6629.564485	214.0718733	1	         2.4451100E+01	         1.5234160E-01	         1.6543730E-01	         6.2243140E+01	         2.3543749E-06
pp015	7481.048629999999	155.3488288	1	         1.9252460E+01	         1.6347060E-01	         1.4253980E-01	         4.7371370E+02	         7.9998657E-06
pp016	7671.898525	815.9830794	1	         6.4109970E+01	         1.9278890E-01	         1.1617280E-01	         1.5555890E+02	         2.1577578E-06
pp017	7921.471464	2005.1247309999999	1	         4.3709110E+01	         2.5740300E-01	         9.4048308E-02	         1.9308970E+02	         5.8728300E-06
pp018	8317.852014	2900.651159	1	         8.7149040E+01	         3.2123860E-01	         8.7536240E-02	         1.4902590E+02	         4.8351715E-06
pp019	8670.190281000001	3884.262155	1	         8.2899810E+00	         4.2508300E-01	         5.8096980E-02	         8.4970950E+01	         4.6407613E-06
pp020	9037.209309	6218.503173	1	         3.1232260E+00	         6.1666910E-01	         1.2821250E-01	         2.0245460E+02	         1.7289226E-05
pp021	9492.312904	7114.029602	1	         4.0996070E+01	         4.1920570E-01	         4.3942282E-02	         9.5965760E+01	         1.3069956E-05
pp022	9536.355188	8171.044403	1	         9.4976600E+01	         3.8776560E-01	         8.1767970E-02	         2.0664260E+02	         9.5003091E-06
pp023	9286.782248	9242.739965	1	         1.4932340E+02	         5.2975610E-01	         2.1615410E-01	         1.9814420E+03	         5.3646168E-06
pp024	9477.632143	9859.331932	1	         7.6933330E+01	         3.3445890E-01	         5.3292970E-01	         6.4377210E+02	         5.9321596E-06
pp025	8905.082459000001	9932.735738	1	         9.3788320E+01	         2.7517020E-01	         7.8253202E-02	         2.1605470E+02	         1.7531606E-05
pp026	7965.513747	9771.247366	1	         2.2893820E+01	         1.9253280E-01	         8.3635348E-02	         8.3718520E+01	         8.2745837E-06
pp027	6820.414379000001	9874.012693	1	         9.5945060E+01	         1.9091510E-01	         1.5353390E-01	         6.9741030E+01	         5.2694258E-06
pp028	5763.3995780000005	9844.651171	1	         5.2660850E+01	         1.9371730E-01	         3.9232892E-02	         4.7897800E+01	         1.4008890E-06
pp029	4075.1120490000003	9888.693455	1	         1.0914630E+01	         1.4240060E-01	         2.3335110E-01	         1.8731590E+01	         3.6331044E-05
pp030	2636.397459	9859.331932	1	         9.4917350E+00	         1.0066110E-01	         4.9793840E-01	         3.2803910E+00	         3.2531185E-05
pp031	1227.044391	9888.693455	1	         1.4177210E+01	         1.9691080E-01	         4.4654960E-01	         1.8321050E+01	         8.1784089E-06
pp032	1843.6363579999997	5792.761101	1	         1.3737500E+01	         1.4598410E-01	         2.6031120E-02	         2.4156960E+01	         1.8867489E-06
pp033	3091.501054	4559.577166	1	         9.3639330E+00	         3.6842140E-01	         1.8983260E-01	         5.8406770E+01	         5.6578522E-06
pp034	4412.769555	4735.7463	1	         6.4133930E+00	         1.5349910E-01	         2.0946310E-01	         1.4841360E+02	         6.8484421E-06
pp035	4354.046511	4119.1543329999995	1	         2.1702430E+01	         1.1736870E-01	         1.9823360E-01	         6.0310880E+02	         2.3157724E-06
pp036	2474.909087	4867.87315	1	         7.2513730E+00	         4.9386770E-01	         1.7507500E-01	         2.0360230E+01	         8.5464669E-07
pp037	4603.61945	5792.761101	1	         2.0081870E+00	         3.0100370E-01	         1.6855040E-01	         2.8621900E+02	         1.3078855E-06
pp038	7231.475691	5455.1035950000005	1	         1.7855210E+01	         5.4149540E-01	         2.2650260E-01	         6.6479080E+01	         5.2919137E-06
pp039	8405.717469	3897.1962479999997	1	         1.3977640E+00	         3.9240730E-01	         1.0875150E-01	         1.1976430E+02	         1.3807171E-05
pp040	7805.6624870000005	4253.985697	1	         9.3563120E+00	         2.4709020E-01	         7.2616640E-01	         1.8528840E+01	         6.2340051E-06
pp041	7302.913717	4391.836166	1	         9.3899240E+00	         1.6779970E-01	         2.7394310E-01	         6.2227070E+01	         8.7900613E-06
pp042	1585.484721	6069.282416	1	         1.6041730E+01	         8.1810388E-02	         2.0412960E-02	         6.2110050E+01	         2.4153825E-06
pp043	2214.4743780000003	5952.470052000001	1	         4.6253060E+00	         1.2467480E-01	         4.3644748E-02	         1.6163300E+01	         4.2656280E-06
pp044	2744.622803	5880.585519	1	         1.2817400E+00	         1.8857350E-01	         1.0217230E-01	         5.6218230E+01	         4.3083000E-06
pp045	1109.249695	6311.892712	1	         1.2568500E+01	         6.6670428E-02	         1.8624817E-02	         1.0640510E+01	         6.3126101E-06
pp046	992.4373304	5476.235025999999	1	         1.9615380E+01	         1.4394970E-01	         3.8431156E-02	         2.2626170E+01	         3.7779102E-06
pp047	1684.325953	5593.047391	1	         2.4477230E+01	         1.8182800E-01	         3.5409339E-02	         1.5918570E+01	         2.1269962E-06
pp048	2124.618712	5386.379361	1	         3.0840990E+00	         1.8004240E-01	         4.3860262E-02	         1.3547290E+01	         3.0948217E-06
pp049	983.4517639000001	4919.129901	1	         1.8225770E+01	         1.9481850E-01	         7.7053417E-02	         9.9214090E+00	         1.0564083E-05
pp050	1513.600189	4532.750540999999	1	         6.5506810E+00	         2.5738820E-01	         9.9214952E-02	         1.3889220E+01	         5.3552580E-06
pp051	1864.037283	4586.6639399999995	1	         7.1423650E+00	         2.8838350E-01	         9.3438450E-02	         2.4674720E+01	         1.0866405E-06
pp052	686.9280686000001	3867.818618	1	         1.2219860E+01	         2.2797310E-01	         1.4278840E-01	         2.0611760E+01	         2.1202535E-05
pp053	1369.831124	3822.890785	1	         5.8163980E+00	         2.8310630E-01	         1.0049470E-01	         3.0903490E+01	         4.1563480E-06
pp054	1882.0084160000001	3517.3815240000004	1	         2.4834070E+01	         4.3013220E-01	         6.4720470E-02	         1.0928560E+02	         1.0497184E-05
pp055	2618.8248710000003	4047.529948	1	         2.0700240E+01	         3.1703360E-01	         1.3128100E-01	         4.3138150E+01	         9.5906604E-06
pp056	3472.4536909999997	4110.428914	1	         8.4632220E+00	         2.6232570E-01	         8.1590144E-02	         5.4219060E+01	         2.4611253E-06
pp057	5092.386742000001	6882.379873999999	1	         4.3487000E+00	         4.8347810E-01	         1.3652380E-01	         5.3767180E+02	         1.5271549E-06
pp058	6154.834279	6189.479307	1	         6.8379480E+01	         3.2333840E-01	         2.3863940E-01	         4.8313450E+02	         2.5410524E-05
pp059	7425.151986	6385.801135	1	         5.4621670E+02	         2.8001300E-01	         1.5932670E-01	         2.0343590E+02	         9.3582856E-06
pp060	8002.569125	5993.15748	1	         3.0216850E+01	         4.1688490E-01	         3.0993060E-01	         1.6145590E+02	         1.7821153E-05
pp061	8718.566378	6789.993132	1	         9.6580890E+01	         2.9667990E-01	         9.8883832E-02	         6.7607670E+01	         2.2553282E-06
pp062	8683.921349	7713.860554999999	1	         9.9918860E+01	         2.5042800E-01	         7.0143643E-02	         5.4447180E+02	         1.3930819E-05
pp063	8205.882645	8953.921928	1	         6.9039950E+01	         3.3516900E-01	         3.9357260E-01	         2.3589150E+02	         2.9591352E-05
pp064	7310.907073	8633.333664	1	         2.0758280E+02	         2.7814890E-01	         1.3828910E-01	         8.7023010E+01	         7.2337764E-06
pp065	5520.95593	8419.608154000001	1	         4.6361180E+01	         1.4391490E-01	         1.6123760E-01	         2.2414440E+02	         5.5069067E-06
pp066	4158.455806	8366.176776999999	1	         1.2813750E+01	         2.5483350E-01	         6.0953218E-02	         1.7689370E+01	         5.3810008E-06
pp067	1513.602624	8606.617975	1	         6.7783140E+00	         7.8829477E-02	         4.1486780E-01	         1.1519220E+01	         1.3627189E-05
pp068	1513.602624	9181.005282	1	         9.5391240E+00	         9.4279821E-02	         5.3559220E-01	         7.1939080E+00	         5.7443320E-06
pp069	2515.44095	8980.637617	1	         1.9054180E+01	         1.3046510E-01	         2.8555080E-01	         6.3397380E+00	         4.5076494E-05
pp070	4519.117603	9034.068994	1	         1.8319750E+01	         4.2549060E-01	         2.5740038E-02	         2.6412010E+01	         2.5328027E-06
pp071	7257.4756959999995	9247.794504000001	1	         1.0685970E+02	         1.2225970E-01	         6.7063024E-02	         5.8184640E+01	         6.5940764E-06
pp072	979.28885	7524.632583	1	         8.2268280E+01	         5.6536959E-02	         3.7437737E-02	         4.1638850E+01	         7.5893023E-05
pp073	2221.568375	7150.612940999999	1	         5.6074090E+00	         4.8101128E-02	         1.0599160E-02	         3.6881070E+01	         2.1880021E-05
pp074	3049.754725	7444.485516	1	         6.5538460E+00	         1.4412700E-01	         5.5920522E-02	         5.8530290E+01	         1.3423764E-05
pp075	3223.4067010000003	6442.64719	1	         1.6590400E+00	         1.2587210E-01	         8.9582658E-02	         1.9213510E+02	         2.7742066E-06
pp076	3837.8675409999996	7618.137493000001	1	         8.1071000E+00	         2.0286300E-01	         7.6199877E-02	         1.9998070E+01	         4.3992330E-06
pp077	4211.887183	6576.225634	1	         5.1776570E+00	         3.2629310E-01	         1.2371680E-01	         1.0637110E+02	         1.8906419E-06
pp078	830.8169916	2593.523043	1	         4.6696010E+01	         1.4479140E-01	         7.2703100E-02	         2.0778200E+01	         8.8841800E-06
pp079	1658.522442	1934.424259	1	         7.6763950E+01	         2.8461510E-01	         1.0619777E-02	         5.4598730E+01	         1.6085510E-06
pp080	1321.30911	953.4400212000002	1	         1.2358350E+02	         1.9825460E-01	         1.2570122E-02	         3.2772740E+01	         5.0369407E-06
pp081	2869.42486	1152.702444	1	         4.8426300E+01	         3.5081150E-01	         1.9419250E-01	         2.1638920E+01	         1.0899290E-05
pp082	2823.4412239999997	1903.7685010000002	1	         3.2288750E+01	         4.7251280E-01	         4.6534676E-02	         3.6821140E+01	         3.6007804E-06
pp083	2348.276984	2838.7691019999997	1	         2.1922230E+01	         4.1509930E-01	         4.0637024E-02	         2.2450970E+01	         4.7212437E-06
pp084	2961.392132	2992.047889	1	         1.4644210E+01	         1.7568210E-01	         6.5493214E-02	         1.6242210E+01	         4.6077518E-06
pp085	3298.605463	2578.195164	1	         6.1126360E+01	         3.2310700E-01	         1.3334520E-01	         1.5184250E+01	         1.2045803E-05
pp086	2869.42486	3681.802431	1	         1.4832580E+01	         4.4120510E-01	         4.4200214E-02	         6.4268730E+01	         9.6531311E-06
pp087	3267.949706	3804.425461	1	         1.2091740E+01	         2.1727650E-01	         5.6856428E-02	         2.1934960E+01	         1.7064360E-06
pp088	3635.818795	3099.3430399999997	1	         2.6759380E+01	         2.1064130E-01	         5.1715340E-01	         5.3861840E+01	         7.0938374E-06
pp089	4356.229093999999	2777.4575870000003	1	         2.6300060E+01	         5.5083650E-01	         2.8484800E-01	         4.3594210E+01	         3.9191873E-05
pp090	4954.016364	3467.212129	1	         5.3938350E+00	         3.2598440E-01	         6.3119220E-01	         3.5795610E+02	         5.6628400E-06
pp091	5659.098784000001	3084.015162	1	         3.6947470E+01	         4.4034000E-01	         1.0227260E+00	         1.3645590E+02	         2.5360292E-06
pp092	6640.083022	3712.458189	1	         3.9628680E+01	         2.2220830E-01	         1.0835880E+00	         4.1310710E+01	         1.1662871E-05
pp093	6839.345445	2823.4412239999997	1	         2.9033230E+01	         2.2211600E-01	         2.2564740E-01	         1.2189010E+02	         5.6027913E-06
pp094	6992.624231999999	1980.4078949999998	1	         1.8652150E+01	         3.1179410E-01	         1.1068390E-01	         2.5472120E+02	         1.4292851E-05
pp095	5122.62303	815.4891129	1	         3.7087280E+00	         3.4573330E-01	         3.8269440E-01	         8.3464950E+01	         2.7224913E-05
pp096	4908.032728	1382.620625	1	         4.0071250E+00	         3.8608700E-01	         4.2124030E-01	         7.0186750E+01	         6.1643466E-06
pp097	4586.147275	2149.01456	1	         2.4978780E+01	         3.3172360E-01	         4.4204340E-01	         9.4019430E+01	         2.2752427E-05
pp098	3865.7369759999997	1842.456986	1	         3.6351650E+01	         5.0654320E-01	         2.5624500E-01	         4.1872420E+01	         1.2424232E-05
pp099	3881.0648539999997	1076.063051	1	         6.0310610E+00	         4.1347360E-01	         3.1591990E-01	         6.2582240E+01	         7.0258510E-06
pp100	5383.196968	2286.965469	1	         1.0417050E+01	         3.8424390E-01	         2.4247590E-01	         8.1913400E+01	         1.0302514E-05
pp101	6149.590903	1719.833957	1	         8.1333290E+00	         3.6213500E-01	         2.4623360E-01	         1.6547960E+02	         1.9157253E-05
pp102	6992.624231999999	1581.8830480000001	1	         2.6799380E+01	         4.5922620E-01	         9.1650365E-02	         1.2112210E+02	         1.8720557E-06
pp103	7743.690289	3436.556372	1	         3.2518080E+00	         2.6850540E-01	         3.8214120E-01	         8.1917310E+01	         5.9160474E-06
pp104	7191.886654999999	3497.867887	1	         1.0053240E+01	         2.2148150E-01	         2.4372310E-01	         9.6271450E+00	         9.3027173E-06
pp105	6134.263024	2685.490315	1	         2.3087930E+01	         2.5208880E-01	         4.6585970E-01	         8.2608630E+01	         2.0207976E-05
pp106	4908.032728	2900.080617	1	         2.3747870E+01	         3.9936230E-01	         5.0713320E-01	         2.0947050E+02	         6.6872875E-06
pp107	5540.679325	7953.955338	1	         5.0714010E+01	         3.6178650E-01	         1.1400510E-01	         8.8200700E+01	         3.2322979E-06
pp108	6595.663374000001	8270.450552	1	         1.4053240E+02	         3.1514720E-01	         2.3243530E-01	         1.6173600E+02	         2.0552600E-06
pp109	7070.406197	7360.526809999999	1	         9.6198740E+01	         4.9537410E-01	         1.3642440E-01	         5.1138960E+02	         9.2920571E-05
pp110	6674.7871780000005	6648.412577	1	         5.8144050E+01	         3.5464470E-01	         1.5494340E-01	         3.6422430E+02	         3.5516406E-05
pp111	7769.333129000001	7030.844295	1	         4.8774780E+02	         2.2310560E-01	         5.7164156E-02	         3.1700250E+02	         1.1733686E-05
pp112	7901.206134999999	8059.453743000001	1	         6.1086780E+01	         4.8752420E-01	         6.0108460E-01	         2.6050710E+02	         8.1597590E-05
pp113	8863.879079999999	8534.196565	1	         2.4994390E+02	         2.5023810E-01	         5.6183960E-01	         9.1232730E+02	         1.0338142E-05
pp114	9180.374295	7993.517240000001	1	         1.6579640E+02	         3.5891150E-01	         9.3575374E-02	         4.7139840E+02	         1.4280529E-05
pp115	9233.123497	7558.336319	1	         5.7198060E+01	         4.3032160E-01	         3.6976062E-02	         8.7704880E+01	         9.1903650E-06
pp116	9061.688589	6885.783987999999	1	         1.2553660E+01	         3.9956070E-01	         4.2338077E-02	         6.5468540E+01	         3.2455989E-06
pp117	8850.69178	6213.231657	1	         9.6965650E+00	         3.5862200E-01	         3.4383550E-01	         1.1587290E+02	         2.1175336E-05
pp118	8652.88227	5540.679325	1	         2.9245310E+00	         5.1713830E-01	         8.7244235E-02	         7.4198220E+01	         2.2894176E-05
pp119	7263.384778000001	541.8178611000001	1	         4.2104810E+01	         2.0004270E-01	         5.7661095E-02	         8.0859430E+01	         2.2577586E-06
pp120	7514.871976	1547.766651	1	         2.8321520E+01	         2.6518070E-01	         7.4612991E-02	         2.6109250E+01	         4.0204722E-06
pp121	7743.496701000001	2325.090717	1	         4.2111840E+01	         4.2455580E-01	         1.1504660E-01	         1.5448400E+02	         7.7549590E-06
pp122	7994.983898	3033.827364	1	         2.2673480E+01	         4.0887800E-01	         1.7124920E-01	         8.1012100E+01	         1.6877613E-05
pp123	8246.471096	3513.9392869999997	1	         6.1526940E+00	         5.4712530E-01	         2.1062650E-01	         9.1336430E+01	         1.2017386E-05
pp124	2241.3876149999996	9742.54595	1	         9.9843490E+00	         1.1146250E-01	         5.3772540E-01	         8.8987770E+00	         1.6334362E-05
pp125	2165.809193	8911.183313	1	         1.0323710E+01	         9.4009610E-02	         4.5265480E-01	         6.5025440E+00	         1.1045461E-04
pp126	2392.544458	8249.872125	1	         6.3436140E+00	         1.5357500E-01	         2.5317518E-02	         1.2937970E+01	         3.7417167E-05
pp127	2505.91209	7531.8771209999995	1	         8.0838490E+00	         7.2212789E-02	         2.8496118E-02	         1.6213470E+01	         1.1819607E-05
pp128	2694.8581440000003	6643.830668	1	         3.9289730E+00	         1.3865830E-01	         5.0285753E-02	         3.0477720E+01	         4.2607858E-06
pp129	1580.076427	219.66483939999998	1	         3.5069180E+01	         2.3248310E-01	         2.3794990E-01	         7.3084800E+01	         1.3343292E-05
pp130	1863.495507	1221.078924	1	         2.8253710E+01	         4.1508750E-01	         1.2469787E-02	         4.8671080E+01	         3.9123539E-06
pp131	2090.230772	2222.493009	1	         5.1010220E+01	         2.7447180E-01	         6.6256215E-03	         3.5587090E+01	         9.0619542E-06
pp132	2468.122879	3450.6423590000004	1	         5.0906320E+00	         4.6184890E-01	         3.6786381E-02	         2.0776540E+01	         7.8327673E-06
pp133	1957.968534	465.2947093	1	         1.3155310E+02	         2.5091920E-01	         2.1307120E-01	         3.6491270E+01	         1.1682404E-05
pp134	2184.703799	1428.919584	1	         4.0730340E+01	         4.2389420E-01	         3.5134148E-02	         7.3873560E+01	         7.3978787E-06
pp135	2562.595906	2184.703799	1	         3.7856470E+01	         4.5530040E-01	         2.8873657E-02	         1.3071360E+01	         5.5938968E-06
pp136	2732.647355	2770.436565	1	         3.9090360E+01	         1.7614070E-01	         6.2031854E-02	         6.9645370E+00	         5.0618768E-06
pp137	3129.434068	4111.953547	1	         1.9788330E+01	         2.7221950E-01	         4.5635278E-02	         3.0754810E+01	         1.8880972E-06
pp138	2913.263441	4978.149355	1	         5.2550960E+00	         4.5004490E-01	         2.1529520E-01	         7.5289380E+01	         4.3749446E-06
pp139	3273.799077	4956.298711	1	         3.9400300E+00	         2.6370550E-01	         2.5394600E-01	         7.1838940E+01	         2.1434803E-06
pp140	3688.9613240000003	4890.746777	1	         1.1721940E+01	         2.4151720E-01	         4.5884360E-01	         6.3646500E+01	         2.9665729E-06
pp141	4082.2729270000004	4748.717587	1	         1.2156480E+01	         1.5584020E-01	         1.3503260E-01	         3.3523020E+02	         4.2556641E-06
pp142	6546.785743	3276.0493699999997	1	         3.2708030E+01	         1.8400450E-01	         1.0057400E+00	         6.3598960E+01	         4.5746435E-06
pp143	6982.883926	3316.933575	1	         1.5290710E+01	         1.9674500E-01	         2.1026310E-01	         1.3713490E+01	         4.1187079E-06
pp144	6390.062959000001	2894.46346	1	         4.3402080E+01	         3.3461920E-01	         4.9314630E-01	         4.0050540E+01	         2.1597915E-05
pp145	7139.606711	2301.6424920000004	1	         1.0103140E+01	         2.1947730E-01	         7.8845588E-02	         1.9543100E+02	         1.2619837E-05
pp146	7241.817223	1838.2881719999998	1	         1.9506810E+01	         3.0717600E-01	         1.0998820E-01	         1.2976190E+02	         8.2720314E-06
pp147	7436.143393	2461.2821480000002	1	         1.2935120E+01	         2.2190430E-01	         4.5660520E-01	         8.4080070E+01	         6.9286283E-06
pp148	6105.37524	4032.796665	1	         2.0220900E+01	         3.7994430E-01	         8.2440000E-01	         1.2344240E+02	         1.9209450E-06
pp149	6125.114084000001	3749.873241	1	         3.5214420E+01	         2.7668900E-01	         1.2020920E+00	         4.8854560E+01	         2.5240702E-06
pp150	6658.06286	4249.923944	1	         1.3716770E+01	         2.6704080E-01	         9.5437600E-01	         1.0199120E+02	         1.2426515E-06
pp151	5505.429922	6191.3705310000005	1	         7.9446260E+00	         4.0183510E-01	         2.2360380E-01	         2.0000210E+02	         4.7329380E-06
pp152	6083.064119	5622.761868	1	         1.0280960E+02	         4.1797630E-01	         1.2522560E-01	         2.9788350E+02	         7.1234503E-06
pp153	3023.4079829999996	5938.65557	1	         1.7687370E+00	         1.7781910E-01	         1.2383590E-01	         1.2500660E+02	         2.1915092E-06
pp154	3303.1995469999997	5640.812937	1	         4.4624970E+00	         2.1582910E-01	         4.9548990E-01	         1.2056490E+02	         2.6926875E-06
pp155	2141.91413	6273.603177	1	         5.7608670E+00	         9.6873995E-02	         1.8447179E-02	         2.7915310E+01	         4.2642611E-06
pp156	1710.6941570000001	6313.716663	1	         2.3221050E+01	         6.8097968E-02	         1.2145397E-02	         5.3798070E+01	         6.8679630E-06
pp157	1610.410442	6785.050122	1	         8.8500480E+00	         4.4104913E-02	         2.5558872E-02	         2.0153240E+01	         2.4398250E-05
pp158	1821.006243	7707.660298000001	1	         2.6014620E+01	         9.8387490E-02	         2.4580985E-02	         3.8218120E+01	         6.8062923E-05
pp159	1409.8430130000002	7637.461697	1	         3.7884540E+01	         6.6295862E-02	         5.2922473E-02	         3.4604000E+01	         3.7006833E-05
pp160	1299.530926	7256.383581	1	         2.1129530E+01	         5.7371693E-02	         1.1845949E-02	         2.5411210E+01	         9.8502006E-05
pp161	833.2603157000001	3434.7168380000003	1	         1.9131800E+01	         2.0361230E-01	         2.6373190E-01	         3.5002850E+01	         1.0092393E-05
pp162	1149.256447	3199.556927	1	         7.2130520E+00	         1.9524570E-01	         9.7741757E-02	         7.1669610E+01	         8.1829044E-06
pp163	1413.811348	2935.002026	1	         2.2260150E+01	         2.5890950E-01	         4.2265202E-02	         5.6131490E+01	         7.9601729E-06
pp164	4711.719295	758.1553349999999	1	         7.2395440E+00	         1.5974850E-01	         3.5095040E-01	         2.6033140E+01	         9.8710611E-06
pp165	5066.922307	490.46610860000004	1	         8.0624880E+00	         3.0592500E-01	         4.6156010E-01	         1.2972700E+02	         1.2189665E-05
pp166	5334.611533	500.76184810000007	1	         9.1250530E+00	         3.9773340E-01	         3.8957380E-01	         2.0407620E+02	         3.4582721E-06
pp167	5509.639104	675.7894192000001	1	         6.4517910E+00	         3.7222930E-01	         3.9511970E-01	         2.4293450E+02	         3.0727704E-06
pp168	5819.488485	954.865351	1	         1.5340860E+01	         2.8559420E-01	         2.3330940E-01	         2.3565080E+02	         7.7046554E-06
pp169	5618.975345000001	301.01815550000003	1	         2.9850780E+01	         4.2285890E-01	         3.9656290E-01	         1.0379680E+02	         6.5726806E-06
pp170	4869.230561	222.5564921	1	         3.5383800E+00	         2.5128780E-01	         2.1958770E-01	         1.8458760E+02	         6.8803112E-06
pp171	4424.614468	1652.302359	1	         1.0216950E+01	         4.8089490E-01	         2.2336280E-01	         1.8060200E+02	         1.5805124E-05
pp172	4799.48686	1756.917911	1	         1.8590390E+01	         6.4988420E-01	         2.4680960E-01	         2.4894880E+02	         1.3220161E-05
pp173	4607.691683	1425.635332	1	         1.3150080E+01	         4.4945940E-01	         2.3481880E-01	         1.8750180E+02	         1.7723044E-06
pp174	3884.100786	1521.5329199999999	1	         8.3086100E+00	         4.5977610E-01	         3.1628730E-01	         4.7465500E+01	         7.6709275E-06
pp175	4006.1522630000004	2341.021405	1	         6.9762930E+01	         7.0080390E-01	         3.5621480E-01	         4.1388120E+01	         1.3637619E-05
pp176	4241.537253	1931.277163	1	         9.5706180E+00	         3.3270200E-01	         4.9732270E-01	         7.1755030E+01	         1.3055448E-05
pp177	3367.1019509999996	2284.4681760000003	1	         5.3518170E+01	         2.0605600E-01	         2.5057980E-01	         1.0379970E+01	         1.3005628E-05
pp178	3619.2304670000003	2440.9738	1	         3.1495210E+01	         2.1703340E-01	         4.1382090E-01	         2.1818460E+01	         1.7908096E-05
pp179	4079.486978	2803.0422550000003	1	         6.6336020E+00	         3.6172810E-01	         4.7309130E-01	         5.0264230E+01	         9.2700435E-06
pp180	4073.350225	3220.341491	1	         1.3422270E+01	         1.9556860E-01	         5.0185980E-01	         1.8811590E+02	         4.7689560E-06
pp181	4042.666457	3594.683454	1	         3.8404230E+01	         2.1316910E-01	         3.3631020E-01	         2.7102340E+02	         5.2928434E-06
pp182	3379.897082	3422.8543560000003	1	         1.3675140E+01	         1.4839450E-01	         1.6086740E-01	         3.3490300E+01	         4.1443576E-06
pp183	3858.563853	3754.239044	1	         1.4099310E+01	         1.7131230E-01	         2.2137170E-01	         1.3741960E+02	         5.7120502E-06
pp184	5076.796217	4073.6456340000004	1	         1.7609120E+01	         2.9286590E-01	         1.2310170E+00	         1.6662270E+02	         7.8045334E-06
pp185	4544.022463	3953.651546	1	         3.6874840E+01	         1.6383990E-01	         4.0435880E-01	         1.5758760E+02	         7.9746744E-06
pp186	5468.198243	4034.3411229999997	1	         1.4282480E+01	         3.2490120E-01	         1.7061590E+00	         2.1568590E+02	         3.1273965E-06
pp187	7033.736119	2754.111552	1	         1.1052110E+01	         2.1709810E-01	         2.0114720E-01	         9.4864410E+01	         9.8046626E-06
pp188	7414.147192	2907.739101	1	         4.7525220E+00	         3.8961460E-01	         9.8238552E-02	         1.3945250E+02	         1.0847749E-05
pp189	6982.526936	3039.419857	1	         2.7448820E+01	         2.6918990E-01	         1.4310360E-01	         5.2153780E+01	         3.7885406E-06
pp190	7534.6056069999995	3945.490578	1	         8.4794220E+00	         1.7054690E-01	         5.0108540E-01	         3.2689310E+01	         4.9804920E-06
pp191	7799.415148	3680.681037	1	         6.8818050E+00	         2.6233090E-01	         7.2370370E-01	         5.0277600E+01	         4.8482448E-06
pp192	8050.038464	4082.62409	1	         4.2556080E+00	         3.1868000E-01	         5.1984080E-01	         3.0504640E+01	         2.1405163E-06
pp193	4337.119707	7281.653184000001	1	         8.9890220E+00	         4.0985130E-01	         1.6226760E-01	         1.2401120E+02	         2.6605614E-06
pp194	4620.525049	7497.809801	1	         1.4141650E+01	         4.0406920E-01	         2.1836620E-01	         2.5846560E+02	         2.3226612E-06
pp195	4487.511619	7627.519797	1	         4.4752990E+00	         3.4554420E-01	         2.5811690E-01	         1.1904100E+02	         2.1134463E-06
pp196	4568.858981	8156.277651	1	         7.6670140E+00	         1.8920830E-01	         2.4857830E-01	         1.7711590E+01	         3.1188215E-06
pp197	4105.179017	7887.831356000001	1	         1.2709390E+01	         1.2829840E-01	         1.3320780E-01	         1.9413080E+01	         8.5195203E-07
pp198	4520.050563000001	7098.761943	1	         5.3855840E+00	         4.0960150E-01	         1.0846500E-01	         2.9703790E+02	         1.8565758E-06
pp199	4609.532662	6496.7914630000005	1	         4.3089420E+00	         3.2898120E-01	         6.7408487E-02	         1.0244380E+02	         4.9163435E-07
pp200	6510.104595000001	7427.847718999999	1	         5.6613780E+01	         4.8419900E-01	         4.2251569E-02	         1.6509580E+02	         3.2155106E-06
pp201	6727.025697	7169.211020000001	1	         7.2997860E+01	         5.7037270E-01	         1.3826560E-01	         4.2941640E+02	         5.2296208E-05
pp202	8604.227542	9254.990848000001	1	         1.3116580E+02	         4.5133120E-01	         4.3761440E-01	         2.4108890E+02	         2.0880382E-05
pp203	5729.403232	9228.259359	1	         2.5513500E+01	         1.2891710E-01	         5.6425296E-02	         1.6719390E+02	         4.1040475E-06
pp204	5626.830902000001	9530.277885	1	         5.2050630E+01	         2.5862510E-01	         3.7441236E-02	         4.6403270E+01	         6.0700947E-06
pp205	5410.289318	9228.259359	1	         6.1708470E+01	         2.7202460E-01	         4.1956925E-02	         7.1557540E+01	         5.8853724E-06
pp206	4846.141506	9290.942449	1	         1.4358080E+01	         3.9500280E-01	         5.1942508E-02	         4.0109590E+01	         6.6371057E-06
pp207	5313.415451	8812.271579	1	         2.2088180E+01	         1.3710550E-01	         7.0082646E-02	         7.6375110E+01	         7.2435179E-06
pp208	6367.63106	9256.751673	1	         6.0528340E+01	         1.8444090E-01	         1.0828940E-01	         1.4394890E+02	         2.4107899E-06
pp209	5839.584513000001	8995.264234	1	         1.4604940E+02	         1.0450650E-01	         1.2752450E-01	         5.4233370E+02	         4.4483196E-06
pp210	6138.746811	8744.35392	1	         2.3329480E+01	         1.4959070E-01	         6.4401364E-02	         3.8578640E+02	         1.4302241E-06
pp211	6090.494827	8223.232498000001	1	         8.3753070E+01	         3.5137450E-01	         1.0014100E-01	         6.2263400E+01	         2.4014220E-06
pp212	6881.827356999999	8811.906697	1	         6.1721650E+01	         2.1668220E-01	         1.5835850E-01	         2.1561130E+02	         1.8053346E-06
pp213	7401.9692939999995	7164.512254	1	         5.0579160E+01	         4.1686990E-01	         9.3310028E-02	         4.6530840E+02	         2.5811461E-05
pp214	2770.943548	6277.522472	1	         3.2267870E+00	         1.6880890E-01	         9.9306145E-02	         3.6543830E+01	         2.4209468E-06
pp215	3405.299534	6149.770225	1	         3.6634460E+00	         1.7939310E-01	         1.8693610E-01	         1.6620570E+02	         5.5574000E-06
pp216	538.8946423	9492.932507	1	         2.1414430E+01	         4.3340010E-01	         2.0369150E-01	         2.2654400E+01	         3.0211174E-06
pp217	422.1950967	9211.792692	1	         1.0996640E+01	         3.7254220E-01	         3.0860490E-01	         2.5828530E+01	         3.2486791E-06
pp218	788.2073079	9450.496308	1	         1.9479880E+01	         2.5691260E-01	         5.4229740E-01	         1.4132400E+01	         8.8900417E-06
pp219	735.1620598999999	9105.702196	1	         3.4446010E+01	         2.2271630E-01	         3.1618200E-01	         1.9677710E+01	         1.8762299E-05
pp220	576.0263159	8845.780481	1	         5.0798990E+01	         2.4463760E-01	         1.0414770E-01	         2.5137740E+01	         1.2647989E-05
pp221	1090.5652220000002	8840.475956	1	         2.9931350E+01	         1.6755100E-01	         4.0498420E-01	         7.8579440E+00	         9.3788476E-06
pp222	756.3801591	8463.854695	1	         4.0701530E+01	         1.8229190E-01	         1.5972190E-01	         8.2746550E+00	         8.2419367E-06
pp223	441.18456299999997	8503.477273999999	1	         1.4476310E+01	         1.6941730E-01	         7.9207943E-02	         2.1716220E+01	         8.6795953E-06
pp224	1195.874063	8552.56277	1	         1.8189710E+01	         1.4232530E-01	         3.0054080E-01	         1.1840060E+01	         9.3207014E-06
pp225	1005.667767	9239.759713	1	         3.3608930E+01	         2.0704490E-01	         4.1868950E-01	         1.6735980E+01	         8.0188497E-06
pp226	208.0284572	9442.237384	1	         3.0090870E+01	         2.7430410E-01	         2.0655810E-01	         1.9145150E+01	         3.0652671E-06
pp227	379.82769310000003	9841.057039	1	         4.4904900E+01	         1.9186680E-01	         1.7461470E-01	         1.1908910E+01	         1.4207836E-06
pp228	858.4112786000001	9779.700169	1	         1.1489480E+01	         3.1015350E-01	         2.7921580E-01	         1.1633180E+01	         2.0525378E-06
pp229	3768.1779049999996	9708.739298999999	1	         9.4175680E+00	         1.1546190E-01	         5.1871740E-01	         7.2186830E+00	         1.5726365E-05
pp230	3599.2990689999997	8983.553711	1	         7.7405000E+00	         2.4224580E-01	         2.1584100E-02	         2.7208830E+01	         1.5565758E-05
pp231	8728.913326	4412.769555	4	         1.5084350E+01	         1.5532180E-01	         1.0124750E-01	         1.2585520E+02	         2.1002457E-05
pp232	8787.63637	5322.976745	4	         3.2161870E+01	         1.8514900E-01	         1.1454490E-01	         4.0299570E+01	         2.5263694E-05
pp233	1373.8520019999999	5807.441862	4	         9.0702580E+00	         5.7411320E-01	         3.4796994E-02	         3.3225360E+01	         2.2659358E-06
pp234	2240.016909	5719.357295000001	4	         3.4249780E+01	         4.1372590E-01	         3.2378594E-02	         1.6225460E+01	         2.8266571E-06
pp235	2577.674414	5396.38055	4	         4.8870230E+01	         4.9863560E-01	         1.8899240E-01	         2.1303110E+01	         2.5042212E-06
pp236	3106.181815	5396.38055	4	         6.4638270E+01	         3.1713420E-01	         5.1163740E-01	         5.1881960E+01	         2.8574608E-06
pp237	3634.689215	5308.295984	4	         5.5261330E+01	         2.8261380E-01	         1.0433340E+00	         1.0077420E+02	         2.8081970E-06
pp238	4001.708244	5425.742072999999	4	         3.0575820E+01	         2.4680840E-01	         4.7074540E-01	         8.2602820E+01	         2.6846504E-06
pp239	4574.257927000001	5205.530656	4	         3.8037990E+01	         3.8469850E-01	         6.4731640E-02	         3.3545720E+02	         3.3777519E-06
pp240	5176.169132999999	5102.765328	4	         5.8507360E+01	         3.7965240E-01	         2.2971010E-01	         6.1021320E+02	         3.2253284E-06
pp241	5455.1035950000005	4823.830867000001	4	         6.7428160E+01	         2.7857260E-01	         6.3473500E-01	         6.3965050E+02	         8.0564837E-06
pp242	5792.761101	4574.257927000001	4	         2.3017900E+01	         4.1519750E-01	         2.5248040E+00	         1.6418750E+02	         3.3679028E-06
pp243	6057.014800999999	4765.107822	4	         2.0543360E+01	         3.8324180E-01	         7.7260540E-01	         1.3208330E+02	         4.8221459E-06
pp244	6203.8224119999995	5205.530656	4	         2.4792260E+01	         1.3938770E+00	         1.0863920E+00	         3.9776200E+02	         7.1863059E-06
pp245	6482.756874000001	4779.788583	4	         2.1602930E+02	         2.9144820E-01	         4.5244150E-01	         1.6193560E+02	         4.1936335E-06
pp246	6805.733618000001	4867.87315	4	         6.7156890E+01	         2.0003360E-01	         7.3396710E-01	         4.0174440E+01	         2.5564530E-06
pp247	7260.837213	4867.87315	4	         2.3736630E+01	         4.3651690E-01	         5.6621780E-01	         1.0172080E+02	         1.8108391E-06
pp248	7730.621569	4955.957717	4	         8.7259360E+01	         5.2726710E-01	         4.7665080E-01	         1.0914260E+02	         3.7889448E-06
pp249	8200.405925	4882.553911	4	         6.6358830E+01	         1.7515800E-01	         2.9632480E-01	         7.4968360E+01	         1.0557146E-05
pp250	8758.274848000001	5000.0	4	         2.9878340E+01	         5.2414230E-01	         3.1993060E-01	         3.1209350E+01	         1.6928823E-05
pp251	1388.5327630000002	4354.046511	4	         2.8618690E+01	         2.4221390E-01	         1.0333510E-01	         1.4488390E+01	         7.1278643E-06
pp252	1814.274836	4339.3657490000005	4	         5.1290440E+00	         2.2490810E-01	         6.8979972E-02	         2.3611720E+01	         2.1773605E-06
pp253	2298.7399530000002	4368.727272	4	         6.7178850E+01	         3.7151170E-01	         6.5908824E-02	         1.5171960E+01	         3.7271224E-06
pp254	2665.758981	4574.257927000001	4	         3.4471690E+01	         6.5033650E-01	         2.5653620E-01	         2.3655340E+01	         6.9246461E-06
pp255	3487.8816039999997	4530.215644	4	         2.9246090E+01	         3.9738310E-01	         1.0582950E-01	         4.9714240E+01	         3.2491933E-06
pp256	3987.027482	4471.4926	4	         8.9146310E+01	         5.9733750E-01	         1.5697210E-01	         3.0310870E+02	         3.1030468E-06
pp257	4544.8964049999995	4427.4503159999995	4	         9.8869090E+00	         3.5832040E-01	         2.2503260E-01	         1.7919860E+02	         7.3101892E-06
pp258	5029.361522	4500.854122	4	         1.6523480E+01	         2.2238560E-01	         1.1404910E+00	         3.0224640E+02	         4.4205894E-06
pp259	5484.465117	4632.980972	4	         7.7087180E+01	         3.1198900E-01	         6.8758950E-01	         1.8853120E+02	         3.9036480E-06
pp260	2562.993653	5264.2537	4	         7.4566970E+00	         5.4340190E-01	         1.3580780E-01	         2.0175830E+01	         2.6578092E-06
pp261	4471.4926	5440.422834	4	         3.7093770E+01	         5.1139350E-01	         1.9454300E-01	         3.0136150E+02	         3.3030468E-06
pp262	5000.0	5337.6575060000005	4	         1.7692930E+02	         7.2974360E-01	         1.3197220E-01	         5.1708850E+02	         8.3870852E-06
pp263	5513.826639	5220.211417	4	         4.0902990E+01	         3.3908150E-01	         3.9596260E-01	         5.6582640E+02	         6.2800716E-06
pp264	5851.484145	4941.276956000001	4	         1.8214660E+01	         2.1947590E-01	         9.2587730E-01	         1.3423410E+02	         3.7367179E-06
pp265	5998.2917560000005	5176.169132999999	4	         2.9773720E+01	         1.2068620E+00	         1.0693750E+00	         3.4919110E+02	         5.8630070E-06
pp266	6629.564485	5176.169132999999	4	         2.2689510E+01	         2.5868780E-01	         3.1955750E-01	         2.4435850E+02	         7.5874548E-06
pp267	7789.344614	5249.572939	4	         7.1303730E+01	         3.1816700E-01	         5.4328540E-01	         1.6608970E+02	         4.0154841E-06
pp268	7392.964062999999	5058.723043999999	4	         2.2572700E+02	         2.3255470E-01	         5.6031070E-01	         2.3001090E+02	         4.4840952E-06
pp269	7006.664240000001	5109.5789350000005	4	         2.9189600E+00	         1.8008840E-01	         5.7656030E-01	         5.1772480E+01	         2.2755090E-06
pp270	8089.788584000001	5104.384749	4	         2.2644300E+02	         3.8189250E-01	         4.6013950E-01	         1.3376930E+02	         4.9282015E-06
pp271	8444.696731999999	4989.561525	4	         3.3620020E+01	         1.1535970E+00	         2.6976510E-01	         3.4990820E+01	         2.0427577E-05
pp272	8110.507558	4860.376219	4	         5.0362540E+01	         1.7596190E-01	         2.6505170E-01	         2.9313410E+01	         9.1929377E-06
pp273	8517.743585	4720.752439	4	         7.6071630E+01	         2.4058130E-01	         5.9736470E-01	         4.2639330E+01	         1.1883890E-05
pp274	7821.880189	4635.1017	4	         6.7648560E+01	         1.9099990E-01	         1.7635830E-01	         4.0051830E+01	         1.3042590E-05
pp275	6251.365913000001	4709.683108	4	         1.0429180E+01	         2.9917730E-01	         8.5216350E-01	         2.9055630E+02	         4.4061421E-06
pp276	5750.8195479999995	4169.093034	4	         8.4627960E+02	         7.6817150E-01	         1.8215290E+00	         3.2218060E+02	         3.3338017E-06
pp277	5420.458947	4349.289725	4	         3.4587390E+01	         1.2422390E-01	         1.4052860E+00	         4.3556270E+02	         1.7255682E-06
pp278	6041.13644	4469.4208530000005	4	         5.8850820E+01	         2.9660650E-01	         1.0661550E+00	         2.0007750E+02	         5.2068398E-06
pp279	2522.521204	4550.125334	4	         3.9026650E+01	         4.7870390E-01	         1.4611530E-01	         2.4932020E+01	         3.7387283E-06
pp280	2699.69497	5431.307193	4	         1.3745640E+02	         2.7977850E-01	         1.5442770E-01	         2.7818750E+01	         2.3537465E-06
pp281	8210.851888	4453.891995	4	         1.9316550E+02	         1.6606550E-01	         4.8108700E-01	         3.5716180E+01	         8.3406408E-06
pp282	5207.587289	5613.736334	4	         1.6487570E+01	         2.9901100E-01	         2.4460620E-01	         7.6427390E+02	         6.3613930E-06
pp283	5676.9150740000005	5685.940609	4	         1.0968880E+02	         2.3137290E-01	         4.3347580E-01	         5.7746690E+02	         1.3124379E-05
pp284	8371.592906999998	4304.874954999999	4	         5.7308990E+01	         1.7628710E-01	         2.7846860E-01	         6.0906220E+01	         5.7949367E-06
pp285	5398.2875890000005	3798.1497299999996	4	         3.7468330E+01	         2.0960260E-01	         1.0718650E+00	         3.3899150E+02	         2.1479786E-06
pp286	5531.0501189999995	3616.474689	4	         4.3351720E+01	         1.9088190E-01	         8.2591740E-01	         3.5787760E+01	         3.4978804E-06
pp287	5796.5751789999995	3819.112235	4	         1.9775440E+01	         3.9092940E-01	         1.2151750E+00	         9.2821150E+01	         1.1813722E-06
pp288	6013.187728	4021.7497799999996	4	         8.2135640E+01	         1.7422390E-01	         4.5770070E-01	         1.0997670E+02	         2.1838341E-06
pp289	6369.550308	4378.11236	4	         8.6382770E+01	         3.1544090E-01	         4.2911710E-01	         1.9377230E+02	         1.8283101E-06
pp290	6781.8129	4748.449944	4	         2.7012130E+02	         1.8224910E-01	         2.6907580E-01	         1.2246320E+02	         1.9425023E-06
pp291	7054.325461	4790.3749530000005	4	         5.3069150E+02	         2.7563490E-01	         4.3855800E-01	         2.7126400E+02	         1.0396198E-06
pp292	4867.23747	6383.525311	4	         7.9315300E+00	         2.3499530E-01	         9.2758046E-02	         3.6475940E+02	         1.8096233E-06
pp293	5237.5750530000005	6194.862768	4	         2.5989550E+01	         4.8992580E-01	         1.1613240E-01	         2.2616760E+02	         6.9673179E-06
pp294	4028.737282	6635.075367	4	         1.0577060E+02	         1.7729100E-01	         1.4080480E-01	         5.7323680E+01	         2.6926257E-06
pp295	4217.399824	5929.337709	4	         1.0931410E+02	         2.7466650E-01	         1.8003680E-01	         1.0590750E+02	         1.0622510E-06
pp296	4077.649793	5607.912636999999	4	         1.4993250E+02	         3.0067620E-01	         5.4527570E-01	         6.8133740E+01	         3.7760478E-06
pp297	4545.812398	4944.099987	4	         1.4540010E+01	         1.0091390E-01	         1.2930390E-01	         2.0047820E+02	         6.7970446E-06
pp298	4916.1499810000005	4916.1499810000005	4	         4.2743530E+01	         8.9116860E-01	         1.4719540E-01	         2.1951010E+02	         4.8123619E-06
pp299	1933.4427899999998	4798.34431	4	         2.4261910E+01	         3.8294870E-01	         1.1108980E-01	         1.7309280E+01	         3.1812853E-06
pp300	2512.140198	5635.112177	4	         4.8443100E+01	         6.9520730E-01	         7.4007462E-02	         2.4238510E+01	         4.8636031E-06
pp301	4082.1409200000003	5014.120909	4	         3.7385010E+01	         4.5728860E-01	         2.4371640E-01	         5.8228510E+02	         1.4910450E-06
pp302	4258.652282	5204.753179	4	         1.5403590E+01	         3.3632850E-01	         2.1370800E-01	         3.6680410E+02	         2.0444849E-06
pp303	5921.9436399999995	5431.796388000001	4	         3.7356000E+02	         4.1911340E-01	         2.4102420E-01	         2.9581670E+02	         3.5281860E-06
pp304	6557.96805	5478.477079	4	         5.4484600E+02	         1.8218600E+00	         3.8670060E-01	         2.0297820E+02	         4.6364721E-06
pp305	7118.136337999999	5268.413971	4	         6.3701660E+01	         4.1441080E-01	         6.3620230E-01	         4.7390140E+01	         2.6137252E-06
pp306	7608.283590000001	5385.115698	4	         5.7853800E+01	         4.5861350E-01	         3.9795430E-01	         1.4625090E+02	         3.7051173E-06
pp307	8104.265928	5501.817424	4	         1.0277910E+01	         2.7342500E-01	         3.3314310E-01	         3.8668360E+02	         9.6460176E-06
pp308	8419.36059	5437.631475	4	         3.6891720E+02	         1.5801790E-01	         2.0576240E-01	         7.6424390E+01	         2.0178594E-05
pp309	8378.514985	5280.0841439999995	4	         5.1126190E+01	         6.9033190E-01	         2.1496960E-01	         8.3132660E+01	         1.8926315E-05
pp310	5142.48695	4257.567999	4	         4.7130820E+01	         5.7507990E-01	         1.1530590E+00	         2.2535120E+02	         2.8999443E-06
pp311	4820.016485	4250.068686	4	         2.3104410E+01	         3.8784850E-01	         7.6285570E-01	         1.7845060E+02	         5.9713558E-06
pp312	674.4252074	6328.859968	4	         1.3362320E+00	         4.3072420E-01	         4.9513831E-02	         7.9270830E+00	         1.7444320E-05
pp313	498.1478648	4457.608176	4	         4.7542210E+01	         4.2011660E-01	         4.0967194E-02	         1.4355990E+01	         1.7359866E-05
pp314	864.2623456	4783.0432710000005	4	         2.1147770E+01	         5.3498370E-01	         3.2464292E-02	         7.0824250E+00	         1.7617783E-05
pp315	1718.529468	3942.335944	4	         3.6130190E+01	         1.0841620E-01	         2.3783209E-02	         2.0575960E+01	         3.1778289E-06
pp316	5637.310393	6166.1424210000005	4	         9.9522630E+01	         2.0424390E-01	         2.5964490E-01	         4.7450290E+02	         4.2695153E-06
