pointid   X                      Y                      layer_kx_multiplier         vertical_anisotropy       recharge
1         987998.226357765       120505.043349591            9.9052680E-01              1.0018660E+01            3.7498001E-03
2         988277.504086859       122288.124235349            1.3122200E+00              9.0562530E+00            3.7498001E-03
3         987590.051215242       123469.683858442            1.9114350E+00              8.5440940E+00            3.7498001E-03
4         987181.876072719       122223.675528635            1.3417200E+00              9.6604170E+00            3.7498001E-03
5         986580.354810053       121729.56877716             1.2060600E+00              9.9832940E+00            3.7498001E-03
6         985785.487427245       122717.78228011             1.9274660E+00              9.5500310E+00            3.7498001E-03
7         986279.59417872        124135.653827822            9.3912060E-01              1.0338590E+01            3.7498001E-03
8         986129.213863054       123469.683858442            8.0861160E-01              1.0732000E+01            3.7498001E-03
9         986924.081245862       122868.162595776            1.9931210E+00              8.2523060E+00            3.7498001E-03
10        984711.342315343       123491.16676068             1.0000000E+01              8.6613240E+00            3.7498001E-03
11        984625.41070639        124414.931556916            5.4476390E+00              9.4369700E+00            3.7498001E-03
12        985205.449066818       125617.974082247            9.5668540E-01              1.0444930E+01            3.7498001E-03
13        985806.970329483       126563.221780721            7.8170530E-01              1.1032800E+01            3.7498001E-03
14        985055.068751151       127895.161719481            5.7044810E-01              1.2560340E+01            3.7498001E-03
15        985678.072916055       129871.588725381            7.1541830E-01              1.1636280E+01            3.7498001E-03
16        984367.615879534       129055.238440335            5.1404320E-01              1.3454410E+01            3.7498001E-03
17        982928.261429584       128346.30266648             3.4369910E-01              1.5621800E+01            3.7498001E-03
18        983830.543323583       126821.016607578            5.4192480E-01              1.3632610E+01            3.7498001E-03
19        984797.273924295       126369.875660579            7.2106500E-01              1.1442270E+01            3.7498001E-03
20        982928.261429584       125338.696353152            6.9876700E-01              1.6994760E+01            3.7498001E-03
21        982906.778527346       126692.11919415             3.9008820E-01              1.6556660E+01            3.7498001E-03
22        981145.180543826       128024.059132909            3.8342590E-01              1.4017290E+01            3.7498001E-03
23        982906.778527346       124565.311872583            3.8364390E-01              2.5671950E+01            3.7498001E-03
24        981145.180543826       124200.102534536            5.6492410E-01              1.4770920E+01            3.7498001E-03
25        980457.727672208       123276.337738299            8.1465610E-01              1.2393740E+01            3.7498001E-03
26        981811.150513206       125875.768909104            4.1296040E-01              1.8881890E+01            3.7498001E-03
27        980651.073792351       126649.153389674            2.5313700E-01              1.3523150E+01            3.7498001E-03
28        979233.202244639       126735.084998626            7.6646670E-01              7.6852600E+00            3.7498001E-03
29        979082.821928973       125252.7647442              6.7536900E-01              8.9414550E+00            3.7498001E-03
30        980307.347356542       125510.559571057            3.6967570E-01              1.1193740E+01            3.7498001E-03
31        978502.783568545       123469.683858442            6.8417250E-01              1.1739340E+01            3.7498001E-03
32        977772.364892452       124715.692188249            7.1921840E-01              1.0655750E+01            3.7498001E-03
33        977557.535870071       122352.572942063            8.4864660E-01              1.1084630E+01            3.7498001E-03
34        975731.489179837       123362.269347252            7.8443810E-01              1.0670490E+01            3.7498001E-03
35        977256.775238739       123899.341903203            7.9685650E-01              1.0725010E+01            3.7498001E-03
36        977063.429118596       125553.525375533            3.2689340E-01              1.1023050E+01            3.7498001E-03
37        977664.950381262       127014.36272772             5.4252950E-01              8.5872820E+00            3.7498001E-03
38        977965.711012594       128324.819764242            6.7214170E-01              9.2500080E+00            3.7498001E-03
39        978867.992906592       129420.447778382            7.9652540E-01              1.0003790E+01            3.7498001E-03
40        976977.497509644       129613.793898525            7.6145300E-01              9.4934890E+00            3.7498001E-03
41        975280.348232838       129570.828094049            7.3173340E-01              9.7055130E+00            3.7498001E-03
42        974657.344067934       127787.74720829             5.4328590E-01              1.0777320E+01            3.7498001E-03
43        976118.181420122       128281.853959766            3.6521920E-01              9.7977140E+00            3.7498001E-03
44        976762.668487263       126863.982412054            4.9774970E-01              7.7322250E+00            3.7498001E-03
45        974528.446654506       125510.559571057            5.5260650E-01              1.4836940E+01            3.7498001E-03
46        976010.766908932       125575.008277771            1.0000000E-01              2.2550080E+01            3.7498001E-03
47        974635.861165696       124264.55124125             8.3443990E-01              1.0354120E+01            3.7498001E-03
48        973454.301542603       124629.760579297            1.6131700E+00              7.7358340E+00            3.7498001E-03
49        976118.181420122       124414.931556916            4.8671200E-01              1.2891350E+01            3.7498001E-03
50        974721.792774648       122911.128400253            9.7401120E-01              9.6768770E+00            3.7498001E-03
51        988879.025349525       122846.679693538            1.4444490E+00              9.1893240E+00            3.7498001E-03
52        978073.125523785       125489.076668819            4.6192400E-01              1.0843660E+01            3.7498001E-03
53        978427.593410712       124758.657992725            7.1127990E-01              1.0604570E+01            3.7498001E-03
54        978642.422433093       124382.707203559            6.2370220E-01              1.1252290E+01            3.7498001E-03
55        979383.582560306       124672.726383773            6.1408340E-01              1.0547480E+01            3.7498001E-03
56        986773.700930196       123373.010798371            6.4645230E-01              1.3040300E+01            3.7498001E-03
57        986811.296009112       123491.16676068             4.4110040E-01              1.5865750E+01            3.7498001E-03
58        986601.837712291       123501.908211799            5.8424060E-01              1.2719210E+01            3.7498001E-03
59        986918.710520303       123313.932817216            1.0508670E+00              1.0414410E+01            3.7498001E-03
60        986564.242633375       123292.449914978            8.0664090E-01              1.1525410E+01            3.7498001E-03
61        986435.345219946       122991.689283645            1.2619230E+00              9.8208210E+00            3.7498001E-03
62        986591.096261172       122379.426569861            2.1861890E+00              9.6745680E+00            3.7498001E-03
63        974925.88034591        126665.265566352            2.8943270E-01              1.5106760E+01            3.7498001E-03
64        978492.042117426       125193.686763046            6.3113920E-01              1.0016860E+01            3.7498001E-03
65        977138.619276429       124484.75098919             6.2029140E-01              1.0957340E+01            3.7498001E-03
66        976730.444133906       123356.898621692            8.0068460E-01              1.0834900E+01            3.7498001E-03
67        987730                 121488                      1.0073380E+00              9.5956360E+00            3.7498001E-03
