  single point
       pp1_kx1     51.90822700000000         1.000000         0.000000    
       pp1_kx2     60.52117900000000         1.000000         0.000000    
       pp1_kx3     96.39653900000000         1.000000         0.000000    
       pp1_kx4     56.36233500000000         1.000000         0.000000    
       pp1_kx5     75.44543200000000         1.000000         0.000000    
       pp1_kx6     90.13578400000000         1.000000         0.000000    
       pp1_kx7     103.7228600000000         1.000000         0.000000    
       pp1_kx8     96.87676200000000         1.000000         0.000000    
       pp1_kx9     75.21494700000000         1.000000         0.000000    
      pp1_kx10     98.80098099999999         1.000000         0.000000    
      pp1_kx11     67.57276299999999         1.000000         0.000000    
      pp1_kx12     60.70654000000000         1.000000         0.000000    
      pp1_kx13     74.36491300000000         1.000000         0.000000    
      pp1_kx14     102.9843900000000         1.000000         0.000000    
      pp1_kx15     31.74291900000000         1.000000         0.000000    
      pp1_kx16     20.27436500000000         1.000000         0.000000    
      pp1_kx17     56.78892600000000         1.000000         0.000000    
      pp1_kx18     17.35541600000000         1.000000         0.000000    
      pp1_kx19     15.33538400000000         1.000000         0.000000    
      pp1_kx20     21.24365500000000         1.000000         0.000000    
      pp1_kx21     24.56180300000000         1.000000         0.000000    
      pp1_kx22     89.49496200000000         1.000000         0.000000    
      pp1_kx23     53.71293100000000         1.000000         0.000000    
      pp1_kx24     59.63205400000000         1.000000         0.000000    
      pp1_kx25     55.51300600000000         1.000000         0.000000    
      pp1_kx26     37.72057200000000         1.000000         0.000000    
      pp1_kx27     27.93493200000000         1.000000         0.000000    
      pp1_kx28     54.79716600000000         1.000000         0.000000    
      pp1_kx29     19.66040600000000         1.000000         0.000000    
      pp1_kx30     47.12940500000000         1.000000         0.000000    
      pp1_kx31     19.73544500000000         1.000000         0.000000    
      pp1_kx32     52.18361100000000         1.000000         0.000000    
      pp2_mul1     1.150543000000000         1.000000         0.000000    
      pp2_mul2     2.012323900000000         1.000000         0.000000    
      pp2_mul3     1.218654700000000         1.000000         0.000000    
      pp2_mul4     1.057225900000000         1.000000         0.000000    
      pp2_mul5    0.9841065200000000         1.000000         0.000000    
      pp2_mul6    0.8023986300000000         1.000000         0.000000    
      pp2_mul7    0.5439386800000000         1.000000         0.000000    
      pp2_mul8    0.5505352500000000         1.000000         0.000000    
      pp2_mul9    0.6770297000000000         1.000000         0.000000    
     pp2_mul10    0.7500030700000000         1.000000         0.000000    
     pp2_mul11     1.305544400000000         1.000000         0.000000    
     pp2_mul12    0.1031321800000000         1.000000         0.000000    
     pp2_mul13    7.0445173000000000E-02     1.000000         0.000000    
     pp2_mul14    0.4756927800000000         1.000000         0.000000    
     pp2_mul15    0.1836393100000000         1.000000         0.000000    
     pp2_mul16    0.3303968300000000         1.000000         0.000000    
     pp2_mul17     1.320120200000000         1.000000         0.000000    
     pp2_mul18    0.5849159300000000         1.000000         0.000000    
     pp2_mul19    0.6599138900000000         1.000000         0.000000    
     pp2_mul20     1.225170300000000         1.000000         0.000000    
     pp2_mul21    0.9267464700000000         1.000000         0.000000    
     pp2_mul22     10.59376200000000         1.000000         0.000000    
     pp2_mul23    0.9034759900000000         1.000000         0.000000    
     pp2_mul24    0.4170543700000000         1.000000         0.000000    
     pp2_mul25     1.106117600000000         1.000000         0.000000    
     pp2_mul26    0.8833704500000000         1.000000         0.000000    
     pp2_mul27     1.169881400000000         1.000000         0.000000    
     pp2_mul28     1.257859000000000         1.000000         0.000000    
     pp2_mul29     1.480655600000000         1.000000         0.000000    
     pp2_mul30     100.0000000000000         1.000000         0.000000    
     pp2_mul31    1.1496584000000001E-02     1.000000         0.000000    
     pp2_mul32    0.2433041600000000         1.000000         0.000000    
     pp2_mul33     1.168107300000000         1.000000         0.000000    
     pp2_mul34    0.2611602400000000         1.000000         0.000000    
     pp2_mul35    0.1181200700000000         1.000000         0.000000    
     pp2_mul36    0.6154666500000000         1.000000         0.000000    
     pp2_mul37    0.4601208200000000         1.000000         0.000000    
     pp2_mul38     1.219755900000000         1.000000         0.000000    
     pp2_mul39     7.977603400000000         1.000000         0.000000    
     pp2_mul40     1.010138700000000         1.000000         0.000000    
     pp2_mul41     1.330432200000000         1.000000         0.000000    
     pp2_mul42     1.897523100000000         1.000000         0.000000    
     pp2_mul43     1.361835600000000         1.000000         0.000000    
     pp2_mul44     4.211973900000000         1.000000         0.000000    
     pp2_mul45     25.62277700000000         1.000000         0.000000    
     pp2_mul46    0.3726670100000000         1.000000         0.000000    
     pp2_mul47    0.7085016700000000         1.000000         0.000000    
     pp2_mul48     1.128787500000000         1.000000         0.000000    
     pp2_mul49     1.886637100000000         1.000000         0.000000    
     pp2_mul50     2.597383900000000         1.000000         0.000000    
     pp2_mul51     2.313492100000000         1.000000         0.000000    
     pp2_mul52     1.318886300000000         1.000000         0.000000    
     pp2_mul53     1.022094400000000         1.000000         0.000000    
     pp2_mul54     6.202291700000000         1.000000         0.000000    
     pp2_mul55    0.3857124800000000         1.000000         0.000000    
     pp2_mul56    5.3768971999999998E-02     1.000000         0.000000    
     pp2_mul57    2.5713242000000001E-02     1.000000         0.000000    
     pp2_mul58     2.333644800000000         1.000000         0.000000    
     pp2_mul59    0.5596491800000000         1.000000         0.000000    
     pp2_mul60     2.913092900000000         1.000000         0.000000    
     pp2_mul61    0.3339904700000000         1.000000         0.000000    
     pp2_mul62     45.10634200000000         1.000000         0.000000    
     pp2_mul63     6.604115600000000         1.000000         0.000000    
     pp2_mul64    0.9301758600000000         1.000000         0.000000    
     pp2_mul65     1.021660800000000         1.000000         0.000000    
     pp2_mul66     1.450615000000000         1.000000         0.000000    
     pp2_mul67    0.2725358900000000         1.000000         0.000000    
     pp2_mul68    5.5222826000000003E-02     1.000000         0.000000    
     pp2_mul69    0.4194439300000000         1.000000         0.000000    
     pp2_mul70    0.1168568400000000         1.000000         0.000000    
     pp2_mul71     29.56298600000000         1.000000         0.000000    
     pp2_mul72     1.868064900000000         1.000000         0.000000    
     pp2_mul73    0.8027218500000000         1.000000         0.000000    
     pp2_mul74     1.178471500000000         1.000000         0.000000    
     pp2_mul75     1.863117000000000         1.000000         0.000000    
     pp2_mul76     1.360988000000000         1.000000         0.000000    
     pp2_mul77    0.3159533300000000         1.000000         0.000000    
     pp2_mul78    0.1065538900000000         1.000000         0.000000    
     pp2_mul79     5.375130900000000         1.000000         0.000000    
     pp2_mul80    0.2549949100000000         1.000000         0.000000    
     pp2_mul81    0.1996825900000000         1.000000         0.000000    
     pp2_mul82    0.6291307200000000         1.000000         0.000000    
     pp2_mul83    0.9748717700000000         1.000000         0.000000    
     pp2_mul84     2.957309300000000         1.000000         0.000000    
     pp2_mul85    0.1482669800000000         1.000000         0.000000    
     pp2_mul86    0.5854787900000000         1.000000         0.000000    
     pp2_mul87    0.1578295400000000         1.000000         0.000000    
     pp2_mul88    0.8799132000000000         1.000000         0.000000    
     pp2_mul89     1.352822000000000         1.000000         0.000000    
     pp2_mul90    0.5486927300000000         1.000000         0.000000    
     pp2_mul91    8.4010380999999995E-02     1.000000         0.000000    
     pp2_mul92    0.4638009800000000         1.000000         0.000000    
     pp2_mul93    4.3698836999999997E-02     1.000000         0.000000    
     pp2_mul94    0.7706383400000000         1.000000         0.000000    
     pp2_mul95    0.4127203500000000         1.000000         0.000000    
     pp2_mul96    0.3794937600000000         1.000000         0.000000    
     pp2_mul97    2.2477481000000001E-02     1.000000         0.000000    
     pp2_mul98    0.8051331200000000         1.000000         0.000000    
     pp2_mul99     1.759321100000000         1.000000         0.000000    
    pp2_mul100     12.48791800000000         1.000000         0.000000    
    pp2_mul101    0.4007230400000000         1.000000         0.000000    
    pp2_mul102    0.8715709699999999         1.000000         0.000000    
    pp2_mul103    0.9417996600000000         1.000000         0.000000    
    pp2_mul104    0.3869986300000000         1.000000         0.000000    
    pp2_mul105    5.4321324999999997E-02     1.000000         0.000000    
    pp2_mul106    0.2554828200000000         1.000000         0.000000    
    pp2_mul107    0.4979668900000000         1.000000         0.000000    
    pp2_mul108    0.3716104200000000         1.000000         0.000000    
    pp2_mul109    0.6446615600000000         1.000000         0.000000    
    pp2_mul110     1.028748900000000         1.000000         0.000000    
    pp2_mul111    0.7606923000000000         1.000000         0.000000    
    pp2_mul112    0.5469624300000000         1.000000         0.000000    
    pp2_mul113    4.5039889000000000E-02     1.000000         0.000000    
    pp2_mul114     3.137285800000000         1.000000         0.000000    
    pp2_mul115    0.9274956400000000         1.000000         0.000000    
    pp2_mul116     5.605643400000000         1.000000         0.000000    
    pp2_mul117     7.498209000000000         1.000000         0.000000    
    pp2_mul118     1.478726500000000         1.000000         0.000000    
    pp2_mul119     1.218482400000000         1.000000         0.000000    
    pp2_mul120     1.193757400000000         1.000000         0.000000    
    pp2_mul121    0.7941928100000000         1.000000         0.000000    
    pp2_mul122    0.5380607100000000         1.000000         0.000000    
    pp2_mul123     1.676010500000000         1.000000         0.000000    
    pp2_mul124     1.510850800000000         1.000000         0.000000    
    pp2_mul125     10.09567400000000         1.000000         0.000000    
    pp2_mul126    0.2550026000000000         1.000000         0.000000    
    pp2_mul127     1.545349500000000         1.000000         0.000000    
    pp2_mul128     4.431557500000000         1.000000         0.000000    
    pp2_mul129    0.1077218500000000         1.000000         0.000000    
    pp2_mul130     1.109683400000000         1.000000         0.000000    
    pp2_mul131    0.4938509200000000         1.000000         0.000000    
    pp2_mul132    0.3782865100000000         1.000000         0.000000    
    pp2_mul133    0.6284565300000000         1.000000         0.000000    
    pp2_mul134     1.015235200000000         1.000000         0.000000    
    pp2_mul135     1.525258000000000         1.000000         0.000000    
    pp2_mul136    0.2741820500000000         1.000000         0.000000    
    pp2_mul137     5.386304100000000         1.000000         0.000000    
    pp2_mul138    0.5748294100000000         1.000000         0.000000    
    pp2_mul139     1.220250300000000         1.000000         0.000000    
    pp2_mul140    0.2538104400000000         1.000000         0.000000    
    pp2_mul141    0.7519382300000000         1.000000         0.000000    
    pp2_mul142    0.8824164500000000         1.000000         0.000000    
    pp2_mul143     1.034943900000000         1.000000         0.000000    
    pp2_mul144    0.6163953700000000         1.000000         0.000000    
    pp2_mul145    0.6597798700000000         1.000000         0.000000    
    pp2_mul146    0.7097234200000000         1.000000         0.000000    
    pp2_mul147    0.2669563100000000         1.000000         0.000000    
    pp2_mul148    0.6447782399999999         1.000000         0.000000    
    pp2_mul149    4.6481512000000003E-02     1.000000         0.000000    
    pp2_mul150    0.7565850100000000         1.000000         0.000000    
    pp2_mul151     27.18282100000000         1.000000         0.000000    
    pp2_mul152    0.4861583200000000         1.000000         0.000000    
    pp2_mul153    0.4896645300000000         1.000000         0.000000    
    pp2_mul154    0.5025560900000000         1.000000         0.000000    
    pp2_mul155    0.5220334599999999         1.000000         0.000000    
    pp2_mul156    0.5349280700000000         1.000000         0.000000    
    pp2_mul157    0.3450825900000000         1.000000         0.000000    
    pp2_mul158     1.092888800000000         1.000000         0.000000    
    pp2_mul159     4.454431300000000         1.000000         0.000000    
    pp2_mul160     19.38870100000000         1.000000         0.000000    
    pp2_mul161     2.343699800000000         1.000000         0.000000    
    pp2_mul162     7.953365400000000         1.000000         0.000000    
    pp2_mul163    0.2179872800000000         1.000000         0.000000    
    pp2_mul164    0.4861480300000000         1.000000         0.000000    
    pp2_mul165    0.8955854500000000         1.000000         0.000000    
    pp2_mul166     1.271994600000000         1.000000         0.000000    
    pp2_mul167    0.2535032800000000         1.000000         0.000000    
    pp2_mul168     1.206291600000000         1.000000         0.000000    
    pp2_mul169    0.8027694300000000         1.000000         0.000000    
    pp2_mul170    0.2017907200000000         1.000000         0.000000    
    pp2_mul171    0.3293049600000000         1.000000         0.000000    
    pp2_mul172     17.29375100000000         1.000000         0.000000    
    pp2_mul173    0.9621010000000000         1.000000         0.000000    
    pp2_mul174    0.3809641300000000         1.000000         0.000000    
    pp2_mul175    0.4216163200000000         1.000000         0.000000    
    pp2_mul176     3.061580700000000         1.000000         0.000000    
    pp2_mul177     37.37405800000000         1.000000         0.000000    
    pp2_mul178    6.0011803000000002E-02     1.000000         0.000000    
    pp2_mul179     1.261261300000000         1.000000         0.000000    
    pp2_mul180     3.147135700000000         1.000000         0.000000    
    pp2_mul181    0.7810408100000000         1.000000         0.000000    
    pp2_mul182    0.3253051200000000         1.000000         0.000000    
    pp2_mul183    0.6359616100000000         1.000000         0.000000    
    pp2_mul184    0.2964519200000000         1.000000         0.000000    
    pp2_mul185    0.4752338500000000         1.000000         0.000000    
    pp2_mul186     1.689850900000000         1.000000         0.000000    
    pp2_mul187    0.7342029000000000         1.000000         0.000000    
    pp2_mul188     1.149835600000000         1.000000         0.000000    
    pp2_mul189     3.501091200000000         1.000000         0.000000    
    pp2_mul190    0.2727153300000000         1.000000         0.000000    
    pp2_mul191    0.7257413200000000         1.000000         0.000000    
    pp2_mul192    5.0000000000000001E-03     1.000000         0.000000    
    pp2_mul193     1.301976800000000         1.000000         0.000000    
    pp2_mul194     3.715187400000000         1.000000         0.000000    
    pp2_mul195     6.426596900000000         1.000000         0.000000    
    pp2_mul196    0.3522537900000000         1.000000         0.000000    
    pp2_mul197     2.354404300000000         1.000000         0.000000    
    pp2_mul198    8.0701287000000000E-03     1.000000         0.000000    
    pp2_mul199    0.8746698500000000         1.000000         0.000000    
    pp2_mul200    1.3170454000000000E-02     1.000000         0.000000    
    pp2_mul201    0.1829157200000000         1.000000         0.000000    
    pp2_mul202     1.967350600000000         1.000000         0.000000    
    pp2_mul203     1.129655900000000         1.000000         0.000000    
    pp2_mul204    0.1704575600000000         1.000000         0.000000    
    pp2_mul205     1.426129100000000         1.000000         0.000000    
    pp2_mul206    0.1125868000000000         1.000000         0.000000    
    pp2_mul207    0.7188676500000000         1.000000         0.000000    
    pp2_mul208     10.26622100000000         1.000000         0.000000    
    pp2_mul209    0.6805577300000000         1.000000         0.000000    
    pp2_mul210     2.539952700000000         1.000000         0.000000    
    pp2_mul211     100.0000000000000         1.000000         0.000000    
    pp2_mul212    0.6587828800000000         1.000000         0.000000    
    pp2_mul213    0.5554525200000000         1.000000         0.000000    
    pp2_mul214    0.1405834900000000         1.000000         0.000000    
    pp2_mul215    0.1984490500000000         1.000000         0.000000    
    pp2_mul216    0.8021246900000000         1.000000         0.000000    
    pp2_mul217     1.442518500000000         1.000000         0.000000    
    pp2_mul218    0.6478865800000000         1.000000         0.000000    
    pp2_mul219    0.4850488400000000         1.000000         0.000000    
    pp2_mul220    9.4365344000000004E-02     1.000000         0.000000    
    pp2_mul221     1.775287200000000         1.000000         0.000000    
    pp2_mul222    0.6687608500000000         1.000000         0.000000    
    pp2_mul223    0.7678866700000000         1.000000         0.000000    
    pp2_mul224    0.4734111800000000         1.000000         0.000000    
    pp2_mul225     1.379148700000000         1.000000         0.000000    
    pp2_mul226    0.2056317800000000         1.000000         0.000000    
    pp2_mul227    0.9200249900000000         1.000000         0.000000    
    pp2_mul228     2.148729200000000         1.000000         0.000000    
    pp2_mul229     7.397365000000000         1.000000         0.000000    
    pp2_mul230     1.859799000000000         1.000000         0.000000    
    pp2_mul231     2.885572700000000         1.000000         0.000000    
    pp2_mul232     4.457165500000000         1.000000         0.000000    
    pp2_mul233    6.0377518999999998E-02     1.000000         0.000000    
    pp2_mul234    0.4058067900000000         1.000000         0.000000    
    pp2_mul235    0.2927617100000000         1.000000         0.000000    
    pp2_mul236    0.7789890500000000         1.000000         0.000000    
    pp2_mul237     7.471793500000000         1.000000         0.000000    
    pp2_mul238    0.1138320600000000         1.000000         0.000000    
    pp2_mul239     2.825429900000000         1.000000         0.000000    
    pp2_mul240    9.4646955000000005E-02     1.000000         0.000000    
    pp2_mul241    0.3340241100000000         1.000000         0.000000    
    pp2_mul242    0.5550036100000000         1.000000         0.000000    
    pp2_mul243    0.2177172600000000         1.000000         0.000000    
    pp2_mul244     4.719919900000000         1.000000         0.000000    
    pp2_mul245    1.5622300000000000E-02     1.000000         0.000000    
    pp2_mul246     24.20358100000000         1.000000         0.000000    
    pp2_mul247     21.66172400000000         1.000000         0.000000    
    pp2_mul248     54.41515400000000         1.000000         0.000000    
    pp2_mul249    0.1079281100000000         1.000000         0.000000    
    pp2_mul250     1.885905800000000         1.000000         0.000000    
    pp2_mul251     31.52855400000000         1.000000         0.000000    
    pp2_mul252     2.179154400000000         1.000000         0.000000    
    pp2_mul253     2.784833500000000         1.000000         0.000000    
    pp2_mul254    0.1885342600000000         1.000000         0.000000    
    pp2_mul255    6.3076699999999996E-03     1.000000         0.000000    
    pp2_mul256    6.1570304999999997E-03     1.000000         0.000000    
    pp2_mul257    0.3847329400000000         1.000000         0.000000    
    pp2_mul258    0.3112589500000000         1.000000         0.000000    
    pp2_mul259     2.002937800000000         1.000000         0.000000    
    pp2_mul260    0.9343546100000000         1.000000         0.000000    
    pp2_mul261    0.8036529000000000         1.000000         0.000000    
    pp2_mul262    0.5143837999999999         1.000000         0.000000    
    pp2_mul263     4.841561500000000         1.000000         0.000000    
    pp2_mul264    0.2735131700000000         1.000000         0.000000    
    pp2_mul265     6.230838800000000         1.000000         0.000000    
    pp2_mul266    0.1684263100000000         1.000000         0.000000    
    pp2_mul267    4.3018607000000000E-02     1.000000         0.000000    
    pp2_mul268     100.0000000000000         1.000000         0.000000    
    pp2_mul269    0.5305055200000000         1.000000         0.000000    
    pp2_mul270     2.203657200000000         1.000000         0.000000    
    pp2_mul271    0.3809929000000000         1.000000         0.000000    
    pp2_mul272     84.12300300000000         1.000000         0.000000    
    pp2_mul273    2.7227353999999999E-02     1.000000         0.000000    
    pp2_mul274    0.2172105200000000         1.000000         0.000000    
    pp2_mul275    0.1449040200000000         1.000000         0.000000    
    pp2_mul276    0.9898686100000000         1.000000         0.000000    
    pp2_mul277    0.2231018800000000         1.000000         0.000000    
      pp3_mul1    0.9934083800000000         1.000000         0.000000    
      pp3_mul2     1.322272500000000         1.000000         0.000000    
      pp3_mul3     1.926164000000000         1.000000         0.000000    
      pp3_mul4     1.355099900000000         1.000000         0.000000    
      pp3_mul5     1.217386100000000         1.000000         0.000000    
      pp3_mul6     1.943200200000000         1.000000         0.000000    
      pp3_mul7    0.9462577100000000         1.000000         0.000000    
      pp3_mul8    0.8109512900000000         1.000000         0.000000    
      pp3_mul9     1.999141300000000         1.000000         0.000000    
     pp3_mul10     10.00000000000000         1.000000         0.000000    
     pp3_mul11     5.503826900000000         1.000000         0.000000    
     pp3_mul12    0.9641701800000000         1.000000         0.000000    
     pp3_mul13    0.7815407200000000         1.000000         0.000000    
     pp3_mul14    0.5662848100000000         1.000000         0.000000    
     pp3_mul15    0.7101990000000000         1.000000         0.000000    
     pp3_mul16    0.5093371900000000         1.000000         0.000000    
     pp3_mul17    0.3401821300000000         1.000000         0.000000    
     pp3_mul18    0.5386955600000000         1.000000         0.000000    
     pp3_mul19    0.7217814200000000         1.000000         0.000000    
     pp3_mul20    0.6964643200000000         1.000000         0.000000    
     pp3_mul21    0.3874828300000000         1.000000         0.000000    
     pp3_mul22    0.3794692700000000         1.000000         0.000000    
     pp3_mul23    0.3783460700000000         1.000000         0.000000    
     pp3_mul24    0.5608068000000000         1.000000         0.000000    
     pp3_mul25    0.8076281700000000         1.000000         0.000000    
     pp3_mul26    0.4132194900000000         1.000000         0.000000    
     pp3_mul27    0.2515601400000000         1.000000         0.000000    
     pp3_mul28    0.7674003000000000         1.000000         0.000000    
     pp3_mul29    0.6750021100000000         1.000000         0.000000    
     pp3_mul30    0.3705444200000000         1.000000         0.000000    
     pp3_mul31    0.6753994500000000         1.000000         0.000000    
     pp3_mul32    0.7188013800000000         1.000000         0.000000    
     pp3_mul33    0.8379022800000000         1.000000         0.000000    
     pp3_mul34    0.7887946400000000         1.000000         0.000000    
     pp3_mul35    0.7914949100000001         1.000000         0.000000    
     pp3_mul36    0.3282561000000000         1.000000         0.000000    
     pp3_mul37    0.5416655700000000         1.000000         0.000000    
     pp3_mul38    0.6672014900000000         1.000000         0.000000    
     pp3_mul39    0.7905750000000000         1.000000         0.000000    
     pp3_mul40    0.7554080500000000         1.000000         0.000000    
     pp3_mul41    0.7254254600000000         1.000000         0.000000    
     pp3_mul42    0.5357585600000000         1.000000         0.000000    
     pp3_mul43    0.3610516000000000         1.000000         0.000000    
     pp3_mul44    0.4942098700000000         1.000000         0.000000    
     pp3_mul45    0.5434898700000000         1.000000         0.000000    
     pp3_mul46    0.1000000000000000         1.000000         0.000000    
     pp3_mul47    0.8518498300000000         1.000000         0.000000    
     pp3_mul48     1.641491600000000         1.000000         0.000000    
     pp3_mul49    0.4907915200000000         1.000000         0.000000    
     pp3_mul50    0.9836809399999999         1.000000         0.000000    
     pp3_mul51     1.452082100000000         1.000000         0.000000    
     pp3_mul52    0.4632944200000000         1.000000         0.000000    
     pp3_mul53    0.7057557000000000         1.000000         0.000000    
     pp3_mul54    0.6169286400000000         1.000000         0.000000    
     pp3_mul55    0.6119211900000000         1.000000         0.000000    
     pp3_mul56    0.6396965700000000         1.000000         0.000000    
     pp3_mul57    0.4336061700000000         1.000000         0.000000    
     pp3_mul58    0.5811961100000000         1.000000         0.000000    
     pp3_mul59     1.044312900000000         1.000000         0.000000    
     pp3_mul60    0.8039482100000001         1.000000         0.000000    
     pp3_mul61     1.265037500000000         1.000000         0.000000    
     pp3_mul62     2.198185300000000         1.000000         0.000000    
     pp3_mul63    0.2834525000000000         1.000000         0.000000    
     pp3_mul64    0.6297069400000000         1.000000         0.000000    
     pp3_mul65    0.6219657100000000         1.000000         0.000000    
     pp3_mul66    0.7938794500000000         1.000000         0.000000    
     pp3_mul67     1.015751400000000         1.000000         0.000000    
    pp3_vanis1     10.03584700000000         1.000000         0.000000    
    pp3_vanis2     9.030535000000000         1.000000         0.000000    
    pp3_vanis3     8.459261300000000         1.000000         0.000000    
    pp3_vanis4     9.590423200000000         1.000000         0.000000    
    pp3_vanis5     9.953879799999999         1.000000         0.000000    
    pp3_vanis6     9.502350600000000         1.000000         0.000000    
    pp3_vanis7     10.23727500000000         1.000000         0.000000    
    pp3_vanis8     10.60205700000000         1.000000         0.000000    
    pp3_vanis9     8.134631799999999         1.000000         0.000000    
   pp3_vanis10     8.724046700000001         1.000000         0.000000    
   pp3_vanis11     9.467838700000000         1.000000         0.000000    
   pp3_vanis12     10.44321500000000         1.000000         0.000000    
   pp3_vanis13     11.04199900000000         1.000000         0.000000    
   pp3_vanis14     12.57514400000000         1.000000         0.000000    
   pp3_vanis15     11.63995200000000         1.000000         0.000000    
   pp3_vanis16     13.44170400000000         1.000000         0.000000    
   pp3_vanis17     15.56252800000000         1.000000         0.000000    
   pp3_vanis18     13.65472900000000         1.000000         0.000000    
   pp3_vanis19     11.45687200000000         1.000000         0.000000    
   pp3_vanis20     17.25893800000000         1.000000         0.000000    
   pp3_vanis21     16.53065600000000         1.000000         0.000000    
   pp3_vanis22     13.87827400000000         1.000000         0.000000    
   pp3_vanis23     26.44783300000000         1.000000         0.000000    
   pp3_vanis24     14.89580900000000         1.000000         0.000000    
   pp3_vanis25     12.46204300000000         1.000000         0.000000    
   pp3_vanis26     18.75370600000000         1.000000         0.000000    
   pp3_vanis27     13.33463200000000         1.000000         0.000000    
   pp3_vanis28     7.660280900000000         1.000000         0.000000    
   pp3_vanis29     8.978779500000000         1.000000         0.000000    
   pp3_vanis30     11.13299300000000         1.000000         0.000000    
   pp3_vanis31     11.79168500000000         1.000000         0.000000    
   pp3_vanis32     10.75248300000000         1.000000         0.000000    
   pp3_vanis33     11.04172500000000         1.000000         0.000000    
   pp3_vanis34     10.51931400000000         1.000000         0.000000    
   pp3_vanis35     10.76141800000000         1.000000         0.000000    
   pp3_vanis36     11.20725900000000         1.000000         0.000000    
   pp3_vanis37     8.672947900000000         1.000000         0.000000    
   pp3_vanis38     9.274768000000000         1.000000         0.000000    
   pp3_vanis39     9.973617200000000         1.000000         0.000000    
   pp3_vanis40     9.491723700000000         1.000000         0.000000    
   pp3_vanis41     9.691148999999999         1.000000         0.000000    
   pp3_vanis42     10.75220000000000         1.000000         0.000000    
   pp3_vanis43     9.862510199999999         1.000000         0.000000    
   pp3_vanis44     7.867739100000000         1.000000         0.000000    
   pp3_vanis45     14.52345500000000         1.000000         0.000000    
   pp3_vanis46     22.82004200000000         1.000000         0.000000    
   pp3_vanis47     9.989720600000000         1.000000         0.000000    
   pp3_vanis48     7.406712200000000         1.000000         0.000000    
   pp3_vanis49     12.84784300000000         1.000000         0.000000    
   pp3_vanis50     9.432256400000000         1.000000         0.000000    
   pp3_vanis51     9.178680800000000         1.000000         0.000000    
   pp3_vanis52     10.96525300000000         1.000000         0.000000    
   pp3_vanis53     10.69650800000000         1.000000         0.000000    
   pp3_vanis54     11.34066800000000         1.000000         0.000000    
   pp3_vanis55     10.59427100000000         1.000000         0.000000    
   pp3_vanis56     12.82494700000000         1.000000         0.000000    
   pp3_vanis57     15.62078300000000         1.000000         0.000000    
   pp3_vanis58     12.48747300000000         1.000000         0.000000    
   pp3_vanis59     10.22252700000000         1.000000         0.000000    
   pp3_vanis60     11.34390800000000         1.000000         0.000000    
   pp3_vanis61     9.687883100000001         1.000000         0.000000    
   pp3_vanis62     9.592476100000001         1.000000         0.000000    
   pp3_vanis63     15.10964000000000         1.000000         0.000000    
   pp3_vanis64     10.10169900000000         1.000000         0.000000    
   pp3_vanis65     11.02886500000000         1.000000         0.000000    
   pp3_vanis66     10.79976400000000         1.000000         0.000000    
   pp3_vanis67     9.580293200000000         1.000000         0.000000    
     pp3_rech1    3.7498001000000002E-03     1.000000         0.000000    
     pp3_rech2    3.7498001000000002E-03     1.000000         0.000000    
     pp3_rech3    3.7498001000000002E-03     1.000000         0.000000    
     pp3_rech4    3.7498001000000002E-03     1.000000         0.000000    
     pp3_rech5    3.7498001000000002E-03     1.000000         0.000000    
     pp3_rech6    3.7498001000000002E-03     1.000000         0.000000    
     pp3_rech7    3.7498001000000002E-03     1.000000         0.000000    
     pp3_rech8    3.7498001000000002E-03     1.000000         0.000000    
     pp3_rech9    3.7498001000000002E-03     1.000000         0.000000    
    pp3_rech10    3.7498001000000002E-03     1.000000         0.000000    
    pp3_rech11    3.7498001000000002E-03     1.000000         0.000000    
    pp3_rech12    3.7498001000000002E-03     1.000000         0.000000    
    pp3_rech13    3.7498001000000002E-03     1.000000         0.000000    
    pp3_rech14    3.7498001000000002E-03     1.000000         0.000000    
    pp3_rech15    3.7498001000000002E-03     1.000000         0.000000    
    pp3_rech16    3.7498001000000002E-03     1.000000         0.000000    
    pp3_rech17    3.7498001000000002E-03     1.000000         0.000000    
    pp3_rech18    3.7498001000000002E-03     1.000000         0.000000    
    pp3_rech19    3.7498001000000002E-03     1.000000         0.000000    
    pp3_rech20    3.7498001000000002E-03     1.000000         0.000000    
    pp3_rech21    3.7498001000000002E-03     1.000000         0.000000    
    pp3_rech22    3.7498001000000002E-03     1.000000         0.000000    
    pp3_rech23    3.7498001000000002E-03     1.000000         0.000000    
    pp3_rech24    3.7498001000000002E-03     1.000000         0.000000    
    pp3_rech25    3.7498001000000002E-03     1.000000         0.000000    
    pp3_rech26    3.7498001000000002E-03     1.000000         0.000000    
    pp3_rech27    3.7498001000000002E-03     1.000000         0.000000    
    pp3_rech28    3.7498001000000002E-03     1.000000         0.000000    
    pp3_rech29    3.7498001000000002E-03     1.000000         0.000000    
    pp3_rech30    3.7498001000000002E-03     1.000000         0.000000    
    pp3_rech31    3.7498001000000002E-03     1.000000         0.000000    
    pp3_rech32    3.7498001000000002E-03     1.000000         0.000000    
    pp3_rech33    3.7498001000000002E-03     1.000000         0.000000    
    pp3_rech34    3.7498001000000002E-03     1.000000         0.000000    
    pp3_rech35    3.7498001000000002E-03     1.000000         0.000000    
    pp3_rech36    3.7498001000000002E-03     1.000000         0.000000    
    pp3_rech37    3.7498001000000002E-03     1.000000         0.000000    
    pp3_rech38    3.7498001000000002E-03     1.000000         0.000000    
    pp3_rech39    3.7498001000000002E-03     1.000000         0.000000    
    pp3_rech40    3.7498001000000002E-03     1.000000         0.000000    
    pp3_rech41    3.7498001000000002E-03     1.000000         0.000000    
    pp3_rech42    3.7498001000000002E-03     1.000000         0.000000    
    pp3_rech43    3.7498001000000002E-03     1.000000         0.000000    
    pp3_rech44    3.7498001000000002E-03     1.000000         0.000000    
    pp3_rech45    3.7498001000000002E-03     1.000000         0.000000    
    pp3_rech46    3.7498001000000002E-03     1.000000         0.000000    
    pp3_rech47    3.7498001000000002E-03     1.000000         0.000000    
    pp3_rech48    3.7498001000000002E-03     1.000000         0.000000    
    pp3_rech49    3.7498001000000002E-03     1.000000         0.000000    
    pp3_rech50    3.7498001000000002E-03     1.000000         0.000000    
    pp3_rech51    3.7498001000000002E-03     1.000000         0.000000    
    pp3_rech52    3.7498001000000002E-03     1.000000         0.000000    
    pp3_rech53    3.7498001000000002E-03     1.000000         0.000000    
    pp3_rech54    3.7498001000000002E-03     1.000000         0.000000    
    pp3_rech55    3.7498001000000002E-03     1.000000         0.000000    
    pp3_rech56    3.7498001000000002E-03     1.000000         0.000000    
    pp3_rech57    3.7498001000000002E-03     1.000000         0.000000    
    pp3_rech58    3.7498001000000002E-03     1.000000         0.000000    
    pp3_rech59    3.7498001000000002E-03     1.000000         0.000000    
    pp3_rech60    3.7498001000000002E-03     1.000000         0.000000    
    pp3_rech61    3.7498001000000002E-03     1.000000         0.000000    
    pp3_rech62    3.7498001000000002E-03     1.000000         0.000000    
    pp3_rech63    3.7498001000000002E-03     1.000000         0.000000    
    pp3_rech64    3.7498001000000002E-03     1.000000         0.000000    
    pp3_rech65    3.7498001000000002E-03     1.000000         0.000000    
    pp3_rech66    3.7498001000000002E-03     1.000000         0.000000    
    pp3_rech67    3.7498001000000002E-03     1.000000         0.000000    
      ppr_mul1     2.548505600000000         1.000000         0.000000    
      ppr_mul2     6.649908000000000         1.000000         0.000000    
      ppr_mul3     2.987257800000000         1.000000         0.000000    
      ppr_mul4     1.904505800000000         1.000000         0.000000    
      ppr_mul5     4.455846000000000         1.000000         0.000000    
      ppr_mul6     8.083115700000000         1.000000         0.000000    
      ppr_mul7     2.019596400000000         1.000000         0.000000    
      ppr_mul8    0.9349762900000000         1.000000         0.000000    
      ppr_mul9     1.491185500000000         1.000000         0.000000    
     ppr_mul10    0.8565000200000000         1.000000         0.000000    
     ppr_mul11     1.054923900000000         1.000000         0.000000    
     ppr_mul12     1.070262300000000         1.000000         0.000000    
     ppr_mul13     1.063897400000000         1.000000         0.000000    
     ppr_mul14     1.198622800000000         1.000000         0.000000    
     ppr_mul15    0.8849137000000000         1.000000         0.000000    
     ppr_mul16     1.085213200000000         1.000000         0.000000    
     ppr_mul17     2.164130300000000         1.000000         0.000000    
     ppr_mul18     1.732745900000000         1.000000         0.000000    
     ppr_mul19     1.182356100000000         1.000000         0.000000    
     ppr_mul20    0.7555977100000000         1.000000         0.000000    
     ppr_mul21    0.5997112999999999         1.000000         0.000000    
     ppr_mul22    3.2278111999999998E-02     1.000000         0.000000    
     ppr_mul23    0.4023814000000000         1.000000         0.000000    
     ppr_mul24    0.7629836900000000         1.000000         0.000000    
     ppr_mul25    0.8946809200000000         1.000000         0.000000    
     ppr_mul26    0.8483452400000000         1.000000         0.000000    
     ppr_mul27     1.000217500000000         1.000000         0.000000    
     ppr_mul28    0.8849789400000000         1.000000         0.000000    
     ppr_mul29    0.9571877200000000         1.000000         0.000000    
     ppr_mul30     1.078283400000000         1.000000         0.000000    
     ppr_mul31     1.074868200000000         1.000000         0.000000    
     ppr_mul32    0.9526350099999999         1.000000         0.000000    
     ppr_mul33     1.132463200000000         1.000000         0.000000    
     ppr_mul34     1.488283000000000         1.000000         0.000000    
     ppr_mul35     2.289022700000000         1.000000         0.000000    
     ppr_mul36     7.786528300000000         1.000000         0.000000    
     ppr_mul37     5.720864000000000         1.000000         0.000000    
     ppr_mul38     1.229502000000000         1.000000         0.000000    
     ppr_mul39    0.8481651200000000         1.000000         0.000000    
     ppr_mul40    0.4920447700000000         1.000000         0.000000    
     ppr_mul41    0.7605307200000000         1.000000         0.000000    
     ppr_mul42    0.8142573300000000         1.000000         0.000000    
     ppr_mul43    0.8919683600000000         1.000000         0.000000    
     ppr_mul44    0.8633092200000000         1.000000         0.000000    
     ppr_mul45    0.9443528100000000         1.000000         0.000000    
     ppr_mul46    0.9333453600000000         1.000000         0.000000    
     ppr_mul47    0.9575855800000000         1.000000         0.000000    
     ppr_mul48    0.9909528900000000         1.000000         0.000000    
     ppr_mul49    0.9430059100000000         1.000000         0.000000    
     ppr_mul50    0.9848509000000000         1.000000         0.000000    
     ppr_mul51    0.9720806400000001         1.000000         0.000000    
     ppr_mul52     2.878036900000000         1.000000         0.000000    
     ppr_mul53     3.446893400000000         1.000000         0.000000    
     ppr_mul54     2.250480300000000         1.000000         0.000000    
     ppr_mul55    0.7384243000000000         1.000000         0.000000    
     ppr_mul56     1.059511100000000         1.000000         0.000000    
     ppr_mul57     1.880796800000000         1.000000         0.000000    
     ppr_mul58     1.400704700000000         1.000000         0.000000    
     ppr_mul59     1.209090900000000         1.000000         0.000000    
     ppr_mul60     1.301097200000000         1.000000         0.000000    
     ppr_mul61     1.345232400000000         1.000000         0.000000    
     ppr_mul62     1.066654900000000         1.000000         0.000000    
     ppr_mul63     13.86725700000000         1.000000         0.000000    
     ppr_mul64     38.47672000000000         1.000000         0.000000    
     ppr_mul65     50.71859000000000         1.000000         0.000000    
     ppr_mul66     6.773949700000000         1.000000         0.000000    
     ppr_mul67     3.519937300000000         1.000000         0.000000    
     ppr_mul68     3.319740300000000         1.000000         0.000000    
     ppr_mul69     1.974410400000000         1.000000         0.000000    
     ppr_mul70     1.599798000000000         1.000000         0.000000    
     ppr_mul71     1.281027300000000         1.000000         0.000000    
     ppr_mul72     2.486704500000000         1.000000         0.000000    
     ppr_mul73     1.374364000000000         1.000000         0.000000    
     ppr_mul74    0.9059673200000000         1.000000         0.000000    
     ppr_mul75    0.8959449600000000         1.000000         0.000000    
     ppr_mul76    0.8905761800000001         1.000000         0.000000    
     ppr_mul77     1.077606100000000         1.000000         0.000000    
     ppr_mul78     1.510872800000000         1.000000         0.000000    
     ppr_mul79     1.116667600000000         1.000000         0.000000    
     ppr_mul80    0.9138073100000000         1.000000         0.000000    
     ppr_mul81     3.073395400000000         1.000000         0.000000    
     ppr_mul82     4.454397700000000         1.000000         0.000000    
     ppr_mul83     2.339104300000000         1.000000         0.000000    
     ppr_mul84     1.349069700000000         1.000000         0.000000    
     ppr_mul85     1.168847600000000         1.000000         0.000000    
     ppr_mul86     1.492872100000000         1.000000         0.000000    
     ppr_mul87     1.545153100000000         1.000000         0.000000    
     ppr_mul88     1.233988700000000         1.000000         0.000000    
     ppr_mul89     1.066646900000000         1.000000         0.000000    
     ppr_mul90    0.9251871900000000         1.000000         0.000000    
     ppr_mul91     1.042307600000000         1.000000         0.000000    
     ppr_mul92     1.021286700000000         1.000000         0.000000    
     ppr_mul93     1.026112900000000         1.000000         0.000000    
     ppr_mul94     1.061554200000000         1.000000         0.000000    
     ppr_mul95    0.9463680700000000         1.000000         0.000000    
     ppr_mul96     1.163510000000000         1.000000         0.000000    
     ppr_mul97     1.003907400000000         1.000000         0.000000    
     ppr_mul98     1.065086400000000         1.000000         0.000000    
     ppr_mul99     7.944925600000000         1.000000         0.000000    
    ppr_mul100     11.01523600000000         1.000000         0.000000    
    ppr_mul101     7.311541800000000         1.000000         0.000000    
    ppr_mul102     4.347094800000000         1.000000         0.000000    
    ppr_mul103     2.751172100000000         1.000000         0.000000    
    ppr_mul104     1.830303500000000         1.000000         0.000000    
    ppr_mul105     1.793632300000000         1.000000         0.000000    
    ppr_mul106     1.583734000000000         1.000000         0.000000    
    ppr_mul107     1.745675600000000         1.000000         0.000000    
    ppr_mul108     1.666968700000000         1.000000         0.000000    
    ppr_mul109     1.007477200000000         1.000000         0.000000    
    ppr_mul110     1.116087300000000         1.000000         0.000000    
    ppr_mul111     1.107363000000000         1.000000         0.000000    
    ppr_mul112     1.222795500000000         1.000000         0.000000    
    ppr_mul113     1.673685900000000         1.000000         0.000000    
    ppr_mul114     1.712394400000000         1.000000         0.000000    
    ppr_mul115     1.132265600000000         1.000000         0.000000    
    ppr_mul116    0.6950556700000000         1.000000         0.000000    
    ppr_mul117    0.6630065500000000         1.000000         0.000000    
    ppr_mul118     1.674961900000000         1.000000         0.000000    
    ppr_mul119     1.939177300000000         1.000000         0.000000    
    ppr_mul120     1.932684000000000         1.000000         0.000000    
    ppr_mul121     1.784978000000000         1.000000         0.000000    
    ppr_mul122     1.928651100000000         1.000000         0.000000    
    ppr_mul123     1.728713300000000         1.000000         0.000000    
    ppr_mul124    0.9690946900000000         1.000000         0.000000    
    ppr_mul125     1.071787200000000         1.000000         0.000000    
    ppr_mul126     1.149778200000000         1.000000         0.000000    
    ppr_mul127    0.9706017400000000         1.000000         0.000000    
    ppr_mul128     1.010076500000000         1.000000         0.000000    
    ppr_mul129    0.9651872800000000         1.000000         0.000000    
    ppr_mul130    0.8320395100000000         1.000000         0.000000    
    ppr_mul131     1.024007200000000         1.000000         0.000000    
    ppr_mul132     1.278170500000000         1.000000         0.000000    
    ppr_mul133     1.695132400000000         1.000000         0.000000    
    ppr_mul134     2.021148600000000         1.000000         0.000000    
    ppr_mul135     3.057657800000000         1.000000         0.000000    
    ppr_mul136     2.834076400000000         1.000000         0.000000    
    ppr_mul137     1.978378800000000         1.000000         0.000000    
    ppr_mul138    0.8349126400000000         1.000000         0.000000    
    ppr_mul139    0.6340525900000000         1.000000         0.000000    
    ppr_mul140    0.5246795400000001         1.000000         0.000000    
    ppr_mul141    0.6544989400000000         1.000000         0.000000    
    ppr_mul142    0.8170590599999999         1.000000         0.000000    
    ppr_mul143     1.219500800000000         1.000000         0.000000    
    ppr_mul144    0.7357772000000000         1.000000         0.000000    
    ppr_mul145     1.467401200000000         1.000000         0.000000    
    ppr_mul146     1.187234800000000         1.000000         0.000000    
    ppr_mul147     3.435350000000000         1.000000         0.000000    
      ppr_add1     9.999865301040000         1.000000        -10.00000    
      ppr_add2     9.999865301040000         1.000000        -10.00000    
      ppr_add3     9.999865301040000         1.000000        -10.00000    
      ppr_add4     9.999865301040000         1.000000        -10.00000    
      ppr_add5     9.999865301040000         1.000000        -10.00000    
      ppr_add6     9.999865301040000         1.000000        -10.00000    
      ppr_add7     9.999865301040000         1.000000        -10.00000    
      ppr_add8     9.999865301040000         1.000000        -10.00000    
      ppr_add9     9.999865301040000         1.000000        -10.00000    
     ppr_add10     9.999865301040000         1.000000        -10.00000    
     ppr_add11     9.999865301040000         1.000000        -10.00000    
     ppr_add12     9.999865301040000         1.000000        -10.00000    
     ppr_add13     9.999865301040000         1.000000        -10.00000    
     ppr_add14     9.999865301040000         1.000000        -10.00000    
     ppr_add15     9.999865301040000         1.000000        -10.00000    
     ppr_add16     9.999865301040000         1.000000        -10.00000    
     ppr_add17     9.999865301040000         1.000000        -10.00000    
     ppr_add18     9.999865301040000         1.000000        -10.00000    
     ppr_add19     9.999865301040000         1.000000        -10.00000    
     ppr_add20     9.999865301040000         1.000000        -10.00000    
     ppr_add21     9.999865301040000         1.000000        -10.00000    
     ppr_add22     9.999865301040000         1.000000        -10.00000    
     ppr_add23     9.999865301040000         1.000000        -10.00000    
     ppr_add24     9.999865301040000         1.000000        -10.00000    
     ppr_add25     9.999865301040000         1.000000        -10.00000    
     ppr_add26     9.999865301040000         1.000000        -10.00000    
     ppr_add27     9.999865301040000         1.000000        -10.00000    
     ppr_add28     9.999865301040000         1.000000        -10.00000    
     ppr_add29     9.999865301040000         1.000000        -10.00000    
     ppr_add30     9.999865301040000         1.000000        -10.00000    
     ppr_add31     9.999865301040000         1.000000        -10.00000    
     ppr_add32     9.999865301040000         1.000000        -10.00000    
     ppr_add33     9.999865301040000         1.000000        -10.00000    
     ppr_add34     9.999865301040000         1.000000        -10.00000    
     ppr_add35     9.999865301040000         1.000000        -10.00000    
     ppr_add36     9.999865301040000         1.000000        -10.00000    
     ppr_add37     9.999865301040000         1.000000        -10.00000    
     ppr_add38     9.999865301040000         1.000000        -10.00000    
     ppr_add39     9.999865301040000         1.000000        -10.00000    
     ppr_add40     9.999865301040000         1.000000        -10.00000    
     ppr_add41     9.999865301040000         1.000000        -10.00000    
     ppr_add42     9.999865301040000         1.000000        -10.00000    
     ppr_add43     9.999865301040000         1.000000        -10.00000    
     ppr_add44     9.999865301040000         1.000000        -10.00000    
     ppr_add45     9.999865301040000         1.000000        -10.00000    
     ppr_add46     9.999865301040000         1.000000        -10.00000    
     ppr_add47     9.999865301040000         1.000000        -10.00000    
     ppr_add48     9.999865301040000         1.000000        -10.00000    
     ppr_add49     9.999865301040000         1.000000        -10.00000    
     ppr_add50     9.999865301040000         1.000000        -10.00000    
     ppr_add51     9.999865301040000         1.000000        -10.00000    
     ppr_add52     9.999865301040000         1.000000        -10.00000    
     ppr_add53     9.999865301040000         1.000000        -10.00000    
     ppr_add54     9.999865301040000         1.000000        -10.00000    
     ppr_add55     9.999865301040000         1.000000        -10.00000    
     ppr_add56     9.999865301040000         1.000000        -10.00000    
     ppr_add57     9.999865301040000         1.000000        -10.00000    
     ppr_add58     9.999865301040000         1.000000        -10.00000    
     ppr_add59     9.999865301040000         1.000000        -10.00000    
     ppr_add60     9.999865301040000         1.000000        -10.00000    
     ppr_add61     9.999865301040000         1.000000        -10.00000    
     ppr_add62     9.999865301040000         1.000000        -10.00000    
     ppr_add63     9.999865301040000         1.000000        -10.00000    
     ppr_add64     9.999865301040000         1.000000        -10.00000    
     ppr_add65     9.999865301040000         1.000000        -10.00000    
     ppr_add66     9.999865301040000         1.000000        -10.00000    
     ppr_add67     9.999865301040000         1.000000        -10.00000    
     ppr_add68     9.999865301040000         1.000000        -10.00000    
     ppr_add69     9.999865301040000         1.000000        -10.00000    
     ppr_add70     9.999865301040000         1.000000        -10.00000    
     ppr_add71     9.999865301040000         1.000000        -10.00000    
     ppr_add72     9.999865301040000         1.000000        -10.00000    
     ppr_add73     9.999865301040000         1.000000        -10.00000    
     ppr_add74     9.999865301040000         1.000000        -10.00000    
     ppr_add75     9.999865301040000         1.000000        -10.00000    
     ppr_add76     9.999865301040000         1.000000        -10.00000    
     ppr_add77     9.999865301040000         1.000000        -10.00000    
     ppr_add78     9.999865301040000         1.000000        -10.00000    
     ppr_add79     9.999865301040000         1.000000        -10.00000    
     ppr_add80     9.999865301040000         1.000000        -10.00000    
     ppr_add81     9.999865301040000         1.000000        -10.00000    
     ppr_add82     9.999865301040000         1.000000        -10.00000    
     ppr_add83     9.999865301040000         1.000000        -10.00000    
     ppr_add84     9.999865301040000         1.000000        -10.00000    
     ppr_add85     9.999865301040000         1.000000        -10.00000    
     ppr_add86     9.999865301040000         1.000000        -10.00000    
     ppr_add87     9.999865301040000         1.000000        -10.00000    
     ppr_add88     9.999865301040000         1.000000        -10.00000    
     ppr_add89     9.999865301040000         1.000000        -10.00000    
     ppr_add90     9.999865301040000         1.000000        -10.00000    
     ppr_add91     9.999865301040000         1.000000        -10.00000    
     ppr_add92     9.999865301040000         1.000000        -10.00000    
     ppr_add93     9.999865301040000         1.000000        -10.00000    
     ppr_add94     9.999865301040000         1.000000        -10.00000    
     ppr_add95     9.999865301040000         1.000000        -10.00000    
     ppr_add96     9.999865301040000         1.000000        -10.00000    
     ppr_add97     9.999865301040000         1.000000        -10.00000    
     ppr_add98     9.999865301040000         1.000000        -10.00000    
     ppr_add99     9.999865301040000         1.000000        -10.00000    
    ppr_add100     9.999865301040000         1.000000        -10.00000    
    ppr_add101     9.999865301040000         1.000000        -10.00000    
    ppr_add102     9.999865301040000         1.000000        -10.00000    
    ppr_add103     9.999865301040000         1.000000        -10.00000    
    ppr_add104     9.999865301040000         1.000000        -10.00000    
    ppr_add105     9.999865301040000         1.000000        -10.00000    
    ppr_add106     9.999865301040000         1.000000        -10.00000    
    ppr_add107     9.999865301040000         1.000000        -10.00000    
    ppr_add108     9.999865301040000         1.000000        -10.00000    
    ppr_add109     9.999865301040000         1.000000        -10.00000    
    ppr_add110     9.999865301040000         1.000000        -10.00000    
    ppr_add111     9.999865301040000         1.000000        -10.00000    
    ppr_add112     9.999865301040000         1.000000        -10.00000    
    ppr_add113     9.999865301040000         1.000000        -10.00000    
    ppr_add114     9.999865301040000         1.000000        -10.00000    
    ppr_add115     9.999865301040000         1.000000        -10.00000    
    ppr_add116     9.999865301040000         1.000000        -10.00000    
    ppr_add117     9.999865301040000         1.000000        -10.00000    
    ppr_add118     9.999865301040000         1.000000        -10.00000    
    ppr_add119     9.999865301040000         1.000000        -10.00000    
    ppr_add120     9.999865301040000         1.000000        -10.00000    
    ppr_add121     9.999865301040000         1.000000        -10.00000    
    ppr_add122     9.999865301040000         1.000000        -10.00000    
    ppr_add123     9.999865301040000         1.000000        -10.00000    
    ppr_add124     9.999865301040000         1.000000        -10.00000    
    ppr_add125     9.999865301040000         1.000000        -10.00000    
    ppr_add126     9.999865301040000         1.000000        -10.00000    
    ppr_add127     9.999865301040000         1.000000        -10.00000    
    ppr_add128     9.999865301040000         1.000000        -10.00000    
    ppr_add129     9.999865301040000         1.000000        -10.00000    
    ppr_add130     9.999865301040000         1.000000        -10.00000    
    ppr_add131     9.999865301040000         1.000000        -10.00000    
    ppr_add132     9.999865301040000         1.000000        -10.00000    
    ppr_add133     9.999865301040000         1.000000        -10.00000    
    ppr_add134     9.999865301040000         1.000000        -10.00000    
    ppr_add135     9.999865301040000         1.000000        -10.00000    
    ppr_add136     9.999865301040000         1.000000        -10.00000    
    ppr_add137     9.999865301040000         1.000000        -10.00000    
    ppr_add138     9.999865301040000         1.000000        -10.00000    
    ppr_add139     9.999865301040000         1.000000        -10.00000    
    ppr_add140     9.999865301040000         1.000000        -10.00000    
    ppr_add141     9.999865301040000         1.000000        -10.00000    
    ppr_add142     9.999865301040000         1.000000        -10.00000    
    ppr_add143     9.999865301040000         1.000000        -10.00000    
    ppr_add144     9.999865301040000         1.000000        -10.00000    
    ppr_add145     9.999865301040000         1.000000        -10.00000    
    ppr_add146     9.999865301040000         1.000000        -10.00000    
    ppr_add147     9.999865301040000         1.000000        -10.00000    
      ppw_mul1     20.00000000000000         1.000000         0.000000    
      ppw_mul2     20.00000000000000         1.000000         0.000000    
      ppw_mul3     20.00000000000000         1.000000         0.000000    
      ppw_mul4     18.09416800000000         1.000000         0.000000    
      ppw_mul5     10.11362100000000         1.000000         0.000000    
      ppw_mul6     7.370952800000000         1.000000         0.000000    
      ppw_mul7     7.237205200000000         1.000000         0.000000    
      ppw_mul8     6.390957800000000         1.000000         0.000000    
      ppw_mul9     4.854918200000000         1.000000         0.000000    
     ppw_mul10     3.297508700000000         1.000000         0.000000    
     ppw_mul11     2.393041700000000         1.000000         0.000000    
     ppw_mul12     2.685236500000000         1.000000         0.000000    
     ppw_mul13     1.601789300000000         1.000000         0.000000    
     ppw_mul14     1.003277400000000         1.000000         0.000000    
     ppw_mul15    0.4674350000000000         1.000000         0.000000    
     ppw_mul16    0.3390613400000000         1.000000         0.000000    
     ppw_mul17    0.3474253400000000         1.000000         0.000000    
     ppw_mul18    0.3017098300000000         1.000000         0.000000    
     ppw_mul19    0.2524952600000000         1.000000         0.000000    
     ppw_mul20    0.2566106700000000         1.000000         0.000000    
     ppw_mul21    0.2810080500000000         1.000000         0.000000    
     ppw_mul22    0.2935831200000000         1.000000         0.000000    
     ppw_mul23    0.3377035100000000         1.000000         0.000000    
     ppw_mul24    0.3533102600000000         1.000000         0.000000    
     ppw_mul25    0.3221467700000000         1.000000         0.000000    
     ppw_mul26    0.3713345800000000         1.000000         0.000000    
     ppw_mul27    0.4354803300000000         1.000000         0.000000    
     ppw_mul28    0.5437200000000000         1.000000         0.000000    
     ppw_mul29    0.6602044900000000         1.000000         0.000000    
     ppw_mul30    0.6939456400000000         1.000000         0.000000    
     ppw_mul31    0.7198809500000000         1.000000         0.000000    
     ppw_mul32    0.7151618300000000         1.000000         0.000000    
     ppw_mul33    0.8388074200000000         1.000000         0.000000    
     ppw_mul34     1.175973400000000         1.000000         0.000000    
     ppw_mul35     1.286703200000000         1.000000         0.000000    
     ppw_mul36    0.9399292100000000         1.000000         0.000000    
     ppw_mul37    0.9567477800000000         1.000000         0.000000    
     ppw_mul38     9.279664900000000         1.000000         0.000000    
     ppw_mul39     7.961349600000000         1.000000         0.000000    
     ppw_mul40     6.335618200000000         1.000000         0.000000    
     ppw_mul41     3.066165800000000         1.000000         0.000000    
     ppw_mul42     2.318985000000000         1.000000         0.000000    
     ppw_mul43     1.977093800000000         1.000000         0.000000    
     ppw_mul44    0.9790079800000000         1.000000         0.000000    
     ppw_mul45    0.4802828100000000         1.000000         0.000000    
     ppw_mul46    0.3657071500000000         1.000000         0.000000    
     ppw_mul47    0.4613777700000000         1.000000         0.000000    
     ppw_mul48    0.4694296200000000         1.000000         0.000000    
     ppw_mul49    0.5310457000000000         1.000000         0.000000    
     ppw_mul50    0.4403095500000000         1.000000         0.000000    
     ppw_mul51    0.3797652500000000         1.000000         0.000000    
     ppw_mul52    0.3659335300000000         1.000000         0.000000    
     ppw_mul53    0.5549017700000000         1.000000         0.000000    
     ppw_mul54    0.5351861600000000         1.000000         0.000000    
     ppw_mul55    0.7049897700000000         1.000000         0.000000    
     ppw_mul56    0.8034730700000000         1.000000         0.000000    
     ppw_mul57    0.9172896400000000         1.000000         0.000000    
     ppw_mul58    0.7375620899999999         1.000000         0.000000    
     ppw_mul59    0.8180822300000000         1.000000         0.000000    
     ppw_mul60    0.9855938600000000         1.000000         0.000000    
     ppw_mul61     1.024973800000000         1.000000         0.000000    
