ppname	easting	northing	zone	kx1	kx2	kx3	rch
pp001	1319.291	8763.846	1	  1.1322300E-02	  2.8129000E-03	  5.3936700E-02	  5.1481300E-02
pp002	2061.07	8712.688	1	  1.6187600E-02	  3.3856000E-03	  1.6384560E-01	  5.5999600E-02
pp003	1677.391	9147.524	1	  4.9226000E-03	  2.9856000E-03	  3.0824900E-02	  5.3171300E-02
pp004	1677.391	8226.696	1	  1.9049300E-02	  2.9443000E-03	  1.0610610E-01	  5.7354400E-02
pp005	1319.291	3136.562	1	  5.0776600E-02	  3.2789600E-02	  7.5173430E-01	  1.1769400E-02
pp006	603.092	3724.869	1	  8.6069100E-02	  2.7705200E-02	  6.2591180E-01	  6.6660000E-03
pp007	603.092	3059.826	1	  9.3236600E-02	  1.4605000E-02	  5.9465440E-01	  8.3015000E-03
pp008	1268.134	3750.447	1	  5.9768600E-02	  5.7861400E-02	  7.5403510E-01	  9.2223000E-03
pp009	1779.706	3750.447	1	  5.5334200E-02	  8.7627400E-02	  7.2356770E-01	  8.9338000E-03
pp010	2316.855	3520.24	1	  4.5613400E-02	  9.3384100E-02	  6.0868900E-01	  8.7695000E-03
pp011	2572.641	3929.497	1	  6.0646000E-02	  1.3701000E-01	  5.8384890E-01	  8.0627000E-03
pp012	2035.491	4185.283	1	  7.8872700E-02	  1.4664370E-01	  5.8402970E-01	  8.3286000E-03
pp013	3825.991	4313.176	1	  2.7756500E-02	  1.5852620E-01	  2.7930800E-01	  2.0197700E-02
pp014	3595.784	4082.969	1	  2.7939700E-02	  1.4687570E-01	  4.0450890E-01	  1.8476400E-02
pp015	4158.512	4082.969	1	  2.3080500E-02	  1.2349140E-01	  2.5808530E-01	  3.4496600E-02
pp016	3928.305	3776.026	1	  1.7855900E-02	  1.1970050E-01	  2.9715060E-01	  3.5770900E-02
pp017	3928.305	3110.983	1	  7.9900000E-03	  2.1034230E-01	  1.8852130E-01	  5.8993500E-02
pp018	4772.397	3008.669	1	  1.0766900E-02	  2.3213230E-01	  2.1477300E-01	  1.1405880E-01
pp019	4158.512	3366.769	1	  1.0657800E-02	  1.5029760E-01	  2.4400310E-01	  6.6210000E-02
pp020	4337.562	2676.148	1	  5.4782000E-03	  4.2225090E-01	  1.1689550E-01	  1.2107370E-01
pp021	5974.59	9019.631	1	  2.6248000E-02	  2.5587700E-02	  7.3604370E-01	  7.1158800E-02
pp022	5590.911	9607.938	1	  2.3675400E-02	  2.0017700E-02	  3.7344990E-01	  5.0145100E-02
pp023	6383.847	8456.903	1	  1.8584200E-02	  3.0407500E-02	  7.0053380E-01	  7.9325400E-02
pp024	6562.897	8994.053	1	  1.7145200E-02	  5.9531300E-02	  6.9493230E-01	  7.7768800E-02
pp025	6204.797	7843.017	1	  1.8385200E-02	  8.3300000E-03	  6.8315240E-01	  7.0988500E-02
pp026	6716.368	7919.753	1	  1.2444800E-02	  2.9011300E-02	  7.1428500E-01	  8.1402100E-02
pp027	5846.697	8354.589	1	  2.6673700E-02	  9.0706000E-03	  7.2180450E-01	  6.8347000E-02
pp028	8711.496	8789.424	1	  2.9596140E-01	  3.0335870E-01	  4.0642950E-01	  7.4644300E-02
pp029	8327.818	8188.328	1	  1.7440200E-01	  1.9916920E-01	  4.9971400E-01	  9.9311900E-02
pp030	7163.993	7344.235	1	  1.3547200E-02	  3.6795700E-02	  6.0716640E-01	  8.7593200E-02
pp031	7586.039	7408.182	1	  3.3529200E-02	  6.6882200E-02	  5.9965820E-01	  9.9633000E-02
pp032	8020.875	7139.607	1	  6.8473900E-02	  9.0388300E-02	  5.5309070E-01	  1.1139090E-01
pp033	7624.407	6691.982	1	  2.3322300E-02	  6.4937800E-02	  6.1303530E-01	  1.0402010E-01
pp034	8148.768	6743.139	1	  6.7572300E-02	  9.5182500E-02	  4.7413630E-01	  1.1646640E-01
pp035	8481.289	7472.128	1	  1.5583620E-01	  1.4104470E-01	  4.4462300E-01	  1.0484710E-01
pp036	7074.468	6628.036	1	  1.0140700E-02	  4.1034700E-02	  6.3892140E-01	  8.3065400E-02
pp037	7586.039	6244.357	1	  1.6216400E-02	  8.5467700E-02	  4.7354290E-01	  1.0486320E-01
pp038	8289.45	6078.096	1	  5.8185300E-02	  1.2702620E-01	  3.0160110E-01	  1.2239370E-01
pp039	7790.668	7868.596	1	  6.7100400E-02	  1.1277330E-01	  6.2457970E-01	  1.0260780E-01
pp040	8903.335	7958.121	1	  2.6572740E-01	  2.1491840E-01	  3.4789600E-01	  7.7969900E-02
pp041	8864.967	9812.567	1	  3.0266530E-01	  2.9689290E-01	  2.8469080E-01	  4.9302000E-02
pp042	9261.435	9467.256	1	  3.9039890E-01	  3.3781060E-01	  2.4632070E-01	  4.0038700E-02
pp043	8353.396	9480.045	1	  2.0878880E-01	  2.8366490E-01	  4.3598740E-01	  6.8268600E-02
pp044	9146.332	8840.581	1	  3.7870550E-01	  3.2741570E-01	  2.9504470E-01	  5.2552500E-02
pp045	7681.959	5489.79	4	  3.6325460E-01	  2.8954400E-02	  2.4850500E-02	  2.7934000E-03
pp046	7234.334	4140.52	1	  1.2679600E-02	  1.5490420E-01	  3.5223410E-01	  7.3365300E-02
pp047	8206.319	4984.613	4	  5.9607580E-01	  3.8066100E-02	  5.9203000E-03	  6.2501000E-03
pp048	8462.105	5470.606	4	  4.4295370E-01	  2.1891800E-02	  6.6707000E-03	  4.6933000E-03
pp049	7963.323	5585.709	1	  2.5033900E-02	  1.5572070E-01	  3.4552000E-01	  1.2591580E-01
pp050	7726.721	5125.295	4	  4.9805370E-01	  4.6094600E-02	  2.0573700E-02	  3.5771000E-03
pp051	7061.679	5208.425	4	  3.8360220E-01	  6.4434400E-02	  7.2970300E-02	  1.6193000E-03
pp052	7061.679	4824.747	4	  4.2204640E-01	  7.4620700E-02	  5.9980600E-02	  1.6468000E-03
pp053	6588.475	1710.557	1	  3.8491400E-02	  1.1605920E-01	  3.2278720E-01	  8.6697300E-02
pp054	7074.468	1697.768	1	  6.0752400E-02	  7.6638500E-02	  4.3239420E-01	  5.4113500E-02
pp055	6850.656	1972.737	1	  4.9475400E-02	  8.6401800E-02	  3.4366760E-01	  7.3881800E-02
pp056	6844.261	1429.193	1	  5.1422200E-02	  8.8121000E-02	  3.7224500E-01	  6.4004200E-02
pp057	2457.537	2893.565	1	  2.4439500E-02	  1.0337940E-01	  6.2846020E-01	  1.3652100E-02
pp058	2802.848	2778.462	1	  1.9169200E-02	  1.5561610E-01	  5.6920980E-01	  1.6242400E-02
pp059	2917.952	3417.926	1	  3.1105500E-02	  1.1102480E-01	  5.3988940E-01	  1.0993300E-02
pp060	2035.491	2241.312	1	  2.4439100E-02	  8.3154900E-02	  7.3761940E-01	  2.3074900E-02
pp061	2559.852	2484.308	1	  1.7627700E-02	  1.5257290E-01	  6.6977890E-01	  1.9898600E-02
pp062	3154.553	2260.496	1	  1.2352300E-02	  3.3349550E-01	  4.7612870E-01	  3.2092700E-02
pp063	3458.299	1883.212	1	  1.1017400E-02	  5.0726540E-01	  3.8225130E-01	  5.8098200E-02
pp064	4238.445	1653.005	1	  5.8863000E-03	  7.9975990E-01	  1.9783860E-01	  1.6799860E-01
pp065	4251.234	1256.537	1	  6.3331000E-03	  6.0433700E-01	  2.0992090E-01	  1.6129340E-01
pp066	4558.177	1358.852	1	  4.4285000E-03	  6.4466870E-01	  1.7785090E-01	  1.8159930E-01
pp067	3381.563	1435.587	1	  1.2010700E-02	  4.3189890E-01	  4.5255900E-01	  6.2000900E-02
pp068	2217.738	1525.112	1	  2.1355200E-02	  1.1077990E-01	  7.8343110E-01	  3.5083000E-02
pp069	1552.696	1665.794	1	  5.0668700E-02	  3.4099200E-02	  7.0245260E-01	  2.8697500E-02
pp070	913.232	1218.17	1	  9.4952100E-02	  5.7531000E-03	  6.2304980E-01	  2.0891500E-02
pp071	1539.907	1103.066	1	  5.3400900E-02	  2.4453400E-02	  6.5604270E-01	  3.2128200E-02
pp072	1028.335	1729.741	1	  8.6633300E-02	  1.0255500E-02	  6.3977370E-01	  2.0967800E-02
pp073	2831.624	1013.541	1	  1.2782700E-02	  1.8635130E-01	  6.1375110E-01	  4.4789800E-02
pp074	2869.992	489.18	1	  1.1250700E-02	  1.0657690E-01	  5.1311010E-01	  4.3059700E-02
pp075	2946.727	1896.001	1	  1.2869800E-02	  3.0515880E-01	  6.0429800E-01	  3.5022100E-02
pp076	2946.727	1678.584	1	  1.2724900E-02	  3.0278880E-01	  6.1104670E-01	  3.9330700E-02
pp077	388.871	335.709	1	  8.1379600E-02	  1.0335000E-03	  4.5262240E-01	  9.3286000E-03
pp078	1284.121	284.552	1	  5.8372600E-02	  4.2934000E-03	  4.6798170E-01	  2.3646300E-02
pp079	2383.999	335.709	1	  1.6543800E-02	  4.4984900E-02	  5.3441290E-01	  3.5745900E-02
pp080	4097.763	386.866	1	  5.9373000E-03	  2.0155480E-01	  1.7190440E-01	  1.0622030E-01
pp081	5172.062	310.131	1	  3.6052000E-03	  1.4517620E-01	  9.9048100E-02	  1.0954410E-01
pp082	6911.405	514.759	1	  3.5897200E-02	  5.3234000E-02	  2.4210730E-01	  3.4003800E-02
pp083	8215.911	3763.237	1	  3.9045700E-02	  1.0512610E-01	  1.8627820E-01	  5.4440200E-02
pp084	7960.126	2535.466	1	  5.8496900E-02	  6.2517800E-02	  3.6270810E-01	  2.6876900E-02
pp085	7550.869	1384.43	1	  5.9228400E-02	  7.0258700E-02	  4.5032530E-01	  2.2328700E-02
pp086	5683.634	2126.209	1	  1.3056100E-02	  3.0690370E-01	  2.9516900E-01	  1.1796340E-01
pp087	5939.419	3302.822	1	  9.7795000E-03	  7.1168800E-02	  3.5421070E-01	  7.8270000E-02
pp088	7218.347	3021.458	1	  3.7842700E-02	  6.1186100E-02	  2.6100500E-01	  6.2830000E-02
pp089	9290.211	8392.956	1	  3.4146140E-01	  2.7814220E-01	  2.6121590E-01	  4.8356700E-02
pp090	9290.211	7600.021	1	  2.5595570E-01	  1.8552410E-01	  2.9247090E-01	  5.2221500E-02
pp091	9060.004	6500.143	1	  1.4632190E-01	  1.2965640E-01	  2.2432640E-01	  6.4900900E-02
pp092	8753.061	5809.522	1	  8.6154800E-02	  1.4524430E-01	  2.4711640E-01	  8.5554500E-02
pp093	286.557	9723.042	1	  1.6349900E-02	  1.1728000E-03	  1.1418070E-01	  1.2839900E-02
pp094	2639.785	9671.885	1	  1.6159900E-02	  2.7817000E-03	  1.8580950E-01	  2.8370800E-02
pp095	4276.813	9646.306	1	  2.4004200E-02	  4.1012000E-03	  3.4557710E-01	  1.1850000E-02
pp096	7064.876	9825.356	1	  3.1072400E-02	  1.1541520E-01	  4.6285940E-01	  5.9006400E-02
pp097	7781.076	8827.792	1	  9.3148500E-02	  1.8968060E-01	  6.3181200E-01	  8.9509800E-02
pp098	7064.876	8444.114	1	  1.9493800E-02	  8.0049100E-02	  7.2694110E-01	  8.7179600E-02
pp099	7013.719	5962.993	1	  7.2781000E-03	  8.6373000E-02	  5.0048160E-01	  7.7910300E-02
pp100	7320.662	5758.364	1	  7.1270000E-03	  1.2146210E-01	  3.9558690E-01	  9.0052400E-02
pp101	6502.148	7088.45	1	  1.2374900E-02	  1.1774000E-02	  6.0870940E-01	  6.9776400E-02
pp102	2946.727	4249.229	1	  5.6567600E-02	  1.7117530E-01	  5.5076600E-01	  9.2935000E-03
pp103	3560.613	3047.037	1	  1.1408000E-02	  1.9984750E-01	  2.8125640E-01	  3.3073600E-02
pp104	3381.563	3507.451	1	  2.0739800E-02	  1.2359080E-01	  4.1063180E-01	  1.8595800E-02
pp105	1463.171	2381.994	1	  4.8477400E-02	  2.9336600E-02	  6.8315430E-01	  1.9143800E-02
pp106	4021.027	2356.416	1	  5.6850000E-03	  5.7733500E-01	  1.6160340E-01	  1.0702160E-01
pp107	4660.491	4198.072	1	  2.0527800E-02	  9.1863100E-02	  3.5925310E-01	  4.1148300E-02
pp108	5530.162	4479.436	4	  9.2979300E-02	  1.1480300E-02	  1.9805000E-02	  9.3560000E-04
pp109	6655.619	4786.379	4	  3.9758750E-01	  7.2500800E-02	  6.7549500E-02	  2.6586000E-03
pp110	1284.121	5937.414	1	  1.0000920E-01	  4.6159300E-02	  4.3603010E-01	  1.3568400E-02
pp111	2281.685	5681.629	4	  1.3880990E-01	  7.9136000E-03	  1.7185000E-03	  1.0870000E-04
pp112	3151.356	5400.265	4	  1.3962640E-01	  1.0274900E-02	  3.1241000E-03	  1.4620000E-04
pp113	3995.449	5349.107	4	  1.1802640E-01	  9.5439000E-03	  3.1765000E-03	  4.5920000E-04
pp114	4941.855	5272.372	4	  6.0420200E-02	  1.1294000E-02	  1.0076800E-02	  6.5970000E-04
pp115	6016.155	5246.793	4	  1.8044380E-01	  2.5201900E-02	  3.6298200E-02	  2.1676000E-03
pp116	5146.484	4505.015	4	  8.4986500E-02	  1.3445000E-02	  1.3197900E-02	  5.6970000E-04
pp117	5376.691	4888.693	4	  6.9117700E-02	  1.3310500E-02	  2.0532800E-02	  8.7230000E-04
pp118	5913.841	4505.015	4	  1.7248340E-01	  2.2609500E-02	  2.9513000E-02	  1.9895000E-03
pp119	6118.469	4888.693	4	  2.5746980E-01	  4.1736800E-02	  4.9137700E-02	  2.8716000E-03
pp120	6425.412	4991.008	4	  3.5565010E-01	  6.5496900E-02	  7.0102400E-02	  3.5175000E-03
pp121	2869.992	4607.329	4	  1.6800940E-01	  1.4235400E-02	  3.1463000E-03	  1.1140000E-04
pp122	1667.799	4351.543	4	  1.6755250E-01	  1.3569100E-02	  1.0387500E-02	  7.2800000E-05
pp123	977.178	4249.229	4	  9.9757600E-02	  6.5780000E-03	  9.9382000E-03	  4.8200000E-05
pp124	798.128	6116.464	4	  4.8451300E-02	  1.0695000E-03	  2.1105000E-03	  1.6900000E-05
pp125	5542.952	5899.047	4	  1.6483300E-02	  7.2800000E-04	  9.3479000E-03	  5.6890000E-04
pp126	5542.952	5361.897	4	  4.8001500E-02	  5.5094000E-03	  2.0067900E-02	  8.7680000E-04
pp127	5696.423	3891.129	4	  5.1469800E-02	  2.7013000E-03	  4.9894000E-03	  4.7420000E-04
pp128	6297.519	4351.543	4	  2.1666230E-01	  2.7839400E-02	  2.8106400E-02	  2.2380000E-03
pp129	4174.498	5029.375	4	  1.4037280E-01	  1.3337600E-02	  2.0633000E-03	  4.0320000E-04
pp130	4404.706	5630.472	4	  5.9985300E-02	  4.9984000E-03	  3.6616000E-03	  4.2750000E-04
pp131	5184.852	5477	4	  3.0622300E-02	  4.9238000E-03	  1.3074600E-02	  7.7500000E-04
pp132	5056.959	4927.061	4	  7.6996800E-02	  1.6594700E-02	  1.3254000E-02	  7.2490000E-04
pp133	4698.859	4466.647	4	  1.1391590E-01	  1.3074300E-02	  5.7723000E-03	  2.3140000E-04
pp134	3688.506	4543.383	4	  1.5362000E-01	  1.3504800E-02	  9.2870000E-04	  1.8080000E-04
pp135	7819.444	4786.379	4	  4.9597360E-01	  4.2385900E-02	  7.7709000E-03	  3.8528000E-03
pp136	8510.065	4671.276	4	  4.5613500E-01	  2.8970100E-02	  1.8845000E-03	  4.4168000E-03
pp137	8650.747	5170.057	4	  4.7567910E-01	  2.6843100E-02	  3.7945000E-03	  4.0583000E-03
pp138	8676.326	4274.808	4	  2.8574570E-01	  1.7838200E-02	  8.4520000E-04	  2.4242000E-03
pp139	6514.937	5349.107	4	  2.8866240E-01	  4.5648000E-02	  5.4802700E-02	  2.6718000E-03
pp140	3790.82	5643.261	4	  8.6306600E-02	  5.4719000E-03	  3.3579000E-03	  3.3110000E-04
pp141	4136.131	6135.648	4	  2.1091700E-02	  7.6630000E-04	  2.3847000E-03	  3.1080000E-04
pp142	4948.25	6359.461	4	  2.8374000E-03	  5.9200000E-05	  2.9306000E-03	  3.6350000E-04
pp143	337.714	8974.869	1	  2.3105400E-02	  1.6340000E-03	  1.4171150E-01	  1.8016200E-02
pp144	286.557	8002.883	1	  3.0774500E-02	  1.5439000E-03	  1.6009060E-01	  1.6393800E-02
pp145	286.557	6903.005	1	  4.3004400E-02	  3.6212000E-03	  2.2947500E-01	  9.9577000E-03
pp146	260.978	6058.913	1	  5.4088200E-02	  1.1417200E-02	  3.3767040E-01	  5.1878000E-03
pp147	235.4	4575.356	1	  7.1751400E-02	  2.3653500E-02	  5.2546130E-01	  3.2965000E-03
pp148	286.557	5317.134	1	  6.4706300E-02	  2.1883100E-02	  4.5119230E-01	  3.6404000E-03
pp149	286.557	3603.371	1	  9.0254200E-02	  1.6817700E-02	  5.8149970E-01	  4.6360000E-03
pp150	286.557	2068.657	1	  1.0073300E-01	  3.3734000E-03	  5.4219250E-01	  7.8991000E-03
pp151	286.557	1198.986	1	  1.0024330E-01	  1.7303000E-03	  5.4328670E-01	  9.1905000E-03
pp152	1130.65	5214.82	1	  9.4517000E-02	  6.7731900E-02	  5.5393720E-01	  8.4924000E-03
pp153	1770.114	5163.663	1	  1.1127100E-01	  1.1821200E-01	  4.6409080E-01	  1.0181600E-02
pp154	2665.363	4984.613	1	  8.2556300E-02	  1.7303400E-01	  3.8281130E-01	  9.4499000E-03
pp155	3893.134	4805.563	1	  2.4562700E-02	  1.4812000E-01	  2.0897760E-01	  1.4382300E-02
pp156	1258.542	7465.733	1	  4.1434700E-02	  3.7470000E-03	  1.6412480E-01	  3.9217700E-02
pp157	1718.956	6596.062	1	  8.6454600E-02	  2.3007400E-02	  3.5692210E-01	  2.5704400E-02
pp158	3023.463	8054.04	1	  4.7876300E-02	  2.1962000E-03	  5.3925430E-01	  2.7558100E-02
pp159	2511.892	7235.526	1	  6.0562600E-02	  6.3028000E-03	  4.5667790E-01	  3.1795100E-02
pp160	3944.291	8744.662	1	  3.1358300E-02	  3.0176000E-03	  4.7480460E-01	  1.4001900E-02
pp161	5274.377	7414.576	1	  1.8054100E-02	  7.2360000E-04	  5.5613560E-01	  3.4630800E-02
pp162	6220.784	6621.641	1	  1.1598000E-02	  1.6891600E-02	  5.1326690E-01	  5.3814000E-02
pp163	4097.763	7593.626	1	  2.1414600E-02	  1.0194000E-03	  3.0296540E-01	  1.5021400E-02
pp164	4558.177	6749.534	1	  8.3684000E-03	  3.3651000E-03	  2.4877700E-01	  1.3227100E-02
pp165	6144.048	5956.598	1	  7.7960000E-03	  4.8956800E-02	  4.2314870E-01	  4.3358500E-02
pp166	2869.992	5841.495	1	  6.3319100E-02	  8.2049400E-02	  2.5275500E-01	  1.2216800E-02
pp167	3279.249	5854.284	1	  3.6550100E-02	  7.1052000E-02	  2.1236750E-01	  1.1122900E-02
pp168	3573.402	5854.284	1	  2.2776800E-02	  6.2027700E-02	  1.7780220E-01	  1.0450600E-02
pp169	3893.134	5854.284	1	  1.3662400E-02	  5.1336600E-02	  1.3364850E-01	  9.7489000E-03
pp170	4302.391	5879.863	4	  3.6761400E-02	  2.0335000E-03	  3.2959000E-03	  4.0230000E-04
pp171	3381.563	5624.077	1	  3.2864900E-02	  9.3043300E-02	  2.2182560E-01	  1.0505200E-02
pp172	3547.824	5457.816	4	  1.2185290E-01	  8.5662000E-03	  3.4908000E-03	  2.2520000E-04
pp173	4187.288	5662.445	4	  6.6228300E-02	  4.4926000E-03	  3.4132000E-03	  4.4600000E-04
pp174	4583.755	5419.448	4	  7.4178400E-02	  9.0370000E-03	  4.7041000E-03	  4.4260000E-04
pp175	4583.755	5048.559	4	  1.1156520E-01	  1.5699800E-02	  5.0684000E-03	  4.0700000E-04
pp176	4174.498	5202.031	4	  1.2516270E-01	  1.1619200E-02	  2.5277000E-03	  4.4600000E-04
pp177	3176.935	5048.559	1	  4.9048100E-02	  1.6328100E-01	  3.4761700E-01	  1.0076700E-02
pp178	3739.663	5099.716	4	  1.5158920E-01	  1.2363400E-02	  3.0915000E-03	  3.4410000E-04
pp179	2933.938	6110.07	1	  5.6579800E-02	  5.4416500E-02	  2.4686600E-01	  1.3473400E-02
pp180	3240.881	6135.648	1	  3.7299700E-02	  4.6252100E-02	  2.0766650E-01	  1.2175500E-02
pp181	3611.77	6148.437	1	  2.0232200E-02	  3.6806000E-02	  1.6420080E-01	  1.0890600E-02
pp182	3969.87	6148.437	1	  1.0982000E-02	  2.8560200E-02	  1.2944990E-01	  9.9170000E-03
pp183	4647.702	5649.656	1	  6.3472000E-03	  4.1001600E-02	  9.8029500E-02	  1.0447800E-02
pp184	4558.177	5918.23	1	  5.6756000E-03	  2.7839800E-02	  1.1612400E-01	  9.9444000E-03
pp185	4404.706	6199.595	1	  6.1477000E-03	  1.7703200E-02	  1.3623770E-01	  1.0078000E-02
pp186	4404.706	6378.645	1	  6.4728000E-03	  1.1550400E-02	  1.5981560E-01	  1.0642800E-02
pp187	4123.341	6404.223	4	  9.2527000E-03	  1.9870000E-04	  1.4285000E-03	  1.9340000E-04
pp188	3854.766	6455.38	1	  1.3540700E-02	  1.6132800E-02	  1.4881230E-01	  1.0952700E-02
pp189	3535.034	6404.223	1	  2.3215100E-02	  2.3264500E-02	  1.7631990E-01	  1.1898600E-02
pp190	3304.827	6429.802	1	  3.3699800E-02	  2.5585000E-02	  2.0892460E-01	  1.3171500E-02
pp191	2946.727	6442.591	1	  5.3776900E-02	  2.9950200E-02	  2.7222060E-01	  1.5749500E-02
pp192	3087.41	6634.43	1	  4.5611800E-02	  1.8811900E-02	  2.7033800E-01	  1.6012800E-02
pp193	3394.352	7069.266	1	  3.3842800E-02	  5.2602000E-03	  2.8091360E-01	  1.5904800E-02
pp194	3483.877	6711.166	1	  2.6859400E-02	  1.1940500E-02	  2.0599190E-01	  1.3424600E-02
pp195	3905.924	6851.848	1	  1.5040100E-02	  5.4137000E-03	  1.7930550E-01	  1.2253200E-02
pp196	4327.97	6749.534	1	  9.0155000E-03	  4.3974000E-03	  1.9805170E-01	  1.2041400E-02
pp197	4941.855	5943.809	1	  4.3778000E-03	  2.2055300E-02	  1.7585510E-01	  1.1867600E-02
pp198	2690.942	6225.173	1	  7.1441700E-02	  4.8128600E-02	  2.9301480E-01	  1.5692100E-02
pp199	2396.788	5982.177	1	  9.3943500E-02	  7.1481300E-02	  3.2009410E-01	  1.4941000E-02
pp200	2652.574	5675.234	1	  8.0557400E-02	  1.0311580E-01	  2.8001580E-01	  1.1978600E-02
pp201	2626.995	5432.238	4	  1.5853890E-01	  1.1173900E-02	  1.8766000E-03	  1.5190000E-04
pp202	4993.012	5675.234	4	  2.5657800E-02	  3.2213000E-03	  8.3687000E-03	  6.5940000E-04
pp203	6412.623	2618.596	1	  2.1183800E-02	  1.0116340E-01	  2.6683330E-01	  9.1396100E-02
pp204	5875.473	1109.461	1	  1.5356200E-02	  2.0737810E-01	  2.6745450E-01	  1.0777830E-01
pp205	6821.88	3437.11	1	  1.7665100E-02	  7.3804600E-02	  2.8830470E-01	  7.3164200E-02
pp206	4724.438	8373.772	1	  2.9239100E-02	  2.4580000E-03	  4.5523380E-01	  2.7265300E-02
pp207	1757.324	2925.539	1	  3.4292900E-02	  4.7755100E-02	  7.1038830E-01	  1.3539600E-02
pp208	1092.282	2746.489	1	  6.6992000E-02	  1.7950100E-02	  6.5912690E-01	  1.3558800E-02
pp209	1936.374	3309.217	1	  3.8848000E-02	  6.5902100E-02	  6.8810390E-01	  1.0293400E-02
pp210	715.2287082	9766.392871	1	  1.3047700E-02	  1.4550000E-03	  1.0276290E-01	  2.2534500E-02
pp211	698.6210675	9317.986573	1	  1.7176900E-02	  1.8432000E-03	  1.1774240E-01	  2.6908000E-02
pp212	1612.041304	9633.531746	1	  2.3043000E-03	  2.3166000E-03	  1.9379800E-02	  4.3038300E-02
pp213	1147.027365	9583.708824	1	  7.7742000E-03	  2.0086000E-03	  6.2857700E-02	  3.6334300E-02
pp214	1147.027365	9068.871963	1	  1.1406700E-02	  2.4997000E-03	  6.9822200E-02	  4.3979900E-02
pp215	947.7356775	8670.288587	1	  1.9056900E-02	  2.3686000E-03	  1.0333350E-01	  3.9842200E-02
pp216	432.8988168	8437.781618	1	  2.7462300E-02	  1.7455000E-03	  1.5296190E-01	  2.1787200E-02
pp217	1296.496131	8022.590601	1	  2.4457000E-02	  2.6525000E-03	  9.5292500E-02	  4.8737900E-02
pp218	765.0516302	7839.906554	1	  3.3101800E-02	  2.1762000E-03	  1.5179840E-01	  3.0001300E-02
pp219	366.4682542	7125.778005	1	  4.1879000E-02	  2.9252000E-03	  2.1413280E-01	  1.2967800E-02
pp220	200.3918475	7590.791944	1	  3.3258800E-02	  1.6038000E-03	  1.7036770E-01	  1.2475700E-02
pp221	715.2287082	7325.069693	1	  4.3536300E-02	  3.1807000E-03	  1.9975810E-01	  2.3083400E-02
pp222	814.8745522	6777.017551	1	  5.9288300E-02	  8.3940000E-03	  2.7588700E-01	  1.8264600E-02
pp223	1163.635006	6561.118223	1	  7.5744300E-02	  1.7080000E-02	  3.1846050E-01	  2.0701000E-02
pp224	1445.964897	7125.778005	1	  5.6699500E-02	  7.2067000E-03	  2.3544490E-01	  3.5454200E-02
pp225	549.1523015	6561.118223	1	  5.6869100E-02	  8.7472000E-03	  3.0067450E-01	  1.1492600E-02
pp226	1844.548273	7291.854412	1	  5.3875400E-02	  5.9616000E-03	  2.9798110E-01	  4.1474400E-02
pp227	2093.662883	8055.805883	1	  3.2002800E-02	  2.8884000E-03	  2.8793820E-01	  5.3345300E-02
pp228	2375.992775	7922.944757	1	  4.3419800E-02	  2.7497000E-03	  4.2706020E-01	  4.5480500E-02
pp229	2542.069181	8819.757353	1	  2.9462300E-02	  3.3278000E-03	  3.4833850E-01	  4.2501700E-02
pp230	3123.336605	8587.250384	1	  4.1842900E-02	  2.8588000E-03	  5.2967470E-01	  2.4774200E-02
pp231	3272.805371	9019.049041	1	  3.4764800E-02	  3.2607000E-03	  4.7134390E-01	  1.8897300E-02
pp232	2425.815697	9317.986573	1	  1.7034800E-02	  3.1716000E-03	  1.9225590E-01	  4.0047300E-02
pp233	1927.586477	9650.139386	1	  3.2847000E-03	  2.5019000E-03	  2.9208000E-02	  4.2522800E-02
pp234	3472.097059	9600.316464	1	  2.4402500E-02	  3.0845000E-03	  3.5241810E-01	  1.1587600E-02
pp235	3920.503357	9151.910167	1	  2.8884900E-02	  3.4473000E-03	  4.4401980E-01	  1.2107900E-02
pp236	4833.923593	9401.024777	1	  2.9531900E-02	  6.5035000E-03	  3.7751450E-01	  2.6365500E-02
pp237	5083.038203	9666.747027	1	  2.6285200E-02	  9.9955000E-03	  3.1981500E-01	  3.1103400E-02
pp238	5564.659783	9301.378933	1	  2.7280400E-02	  1.6469500E-02	  4.7476810E-01	  5.5747500E-02
pp239	4601.416624	9052.264323	1	  3.0953200E-02	  4.3472000E-03	  4.2777750E-01	  2.2249900E-02
pp240	5249.11461	8686.896228	1	  3.0861700E-02	  5.3372000E-03	  5.5199170E-01	  4.7273200E-02
pp241	5780.559111	8221.882289	1	  2.6025700E-02	  6.0827000E-03	  6.9918080E-01	  6.4880100E-02
pp242	5215.899329	7756.868351	1	  2.2351800E-02	  9.7270000E-04	  5.7564710E-01	  3.8304900E-02
pp243	4352.302014	7939.552398	1	  2.4247300E-02	  1.3404000E-03	  3.7676070E-01	  1.8208700E-02
pp244	4153.010326	8437.781618	1	  2.9742900E-02	  2.4561000E-03	  4.4020120E-01	  1.6152700E-02
pp245	3671.388747	7856.514195	1	  3.3015700E-02	  1.4984000E-03	  4.0521350E-01	  1.5985400E-02
pp246	2890.829635	7258.639131	1	  5.3699100E-02	  4.9813000E-03	  4.3651880E-01	  2.4588600E-02
pp247	3372.451215	7740.26071	1	  4.0656100E-02	  1.7605000E-03	  4.4345470E-01	  1.9145300E-02
pp248	3937.110997	7341.677334	1	  2.0432200E-02	  1.4891000E-03	  2.5536490E-01	  1.3981300E-02
pp249	4618.024265	7158.993287	1	  1.3021800E-02	  8.8190000E-04	  3.3236360E-01	  1.7017400E-02
pp250	5132.861125	7524.361381	1	  1.9243400E-02	  6.8620000E-04	  5.3601550E-01	  3.2209500E-02
pp251	4667.847187	7308.462053	1	  1.5094300E-02	  6.6590000E-04	  3.6796140E-01	  1.9005900E-02
pp252	5531.444501	6610.941145	1	  9.8475000E-03	  7.2274000E-03	  4.4175480E-01	  2.8348000E-02
pp253	5548.052142	6710.586989	1	  1.0835600E-02	  5.7728000E-03	  4.7086630E-01	  3.0367000E-02
pp254	5730.736189	7408.107897	1	  1.7950500E-02	  1.4855000E-03	  6.2282630E-01	  4.9169800E-02
pp255	6096.104284	7142.385646	1	  1.4740700E-02	  5.1029000E-03	  6.2199600E-01	  5.6929700E-02
pp256	5880.204955	6943.093958	1	  1.3648800E-02	  5.3307000E-03	  5.6501930E-01	  4.5660400E-02
pp257	5166.076407	6959.701599	1	  1.2069400E-02	  1.6648000E-03	  4.6230260E-01	  2.4171100E-02
pp258	5747.34383	6527.902941	1	  9.9994000E-03	  1.1533900E-02	  4.4216850E-01	  3.4069700E-02
pp259	6046.281362	6129.319565	1	  8.4067000E-03	  3.4128600E-02	  4.1394230E-01	  4.0946500E-02
pp260	6029.673721	5747.34383	1	  6.2265000E-03	  5.9772700E-02	  3.8169240E-01	  3.7549200E-02
pp261	6511.295301	5597.875064	1	  6.8872000E-03	  1.0322690E-01	  4.4103800E-01	  5.5592100E-02
pp262	6660.764067	5747.34383	1	  7.3683000E-03	  9.4309600E-02	  4.7019070E-01	  6.2501300E-02
pp263	6909.878677	5564.659783	1	  5.9563000E-03	  1.3166930E-01	  4.2540740E-01	  7.1167100E-02
pp264	7042.739802	5431.798657	1	  5.2890000E-03	  1.5842830E-01	  4.0333840E-01	  7.5548700E-02
pp265	7707.045429	5581.267423	1	  1.4052600E-02	  1.5158710E-01	  3.4986320E-01	  1.1080840E-01
pp266	7989.37532	5763.951471	1	  2.8684700E-02	  1.4138210E-01	  3.3283050E-01	  1.2640610E-01
pp267	8321.528133	5747.34383	1	  5.1288300E-02	  1.4911170E-01	  3.0900850E-01	  1.2274100E-01
pp268	8670.288587	5564.659783	1	  7.0228800E-02	  1.5427770E-01	  2.5855800E-01	  8.9794300E-02
pp269	8936.010838	5979.850799	1	  1.0504590E-01	  1.3738160E-01	  2.1828680E-01	  7.0123500E-02
pp270	8470.996899	6295.395972	1	  8.4254600E-02	  1.2225110E-01	  2.9293010E-01	  1.1163820E-01
pp271	8703.503869	6644.156426	1	  1.2875420E-01	  1.2312710E-01	  3.0440370E-01	  9.5419500E-02
pp272	8869.580275	7158.993287	1	  1.8681270E-01	  1.4239520E-01	  3.5557110E-01	  8.4111200E-02
pp273	8720.111509	7225.423849	1	  1.7407590E-01	  1.3940650E-01	  3.9335040E-01	  9.4241000E-02
pp274	8454.389259	6976.309239	1	  1.1874610E-01	  1.1504800E-01	  4.3152210E-01	  1.0871370E-01
pp275	9234.94837	7026.132161	1	  1.9787620E-01	  1.4426680E-01	  2.6870470E-01	  5.4860300E-02
pp276	9168.517807	7408.107897	1	  2.3421100E-01	  1.6746400E-01	  3.1364070E-01	  6.1645700E-02
pp277	9002.441401	7806.691273	1	  2.6287910E-01	  2.0129860E-01	  3.3602030E-01	  7.2750900E-02
pp278	9168.517807	7956.160039	1	  2.9160380E-01	  2.2245660E-01	  2.9964790E-01	  5.9808200E-02
pp279	8537.427462	8437.781618	1	  2.3601180E-01	  2.4912050E-01	  4.5011360E-01	  8.8620000E-02
pp280	8155.451727	8936.010838	1	  1.6540160E-01	  2.4882760E-01	  5.4548210E-01	  8.5458100E-02
pp281	8803.149713	9234.94837	1	  3.2559690E-01	  3.3576490E-01	  3.6406760E-01	  6.2981500E-02
pp282	8172.059367	9301.378933	1	  1.7121380E-01	  2.6281690E-01	  4.9590220E-01	  7.5578100E-02
pp283	7839.906554	9284.771292	1	  1.0878160E-01	  2.1541210E-01	  5.4859650E-01	  7.7934800E-02
pp284	7590.791944	9567.101183	1	  7.4745900E-02	  1.7995160E-01	  5.1345840E-01	  6.9129100E-02
pp285	7142.385646	9052.264323	1	  2.9263600E-02	  1.1740040E-01	  6.4002400E-01	  8.1208600E-02
pp286	6594.333504	9533.885902	1	  1.6979600E-02	  7.2697300E-02	  5.7646960E-01	  6.6093100E-02
pp287	5996.45844	9600.316464	1	  1.9972600E-02	  3.5211000E-02	  4.6878190E-01	  5.9528900E-02
pp288	6743.80227	9650.139386	1	  1.8826300E-02	  8.6081300E-02	  5.3129180E-01	  6.3233700E-02
pp289	7208.816209	9450.847699	1	  3.7370800E-02	  1.3315990E-01	  5.6308570E-01	  7.1600500E-02
pp290	7491.1461	9417.632417	1	  6.2194500E-02	  1.6809020E-01	  5.5383350E-01	  7.3529400E-02
pp291	7906.337117	9749.78523	1	  1.1942030E-01	  2.1407670E-01	  4.4110180E-01	  6.3436900E-02
pp292	8188.667008	9733.17759	1	  1.6885640E-01	  2.4861500E-01	  4.1275740E-01	  6.2853300E-02
pp293	6328.611253	9168.517807	1	  1.9785600E-02	  4.7267000E-02	  7.1076250E-01	  7.3265600E-02
pp294	6046.281362	8653.680947	1	  2.5905100E-02	  2.0656800E-02	  7.6399010E-01	  7.4483300E-02
pp295	5747.34383	8703.503869	1	  2.8879000E-02	  1.2582000E-02	  7.3598340E-01	  6.6953600E-02
pp296	7175.600927	8819.757353	1	  2.8643800E-02	  1.1167600E-01	  6.7667700E-01	  8.5405900E-02
pp297	7507.753741	8487.60454	1	  5.0294100E-02	  1.3080580E-01	  7.0520640E-01	  9.3269700E-02
pp298	7258.639131	7673.830147	1	  1.8904800E-02	  5.3714300E-02	  6.4894360E-01	  9.0724500E-02
pp299	6810.232833	8138.844086	1	  1.2979700E-02	  4.3527100E-02	  7.2998790E-01	  8.3736300E-02
pp300	7109.170365	8105.628805	1	  1.7777700E-02	  6.4639300E-02	  7.2693620E-01	  8.8415900E-02
pp301	7474.538459	7922.944757	1	  3.5596200E-02	  8.6106300E-02	  6.7401120E-01	  9.5886300E-02
pp302	6411.649457	7557.576663	1	  1.4522800E-02	  9.3590000E-03	  6.7878990E-01	  7.2351600E-02
pp303	6727.194629	7408.107897	1	  1.1516500E-02	  1.7310000E-02	  6.4329150E-01	  7.8364000E-02
pp304	6876.663395	7092.562724	1	  1.0726800E-02	  2.2301700E-02	  5.9367770E-01	  8.0026100E-02
pp305	6428.257097	6245.57305	1	  9.8166000E-03	  3.9703600E-02	  5.1117200E-01	  5.7686600E-02
pp306	6826.840473	6494.68766	1	  9.6274000E-03	  3.8692300E-02	  6.0212530E-01	  7.4751800E-02
pp307	6627.548785	6677.371707	1	  1.0760400E-02	  2.4533700E-02	  5.6693830E-01	  6.9816400E-02
pp308	2757.96851	6777.017551	1	  6.1393800E-02	  1.6071800E-02	  3.6629300E-01	  2.1055900E-02
pp309	2292.954571	6544.510582	1	  8.3407900E-02	  2.8354300E-02	  3.8739260E-01	  2.2579500E-02
pp310	2010.62468	6710.586989	1	  8.1384500E-02	  2.0113000E-02	  3.8390600E-01	  2.7515400E-02
pp311	2259.73929	6145.927206	1	  9.7101000E-02	  5.6073900E-02	  3.5407870E-01	  1.7203200E-02
pp312	1612.041304	6295.395972	1	  9.9426700E-02	  3.6526000E-02	  3.8395320E-01	  1.9956900E-02
pp313	914.5203961	6029.673721	1	  8.1326800E-02	  2.8456500E-02	  4.1224490E-01	  1.1335900E-02
pp314	200.3918475	5730.736189	1	  5.5743000E-02	  1.4397300E-02	  3.7163350E-01	  3.7836000E-03
pp315	831.4821928	5597.875064	1	  8.3495200E-02	  3.8761600E-02	  4.8960940E-01	  7.9726000E-03
pp316	1429.357257	5415.191017	1	  1.0770800E-01	  8.0619000E-02	  4.9956850E-01	  1.0489800E-02
pp317	1827.940633	5381.975735	1	  1.1499350E-01	  1.0865850E-01	  4.2939820E-01	  1.1150700E-02
pp318	2326.169853	5298.937532	1	  1.0260210E-01	  1.3853830E-01	  3.4481040E-01	  1.0720200E-02
pp319	2176.701087	5000	1	  1.0502650E-01	  1.5547290E-01	  4.0542710E-01	  9.7420000E-03
pp320	2708.145588	4767.493031	1	  7.9102700E-02	  1.8654440E-01	  4.3599440E-01	  9.0024000E-03
pp321	3040.298401	4966.784719	1	  5.7793200E-02	  1.7323940E-01	  3.7913610E-01	  9.7210000E-03
pp322	3389.058855	4833.923593	1	  3.9692600E-02	  1.7310300E-01	  3.6065070E-01	  1.1123800E-02
pp323	3804.249872	4800.708312	1	  2.6458300E-02	  1.5407810E-01	  2.3718030E-01	  1.3773700E-02
pp324	4302.479092	4717.670109	1	  1.9627000E-02	  1.2193570E-01	  1.5095300E-01	  1.9315100E-02
pp325	4717.670109	4800.708312	1	  1.3739800E-02	  8.7129200E-02	  1.7331480E-01	  2.0769800E-02
pp326	1994.017039	4568.201343	1	  9.5800900E-02	  1.5958390E-01	  5.1355550E-01	  8.8156000E-03
pp327	1379.534335	4983.392359	1	  9.8650200E-02	  9.3978300E-02	  5.6276770E-01	  8.9699000E-03
pp328	1578.826023	4750.88539	1	  9.7316000E-02	  1.1784820E-01	  5.6560690E-01	  9.0055000E-03
pp329	1578.826023	4651.239546	1	  9.3980600E-02	  1.1913080E-01	  5.8301310E-01	  8.8800000E-03
pp330	947.7356775	5066.430563	1	  8.7032800E-02	  5.8658900E-02	  5.7734180E-01	  7.3015000E-03
pp331	598.9752235	5000	1	  7.8114000E-02	  3.8670300E-02	  5.6016210E-01	  5.2886000E-03
pp332	748.4439895	4534.986061	1	  7.9840500E-02	  4.8399300E-02	  6.2450450E-01	  6.2522000E-03
pp333	549.1523015	4202.833248	1	  8.1462300E-02	  3.4065100E-02	  6.2134140E-01	  5.5079000E-03
pp334	399.6835355	4020.149201	1	  8.4067000E-02	  2.5548600E-02	  6.0337520E-01	  4.8178000E-03
pp335	1014.16624	4003.54156	1	  7.1033100E-02	  5.4415100E-02	  6.7397940E-01	  8.0689000E-03
pp336	1578.826023	3920.503357	1	  6.2303100E-02	  8.8392900E-02	  7.4349750E-01	  8.9024000E-03
pp337	2027.232321	4169.617967	1	  7.8034600E-02	  1.4460450E-01	  5.8873660E-01	  8.3296000E-03
pp338	2060.447602	3870.680435	1	  6.2722200E-02	  1.1493600E-01	  6.2714530E-01	  8.3182000E-03
pp339	2459.030978	4153.010326	1	  7.3966700E-02	  1.6084660E-01	  5.5422440E-01	  7.9894000E-03
pp340	2741.360869	4285.871451	1	  6.8375800E-02	  1.7542500E-01	  5.4657610E-01	  8.4812000E-03
pp341	2824.399073	3920.503357	1	  5.1404600E-02	  1.3790260E-01	  5.8299960E-01	  8.8744000E-03
pp342	3289.413011	4153.010326	1	  3.8275300E-02	  1.5873460E-01	  5.1026750E-01	  1.2563600E-02
pp343	3339.235933	3687.996387	1	  2.5523700E-02	  1.2274060E-01	  4.5847180E-01	  1.5991100E-02
pp344	3040.298401	3953.718638	1	  4.3252000E-02	  1.4113120E-01	  5.6293080E-01	  1.0324200E-02
pp345	3007.08312	3671.388747	1	  3.5896100E-02	  1.1891730E-01	  5.4773590E-01	  1.0752900E-02
pp346	3306.020652	3189.767167	1	  1.7219100E-02	  1.4895860E-01	  3.9239600E-01	  1.9652700E-02
pp347	3073.513683	2841.006713	1	  1.6739200E-02	  1.8479200E-01	  4.7052780E-01	  1.8539100E-02
pp348	2326.169853	3372.451215	1	  3.9649100E-02	  8.6590300E-02	  6.1324040E-01	  9.4513000E-03
pp349	1794.725351	3040.298401	1	  3.4759100E-02	  5.1381500E-02	  7.1135660E-01	  1.2460900E-02
pp350	1479.180179	3422.274137	1	  4.7951200E-02	  5.0240800E-02	  7.9151270E-01	  1.0373400E-02
pp351	682.0134268	3339.235933	1	  8.7275000E-02	  2.1600900E-02	  6.1423490E-01	  8.1123000E-03
pp352	1047.381521	3139.944245	1	  6.5775400E-02	  2.4984900E-02	  6.8356770E-01	  1.0961000E-02
pp353	1063.989162	2890.829635	1	  6.7017100E-02	  1.9643500E-02	  6.6595000E-01	  1.2438600E-02
pp354	266.8224102	3173.159527	1	  9.5285700E-02	  1.1297900E-02	  5.5963250E-01	  5.1732000E-03
pp355	349.8606135	2841.006713	1	  9.8505600E-02	  8.6252000E-03	  5.5845520E-01	  6.5839000E-03
pp356	980.9509588	2608.499744	1	  7.6467400E-02	  1.3807900E-02	  6.3137950E-01	  1.3696100E-02
pp357	632.1905048	2475.638619	1	  9.7039400E-02	  7.6232000E-03	  5.8945500E-01	  1.0786900E-02
pp358	615.5828642	2193.308727	1	  1.0042620E-01	  5.6786000E-03	  5.9572490E-01	  1.1869500E-02
pp359	848.0898335	1944.194117	1	  9.4586400E-02	  7.3543000E-03	  6.2645830E-01	  1.6668000E-02
pp360	383.0758948	1728.294789	1	  1.0480360E-01	  2.7998000E-03	  5.7406510E-01	  1.0043800E-02
pp361	798.2669115	1313.103772	1	  1.0048580E-01	  4.6427000E-03	  6.2642830E-01	  1.8440500E-02
pp362	665.4057862	615.5828642	1	  9.1899900E-02	  1.8210000E-03	  5.3544100E-01	  1.4933900E-02
pp363	-15.50748115	831.4821928	1	  7.9731800E-02	  1.1014000E-03	  4.2928500E-01	  5.1555000E-03
pp364	881.3051148	682.0134268	1	  8.7888700E-02	  3.0534000E-03	  5.5206270E-01	  1.9310200E-02
pp365	715.2287082	167.1765662	1	  7.5249900E-02	  1.1619000E-03	  4.4048290E-01	  1.3510400E-02
pp366	1761.51007	582.3675828	1	  3.8328400E-02	  2.1634000E-02	  5.8129850E-01	  3.2863900E-02
pp367	2176.701087	366.4682542	1	  2.1495400E-02	  3.3924100E-02	  5.4942110E-01	  3.4764900E-02
pp368	2359.385134	1047.381521	1	  1.8792200E-02	  1.0392490E-01	  7.1627270E-01	  3.9780400E-02
pp369	1661.864226	1512.39546	1	  4.4961000E-02	  4.0742000E-02	  7.2255180E-01	  3.1299600E-02
pp370	2475.638619	1994.017039	1	  1.5958100E-02	  1.6881580E-01	  7.4753430E-01	  2.8607500E-02
pp371	2492.246259	2209.916368	1	  1.6376200E-02	  1.6289450E-01	  7.2263320E-01	  2.4671500E-02
pp372	2176.701087	2542.069181	1	  2.2332900E-02	  9.1469300E-02	  6.9813530E-01	  1.8399800E-02
pp373	3422.274137	2425.815697	1	  1.0534500E-02	  3.7341830E-01	  3.3509670E-01	  3.9903400E-02
pp374	3671.388747	2525.461541	1	  8.3023000E-03	  4.0584570E-01	  2.3532070E-01	  5.6231100E-02
pp375	4269.263811	2940.652557	1	  6.2554000E-03	  2.8665820E-01	  1.3742450E-01	  9.8625000E-02
pp376	4601.416624	3704.604028	1	  1.9062000E-02	  9.3167100E-02	  4.2837160E-01	  6.6665700E-02
pp377	5365.368095	4119.795045	1	  1.1009500E-02	  6.2896400E-02	  4.9234460E-01	  4.8888300E-02
pp378	4800.708312	3887.288075	1	  1.9547500E-02	  7.6991000E-02	  4.7375020E-01	  5.8895300E-02
pp379	5315.545173	3571.742903	1	  1.3240400E-02	  6.9843300E-02	  4.4734930E-01	  7.3179900E-02
pp380	4734.277749	3173.159527	1	  1.2180300E-02	  1.7892750E-01	  2.7067560E-01	  1.0328590E-01
pp381	5631.090345	3106.728964	1	  1.1394200E-02	  1.1167840E-01	  3.2773890E-01	  8.7535800E-02
pp382	4900.354156	3422.274137	1	  1.5612100E-02	  1.0923110E-01	  3.9311780E-01	  8.7212400E-02
pp383	5116.253485	3472.097059	1	  1.4893300E-02	  8.9164300E-02	  4.2063080E-01	  8.1192900E-02
pp384	5398.583376	2874.221995	1	  1.2140700E-02	  1.9235840E-01	  2.8009150E-01	  1.0331030E-01
pp385	4568.201343	2442.423337	1	  6.7151000E-03	  5.4687350E-01	  1.3197500E-01	  1.4934250E-01
pp386	5249.11461	2641.715025	1	  1.1692500E-02	  2.9677230E-01	  2.4496250E-01	  1.1941260E-01
pp387	4900.354156	2724.753229	1	  1.0157300E-02	  3.3629310E-01	  1.8480920E-01	  1.2975230E-01
pp388	4701.062468	2077.055243	1	  7.1768000E-03	  7.0485830E-01	  1.7114990E-01	  1.7329090E-01
pp389	4219.440889	2027.232321	1	  5.0994000E-03	  7.9298560E-01	  1.6597130E-01	  1.5537460E-01
pp390	3787.642231	1445.964897	1	  1.0367100E-02	  5.9026290E-01	  3.2565950E-01	  1.0286310E-01
pp391	3903.895716	864.6974742	1	  9.0140000E-03	  3.6667700E-01	  2.8221220E-01	  1.1089200E-01
pp392	3920.503357	1977.409399	1	  7.5172000E-03	  7.0712580E-01	  2.2877460E-01	  1.1040930E-01
pp393	4153.010326	2691.537947	1	  5.2704000E-03	  4.0661000E-01	  1.2576270E-01	  1.0313260E-01
pp394	3737.819309	3538.527621	1	  1.4770600E-02	  1.2760130E-01	  3.0236740E-01	  3.2529400E-02
pp395	5000	2508.8539	1	  1.0297800E-02	  4.1406210E-01	  2.0005130E-01	  1.3820260E-01
pp396	4385.517295	3588.350543	1	  1.6252900E-02	  1.1225250E-01	  3.5525020E-01	  6.6683200E-02
pp397	4402.124936	3970.326279	1	  2.1938500E-02	  1.0205590E-01	  3.4120890E-01	  4.6888900E-02
pp398	3721.211669	980.9509588	1	  1.0528500E-02	  3.8381870E-01	  3.4583020E-01	  9.3873600E-02
pp399	3272.805371	980.9509588	1	  1.1663500E-02	  2.8043460E-01	  4.8424030E-01	  5.8920100E-02
pp400	2841.006713	1445.964897	1	  1.3006000E-02	  2.5012070E-01	  6.4938390E-01	  4.1066200E-02
pp401	2591.892103	1329.711413	1	  1.4895400E-02	  1.7388870E-01	  7.1695140E-01	  3.9507500E-02
pp402	2243.131649	1927.586477	1	  1.9610500E-02	  1.2179530E-01	  7.7706530E-01	  2.9035400E-02
pp403	1794.725351	1894.371195	1	  3.5272600E-02	  5.7084000E-02	  7.4370300E-01	  2.7624800E-02
pp404	914.5203961	2126.878165	1	  8.8411100E-02	  9.2066000E-03	  6.2535170E-01	  1.6409800E-02
pp405	1047.381521	2176.701087	1	  7.9148600E-02	  1.2349800E-02	  6.3484980E-01	  1.7712700E-02
pp406	1412.749616	1994.017039	1	  5.6586300E-02	  2.6481200E-02	  6.7507050E-01	  2.3513000E-02
pp407	3073.513683	515.9370202	1	  1.0460200E-02	  1.3609520E-01	  4.7448170E-01	  4.7978400E-02
pp408	2093.662883	665.4057862	1	  2.5328300E-02	  4.5606000E-02	  6.3424050E-01	  3.7083000E-02
pp409	2093.662883	864.6974742	1	  2.5972900E-02	  5.7544300E-02	  6.8453120E-01	  3.8015200E-02
pp410	2874.221995	715.2287082	1	  1.1929300E-02	  1.4367280E-01	  5.5747100E-01	  4.5222000E-02
pp411	3754.42695	682.0134268	1	  9.3670000E-03	  2.7470630E-01	  3.0794550E-01	  9.0800600E-02
pp412	3721.211669	-65.33040315	1	  6.1202000E-03	  7.9893200E-02	  1.8790810E-01	  5.8446700E-02
pp413	3322.628293	333.2529728	1	  9.1148000E-03	  1.2813270E-01	  3.7385970E-01	  5.3523600E-02
pp414	3222.982449	183.7842068	1	  8.6632000E-03	  9.2282300E-02	  3.6464080E-01	  4.6221300E-02
pp415	4368.909655	216.9994882	1	  3.6894000E-03	  1.5666620E-01	  1.0011310E-01	  1.0955790E-01
pp416	4534.986061	582.3675828	1	  3.6478000E-03	  2.7225520E-01	  1.2007710E-01	  1.4176770E-01
pp417	4734.277749	914.5203961	1	  3.7188000E-03	  3.9584880E-01	  1.4184330E-01	  1.6393890E-01
pp418	4916.961797	449.5064575	1	  2.9525000E-03	  2.0245630E-01	  9.4991500E-02	  1.2937930E-01
pp419	5697.520908	283.4300508	1	  8.5186000E-03	  9.7250200E-02	  1.4852290E-01	  8.1277400E-02
pp420	5448.406298	748.4439895	1	  7.5258000E-03	  2.1810110E-01	  1.7565990E-01	  1.2010370E-01
pp421	5166.076407	980.9509588	1	  5.6766000E-03	  3.4152800E-01	  1.7325590E-01	  1.4793380E-01
pp422	5481.621579	798.2669115	1	  8.1097000E-03	  2.2453480E-01	  1.8606210E-01	  1.2032890E-01
pp423	5481.621579	1346.319053	1	  1.0010100E-02	  3.5406400E-01	  2.5434930E-01	  1.3620200E-01
pp424	4867.138875	1628.648945	1	  6.1999000E-03	  6.5237030E-01	  2.0076240E-01	  1.7885920E-01
pp425	5415.191017	2010.62468	1	  1.1353000E-02	  4.1837760E-01	  2.7804220E-01	  1.3459250E-01
pp426	5680.913267	1595.433663	1	  1.2870600E-02	  3.2288260E-01	  2.9414030E-01	  1.2520000E-01
pp427	5763.951471	1628.648945	1	  1.3967600E-02	  2.9815410E-01	  3.0139900E-01	  1.2065160E-01
pp428	5249.11461	1811.332992	1	  9.6626000E-03	  5.0238560E-01	  2.5598450E-01	  1.4994540E-01
pp429	4983.392359	2110.270524	1	  9.2010000E-03	  5.7991500E-01	  2.1328400E-01	  1.5893950E-01
pp430	5548.052142	2459.030978	1	  1.2296100E-02	  2.7913350E-01	  2.7686010E-01	  1.1382980E-01
pp431	6145.927206	2874.221995	1	  1.3499800E-02	  1.0104900E-01	  2.8228240E-01	  8.9690100E-02
pp432	6179.142487	3322.628293	1	  1.0140400E-02	  6.5885000E-02	  3.3760870E-01	  7.8302200E-02
pp433	6610.941145	3953.718638	1	  8.0356000E-03	  1.0650100E-01	  4.1134810E-01	  6.8236000E-02
pp434	6777.017551	4368.909655	1	  6.2550000E-03	  1.6728610E-01	  4.4999680E-01	  6.6992000E-02
pp435	6444.864738	4219.440889	1	  5.6432000E-03	  1.2397150E-01	  4.5857630E-01	  6.1692800E-02
pp436	6312.003613	3787.642231	1	  7.4256000E-03	  7.7202500E-02	  4.1489540E-01	  6.7852700E-02
pp437	6212.357769	3687.996387	1	  7.7292000E-03	  6.8205900E-02	  4.0629120E-01	  6.9271800E-02
pp438	7075.955083	3870.680435	1	  1.4567400E-02	  1.1697240E-01	  3.2812540E-01	  7.1002100E-02
pp439	7225.423849	4319.086733	1	  1.0237600E-02	  1.8023960E-01	  3.8440440E-01	  7.4867700E-02
pp440	7624.007225	4119.795045	1	  1.9988000E-02	  1.4891430E-01	  2.8083040E-01	  7.5924900E-02
pp441	8039.198242	4036.756841	1	  3.1165700E-02	  1.2929190E-01	  2.1483610E-01	  7.0374000E-02
pp442	8836.364994	3937.110997	1	  3.9424700E-02	  9.7466800E-02	  1.2720710E-01	  3.0553200E-02
pp443	8554.035103	3555.135262	1	  4.2777900E-02	  8.8407100E-02	  1.6562420E-01	  3.3311900E-02
pp444	8155.451727	3206.374808	1	  4.8116000E-02	  7.5919400E-02	  2.2994810E-01	  3.7806100E-02
pp445	7889.729476	2741.360869	1	  5.6172700E-02	  6.2534600E-02	  3.1961900E-01	  3.3858600E-02
pp446	8072.413523	2558.676822	1	  5.6889100E-02	  6.3432500E-02	  3.5340150E-01	  2.3931600E-02
pp447	7673.830147	1811.332992	1	  6.3153600E-02	  6.7940500E-02	  4.8137080E-01	  2.3766800E-02
pp448	7242.03149	2425.815697	1	  5.4855900E-02	  6.0259300E-02	  3.4617240E-01	  5.5129500E-02
pp449	7956.160039	3189.767167	1	  4.7352300E-02	  7.4114600E-02	  2.4081890E-01	  4.3622900E-02
pp450	7491.1461	3604.958184	1	  2.8441600E-02	  9.5670600E-02	  2.4467320E-01	  6.4955200E-02
pp451	7474.538459	3339.235933	1	  3.5129900E-02	  7.6348400E-02	  2.4337210E-01	  6.0092300E-02
pp452	7540.969022	3156.551886	1	  4.1649500E-02	  6.7991200E-02	  2.5336490E-01	  5.4727500E-02
pp453	7026.132161	3123.336605	1	  2.9681500E-02	  6.3884200E-02	  2.5605620E-01	  6.9681100E-02
pp454	6743.80227	2591.892103	1	  3.2853400E-02	  7.6283600E-02	  2.7141350E-01	  8.0730300E-02
pp455	7208.816209	2459.030978	1	  5.3115000E-02	  6.0360400E-02	  3.3571120E-01	  5.7340900E-02
pp456	6295.395972	2309.562212	1	  2.1506700E-02	  1.4220360E-01	  2.8230990E-01	  9.9064900E-02
pp457	6228.965409	1695.079507	1	  2.3858700E-02	  1.7709890E-01	  3.1418950E-01	  1.0265400E-01
pp458	6461.472379	1279.888491	1	  3.3718500E-02	  1.2164020E-01	  3.1655320E-01	  8.4071600E-02
pp459	5963.243159	499.3293795	1	  1.4257700E-02	  1.0452210E-01	  2.0097170E-01	  7.9024100E-02
pp460	6361.826535	449.5064575	1	  2.2836900E-02	  6.9117300E-02	  2.1759360E-01	  5.7867400E-02
pp461	6262.180691	964.3433181	1	  2.5049000E-02	  1.2467210E-01	  2.8111560E-01	  8.3609200E-02
pp462	6627.548785	831.4821928	1	  3.5945200E-02	  8.0444900E-02	  2.9288490E-01	  5.9075500E-02
pp463	7059.347443	914.5203961	1	  4.7867000E-02	  6.6804400E-02	  3.3501020E-01	  3.7008000E-02
pp464	7225.423849	1246.673209	1	  5.7275800E-02	  7.1979500E-02	  4.1835250E-01	  3.5390200E-02
pp465	7358.284975	682.0134268	1	  4.3436500E-02	  5.6196400E-02	  2.7318210E-01	  1.9186100E-02
pp466	7391.500256	300.0376915	1	  3.3184300E-02	  4.2775700E-02	  1.7686150E-01	  1.2930100E-02
pp467	7756.868351	316.6453322	1	  3.0779600E-02	  4.3560400E-02	  1.5663110E-01	  5.9201000E-03
pp468	7756.868351	1014.16624	1	  4.8089600E-02	  6.4247900E-02	  3.3326290E-01	  1.1323800E-02
pp469	7424.715537	2143.485805	1	  6.3388300E-02	  6.2941700E-02	  4.2990300E-01	  4.0816500E-02
pp470	8039.198242	2160.093446	1	  5.8147400E-02	  6.4874200E-02	  4.2459990E-01	  1.7516800E-02
pp471	6295.395972	2060.447602	1	  2.3713500E-02	  1.5766540E-01	  2.9795530E-01	  1.0136930E-01
pp472	6793.625192	200.3918475	1	  2.7022400E-02	  4.0437100E-02	  1.7552920E-01	  3.0392000E-02
pp473	1379.534335	731.8363488	1	  6.1189500E-02	  1.1228400E-02	  5.7171100E-01	  2.8817400E-02
pp474	1379.534335	1263.28085	1	  6.4269400E-02	  1.9187200E-02	  6.4768910E-01	  2.9355900E-02
pp475	2186.468586	4223.414406	1	  8.1024200E-02	  1.5927550E-01	  5.5188430E-01	  8.1729000E-03
pp476	2542.934104	4554.418102	1	  8.4533200E-02	  1.8862670E-01	  4.8155020E-01	  8.5468000E-03
pp477	3421.366989	4452.570811	1	  3.8514900E-02	  1.7877350E-01	  4.3071620E-01	  1.2812000E-02
pp478	4401.647165	4337.992608	1	  2.2354600E-02	  1.1826470E-01	  2.3863250E-01	  3.1284300E-02
pp479	4668.996304	4605.341747	1	  1.6640000E-02	  9.5358000E-02	  2.1823130E-01	  2.5654300E-02
pp480	5280.08005	4299.799874	1	  1.0997100E-02	  6.8322700E-02	  4.5108320E-01	  4.1215300E-02
pp481	5687.469214	3917.872533	1	  8.4469000E-03	  6.1145100E-02	  4.8194950E-01	  5.7604000E-02
pp482	5789.316505	3739.639774	1	  8.4006000E-03	  5.9366200E-02	  4.5214230E-01	  6.4206400E-02
pp483	6655.018479	4401.647165	1	  5.6288000E-03	  1.6155710E-01	  4.5849820E-01	  6.4249300E-02
pp484	6082.127467	4783.574507	1	  4.2073000E-03	  1.2648850E-01	  4.1125310E-01	  4.3757500E-02
pp485	5700.200126	5089.11638	1	  3.9881000E-03	  8.5163600E-02	  3.2256250E-01	  2.9483100E-02
pp486	5916.625619	5496.505544	1	  4.7245000E-03	  7.3252000E-02	  3.4657720E-01	  3.3123900E-02
pp487	5471.043721	5725.661948	1	  4.1360000E-03	  3.8197000E-02	  2.4191640E-01	  1.9740700E-02
pp488	5381.927341	5241.887316	1	  4.4602000E-03	  6.1891600E-02	  2.2853270E-01	  2.0272900E-02
pp489	4758.112684	5369.19643	1	  7.5237000E-03	  5.5461000E-02	  1.0111420E-01	  1.2317300E-02
pp490	4057.912558	5662.007392	1	  1.2161500E-02	  6.1750100E-02	  1.1342800E-01	  9.6566000E-03
pp491	3561.407014	5432.850987	1	  2.6855600E-02	  1.0777150E-01	  2.1662520E-01	  1.0316900E-02
pp492	4287.068963	5241.887316	1	  1.3334000E-02	  8.6776400E-02	  9.8364300E-02	  1.1734800E-02
pp493	4134.298026	5458.31281	1	  1.2955100E-02	  7.6730000E-02	  1.0690760E-01	  1.0209100E-02
pp494	3204.941496	5432.850987	1	  4.4147700E-02	  1.2109600E-01	  2.6676990E-01	  1.0331900E-02
pp495	2084.621295	5623.814657	1	  1.1266400E-01	  1.0185540E-01	  3.6501950E-01	  1.2656300E-02
pp496	1231.650232	5763.854683	1	  9.9935400E-02	  5.2137900E-02	  4.6588630E-01	  1.1712300E-02
pp497	1078.879296	5891.163796	1	  9.1062500E-02	  3.9583100E-02	  4.4368910E-01	  1.1628900E-02
pp498	7100.600377	4185.221672	1	  1.0363400E-02	  1.5814540E-01	  3.8430570E-01	  7.2176000E-02
pp499	6145.782024	4834.498152	1	  4.2596000E-03	  1.3262180E-01	  4.0904940E-01	  4.4781000E-02
pp500	6820.520327	5432.850987	1	  5.7686000E-03	  1.4609920E-01	  4.1910750E-01	  6.6927900E-02
pp501	6909.636707	4961.807266	1	  4.9196000E-03	  2.1785760E-01	  4.3097620E-01	  6.8791500E-02
pp502	6731.403947	4719.91995	1	  5.0088000E-03	  1.9749920E-01	  4.4801890E-01	  6.3797900E-02
pp503	7329.756782	4936.345443	1	  6.6267000E-03	  2.4676740E-01	  4.0899570E-01	  8.3569100E-02
pp504	7571.644098	5254.618228	1	  9.4283000E-03	  1.9176390E-01	  3.7559060E-01	  9.8991600E-02
pp505	7991.764174	5267.349139	1	  2.3564900E-02	  1.7751080E-01	  3.4069740E-01	  1.2201000E-01
pp506	7673.491389	4809.036329	1	  1.2895900E-02	  2.1784290E-01	  3.5174180E-01	  9.4632900E-02
pp507	8284.575135	4694.458127	1	  3.2898000E-02	  1.6379470E-01	  2.4654120E-01	  9.0629200E-02
pp508	8742.887945	5114.578202	1	  5.6048500E-02	  1.5341720E-01	  2.1836360E-01	  7.1038200E-02
pp509	8322.767869	5369.19643	1	  4.2672900E-02	  1.6764910E-01	  3.0224640E-01	  1.1839500E-01
pp510	8271.844224	5534.698278	1	  4.2795400E-02	  1.6174360E-01	  3.1765500E-01	  1.2433710E-01
pp511	8551.924274	4439.839899	1	  3.9568300E-02	  1.3572160E-01	  1.8488620E-01	  6.3186300E-02
pp512	8080.880553	4427.108988	1	  2.7216400E-02	  1.6009320E-01	  2.4699270E-01	  8.5552800E-02
pp513	7355.218605	4618.072659	1	  8.8088000E-03	  2.2326800E-01	  3.9611380E-01	  8.0841800E-02
pp514	7864.45506	4579.879925	1	  1.9548000E-02	  1.8618530E-01	  2.9738030E-01	  9.2395100E-02
pp515	6285.822049	4197.952583	1	  5.3644000E-03	  1.0964640E-01	  4.6376030E-01	  5.8714700E-02
pp516	5878.432885	4261.60714	1	  5.7491000E-03	  8.6441200E-02	  4.7367610E-01	  4.9654800E-02
pp517	5674.738303	4809.036329	1	  4.6982000E-03	  9.1792000E-02	  3.6726460E-01	  3.3156600E-02
pp518	1855.601646	7858.543958	1	  3.2182300E-02	  3.0199000E-03	  2.1714010E-01	  5.3143300E-02
pp519	2332.025639	7591.746522	1	  5.0830800E-02	  3.5399000E-03	  4.3304540E-01	  4.1643100E-02
pp520	2732.221794	7572.689562	1	  5.4030600E-02	  3.1083000E-03	  4.9884190E-01	  3.1744800E-02
pp521	2655.993955	8373.08187	1	  4.1084500E-02	  2.8218000E-03	  4.7394050E-01	  3.9883600E-02
pp522	3570.728021	8163.455313	1	  3.7314000E-02	  1.9686000E-03	  4.8227730E-01	  1.6989900E-02
pp523	4294.89249	8049.113555	1	  2.5791600E-02	  1.5705000E-03	  3.8884190E-01	  1.7728000E-02
