  2205     1     2
  -180.8876    
  -49.23699    
  -16.56636    
  -7.638455    
  -6.864787    
  -7.902448    
  -6.370492    
  -7.684468    
  -8.450462    
  -20.00796    
  -24.61920    
  -1.940314    
  -115.8296    
  -59.25319    
  -20.47157    
  -4.528405    
  -26.22647    
  -12.41092    
  -6.606887    
  -9.830507    
  -14.03660    
  -20.70791    
  -13.41794    
   18.15056    
   19.30485    
   10.45067    
   6.642210    
   5.096375    
   3.185245    
   1.668604    
  0.3331074    
  -4.522282    
  -7.570911    
  -7.882508    
  -7.991493    
  -8.131182    
  -8.355308    
  -8.646949    
  -9.007735    
  -9.491254    
  -10.08994    
  -10.70549    
  -11.18135    
  -11.62348    
  -12.13462    
  -12.25742    
  -8.372219    
  -4.949035    
  -11.11226    
  -17.26174    
  -16.34218    
  -14.00582    
  -11.63113    
  -8.046791    
  -4.175368    
  -2.558943    
  -4.935201    
  -7.311468    
  -6.921560    
  -5.985175    
  -5.062612    
  -4.284355    
  -3.648822    
  -3.133047    
  -2.726260    
  -2.411576    
  -2.165969    
  -1.961808    
  -1.806757    
  -1.690094    
  -1.561151    
 -0.9241033    
  -9.469735    
  -15.84178    
  -16.53558    
  -16.86878    
  -17.33536    
  -18.08145    
  -19.06851    
  -20.21978    
  -21.60128    
  -23.36055    
  -24.97693    
  -25.65081    
  -26.07607    
  -27.13676    
  -28.57346    
  -30.42632    
  -32.00282    
  -32.40044    
  -31.38117    
  -29.42558    
  -26.90960    
  -24.21550    
  -21.63507    
  -19.93423    
  -19.03629    
  -17.98012    
  -16.15494    
  -13.94756    
  -11.95961    
  -10.32783    
  -9.041458    
  -7.996085    
  -7.116515    
  -6.384288    
  -5.785642    
  -5.303616    
  -4.919867    
  -4.620512    
  -4.385661    
  -4.095519    
  -2.428460    
  -5.374229    
  -4.743326    
  -2.885908    
  -8.301585    
  -7.540196    
  -35.30782    
  -27.42536    
  -22.72189    
  -5.917643    
  -2.050834    
  -5.604493    
  -8.267817    
  -14.93457    
  -12.45085    
  -13.07408    
  -6.656009    
  -1.892725    
  -1.152827    
  -3.116166    
 -0.7322216    
  -1.507426    
  -3.800798    
  8.2893017E-02
  3.2236213E-02
   1.327825    
  0.5602959    
 -0.3699484    
   2.331751    
   1.080680    
  0.7491076    
  0.7398971    
  0.9809013    
   1.181994    
  0.8120454    
   1.214230    
   1.799086    
   1.099101    
  0.8151152    
  0.8258602    
   1.574968    
   4.256713    
   15.83565    
   1.287912    
   12.04713    
   4.462408    
  0.5418753    
   9.526566    
   2.517493    
  7.6752792E-03
   13.43635    
   20.00481    
   25.88100    
   3.569009    
   3.469226    
   4.342674    
   5.062614    
  -5.931462    
  -3.914394    
   1.639441    
 -0.6032771    
  -2.790733    
  -1.673213    
  -1.013138    
 -0.3100814    
  0.1212695    
  0.2363987    
 -0.8826581    
  -4.040270    
  -7.182524    
  -14.60912    
  -6.992183    
  -15.24772    
  -1.145152    
 -0.7076611    
  -1.409182    
 -0.7859493    
  -23.24845    
  -13.95061    
  -2.056976    
  0.6723546    
   1.271027    
   2.543588    
   1.783736    
  0.7245465    
  0.7721340    
   1.264887    
  0.7475727    
   1.487469    
   13.95367    
   7.329893    
   32.78266    
   2.574290    
  -3.725581    
   9.417571    
 -0.6754245    
  0.3315722    
  0.7091963    
  0.3453880    
   2.519028    
   1.266422    
   1.450628    
  -15.02667    
  -1.298659    
  -1.702378    
  -7.679894    
 -0.4789375    
  -5.110206    
  0.9041483    
   31.32745    
  -88.73398    
  -260.6064    
  -73.79633    
  -37.14837    
  -60.03300    
   61.53276    
  -75.88858    
  -44.40305    
   70.13980    
   45.83219    
   27.08301    
  -131.3840    
  -344.7613    
  -195.1809    
  -266.7636    
   5.495501    
  -6.901612    
   6.668288    
   28.38320    
  -18.02311    
  -29.73712    
  -26.02228    
  -40.86627    
  -87.66706    
  -68.10430    
   13.97977    
   6.461052    
   5.690455    
   5.378838    
   30.47849    
  -39.22225    
  -12.74711    
  -4.526883    
  -6.038914    
  -8.278556    
  -17.68385    
  -31.47173    
  -45.95043    
  -44.58424    
  -39.96364    
  -30.92680    
  -28.69939    
  -26.49813    
  -14.42647    
  -6.622239    
  -1.419928    
  -20.92127    
  -44.86508    
  -8.114316    
  -18.62024    
  -1.706984    
  0.1688562    
   2.287236    
  -7.822653    
  -3.449271    
   2.967266    
  -19.75772    
  -12.38330    
  -4.161537    
  -1.303264    
  -12.36794    
  -6.023561    
  -61.07834    
  -36.78305    
  -46.19755    
  -42.53798    
  -19.10992    
  -2.838322    
  -23.19009    
  -13.31814    
  -9.976330    
  -9.489726    
  -4.863059    
  -1.197344    
  -4.164610    
  -3.318793    
  -3.268136    
  -12.55369    
  -5.713480    
  -6.695917    
  -7.801155    
  -11.73858    
  -12.09010    
  -15.66678    
  -9.449813    
  -5.432568    
  -3.535237    
  -3.472297    
  -19.77460    
  -37.66569    
  -17.13890    
  -84.04438    
  -8.802014    
   2.141404    
   2.646436    
   2.483721    
  -8.177252    
  -3.808474    
  -6.850950    
  -4.517674    
  -3.160684    
  -4.420960    
  -1.432209    
  -3.128447    
  -3.615058    
  -7.540199    
  -8.470444    
  -13.33964    
  -15.00978    
  -15.79881    
  -9.930286    
  -21.80547    
  -27.50517    
  -50.20402    
  -30.52002    
  -26.58255    
  -25.22711    
  -6.430356    
  -7.874844    
  0.7659932    
 -0.9440603    
   7.971554    
   3.605849    
  0.8442816    
   5.776417    
  0.5050333    
   19.51212    
  -6.877050    
  -4.777093    
  -8.183383    
  -7.148763    
 -0.4467013    
  -1.964873    
  -4.827756    
  -6.884734    
  -7.171787    
  -14.79028    
  -10.33707    
  -10.33401    
  -3.731724    
  -1.493611    
  -3.768565    
  6.1402260E-02
  0.5879268    
   1.544266    
   1.759174    
   1.550407    
 -0.8227908    
   1.218834    
   2.030879    
   3.440064    
   1.481331    
   2.159825    
   1.346246    
  0.3515279    
  0.2333287    
  0.2717050    
  0.3146867    
   2.241183    
   31.66669    
   1.257211    
   1.502820    
  0.9747610    
   1.254141    
  0.8151147    
   7.471118    
   2.787664    
  0.6324434    
   5.199235    
   1.857418    
  0.7030557    
   2.803014    
  0.5909970    
  0.4727974    
  0.3914395    
  0.4190707    
 -0.1258747    
  -1.845137    
  5.9867234E-02
  0.3991147    
  0.3423178    
  0.6462590    
  0.8197201    
 -0.5173144    
 -0.3991145    
  -2.038557    
  0.4006499    
  0.7552481    
  0.3960444    
  0.2379337    
  0.3653434    
  0.4267456    
   1.248002    
  0.8887973    
   1.201949    
   3.308048    
   2.061581    
   1.743824    
  -20.46843    
  -33.84493    
  -35.36617    
  -60.66851    
  -131.0616    
  -21.35572    
  -18.15664    
  -43.01234    
  -55.05325    
  -44.38767    
  -14.15323    
  -11.35327    
  -11.50832    
  -6.510176    
  -6.586927    
  -1.696237    
  -1.851279    
 -0.2425388    
  -34.92867    
  -33.08051    
  -18.89346    
  -61.93947    
  -29.52986    
  -55.09008    
  -32.78264    
  -24.59928    
  -34.21953    
  -33.64228    
  -34.89795    
  -11.82915    
  -11.66182    
  -18.26718    
  -16.21633    
  -3.252786    
  -12.61509    
  -3.417039    
  -4.324256    
  -1.290983    
  -1.016207    
  -1.341640    
 -0.9148938    
  -2.741612    
  -9.317799    
  -31.73726    
  -14.12868    
  -8.891037    
  -35.50888    
  -41.52481    
  -13.32276    
  -28.87444    
  -21.71341    
  -14.61527    
  -30.01654    
  -18.98560    
  -19.67635    
  -15.42887    
  -16.75516    
  -16.97618    
  -6.407326    
  -3.042482    
  -2.488326    
  -6.273777    
  -1.131336    
  -1.214230    
  -2.813760    
 -0.7445022    
 -0.6861704    
  -1.482865    
  -3.742467    
 -0.5050334    
  -6.476408    
 -0.7337575    
  -1.665536    
  0.2026276    
  -2.096888    
  -1.343175    
 -0.3776242    
 -0.6616093    
 -0.2363987    
 -0.8611663    
 -0.2609597    
 -0.2732401    
 -0.5971371    
  0.2440740    
 -0.2701698    
 -0.6953805    
  -3.441599    
 -0.3377125    
  -3.938956    
  -8.694558    
 -0.2164429    
 -0.5863914    
 -0.9747609    
  -1.650186    
 -0.7061267    
  -4.961305    
  -9.115167    
  -8.877235    
  -8.580964    
 -0.1550407    
  -2.080001    
  -3.515281    
 -0.6324436    
  0.2225833    
  0.2594247    
  8.2893023E-02
 -8.5963129E-02
  0.7030562    
  0.6063477    
  0.3592033    
  0.5956018    
   3.126910    
  0.7045911    
  0.4789374    
  0.9179644    
  0.9870413    
  0.1427602    
  0.3377123    
  0.6723550    
   1.281773    
  0.3192916    
 -8.9033332E-02
  0.6892405    
   2.050835    
   1.860489    
   2.245789    
  0.6585391    
  0.5787167    
   1.373876    
   1.160502    
   1.627160    
  0.9548049    
  0.9885767    
   1.102170    
   4.483899    
   7.865627    
   4.844636    
   2.844459    
   5.572255    
   1.320150    
   1.994040    
   1.613344    
   1.267956    
  0.9471299    
   1.181994    
   1.878910    
   2.819899    
   1.932635    
   1.963337    
   2.713979    
   4.965908    
   3.704091    
   7.204023    
   29.87834    
   6.411930    
   2.290304    
  0.9256386    
  0.2978011    
  0.2686351    
   1.472118    
   1.786805    
   3.168357    
   4.692666    
   2.185921    
   3.570544    
  -11.05701    
  -9.497387    
  -19.48600    
  -15.76503    
  -17.13584    
  -7.004467    
 -0.2947308    
 -0.4789377    
 -1.6885616E-02
  0.1949521    
  0.2778454    
   0.000000    
  0.1719265    
   1.429138    
 -0.1228045    
 -0.1105241    
 -0.2317935    
 -0.2548193    
 -0.9578758    
 -6.2937306E-02
 -8.7498222E-02
  -3.719444    
  -66.19168    
  -28.88979    
  -2.235042    
  0.8442815    
   0.000000    
  0.1918822    
  0.1059189    
  0.1366201    
  0.1105241    
  8.9033254E-02
  1.0745396E-02
  7.6752791E-02
  4.2981572E-02
  0.7153364    
  0.1734613    
  0.1028488    
  0.7460379    
  0.2655647    
   1.008532    
  0.2056976    
  0.2210481    
   0.000000    
   0.000000    
  -12.22980    
  -12.70106    
  -10.36163    
  -5.299013    
  -5.314368    
  -4.273597    
 -4.7586688E-02
 -4.4516529E-02
 -4.4516776E-02
 -4.4516552E-02
 -0.5756461    
  -2.598850    
  -2.192062    
  -3.739397    
  -3.578216    
 -0.5111741    
  -1.823642    
  -27.34550    
  -14.02733    
  -1.499749    
  -6.649866    
 -0.5034979    
 -6.1402344E-03
 -3.2236173E-02
 -4.6051711E-02
 -1.5350589E-03
 -9.2103432E-02
 -0.3392477    
 -1.6885614E-02
 -3.2236273E-02
  8.7497985E-02
  5.2191822E-02
 -4.2981630E-02
   1.822114    
  0.1458307    
  2.4560947E-02
 -1.9955697E-02
 -1.0745423E-02
  3.0701171E-02
  2.3025813E-02
  0.4958244    
  7.6752691E-02
  5.3726906E-02
  0.1473656    
 -2.7631062E-02
  0.8734457    
   3.697951    
   14.08260    
  0.5618298    
   9.990149    
  6.9077518E-02
  5.3727042E-02
   5.417204    
  0.5142446    
  3.0701174E-02
   3.843774    
   3.714845    
   6.333641    
 -0.2747754    
  0.2348642    
 -0.5127081    
 -0.7091945    
 -0.9885762    
 -0.4789387    
 -0.7460365    
 -2.1490767E-02
 -1.6885601E-02
  0.1458304    
  8.9033155E-02
  4.2981535E-02
  1.3815491E-02
  1.5350568E-03
  7.2147537E-02
 -7.0612629E-02
 -0.1611811    
 -0.6769600    
 -0.2701700    
 -0.7414323    
  1.5350542E-03
 -2.7631014E-02
  4.9121704E-02
  5.2192046E-02
  -1.585714    
 -0.4988948    
 -8.7498459E-02
 -6.1402311E-03
 -7.9822774E-02
  0.2578902    
  0.8304650    
  0.5971369    
   4.172288    
  5.6797155E-02
  6.9077606E-02
  0.1258749    
   12.56600    
   6.566973    
   5.824015    
   2.158294    
 -0.7997641    
  -1.315546    
 -0.2379344    
  1.0745424E-02
  6.1402381E-03
 -7.6753001E-03
  0.1166644    
  7.9823077E-02
  8.4428190E-02
  -6.060406    
  2.3025846E-02
 -4.9121719E-02
 -0.4451666    
  3.8376399E-02
  -17.09129    
  -12.59054    
   12.65805    
  -42.15574    
  -28.79000    
  -9.052215    
  -15.93079    
  -29.43323    
   17.68384    
  -45.83363    
  -53.34182    
   34.97465    
   19.52128    
   26.75303    
  -24.80493    
  -89.38629    
  -6.152489    
  -3.538304    
  5.2191929E-02
 -0.4344203    
  3.2236231E-02
   4.691124    
  -3.816140    
  -7.128824    
  -5.222276    
  -42.00366    
  -25.16424    
  -16.30234    
   2.925824    
   3.398622    
   2.991822    
   3.621191    
   9.558805    
  -5.668973    
  0.1473652    
  0.1320145    
 -0.9486622    
 -0.7951604    
 -0.9947164    
 -0.6508641    
  -1.731544    
  -1.728473    
 -0.7920891    
  -2.776917    
  -2.196667    
  -1.662467    
  -2.055441    
  -3.351020    
  -5.226878    
 -0.2916607    
  -3.113095    
 -9.6708552E-02
 -0.2271884    
  -1.406112    
  4.2981532E-02
  0.1013137    
 -0.1105240    
 -1.9955762E-02
  0.2517493    
 -0.4988938    
 -0.5480138    
 -0.3684139    
 -0.3039414    
 -2.4560844E-02
  -4.219864    
  -4.381056    
  -4.117025    
  -16.58014    
  -25.75669    
  -4.655840    
  -5.489357    
  -9.256389    
 -0.2103032    
 -5.3727019E-02
 -1.3815502E-02
  3.6841448E-02
 -0.8811236    
  1.5350584E-03
  5.3726879E-02
 -5.2192052E-02
 -0.1350848    
 -0.1166646    
 -7.9822875E-02
 -9.3638370E-02
 -0.1473652    
 -0.1550407    
 -0.1596464    
 -0.1366202    
 -0.1703914    
 -0.1289446    
  0.1918823    
 -0.1427602    
  -10.12217    
 -0.7398961    
   6.114121    
 -0.4605163    
  8.9033159E-02
 -3.8376497E-02
  0.1550406    
 -0.6048123    
 -0.1796017    
 -0.5863919    
 -0.1151293    
 -0.2179782    
 -0.2947318    
 -4.9121944E-02
 -0.1289446    
 -0.1135941    
 -0.1780668    
 -0.6784942    
 -0.1212695    
 -0.2855209    
 -0.6831000    
 -0.9348512    
 -0.4881479    
 -0.8120448    
  -3.487648    
 -0.4942884    
  -1.264887    
 -0.3392475    
 -3.2236182E-02
 -4.4516524E-02
 -0.4451675    
 -0.6646806    
  -1.547336    
 -0.5664342    
 -0.1657863    
 -0.6999842    
  0.2379337    
  -1.785265    
  -1.266423    
 -0.4359573    
  -1.596454    
 -0.6109518    
 -4.6051793E-02
 -7.2147617E-02
 -0.1381549    
 -0.7890192    
 -0.1074538    
 -0.1504358    
 -8.1357944E-02
 -0.1028489    
 -5.2191810E-02
 -2.6095982E-02
 -5.8332156E-02
  7.2147766E-02
  7.3682681E-02
  0.1228046    
  0.1228044    
  0.1181990    
  6.6007582E-02
  0.1028487    
  8.2893193E-02
   1.135942    
   1.716193    
  0.2486790    
  0.1918820    
  0.3883695    
  7.3682647E-02
  1.5350570E-02
  0.2548199    
   2.552796    
   5.475551    
  0.8442797    
   1.071469    
  0.4789378    
  0.8304659    
  0.2824507    
   6.481021    
   1.849745    
  0.2686345    
   4.333468    
   1.198882    
  0.1381548    
   1.878912    
  0.1934173    
  7.3682852E-02
  1.2280454E-02
 -6.1402394E-03
 -1.3815533E-02
 -9.5173433E-02
 -3.0701191E-03
  6.1402421E-03
  6.1402255E-03
  0.3146860    
  0.3791593    
 -4.1446616E-02
 -4.7586847E-02
 -0.1412252    
 -7.6752698E-03
 -4.6051689E-03
  1.3815473E-02
  1.5350572E-02
  7.6752921E-03
 -7.6752736E-03
  9.8243364E-02
  6.4472419E-02
  5.3726928E-02
  0.1105243    
  8.7498112E-02
  7.2147827E-02
 -0.2440741    
  -2.165965    
  -2.496003    
  -20.68182    
  -45.09076    
 -0.6754249    
   1.002392    
  -2.511352    
  -23.32673    
  -26.68389    
  -1.435278    
  -6.857100    
  -11.57281    
  -5.900760    
  -9.690823    
  -3.610446    
  -11.20282    
  -13.91221    
  -46.32034    
  -4.097065    
  -3.559797    
  -20.94586    
  -2.454556    
  -2.881301    
  -4.000358    
  -2.371662    
  0.5986719    
  -5.097921    
  -15.23697    
  -14.45409    
  -6.364345    
  -16.78124    
  -11.00484    
 -0.7859505    
  -3.111554    
 -5.5262001E-02
 -0.4758669    
 -0.1074538    
 -0.1151293    
 -0.1519708    
 -0.7905550    
 -0.1151292    
 -0.4282807    
  -2.598852    
  -1.404577    
 -0.8550265    
  -2.463766    
  -3.211338    
  -1.123661    
  -2.119914    
  -1.356990    
 -0.8611671    
  -2.109167    
 -0.9225688    
 -0.9072186    
  -1.743825    
 -0.7352920    
 -0.7245466    
 -0.2686345    
 -0.1350849    
 -7.5217617E-02
 -0.1396901    
  4.6051690E-03
  9.2103205E-03
 -8.4428356E-02
  9.8243530E-02
  5.5262117E-02
 -2.1490823E-02
 -0.2778453    
  -1.307870    
  -3.375586    
 -7.6752703E-02
 -4.6051693E-02
  4.2981672E-02
 -7.2147780E-02
 -8.5963210E-02
  4.6051693E-03
  7.6752721E-03
  3.0701078E-03
 -1.9955763E-02
  1.8420707E-02
  3.3771222E-02
  7.9822950E-02
  4.6051693E-03
  8.7498363E-02
  1.3815488E-02
 -3.8376435E-02
  3.0701119E-03
 -9.0568217E-02
  -2.020137    
  1.8420699E-02
  2.7630979E-02
  5.9867129E-02
 -7.6752759E-03
 -3.0701073E-03
  7.8288093E-02
 -0.6692848    
 -0.5894616    
 -0.3008711    
  1.5350599E-03
 -9.6708376E-02
 -0.1427606    
 -1.2280457E-02
  6.1402176E-03
   0.000000    
  3.0701196E-03
 -6.1402397E-03
 -2.4560878E-02
 -3.9911475E-02
 -5.8332190E-02
 -6.2937268E-02
 -0.2793804    
 -4.4516695E-02
 -5.5262008E-02
 -3.6841328E-02
 -1.2280449E-02
  4.6051779E-03
  2.1490770E-02
  7.6752775E-03
  1.8420681E-02
  1.0745391E-02
  1.5350562E-02
  4.9121891E-02
  0.1166645    
  0.1151293    
  0.1197343    
   1.142084    
  0.5342003    
  8.9033166E-02
  7.8287851E-02
  0.1074541    
  0.2855205    
  8.5963218E-02
  0.5925311    
   4.916780    
   6.752710    
   3.834564    
   1.634835    
   5.725757    
   4.824679    
 -0.1903473    
  0.7675285    
  0.2624943    
  0.1688560    
  0.1473654    
  0.1013137    
  1.5350582E-03
 -3.0701178E-03
  4.4516712E-02
 -1.5350550E-02
 -0.3684129    
 -0.3008708    
  -1.387691    
 -0.2717049    
 -0.9670879    
  0.8918680    
   1.630231    
   2.870563    
   3.073177    
   5.179297    
   6.388916    
  0.3085465    
   8.419772    
  6.1402337E-03
 -0.2056977    
 -0.4267459    
 -0.3960440    
  -38.64813    
  -43.15498    
  -16.16105    
  -25.75974    
  -9.092143    
  -10.78529    
  0.3668782    
  7.3682614E-02
   2.743148    
   20.44852    
   1.086822    
   2.092286    
 -0.1842068    
  -19.26498    
  -10.95262    
  -3.607387    
  -11.28111    
  -16.58780    
  -17.21564    
  -8.071314    
  -61.17661    
  -8.659254    
   12.04559    
  0.1274097    
   7.973091    
   1.267958    
   10.85746    
   7.454244    
   8.531840    
   1.234184    
   1.257210    
   4.420966    
   2.538985    
   5.363480    
  0.7445029    
  0.1857417    
   1.545800    
  0.5618316    
   2.509815    
  0.5572263    
  0.7936238    
   8.229436    
   10.57346    
 -0.1166643    
 -0.1335500    
 -7.5217774E-02
 -0.1120595    
 -0.3377134    
 -0.1780666    
  -15.07120    
  -14.75344    
  -8.978548    
  -23.07037    
  -52.08293    
  -116.2987    
  -85.08204    
  -83.19547    
  -44.64251    
  -21.67807    
  -25.80122    
  -19.01628    
  -12.44009    
  -18.77530    
  -15.71744    
  -17.38298    
  -8.063657    
  -5.813255    
  -13.52539    
  -3.704094    
  -6.249208    
  -11.33333    
  0.6355132    
  0.2855205    
   16.25010    
   8.814293    
 -0.6692843    
   6.002074    
   11.44692    
   11.26424    
   8.257071    
   10.39541    
   10.94189    
   7.596999    
   7.962343    
   17.05142    
   6.815659    
   3.099281    
   10.18970    
   4.542233    
   6.617630    
   32.87629    
   4.453200    
   6.000538    
   2.161360    
   4.341139    
   1.679353    
  0.8749827    
   1.608740    
   2.133729    
   7.053590    
   6.009743    
   15.83719    
   14.10409    
   17.54724    
   17.70074    
  -14.41572    
  -6.995252    
  -8.617812    
  -27.09067    
  -10.30330    
  -10.40001    
  -5.306695    
  -2.703234    
   1.267957    
   3.341818    
  -5.756463    
  -22.27983    
  -28.48451    
  -45.99182    
  -30.95747    
  -55.36329    
  -9.663179    
  -4.881480    
  -9.016927    
  -3.301907    
  -47.70189    
  -47.90455    
  -12.07015    
   5.831682    
   9.165819    
   15.13105    
   4.763285    
   3.199058    
   5.165467    
   7.842612    
   5.137831    
   9.150474    
   31.30596    
   3.223618    
   28.58737    
   1.622555    
  -7.454237    
   15.05276    
   22.11094    
   2.242717    
   8.137339    
   3.584356    
   16.64614    
   8.519571    
   14.89005    
  -19.66252    
  -4.416354    
  -6.373561    
  -55.10393    
  -2.239646    
  -10.02546    
   29.47156    
   10.47062    
  -126.9678    
  -59.21019    
  -6.789560    
  -5.013492    
  -2.528238    
   41.20400    
   12.45699    
   23.17015    
   29.45466    
   19.55355    
   22.82016    
  -18.96256    
  -92.24463    
  -117.6759    
  -88.77234    
   6.850954    
   18.78757    
   3.123840    
   14.62908    
   2.962660    
  -11.70634    
  -2.862882    
   14.22076    
   1.324754    
  -4.127769    
   1.297123    
  0.9578751    
   1.008532    
   1.317079    
   20.75703    
  -13.46092    
  -21.77477    
  -13.03877    
  -12.40479    
  -15.89860    
  -32.36364    
  -77.51419    
  -133.7634    
  -110.1191    
  -106.9824    
  -70.73084    
  -61.90567    
  -91.39874    
  -62.01172    
  -23.65368    
   1.171249    
  -51.46425    
  -97.19212    
  -26.06217    
  -56.60365    
  -9.198052    
   2.844458    
   16.62160    
  -25.29927    
  -14.22997    
   15.96304    
  -50.71514    
  -28.52904    
  -24.37207    
  -24.06970    
  -19.09303    
  -15.01747    
  -5.974445    
  -11.26885    
  -7.187136    
   3.765495    
  0.2655648    
  -3.146863    
  -1.080680    
  -40.70968    
  -30.76103    
  -28.02863    
  -15.31681    
  -13.70038    
  -16.16875    
  -13.85389    
  -14.88392    
  -22.22917    
  -23.68593    
  -21.58445    
  -24.66682    
  -38.57901    
  -38.72329    
  -49.33515    
  -31.85244    
  -38.25515    
  -21.50923    
  -14.28985    
  -62.99109    
  -64.33269    
  -51.00072    
  -25.80124    
  -10.16054    
   11.91512    
   42.49036    
   15.09729    
  -24.20325    
  -32.13794    
  -36.55121    
  -33.84801    
  -8.135799    
  -10.90044    
  -4.749465    
  -9.089073    
  -10.22809    
  -18.88735    
  -17.95401    
  -34.21793    
  -33.95239    
  -29.25968    
  -17.67616    
  -46.09773    
  -65.55461    
  -117.7974    
  -76.45342    
  -69.07907    
  -70.71394    
  -18.82593    
  -24.04051    
  -3.501467    
  -8.594783    
   6.694388    
   4.437847    
  0.6738897    
   13.60213    
  -1.294052    
   10.35089    
   10.36470    
  -13.76945    
   7.256206    
  -21.70418    
   1.065328    
  -6.028173    
  -15.90472    
  -18.01237    
  -22.51777    
  -46.35722    
  -32.46338    
  -34.05371    
  -14.75956    
  -5.291336    
  -13.76484    
   2.281093    
   4.846176    
   14.02887    
   16.69836    
   12.71181    
  -2.333286    
   9.718442    
   14.21462    
   20.97654    
   17.55030    
   14.62756    
   6.941527    
   5.722690    
   2.703234    
   2.678674    
   1.788341    
   1.335499    
   1.986364    
   2.766170    
   1.644046    
   1.955662    
   2.396224    
   3.852992    
   2.985687    
   3.031737    
   2.460697    
   3.381731    
   5.681244    
   7.572437    
   6.336716    
   3.760889    
   4.069433    
   2.841390    
   3.011780    
 -0.5526206    
  -6.936920    
  0.4190702    
   2.534378    
   2.634158    
   3.378658    
   3.760887    
  -2.586570    
  -1.905005    
  -7.650723    
   3.559796    
   8.880305    
   4.824681    
   2.569684    
   4.508461    
   5.133231    
   16.04595    
   13.48240    
   13.72033    
   20.07547    
   15.32140    
   13.91070    
  -65.91380    
  -91.89453    
  -89.14698    
  -101.4489    
  -165.3302    
  -65.88931    
  -68.16895    
  -144.0388    
  -120.7659    
  -85.04669    
  -57.57073    
  -64.53681    
  -17.26017    
  -6.566973    
  -4.654287    
  0.2624947    
   3.822294    
   8.252471    
  -63.76474    
  -96.37394    
  -53.95574    
  -65.60372    
  -112.7114    
  -143.0641    
  -149.9952    
  -113.8152    
  -111.3992    
  -96.89581    
  -73.81630    
  -25.91021    
  -45.67867    
  -33.62696    
  -23.48942    
  -15.41656    
  -18.44986    
  -10.79604    
  -12.60896    
  -9.096738    
  -4.310441    
 -0.4651223    
  -15.93695    
  -20.54674    
  -56.27211    
  -103.2693    
  -64.85004    
  -44.12824    
  -83.62208    
  -103.4290    
  -56.91837    
  -88.22907    
  -62.20965    
  -46.82998    
  -70.55746    
  -53.52892    
  -47.55302    
  -30.16384    
  -49.07117    
  -44.03307    
  -28.96960    
  -15.68213    
  -15.13105    
  -26.24178    
  -8.921753    
  -9.948701    
  -22.10174    
  -2.732402    
  -2.614200    
  -7.349849    
  -12.75172    
   3.165288    
  -15.48259    
  -3.774702    
  -8.372195    
   1.989435    
  -10.09453    
  -6.530128    
  -1.066864    
  -3.242042    
 -0.7552476    
  -4.202984    
 -0.9578761    
  -1.060724    
  -5.392654    
   2.310260    
   1.022348    
  -3.380198    
  -11.82607    
  -1.358525    
  -15.61459    
  -14.74114    
  -2.015529    
  -4.817009    
  -6.368946    
  -11.36249    
  -14.26068    
  -28.23892    
  -34.30702    
  -40.25071    
  -42.22632    
  -1.386156    
  -11.73398    
  -19.23581    
  -4.864595    
   1.829787    
   2.216622    
  0.6140227    
 -0.5802516    
   5.979043    
   5.186956    
   3.079324    
   4.198383    
   17.88495    
   4.852315    
   3.123839    
   6.395051    
   7.165651    
   2.139870    
   2.643368    
   4.577538    
   7.899402    
   2.867488    
  0.2149078    
   4.413284    
   11.48223    
   10.30636    
   12.90524    
   7.907074    
   7.719796    
   10.45219    
   9.176561    
   10.77456    
   5.392651    
   7.693705    
   4.645080    
   1.275633    
   3.340286    
   4.766351    
   6.095705    
   2.078467    
   5.791771    
   8.011467    
   5.486289    
   8.680740    
   5.969830    
   6.867839    
   11.65109    
   15.66220    
   9.704633    
   11.02631    
   15.39663    
   20.15221    
   20.22591    
   28.79767    
   45.37473    
   23.07804    
   13.50697    
   9.867344    
   6.442637    
   6.527058    
   2.030879    
   2.628015    
   13.51770    
   2.809152    
   12.34953    
   19.98031    
  -41.23471    
  -38.12777    
  -37.48610    
  -40.54088    
  -14.23918    
  -6.324430    
   4.841566    
   4.364163    
   7.029022    
   7.515646    
   11.06315    
   19.32178    
   33.50414    
   30.93907    
   4.272061    
   7.573964    
  -4.602100    
  -11.14297    
  -5.338931    
  -2.387013    
  -7.517174    
  -8.375278    
  -83.84486    
  -95.90425    
  -57.06577    
   5.684313    
   7.814972    
   8.000709    
   8.762107    
   7.664544    
   5.139374    
   3.837644    
   1.992504    
   2.604990    
   1.303263    
  0.8289311    
   1.386157    
  0.9824360    
   1.317079    
   2.781523    
   5.731907    
   2.974941    
   9.993214    
   22.06030    
   37.71019    
  -33.63465    
  -37.65797    
  -32.34210    
  -17.80667    
  -18.31017    
  -13.24600    
  -13.40872    
  -19.99260    
  -15.27996    
  -18.25336    
  -19.99103    
  -16.62773    
  -11.54365    
  -26.80829    
  -24.77122    
  -24.52097    
  -27.90432    
  -14.59994    
  -39.12850    
  -33.82190    
  -32.90696    
  -29.72798    
  -25.17955    
  -21.14695    
  -26.98623    
  -16.56020    
  -10.98640    
   15.87096    
  -14.04733    
  -10.53664    
  -18.10755    
  -9.844337    
  -10.46141    
  -5.484764    
  -9.411430    
  -10.04693    
  -10.89891    
  -9.993216    
  -12.33416    
  -8.462775    
  -8.851133    
  -11.58816    
  -10.99870    
  -5.828611    
  -10.35243    
  -5.246823    
  -5.147045    
  -4.195306    
  -4.093998    
  -4.519210    
  -2.188993    
  -3.133049    
  -1.748430    
  -1.495144    
  -2.222763    
  -1.578037    
  -3.137655    
  -2.254997    
   14.75805    
  -2.017065    
  -9.761426    
   22.17080    
  -32.87625    
  -25.55568    
  -33.49189    
  -21.92984    
  -22.40260    
  -27.23652    
  -29.05704    
  -26.22338    
  -30.03955    
  -31.13861    
  -29.27502    
  -26.44903    
  -12.96665    
  -13.66045    
  -20.15372    
  -15.42735    
  -24.37056    
  -23.90694    
  -22.66204    
  -18.23493    
  -10.01624    
  -26.19879    
  -30.16075    
  -36.99028    
  -12.16993    
  -1.292518    
  -5.053413    
  -1.401508    
 -0.2256531    
  -30.32964    
  -22.67127    
  -7.604676    
  -4.361095    
  -3.324937    
  -4.293555    
  -2.597318    
  -4.927534    
  -11.23661    
 -0.5986725    
  -7.477263    
  -7.644591    
  -8.568675    
  -10.19740    
  -7.273102    
  -11.84297    
  -28.97111    
  -25.69987    
  -18.81977    
  -25.43436    
  -21.82233    
  -35.93259    
  -33.95700    
  -2.281091    
  -31.20001    
  -44.15435    
  -39.55994    
  -35.41838    
  -43.14128    
  -12.36797    
  -56.90449    
  -49.06960    
  -9.096738    
  -3.562867    
  -4.483905    
  -43.36078    
  -53.80367    
  -29.07854    
  -17.30161    
  -35.87428    
  -24.82187    
  -11.59736    
  -7.801160    
  -37.81458    
  -24.31224    
  -34.65233    
  -59.88565    
  -35.44141    
  -39.23758    
  -1.195810    
  -1.355457    
  -1.255675    
  -1.594922    
  -7.266954    
  -30.35728    
  -25.54487    
  -54.54830    
  -7.464974    
  -7.228580    
  -7.041306    
  -8.343045    
  -11.82149    
  -10.51207    
  -7.712122    
  -7.452698    
  -9.942558    
  -21.16226    
  -33.33682    
  -45.38400    
  -32.22697    
  -24.17717    
  -34.27325    
  -24.99529    
  -32.44497    
  -9.205735    
  -19.83291    
  -17.59176    
  -30.37108    
  -32.31607    
  -12.77628    
  -40.20312    
  -28.90671    
  -26.69308    
  -27.10753    
  -25.23017    
  -28.81604    
  -18.53121    
  -18.85049    
  -30.23758    
  -47.98889    
  -21.14696    
  -37.89906    
  -51.03602    
  -25.89330    
  -23.96374    
  -26.38917    
  -17.11896    
  -28.70403    
  -28.81921    
  -21.59675    
  -26.20036    
  -26.90951    
  -24.51028    
  -19.25266    
  -18.86280    
  -23.10259    
  -26.92028    
  -40.50087    
  -26.71152    
  -37.77156    
  -27.89045    
  -38.72488    
  -32.47412    
  -35.51348    
  -39.64893    
  -55.19601    
  -32.34826    
  -19.58117    
  -5.495506    
  -16.90711    
 -0.8181854    
  -22.44097    
  -10.93423    
  -27.83829    
  -6.820250    
  -7.989959    
  -10.73006    
  -10.69169    
  -9.587968    
  -12.63965    
  -9.746084    
  -20.64500    
  -16.54026    
  -8.605539    
  -6.547012    
  -17.30624    
  -20.24737    
  -33.08046    
  -30.94670    
  -14.39424    
  -35.36621    
  -15.74506    
  -19.35704    
  -16.93014    
  -18.35927    
  -9.543446    
  -14.45408    
  -12.45545    
  -2.408505    
  -2.147546    
   21.50617    
   18.91956    
   13.90149    
   17.84966    
   3.615059    
  -18.85973    
  -27.79071    
  -21.59976    
  -17.69306    
  -22.63747    
  -32.80574    
  -28.67333    
  -35.09602    
  -28.66262    
  -19.47988    
  -28.21124    
  -21.87919    
  -16.54638    
  -25.88723    
  -16.44044    
  -19.73314    
  -38.85535    
  -22.42259    
  -19.82983    
  -16.23016    
  -8.307715    
  -8.390635    
  -3.776246    
  -3.203664    
  -3.352565    
  -4.529954    
  -3.042487    
  -1.977154    
  -2.658721    
  -5.859306    
  -5.882331    
  -4.046414    
  -3.688740    
  -5.911509    
  -4.313510    
  -3.974265    
  -2.935030    
  -3.395543    
  -6.293732    
  -6.358194    
  -5.033450    
  -3.641153    
  -4.878402    
  -4.599021    
  -7.836457    
  -8.630102    
   13.26442    
  -7.349849    
  -6.672905    
  -4.328856    
  -4.528420    
  -4.009576    
  -9.968645    
  -9.744552    
  -12.15150    
  -7.253142    
  -9.241043    
  -7.735163    
  -8.238648    
  -7.598535    
  -7.314539    
  -12.84077    
  -9.557246    
  -10.58423    
  -15.18323    
  -9.331612    
  -10.98335    
  -37.83758    
  -41.78883    
  -37.91745    
  -46.76701    
  -54.54359    
  -11.62193    
  -4.833892    
  -21.85771    
  -39.37720    
  -44.75912    
  -46.15145    
  -49.97065    
  -30.09473    
  -38.70488    
  -46.62275    
  -25.97773    
  -47.14934    
  -39.82864    
  -49.77113    
  -32.47715    
  -24.59465    
  -29.44549    
  -23.02281    
  -19.90972    
  -25.68913    
  -13.43330    
  -8.659266    
  -23.96841    
  -32.73047    
  -16.13037    
  -30.63052    
  -28.62731    
  -25.65538    
  -21.43395    
  -31.33978    
  -22.48547    
  -19.73009    
  -20.33332    
  -24.79581    
  -29.51297    
  -27.97182    
  -16.75665    
  -24.41512    
  -15.90167    
  -16.09817    
  -10.96953    
  -6.611494    
  -9.617139    
  -12.40635    
  -11.80460    
  -8.937103    
  -9.316247    
  -9.805949    
  -11.82454    
  -11.84602    
  -5.082570    
  -16.89177    
  -13.86002    
  -25.73833    
  -23.68134    
  -25.05828    
  -17.17731    
  -17.39375    
  -16.93784    
  -26.39840    
  -23.85324    
  -24.11110    
  -20.92594    
  -22.32281    
  -37.54292    
  -37.72098    
  -33.46882    
  -21.56298    
  -33.86185    
  -25.90870    
  -25.37448    
  -30.65969    
  -23.98527    
  -20.73862    
  -21.98666    
  -25.32080    
  -22.02189    
  -29.20750    
  -26.09441    
  -23.68283    
  -17.30779    
  -25.72751    
  -19.87439    
  -25.98078    
  -24.61926    
  -21.65045    
  -30.53228    
  -20.02178    
  -21.32502    
  -18.41144    
  -20.42850    
  -7.265430    
  -11.22280    
  -17.42599    
  -18.81826    
  -18.10752    
  -23.21930    
  -20.50225    
  -28.10074    
  -21.18377    
  -26.57797    
  -21.80086    
  -33.18641    
  -35.83745    
  -37.82377    
  -9.425252    
  -7.827252    
  -20.30114    
  -12.22518    
  -20.39630    
  -8.556400    
  -37.40161    
  -21.35572    
  -17.54110    
  -18.77528    
  -26.17888    
  -24.54098    
  -30.46163    
  -30.69195    
  -20.26890    
  -11.61270    
  -4.281264    
  -5.415673    
  -12.66574    
  -15.43042    
  -8.755972    
  -3.189854    
  -6.023569    
  -4.698808    
  -1.160504    
  -3.243579    
  -4.356497    
  -4.345740    
  -1.673213    
 -0.4927527    
  -3.693344    
  -4.798580    
  -7.366751    
  -5.193095    
  -5.561506    
  -12.12693    
  -15.80036    
  -6.368960    
  -19.88205    
   4.189173    
   11.76468    
  0.1627160    
   9.879617    
   8.484260    
   17.97552    
 -0.6892411    
 -0.3116162    
 -0.1535057    
 -0.1105240    
 -0.2517493    
 -0.3346421    
  -2.988758    
 -0.9440597    
  -18.12443    
  -2.888974    
  -21.71033    
  -15.68523    
  -28.79153    
  -42.40434    
  -40.44569    
  -37.69634    
  -27.81369    
  -29.19528    
  -16.70139    
  -24.41204    
  -4.866124    
  -4.509999    
  -19.69940    
  -18.99481    
  -27.34855    
  -32.40346    
  -27.06918    
  -17.57795    
  -29.40862    
  -27.44067    
  -21.65197    
  -25.90099    
  -53.24658    
  -20.26891    
  -6.632986    
  -3.707161    
  -1.952595    
  -3.312653    
  -1.954127    
  -2.024736    
  -1.714658    
  -2.948850    
  -2.445344    
  -1.355457    
  -1.634834    
 -0.5741116    
  -2.146010    
  -1.516634    
  -1.897328    
  -3.200598    
  -2.928887    
  -2.620345    
  -8.020683    
  -16.87025    
  -20.49611    
  -20.95197    
  -23.59226    
  -24.59008    
  -21.18989    
  -20.97652    
  -14.88235    
* row names
drncpp01
drncpp02
drncpp03
drncpp04
drncpp05
drncpp06
drncpp07
drncpp08
drncpp09
drncpp10
drncpp11
drncpp12
drncpp13
drncpp14
drncpp15
drncpp16
drncpp17
drncpp18
drncpp19
drncpp20
drncpp21
drncpp22
drncpp23
drncpp24
drncpp25
drncpp26
drncpp27
drncpp28
drncpp29
drncpp30
drncpp31
ghbc1pp01
ghbc1pp02
ghbc1pp03
ghbc1pp04
ghbc1pp05
ghbc1pp06
ghbc1pp07
ghbc1pp08
ghbc1pp09
ghbc1pp10
ghbc1pp11
ghbc1pp12
ghbc1pp13
ghbc1pp14
ghbc1pp15
ghbc1pp16
ghbc1pp17
ghbc1pp18
ghbc1pp19
ghbc1pp20
ghbc1pp21
ghbc1pp22
ghbc1pp23
ghbc1pp24
ghbc1pp25
ghbc1pp26
ghbc1pp27
ghbc1pp28
ghbc1pp29
ghbc1pp30
ghbc1pp31
ghbc1pp32
ghbc1pp33
ghbc1pp34
ghbc1pp35
ghbc1pp36
ghbc1pp37
ghbc1pp38
ghbc1pp39
ghbc1pp40
ghbc1pp41
ghbc3pp01
ghbc3pp02
ghbc3pp03
ghbc3pp04
ghbc3pp05
ghbc3pp06
ghbc3pp07
ghbc3pp08
ghbc3pp09
ghbc3pp10
ghbc3pp11
ghbc3pp12
ghbc3pp13
ghbc3pp14
ghbc3pp15
ghbc3pp16
ghbc3pp17
ghbc3pp18
ghbc3pp19
ghbc3pp20
ghbc3pp21
ghbc3pp22
ghbc3pp23
ghbc3pp24
ghbc3pp25
ghbc3pp26
ghbc3pp27
ghbc3pp28
ghbc3pp29
ghbc3pp30
ghbc3pp31
ghbc3pp32
ghbc3pp33
ghbc3pp34
ghbc3pp35
ghbc3pp36
ghbc3pp37
ghbc3pp38
ghbc3pp39
ghbc3pp40
ghbc3pp41
kx1pp001
kx1pp002
kx1pp003
kx1pp004
kx1pp005
kx1pp006
kx1pp007
kx1pp008
kx1pp009
kx1pp010
kx1pp011
kx1pp012
kx1pp013
kx1pp014
kx1pp015
kx1pp016
kx1pp017
kx1pp018
kx1pp019
kx1pp020
kx1pp021
kx1pp022
kx1pp023
kx1pp024
kx1pp025
kx1pp026
kx1pp027
kx1pp028
kx1pp029
kx1pp030
kx1pp031
kx1pp032
kx1pp033
kx1pp034
kx1pp035
kx1pp036
kx1pp037
kx1pp038
kx1pp039
kx1pp040
kx1pp041
kx1pp042
kx1pp043
kx1pp044
kx1pp045
kx1pp046
kx1pp047
kx1pp048
kx1pp049
kx1pp050
kx1pp051
kx1pp052
kx1pp053
kx1pp054
kx1pp055
kx1pp056
kx1pp057
kx1pp058
kx1pp059
kx1pp060
kx1pp061
kx1pp062
kx1pp063
kx1pp064
kx1pp065
kx1pp066
kx1pp067
kx1pp068
kx1pp069
kx1pp070
kx1pp071
kx1pp072
kx1pp073
kx1pp074
kx1pp075
kx1pp076
kx1pp077
kx1pp078
kx1pp079
kx1pp080
kx1pp081
kx1pp082
kx1pp083
kx1pp084
kx1pp085
kx1pp086
kx1pp087
kx1pp088
kx1pp089
kx1pp090
kx1pp091
kx1pp092
kx1pp093
kx1pp094
kx1pp095
kx1pp096
kx1pp097
kx1pp098
kx1pp099
kx1pp100
kx1pp101
kx1pp102
kx1pp103
kx1pp104
kx1pp105
kx1pp106
kx1pp107
kx1pp108
kx1pp109
kx1pp110
kx1pp111
kx1pp112
kx1pp113
kx1pp114
kx1pp115
kx1pp116
kx1pp117
kx1pp118
kx1pp119
kx1pp120
kx1pp121
kx1pp122
kx1pp123
kx1pp124
kx1pp125
kx1pp126
kx1pp127
kx1pp128
kx1pp129
kx1pp130
kx1pp131
kx1pp132
kx1pp133
kx1pp134
kx1pp135
kx1pp136
kx1pp137
kx1pp138
kx1pp139
kx1pp140
kx1pp141
kx1pp142
kx1pp143
kx1pp144
kx1pp145
kx1pp146
kx1pp147
kx1pp148
kx1pp149
kx1pp150
kx1pp151
kx1pp152
kx1pp153
kx1pp154
kx1pp155
kx1pp156
kx1pp157
kx1pp158
kx1pp159
kx1pp160
kx1pp161
kx1pp162
kx1pp163
kx1pp164
kx1pp165
kx1pp166
kx1pp167
kx1pp168
kx1pp169
kx1pp170
kx1pp171
kx1pp172
kx1pp173
kx1pp174
kx1pp175
kx1pp176
kx1pp177
kx1pp178
kx1pp179
kx1pp180
kx1pp181
kx1pp182
kx1pp183
kx1pp184
kx1pp185
kx1pp186
kx1pp187
kx1pp188
kx1pp189
kx1pp190
kx1pp191
kx1pp192
kx1pp193
kx1pp194
kx1pp195
kx1pp196
kx1pp197
kx1pp198
kx1pp199
kx1pp200
kx1pp201
kx1pp202
kx1pp203
kx1pp204
kx1pp205
kx1pp206
kx1pp207
kx1pp208
kx1pp209
kx1pp210
kx1pp211
kx1pp212
kx1pp213
kx1pp214
kx1pp215
kx1pp216
kx1pp217
kx1pp218
kx1pp219
kx1pp220
kx1pp221
kx1pp222
kx1pp223
kx1pp224
kx1pp225
kx1pp226
kx1pp227
kx1pp228
kx1pp229
kx1pp230
kx1pp231
kx1pp232
kx1pp233
kx1pp234
kx1pp235
kx1pp236
kx1pp237
kx1pp238
kx1pp239
kx1pp240
kx1pp241
kx1pp242
kx1pp243
kx1pp244
kx1pp245
kx1pp246
kx1pp247
kx1pp248
kx1pp249
kx1pp250
kx1pp251
kx1pp252
kx1pp253
kx1pp254
kx1pp255
kx1pp256
kx1pp257
kx1pp258
kx1pp259
kx1pp260
kx1pp261
kx1pp262
kx1pp263
kx1pp264
kx1pp265
kx1pp266
kx1pp267
kx1pp268
kx1pp269
kx1pp270
kx1pp271
kx1pp272
kx1pp273
kx1pp274
kx1pp275
kx1pp276
kx1pp277
kx1pp278
kx1pp279
kx1pp280
kx1pp281
kx1pp282
kx1pp283
kx1pp284
kx1pp285
kx1pp286
kx1pp287
kx1pp288
kx1pp289
kx1pp290
kx1pp291
kx1pp292
kx1pp293
kx1pp294
kx1pp295
kx1pp296
kx1pp297
kx1pp298
kx1pp299
kx1pp300
kx1pp301
kx1pp302
kx1pp303
kx1pp304
kx1pp305
kx1pp306
kx1pp307
kx1pp308
kx1pp309
kx1pp310
kx1pp311
kx1pp312
kx1pp313
kx1pp314
kx1pp315
kx1pp316
kx1pp317
kx1pp318
kx1pp319
kx1pp320
kx1pp321
kx1pp322
kx1pp323
kx1pp324
kx1pp325
kx1pp326
kx1pp327
kx1pp328
kx1pp329
kx1pp330
kx1pp331
kx1pp332
kx1pp333
kx1pp334
kx1pp335
kx1pp336
kx1pp337
kx1pp338
kx1pp339
kx1pp340
kx1pp341
kx1pp342
kx1pp343
kx1pp344
kx1pp345
kx1pp346
kx1pp347
kx1pp348
kx1pp349
kx1pp350
kx1pp351
kx1pp352
kx1pp353
kx1pp354
kx1pp355
kx1pp356
kx1pp357
kx1pp358
kx1pp359
kx1pp360
kx1pp361
kx1pp362
kx1pp363
kx1pp364
kx1pp365
kx1pp366
kx1pp367
kx1pp368
kx1pp369
kx1pp370
kx1pp371
kx1pp372
kx1pp373
kx1pp374
kx1pp375
kx1pp376
kx1pp377
kx1pp378
kx1pp379
kx1pp380
kx1pp381
kx1pp382
kx1pp383
kx1pp384
kx1pp385
kx1pp386
kx1pp387
kx1pp388
kx1pp389
kx1pp390
kx1pp391
kx1pp392
kx1pp393
kx1pp394
kx1pp395
kx1pp396
kx1pp397
kx1pp398
kx1pp399
kx1pp400
kx1pp401
kx1pp402
kx1pp403
kx1pp404
kx1pp405
kx1pp406
kx1pp407
kx1pp408
kx1pp409
kx1pp410
kx1pp411
kx1pp412
kx1pp413
kx1pp414
kx1pp415
kx1pp416
kx1pp417
kx1pp418
kx1pp419
kx1pp420
kx1pp421
kx1pp422
kx1pp423
kx1pp424
kx1pp425
kx1pp426
kx1pp427
kx1pp428
kx1pp429
kx1pp430
kx1pp431
kx1pp432
kx1pp433
kx1pp434
kx1pp435
kx1pp436
kx1pp437
kx1pp438
kx1pp439
kx1pp440
kx1pp441
kx1pp442
kx1pp443
kx1pp444
kx1pp445
kx1pp446
kx1pp447
kx1pp448
kx1pp449
kx1pp450
kx1pp451
kx1pp452
kx1pp453
kx1pp454
kx1pp455
kx1pp456
kx1pp457
kx1pp458
kx1pp459
kx1pp460
kx1pp461
kx1pp462
kx1pp463
kx1pp464
kx1pp465
kx1pp466
kx1pp467
kx1pp468
kx1pp469
kx1pp470
kx1pp471
kx1pp472
kx1pp473
kx1pp474
kx1pp475
kx1pp476
kx1pp477
kx1pp478
kx1pp479
kx1pp480
kx1pp481
kx1pp482
kx1pp483
kx1pp484
kx1pp485
kx1pp486
kx1pp487
kx1pp488
kx1pp489
kx1pp490
kx1pp491
kx1pp492
kx1pp493
kx1pp494
kx1pp495
kx1pp496
kx1pp497
kx1pp498
kx1pp499
kx1pp500
kx1pp501
kx1pp502
kx1pp503
kx1pp504
kx1pp505
kx1pp506
kx1pp507
kx1pp508
kx1pp509
kx1pp510
kx1pp511
kx1pp512
kx1pp513
kx1pp514
kx1pp515
kx1pp516
kx1pp517
kx1pp518
kx1pp519
kx1pp520
kx1pp521
kx1pp522
kx1pp523
kx2pp001
kx2pp002
kx2pp003
kx2pp004
kx2pp005
kx2pp006
kx2pp007
kx2pp008
kx2pp009
kx2pp010
kx2pp011
kx2pp012
kx2pp013
kx2pp014
kx2pp015
kx2pp016
kx2pp017
kx2pp018
kx2pp019
kx2pp020
kx2pp021
kx2pp022
kx2pp023
kx2pp024
kx2pp025
kx2pp026
kx2pp027
kx2pp028
kx2pp029
kx2pp030
kx2pp031
kx2pp032
kx2pp033
kx2pp034
kx2pp035
kx2pp036
kx2pp037
kx2pp038
kx2pp039
kx2pp040
kx2pp041
kx2pp042
kx2pp043
kx2pp044
kx2pp045
kx2pp046
kx2pp047
kx2pp048
kx2pp049
kx2pp050
kx2pp051
kx2pp052
kx2pp053
kx2pp054
kx2pp055
kx2pp056
kx2pp057
kx2pp058
kx2pp059
kx2pp060
kx2pp061
kx2pp062
kx2pp063
kx2pp064
kx2pp065
kx2pp066
kx2pp067
kx2pp068
kx2pp069
kx2pp070
kx2pp071
kx2pp072
kx2pp073
kx2pp074
kx2pp075
kx2pp076
kx2pp077
kx2pp078
kx2pp079
kx2pp080
kx2pp081
kx2pp082
kx2pp083
kx2pp084
kx2pp085
kx2pp086
kx2pp087
kx2pp088
kx2pp089
kx2pp090
kx2pp091
kx2pp092
kx2pp093
kx2pp094
kx2pp095
kx2pp096
kx2pp097
kx2pp098
kx2pp099
kx2pp100
kx2pp101
kx2pp102
kx2pp103
kx2pp104
kx2pp105
kx2pp106
kx2pp107
kx2pp108
kx2pp109
kx2pp110
kx2pp111
kx2pp112
kx2pp113
kx2pp114
kx2pp115
kx2pp116
kx2pp117
kx2pp118
kx2pp119
kx2pp120
kx2pp121
kx2pp122
kx2pp123
kx2pp124
kx2pp125
kx2pp126
kx2pp127
kx2pp128
kx2pp129
kx2pp130
kx2pp131
kx2pp132
kx2pp133
kx2pp134
kx2pp135
kx2pp136
kx2pp137
kx2pp138
kx2pp139
kx2pp140
kx2pp141
kx2pp142
kx2pp143
kx2pp144
kx2pp145
kx2pp146
kx2pp147
kx2pp148
kx2pp149
kx2pp150
kx2pp151
kx2pp152
kx2pp153
kx2pp154
kx2pp155
kx2pp156
kx2pp157
kx2pp158
kx2pp159
kx2pp160
kx2pp161
kx2pp162
kx2pp163
kx2pp164
kx2pp165
kx2pp166
kx2pp167
kx2pp168
kx2pp169
kx2pp170
kx2pp171
kx2pp172
kx2pp173
kx2pp174
kx2pp175
kx2pp176
kx2pp177
kx2pp178
kx2pp179
kx2pp180
kx2pp181
kx2pp182
kx2pp183
kx2pp184
kx2pp185
kx2pp186
kx2pp187
kx2pp188
kx2pp189
kx2pp190
kx2pp191
kx2pp192
kx2pp193
kx2pp194
kx2pp195
kx2pp196
kx2pp197
kx2pp198
kx2pp199
kx2pp200
kx2pp201
kx2pp202
kx2pp203
kx2pp204
kx2pp205
kx2pp206
kx2pp207
kx2pp208
kx2pp209
kx2pp210
kx2pp211
kx2pp212
kx2pp213
kx2pp214
kx2pp215
kx2pp216
kx2pp217
kx2pp218
kx2pp219
kx2pp220
kx2pp221
kx2pp222
kx2pp223
kx2pp224
kx2pp225
kx2pp226
kx2pp227
kx2pp228
kx2pp229
kx2pp230
kx2pp231
kx2pp232
kx2pp233
kx2pp234
kx2pp235
kx2pp236
kx2pp237
kx2pp238
kx2pp239
kx2pp240
kx2pp241
kx2pp242
kx2pp243
kx2pp244
kx2pp245
kx2pp246
kx2pp247
kx2pp248
kx2pp249
kx2pp250
kx2pp251
kx2pp252
kx2pp253
kx2pp254
kx2pp255
kx2pp256
kx2pp257
kx2pp258
kx2pp259
kx2pp260
kx2pp261
kx2pp262
kx2pp263
kx2pp264
kx2pp265
kx2pp266
kx2pp267
kx2pp268
kx2pp269
kx2pp270
kx2pp271
kx2pp272
kx2pp273
kx2pp274
kx2pp275
kx2pp276
kx2pp277
kx2pp278
kx2pp279
kx2pp280
kx2pp281
kx2pp282
kx2pp283
kx2pp284
kx2pp285
kx2pp286
kx2pp287
kx2pp288
kx2pp289
kx2pp290
kx2pp291
kx2pp292
kx2pp293
kx2pp294
kx2pp295
kx2pp296
kx2pp297
kx2pp298
kx2pp299
kx2pp300
kx2pp301
kx2pp302
kx2pp303
kx2pp304
kx2pp305
kx2pp306
kx2pp307
kx2pp308
kx2pp309
kx2pp310
kx2pp311
kx2pp312
kx2pp313
kx2pp314
kx2pp315
kx2pp316
kx2pp317
kx2pp318
kx2pp319
kx2pp320
kx2pp321
kx2pp322
kx2pp323
kx2pp324
kx2pp325
kx2pp326
kx2pp327
kx2pp328
kx2pp329
kx2pp330
kx2pp331
kx2pp332
kx2pp333
kx2pp334
kx2pp335
kx2pp336
kx2pp337
kx2pp338
kx2pp339
kx2pp340
kx2pp341
kx2pp342
kx2pp343
kx2pp344
kx2pp345
kx2pp346
kx2pp347
kx2pp348
kx2pp349
kx2pp350
kx2pp351
kx2pp352
kx2pp353
kx2pp354
kx2pp355
kx2pp356
kx2pp357
kx2pp358
kx2pp359
kx2pp360
kx2pp361
kx2pp362
kx2pp363
kx2pp364
kx2pp365
kx2pp366
kx2pp367
kx2pp368
kx2pp369
kx2pp370
kx2pp371
kx2pp372
kx2pp373
kx2pp374
kx2pp375
kx2pp376
kx2pp377
kx2pp378
kx2pp379
kx2pp380
kx2pp381
kx2pp382
kx2pp383
kx2pp384
kx2pp385
kx2pp386
kx2pp387
kx2pp388
kx2pp389
kx2pp390
kx2pp391
kx2pp392
kx2pp393
kx2pp394
kx2pp395
kx2pp396
kx2pp397
kx2pp398
kx2pp399
kx2pp400
kx2pp401
kx2pp402
kx2pp403
kx2pp404
kx2pp405
kx2pp406
kx2pp407
kx2pp408
kx2pp409
kx2pp410
kx2pp411
kx2pp412
kx2pp413
kx2pp414
kx2pp415
kx2pp416
kx2pp417
kx2pp418
kx2pp419
kx2pp420
kx2pp421
kx2pp422
kx2pp423
kx2pp424
kx2pp425
kx2pp426
kx2pp427
kx2pp428
kx2pp429
kx2pp430
kx2pp431
kx2pp432
kx2pp433
kx2pp434
kx2pp435
kx2pp436
kx2pp437
kx2pp438
kx2pp439
kx2pp440
kx2pp441
kx2pp442
kx2pp443
kx2pp444
kx2pp445
kx2pp446
kx2pp447
kx2pp448
kx2pp449
kx2pp450
kx2pp451
kx2pp452
kx2pp453
kx2pp454
kx2pp455
kx2pp456
kx2pp457
kx2pp458
kx2pp459
kx2pp460
kx2pp461
kx2pp462
kx2pp463
kx2pp464
kx2pp465
kx2pp466
kx2pp467
kx2pp468
kx2pp469
kx2pp470
kx2pp471
kx2pp472
kx2pp473
kx2pp474
kx2pp475
kx2pp476
kx2pp477
kx2pp478
kx2pp479
kx2pp480
kx2pp481
kx2pp482
kx2pp483
kx2pp484
kx2pp485
kx2pp486
kx2pp487
kx2pp488
kx2pp489
kx2pp490
kx2pp491
kx2pp492
kx2pp493
kx2pp494
kx2pp495
kx2pp496
kx2pp497
kx2pp498
kx2pp499
kx2pp500
kx2pp501
kx2pp502
kx2pp503
kx2pp504
kx2pp505
kx2pp506
kx2pp507
kx2pp508
kx2pp509
kx2pp510
kx2pp511
kx2pp512
kx2pp513
kx2pp514
kx2pp515
kx2pp516
kx2pp517
kx2pp518
kx2pp519
kx2pp520
kx2pp521
kx2pp522
kx2pp523
kx3pp001
kx3pp002
kx3pp003
kx3pp004
kx3pp005
kx3pp006
kx3pp007
kx3pp008
kx3pp009
kx3pp010
kx3pp011
kx3pp012
kx3pp013
kx3pp014
kx3pp015
kx3pp016
kx3pp017
kx3pp018
kx3pp019
kx3pp020
kx3pp021
kx3pp022
kx3pp023
kx3pp024
kx3pp025
kx3pp026
kx3pp027
kx3pp028
kx3pp029
kx3pp030
kx3pp031
kx3pp032
kx3pp033
kx3pp034
kx3pp035
kx3pp036
kx3pp037
kx3pp038
kx3pp039
kx3pp040
kx3pp041
kx3pp042
kx3pp043
kx3pp044
kx3pp045
kx3pp046
kx3pp047
kx3pp048
kx3pp049
kx3pp050
kx3pp051
kx3pp052
kx3pp053
kx3pp054
kx3pp055
kx3pp056
kx3pp057
kx3pp058
kx3pp059
kx3pp060
kx3pp061
kx3pp062
kx3pp063
kx3pp064
kx3pp065
kx3pp066
kx3pp067
kx3pp068
kx3pp069
kx3pp070
kx3pp071
kx3pp072
kx3pp073
kx3pp074
kx3pp075
kx3pp076
kx3pp077
kx3pp078
kx3pp079
kx3pp080
kx3pp081
kx3pp082
kx3pp083
kx3pp084
kx3pp085
kx3pp086
kx3pp087
kx3pp088
kx3pp089
kx3pp090
kx3pp091
kx3pp092
kx3pp093
kx3pp094
kx3pp095
kx3pp096
kx3pp097
kx3pp098
kx3pp099
kx3pp100
kx3pp101
kx3pp102
kx3pp103
kx3pp104
kx3pp105
kx3pp106
kx3pp107
kx3pp108
kx3pp109
kx3pp110
kx3pp111
kx3pp112
kx3pp113
kx3pp114
kx3pp115
kx3pp116
kx3pp117
kx3pp118
kx3pp119
kx3pp120
kx3pp121
kx3pp122
kx3pp123
kx3pp124
kx3pp125
kx3pp126
kx3pp127
kx3pp128
kx3pp129
kx3pp130
kx3pp131
kx3pp132
kx3pp133
kx3pp134
kx3pp135
kx3pp136
kx3pp137
kx3pp138
kx3pp139
kx3pp140
kx3pp141
kx3pp142
kx3pp143
kx3pp144
kx3pp145
kx3pp146
kx3pp147
kx3pp148
kx3pp149
kx3pp150
kx3pp151
kx3pp152
kx3pp153
kx3pp154
kx3pp155
kx3pp156
kx3pp157
kx3pp158
kx3pp159
kx3pp160
kx3pp161
kx3pp162
kx3pp163
kx3pp164
kx3pp165
kx3pp166
kx3pp167
kx3pp168
kx3pp169
kx3pp170
kx3pp171
kx3pp172
kx3pp173
kx3pp174
kx3pp175
kx3pp176
kx3pp177
kx3pp178
kx3pp179
kx3pp180
kx3pp181
kx3pp182
kx3pp183
kx3pp184
kx3pp185
kx3pp186
kx3pp187
kx3pp188
kx3pp189
kx3pp190
kx3pp191
kx3pp192
kx3pp193
kx3pp194
kx3pp195
kx3pp196
kx3pp197
kx3pp198
kx3pp199
kx3pp200
kx3pp201
kx3pp202
kx3pp203
kx3pp204
kx3pp205
kx3pp206
kx3pp207
kx3pp208
kx3pp209
kx3pp210
kx3pp211
kx3pp212
kx3pp213
kx3pp214
kx3pp215
kx3pp216
kx3pp217
kx3pp218
kx3pp219
kx3pp220
kx3pp221
kx3pp222
kx3pp223
kx3pp224
kx3pp225
kx3pp226
kx3pp227
kx3pp228
kx3pp229
kx3pp230
kx3pp231
kx3pp232
kx3pp233
kx3pp234
kx3pp235
kx3pp236
kx3pp237
kx3pp238
kx3pp239
kx3pp240
kx3pp241
kx3pp242
kx3pp243
kx3pp244
kx3pp245
kx3pp246
kx3pp247
kx3pp248
kx3pp249
kx3pp250
kx3pp251
kx3pp252
kx3pp253
kx3pp254
kx3pp255
kx3pp256
kx3pp257
kx3pp258
kx3pp259
kx3pp260
kx3pp261
kx3pp262
kx3pp263
kx3pp264
kx3pp265
kx3pp266
kx3pp267
kx3pp268
kx3pp269
kx3pp270
kx3pp271
kx3pp272
kx3pp273
kx3pp274
kx3pp275
kx3pp276
kx3pp277
kx3pp278
kx3pp279
kx3pp280
kx3pp281
kx3pp282
kx3pp283
kx3pp284
kx3pp285
kx3pp286
kx3pp287
kx3pp288
kx3pp289
kx3pp290
kx3pp291
kx3pp292
kx3pp293
kx3pp294
kx3pp295
kx3pp296
kx3pp297
kx3pp298
kx3pp299
kx3pp300
kx3pp301
kx3pp302
kx3pp303
kx3pp304
kx3pp305
kx3pp306
kx3pp307
kx3pp308
kx3pp309
kx3pp310
kx3pp311
kx3pp312
kx3pp313
kx3pp314
kx3pp315
kx3pp316
kx3pp317
kx3pp318
kx3pp319
kx3pp320
kx3pp321
kx3pp322
kx3pp323
kx3pp324
kx3pp325
kx3pp326
kx3pp327
kx3pp328
kx3pp329
kx3pp330
kx3pp331
kx3pp332
kx3pp333
kx3pp334
kx3pp335
kx3pp336
kx3pp337
kx3pp338
kx3pp339
kx3pp340
kx3pp341
kx3pp342
kx3pp343
kx3pp344
kx3pp345
kx3pp346
kx3pp347
kx3pp348
kx3pp349
kx3pp350
kx3pp351
kx3pp352
kx3pp353
kx3pp354
kx3pp355
kx3pp356
kx3pp357
kx3pp358
kx3pp359
kx3pp360
kx3pp361
kx3pp362
kx3pp363
kx3pp364
kx3pp365
kx3pp366
kx3pp367
kx3pp368
kx3pp369
kx3pp370
kx3pp371
kx3pp372
kx3pp373
kx3pp374
kx3pp375
kx3pp376
kx3pp377
kx3pp378
kx3pp379
kx3pp380
kx3pp381
kx3pp382
kx3pp383
kx3pp384
kx3pp385
kx3pp386
kx3pp387
kx3pp388
kx3pp389
kx3pp390
kx3pp391
kx3pp392
kx3pp393
kx3pp394
kx3pp395
kx3pp396
kx3pp397
kx3pp398
kx3pp399
kx3pp400
kx3pp401
kx3pp402
kx3pp403
kx3pp404
kx3pp405
kx3pp406
kx3pp407
kx3pp408
kx3pp409
kx3pp410
kx3pp411
kx3pp412
kx3pp413
kx3pp414
kx3pp415
kx3pp416
kx3pp417
kx3pp418
kx3pp419
kx3pp420
kx3pp421
kx3pp422
kx3pp423
kx3pp424
kx3pp425
kx3pp426
kx3pp427
kx3pp428
kx3pp429
kx3pp430
kx3pp431
kx3pp432
kx3pp433
kx3pp434
kx3pp435
kx3pp436
kx3pp437
kx3pp438
kx3pp439
kx3pp440
kx3pp441
kx3pp442
kx3pp443
kx3pp444
kx3pp445
kx3pp446
kx3pp447
kx3pp448
kx3pp449
kx3pp450
kx3pp451
kx3pp452
kx3pp453
kx3pp454
kx3pp455
kx3pp456
kx3pp457
kx3pp458
kx3pp459
kx3pp460
kx3pp461
kx3pp462
kx3pp463
kx3pp464
kx3pp465
kx3pp466
kx3pp467
kx3pp468
kx3pp469
kx3pp470
kx3pp471
kx3pp472
kx3pp473
kx3pp474
kx3pp475
kx3pp476
kx3pp477
kx3pp478
kx3pp479
kx3pp480
kx3pp481
kx3pp482
kx3pp483
kx3pp484
kx3pp485
kx3pp486
kx3pp487
kx3pp488
kx3pp489
kx3pp490
kx3pp491
kx3pp492
kx3pp493
kx3pp494
kx3pp495
kx3pp496
kx3pp497
kx3pp498
kx3pp499
kx3pp500
kx3pp501
kx3pp502
kx3pp503
kx3pp504
kx3pp505
kx3pp506
kx3pp507
kx3pp508
kx3pp509
kx3pp510
kx3pp511
kx3pp512
kx3pp513
kx3pp514
kx3pp515
kx3pp516
kx3pp517
kx3pp518
kx3pp519
kx3pp520
kx3pp521
kx3pp522
kx3pp523
rchpp001
rchpp002
rchpp003
rchpp004
rchpp005
rchpp006
rchpp007
rchpp008
rchpp009
rchpp010
rchpp011
rchpp012
rchpp013
rchpp014
rchpp015
rchpp016
rchpp017
rchpp018
rchpp019
rchpp020
rchpp021
rchpp022
rchpp023
rchpp024
rchpp025
rchpp026
rchpp027
rchpp028
rchpp029
rchpp030
rchpp031
rchpp032
rchpp033
rchpp034
rchpp035
rchpp036
rchpp037
rchpp038
rchpp039
rchpp040
rchpp041
rchpp042
rchpp043
rchpp044
rchpp045
rchpp046
rchpp047
rchpp048
rchpp049
rchpp050
rchpp051
rchpp052
rchpp053
rchpp054
rchpp055
rchpp056
rchpp057
rchpp058
rchpp059
rchpp060
rchpp061
rchpp062
rchpp063
rchpp064
rchpp065
rchpp066
rchpp067
rchpp068
rchpp069
rchpp070
rchpp071
rchpp072
rchpp073
rchpp074
rchpp075
rchpp076
rchpp077
rchpp078
rchpp079
rchpp080
rchpp081
rchpp082
rchpp083
rchpp084
rchpp085
rchpp086
rchpp087
rchpp088
rchpp089
rchpp090
rchpp091
rchpp092
rchpp093
rchpp094
rchpp095
rchpp096
rchpp097
rchpp098
rchpp099
rchpp100
rchpp101
rchpp102
rchpp103
rchpp104
rchpp105
rchpp106
rchpp107
rchpp108
rchpp109
rchpp110
rchpp111
rchpp112
rchpp113
rchpp114
rchpp115
rchpp116
rchpp117
rchpp118
rchpp119
rchpp120
rchpp121
rchpp122
rchpp123
rchpp124
rchpp125
rchpp126
rchpp127
rchpp128
rchpp129
rchpp130
rchpp131
rchpp132
rchpp133
rchpp134
rchpp135
rchpp136
rchpp137
rchpp138
rchpp139
rchpp140
rchpp141
rchpp142
rchpp143
rchpp144
rchpp145
rchpp146
rchpp147
rchpp148
rchpp149
rchpp150
rchpp151
rchpp152
rchpp153
rchpp154
rchpp155
rchpp156
rchpp157
rchpp158
rchpp159
rchpp160
rchpp161
rchpp162
rchpp163
rchpp164
rchpp165
rchpp166
rchpp167
rchpp168
rchpp169
rchpp170
rchpp171
rchpp172
rchpp173
rchpp174
rchpp175
rchpp176
rchpp177
rchpp178
rchpp179
rchpp180
rchpp181
rchpp182
rchpp183
rchpp184
rchpp185
rchpp186
rchpp187
rchpp188
rchpp189
rchpp190
rchpp191
rchpp192
rchpp193
rchpp194
rchpp195
rchpp196
rchpp197
rchpp198
rchpp199
rchpp200
rchpp201
rchpp202
rchpp203
rchpp204
rchpp205
rchpp206
rchpp207
rchpp208
rchpp209
rchpp210
rchpp211
rchpp212
rchpp213
rchpp214
rchpp215
rchpp216
rchpp217
rchpp218
rchpp219
rchpp220
rchpp221
rchpp222
rchpp223
rchpp224
rchpp225
rchpp226
rchpp227
rchpp228
rchpp229
rchpp230
rchpp231
rchpp232
rchpp233
rchpp234
rchpp235
rchpp236
rchpp237
rchpp238
rchpp239
rchpp240
rchpp241
rchpp242
rchpp243
rchpp244
rchpp245
rchpp246
rchpp247
rchpp248
rchpp249
rchpp250
rchpp251
rchpp252
rchpp253
rchpp254
rchpp255
rchpp256
rchpp257
rchpp258
rchpp259
rchpp260
rchpp261
rchpp262
rchpp263
rchpp264
rchpp265
rchpp266
rchpp267
rchpp268
rchpp269
rchpp270
rchpp271
rchpp272
rchpp273
rchpp274
rchpp275
rchpp276
rchpp277
rchpp278
rchpp279
rchpp280
rchpp281
rchpp282
rchpp283
rchpp284
rchpp285
rchpp286
rchpp287
rchpp288
rchpp289
rchpp290
rchpp291
rchpp292
rchpp293
rchpp294
rchpp295
rchpp296
rchpp297
rchpp298
rchpp299
rchpp300
rchpp301
rchpp302
rchpp303
rchpp304
rchpp305
rchpp306
rchpp307
rchpp308
rchpp309
rchpp310
rchpp311
rchpp312
rchpp313
rchpp314
rchpp315
rchpp316
rchpp317
rchpp318
rchpp319
rchpp320
rchpp321
rchpp322
rchpp323
rchpp324
rchpp325
rchpp326
rchpp327
rchpp328
rchpp329
rchpp330
rchpp331
rchpp332
rchpp333
rchpp334
rchpp335
rchpp336
rchpp337
rchpp338
rchpp339
rchpp340
rchpp341
rchpp342
rchpp343
rchpp344
rchpp345
rchpp346
rchpp347
rchpp348
rchpp349
rchpp350
rchpp351
rchpp352
rchpp353
rchpp354
rchpp355
rchpp356
rchpp357
rchpp358
rchpp359
rchpp360
rchpp361
rchpp362
rchpp363
rchpp364
rchpp365
rchpp366
rchpp367
rchpp368
rchpp369
rchpp370
rchpp371
rchpp372
rchpp373
rchpp374
rchpp375
rchpp376
rchpp377
rchpp378
rchpp379
rchpp380
rchpp381
rchpp382
rchpp383
rchpp384
rchpp385
rchpp386
rchpp387
rchpp388
rchpp389
rchpp390
rchpp391
rchpp392
rchpp393
rchpp394
rchpp395
rchpp396
rchpp397
rchpp398
rchpp399
rchpp400
rchpp401
rchpp402
rchpp403
rchpp404
rchpp405
rchpp406
rchpp407
rchpp408
rchpp409
rchpp410
rchpp411
rchpp412
rchpp413
rchpp414
rchpp415
rchpp416
rchpp417
rchpp418
rchpp419
rchpp420
rchpp421
rchpp422
rchpp423
rchpp424
rchpp425
rchpp426
rchpp427
rchpp428
rchpp429
rchpp430
rchpp431
rchpp432
rchpp433
rchpp434
rchpp435
rchpp436
rchpp437
rchpp438
rchpp439
rchpp440
rchpp441
rchpp442
rchpp443
rchpp444
rchpp445
rchpp446
rchpp447
rchpp448
rchpp449
rchpp450
rchpp451
rchpp452
rchpp453
rchpp454
rchpp455
rchpp456
rchpp457
rchpp458
rchpp459
rchpp460
rchpp461
rchpp462
rchpp463
rchpp464
rchpp465
rchpp466
rchpp467
rchpp468
rchpp469
rchpp470
rchpp471
rchpp472
rchpp473
rchpp474
rchpp475
rchpp476
rchpp477
rchpp478
rchpp479
rchpp480
rchpp481
rchpp482
rchpp483
rchpp484
rchpp485
rchpp486
rchpp487
rchpp488
rchpp489
rchpp490
rchpp491
rchpp492
rchpp493
rchpp494
rchpp495
rchpp496
rchpp497
rchpp498
rchpp499
rchpp500
rchpp501
rchpp502
rchpp503
rchpp504
rchpp505
rchpp506
rchpp507
rchpp508
rchpp509
rchpp510
rchpp511
rchpp512
rchpp513
rchpp514
rchpp515
rchpp516
rchpp517
rchpp518
rchpp519
rchpp520
rchpp521
rchpp522
rchpp523
* column names
p-trib_1
