k
5.569845
8.196157
11.44617
16.48206
27.32869
21.86162
18.98106
16.64641
14.43784
10.97384
7.453489
8.684815
11.01203
12.05529
12.82451
14.27372
15.00232
15.9376
15.74026
14.42678
13.02372
12.46865
13.33222
13.28013
11.19217
9.998494
9.37781
9.205601
12.6813
16.34149
16.80431
17.6702
12.01519
10.30419
11.157
14.08466
15.35302
17.15765
12.18818
9.702619
9.367241
9.431064
9.452964
9.263132
9.312155
8.937424
9.11599
9.194561
8.993946
9.115689
9.696274
8.939045
9.071464
9.202593
9.115082
9.219116
9.271776
9.208032
9.276369
9.320147
9.355966
6.266067
8.478323
12.2218
14.23945
16.21848
19.10903
21.88464
18.83091
14.61566
12.04697
11.00096
10.77058
10.71776
11.11075
12.12326
15.59533
22.03153
24.13585
20.68103
16.7383
13.32242
11.41995
10.7853
11.09553
12.13627
12.78951
12.29644
11.84968
11.94196
12.36542
12.64366
11.51024
8.25164
6.849336
8.326521
11.2088
14.34308
15.67655
12.63126
10.19144
9.578547
9.445894
9.459126
9.550946
9.544333
9.795595
9.641957
9.620982
9.71592
9.685218
10.45079
9.919777
9.771171
9.734839
9.806935
9.768839
9.947624
9.823199
9.787258
9.82082
9.791275
5.57168
8.549242
14.64626
10.73488
8.413261
14.16207
27.8807
18.72394
12.8711
11.85791
15.58205
14.2649
11.19804
11.98005
11.90668
17.87007
36.75237
38.8166
27.48297
19.69125
13.45997
10.0771
8.258697
8.586449
12.87823
16.63924
15.91732
14.72255
10.25936
8.462112
8.568507
8.062619
5.384944
3.716254
6.430476
9.205956
13.64636
17.52555
13.01968
10.39045
9.880196
9.801953
9.783577
9.771047
9.769021
9.706483
9.736908
9.755494
9.662222
9.754053
10.46752
9.69502
9.682613
9.703167
9.741303
9.75966
9.967168
9.830975
9.830443
9.931599
9.912276
7.470388
7.56616
7.462321
6.716755
6.65787
9.508804
13.94315
11.42517
7.910079
7.876457
10.4816
14.73583
20.07159
21.82098
21.16644
25.69305
36.7765
37.94142
29.15034
20.88524
14.39371
9.933228
7.059655
7.162741
10.76736
14.27234
14.54313
12.00529
7.909503
5.890767
5.471474
5.250429
4.93251
5.119383
6.944161
9.87619
13.54639
15.69402
13.12799
10.83463
10.22996
10.06143
9.995471
10.15098
10.11429
10.39382
10.2261
10.18377
10.28493
10.24111
10.96486
10.4714
10.32679
10.28544
10.3518
10.317
10.46358
10.36093
10.33717
10.35617
10.34876
10.33682
7.095815
3.91093
4.323791
4.311787
5.714397
8.546206
5.947681
3.539788
4.376862
6.116792
13.5077
40.0818
42.58013
35.49861
34.69486
37.13789
35.54128
28.71751
21.01939
15.12096
10.06017
5.837553
5.405856
9.275208
12.33471
12.13606
10.03559
5.78498
3.743396
3.632172
3.53339
4.829421
6.819629
7.995979
11.07685
14.07339
17.47188
13.74924
10.85434
10.37555
10.34117
10.35661
10.32274
10.36881
10.1807
10.31379
10.39842
10.25364
10.46504
11.32363
10.23873
10.35712
10.47852
10.57119
10.66894
11.05734
10.87664
10.95366
11.27167
11.3039
11.28353
8.544661
5.43688
3.94088
3.13405
2.943348
2.950714
2.755135
2.581392
3.278709
5.203069
11.14081
26.77743
38.07899
39.38267
37.85203
35.17351
33.36724
30.18734
21.16385
12.35783
8.61405
7.490632
7.500539
8.384362
9.098122
9.224229
7.676581
4.911641
3.409215
3.063441
3.181329
4.079812
5.452234
7.292182
10.05155
13.42369
16.29384
15.58153
13.15559
12.09401
11.71399
11.70288
12.23881
12.19986
13.1772
12.73971
12.66525
13.25964
13.15189
15.36471
14.32195
13.79707
13.65646
14.35151
14.17655
15.54536
14.9227
14.70983
15.50979
15.25298
15.84887
10.93441
8.186565
4.07768
2.16252
1.576222
0.9824339
1.401716
1.899726
2.75308
4.237757
8.241993
17.14037
27.15301
38.00559
39.29406
32.79607
32.55324
36.10821
23.70004
9.216709
6.681733
10.59876
11.38262
7.599053
6.553387
7.282865
6.750383
4.462989
3.086224
2.874174
2.741524
3.290917
3.886562
5.987016
8.750766
12.51327
17.07646
18.06075
17.90623
16.86864
16.11014
15.80031
16.65475
16.26583
18.201
17.25477
16.7835
17.81282
17.24743
19.74413
19.53319
18.17121
17.61497
18.39773
17.67695
19.29563
18.42773
17.83094
18.35569
17.7758
10.12619
9.620092
7.353919
3.68093
1.766593
1.213063
1.017595
1.211197
1.627905
2.442403
3.833184
6.225127
10.24427
17.27529
29.13736
38.01318
40.03592
38.57946
33.88
23.39869
13.3234
9.949213
10.2567
9.158497
6.689676
5.650017
5.762794
5.572238
4.780739
3.913375
3.191459
2.854652
3.214482
3.874744
5.217141
7.482847
11.56316
16.45148
18.19789
18.65249
18.58173
18.13285
17.63203
17.82767
17.38371
17.90073
17.55231
17.16038
17.27744
16.92582
17.52049
17.29512
17.00894
16.6888
16.74941
16.45428
16.75475
16.4997
16.22493
16.2598
16.00216
6.102988
6.71739
7.416088
3.077879
1.171946
1.054008
1.208622
1.260461
1.39862
2.319501
3.817004
5.11435
5.996115
10.51395
23.08653
37.3264
53.51495
50.50498
32.37419
24.44478
22.04684
16.26249
9.459381
6.749595
5.831155
4.934748
4.881958
4.749232
5.519801
5.662323
3.86961
2.862336
3.440574
3.997823
4.622949
5.988835
11.0708
18.29649
17.70853
16.67828
16.26457
16.02938
15.78678
15.8081
15.50562
15.83501
15.53983
15.31075
15.34325
15.12646
15.97276
15.40782
15.24049
14.95484
15.07203
14.90163
15.06992
14.8044
14.59394
14.6805
14.46358
3.380205
3.675062
2.247807
2.38699
3.473632
3.760636
2.318327
1.228153
0.9547667
0.9431131
1.149415
1.63276
2.688034
4.225632
4.85808
4.883064
7.174148
14.28684
27.32045
47.70817
53.43742
40.84649
32.31388
27.53421
19.52616
11.55201
8.159895
7.056902
6.047488
5.171999
4.837052
5.524068
6.111733
5.782992
4.96676
4.049913
3.598505
4.280817
6.161782
10.88213
16.8317
16.91663
15.45105
14.88027
14.5621
14.34156
14.488
14.22425
14.66693
14.37665
14.15919
14.26374
14.04437
14.95973
14.43829
14.1478
13.92731
14.02769
13.80669
14.18758
13.90243
13.68141
13.77107
13.55044
1.649186
1.630285
1.444773
1.407696
1.320464
1.272945
1.297728
1.660091
1.764861
1.311587
1.430123
1.217466
1.160084
1.138114
1.06529
1.102885
1.074363
1.006035
0.9546007
1.017042
0.915872
1.081651
1.132114
0.9616944
1.030272
1.19151
0.9024428
0.9718498
0.9103005
0.9540484
1.046627
1.123873
1.014838
1.081357
1.82517
2.141039
1.356384
1.517937
1.200561
1.2768
1.150095
1.220243
1.35105
1.424237
1.289536
1.357662
1.670144
1.802874
1.49198
1.615543
2.345385
2.312509
1.911585
1.990261
1.719921
1.802075
1.917399
2.047854
1.716979
1.790768
1.607745
1.296694
0.9050703
0.5750396
0.9536202
1.948016
2.988124
5.317541
4.711119
3.604605
4.755957
7.987044
17.51676
42.4879
59.41756
55.91565
46.43776
33.71856
22.93778
14.80761
10.84619
10.00058
8.638561
5.863348
4.773875
5.194538
6.040057
9.311721
11.53853
5.097535
2.685296
4.3456
6.291883
11.3409
18.43634
15.88769
14.4539
13.90816
13.63269
13.41276
13.48627
13.26723
13.56034
13.27906
13.04922
13.1164
12.8867
13.63772
13.25343
12.9397
12.71069
12.82256
12.518
12.82171
12.69296
12.53993
12.45094
12.34694
0.967191
0.9416785
1.021821
0.9594066
1.010529
0.9883685
0.9846773
1.131
1.239802
1.301987
1.200593
1.256597
1.088334
1.179359
1.362975
1.421992
1.312125
1.366327
1.478325
1.529636
1.416725
1.4661
1.272429
1.363864
1.078108
1.21111
1.578684
1.62293
1.511965
1.553496
1.640477
1.453247
1.490821
1.400156
1.436587
1.525141
1.553976
1.469171
1.497258
1.681826
1.686399
1.576592
1.592677
1.520342
1.540585
1.599706
1.603527
1.547985
1.555707
1.350369
1.410676
1.275156
1.329637
1.459873
1.503771
1.512159
1.461382
1.474855
1.37282
1.412412
1.666872
1.63004
1.579234
1.564928
1.541766
1.519341
1.523207
1.485327
1.490269
1.52388
1.522095
1.495445
1.498148
1.441028
1.468181
1.479169
1.448546
1.459766
1.510628
1.497273
1.479058
1.483048
1.430294
1.289445
1.468002
1.402722
1.127285
0.8822026
1.029237
1.400404
1.892195
2.656531
2.717072
2.553218
3.469521
6.048756
13.30362
32.28236
56.62731
72.31333
66.03575
44.9679
29.36643
19.47932
13.8317
10.84906
8.784554
6.931569
5.830971
5.543739
6.42566
10.32571
13.28066
8.831846
6.180111
7.074928
8.558871
11.19902
13.60524
12.63414
12.38202
12.26749
12.22581
12.10618
11.96284
11.85618
11.67158
11.64829
11.54542
11.3702
11.28133
10.98651
11.0644
11.08803
11.01294
10.80313
10.7415
10.4515
10.51673
10.46814
10.22993
10.1939
0.9343121
1.033303
1.208164
1.293455
1.100881
1.167047
1.380299
1.422236
1.436941
1.390322
1.407764
1.318904
1.36292
1.382834
1.334112
1.355906
1.442736
1.471229
1.403236
1.452333
1.2556
1.303461
1.326476
1.27127
1.294195
1.18442
1.232383
1.255499
1.195525
1.219644
1.349984
1.412459
1.276112
1.343498
1.522003
1.538852
1.51274
1.644668
1.528395
1.778821
1.265501
0.8107864
0.9648262
0.9938216
1.324866
1.645881
2.724229
5.131398
10.87149
24.87832
51.43228
101.3776
100.2832
57.65954
36.40379
24.74794
17.2058
10.17429
7.621066
8.688803
8.166404
6.206005
5.969091
10.19918
14.69962
17.50573
19.74212
14.61483
13.03474
11.12403
9.158969
9.229304
9.617273
9.843099
9.943696
9.919683
9.65888
9.646314
9.246533
9.376238
9.353101
9.080717
9.085104
8.431785
8.639496
8.806293
8.820231
8.500824
8.559183
8.084669
8.191231
8.189108
7.949981
8.030035
0.9661515
0.9364251
0.9950883
1.03191
0.8951518
0.897899
1.111155
1.157851
1.178856
1.116954
1.136085
1.030921
1.075062
1.092011
1.032769
1.047372
1.192281
1.248236
1.11077
1.131464
1.063407
1.080928
1.13818
0.9534871
0.9758909
0.8783358
0.8940888
1.016201
1.030497
0.9727016
0.9834284
1.028478
0.9279555
0.9362387
0.8855306
0.8910658
0.9212652
1.283598
1.370209
1.004677
1.050742
1.294325
1.527015
1.364194
1.066843
1.014602
0.9310293
1.205661
1.773278
2.980652
5.265999
9.989993
20.38572
42.54843
84.68972
86.50009
50.66163
32.83167
24.6779
19.14492
13.44378
11.17761
11.94723
11.00535
8.377802
8.136303
12.31527
18.3653
24.94477
28.67809
22.23002
17.14321
12.27795
8.885034
7.482884
7.392424
7.559341
7.747654
7.782561
7.49739
7.537426
7.059149
7.21164
7.293939
6.962672
7.005968
6.440261
6.549909
6.714511
6.765343
6.466991
6.526444
6.038134
6.220192
6.289807
5.974557
6.056448
1.033699
0.9073719
0.8037948
0.776316
0.7465423
0.6842853
0.813264
0.8207285
0.7553065
0.7599299
0.8435479
0.8469068
0.8054176
0.8082437
0.8283596
0.773646
0.7741787
0.7463818
0.7428265
0.7517218
0.7164409
0.7194522
0.7002468
0.6987775
0.7240663
0.7186209
0.7070609
0.6998537
0.7108292
0.7025267
0.6900067
0.6777084
0.6852284
0.6607934
0.8283603
0.8304306
0.7381066
0.7263694
0.7915978
0.690674
0.677737
0.6626059
0.6464569
0.6401461
0.642446
0.6270563
0.6341339
0.6154852
0.6061536
0.5838983
0.5938946
0.571389
0.627892
0.657655
0.5459971
0.6002459
0.8581502
0.9355517
0.6940346
0.7627022
0.8983188
1.348529
2.179686
1.73287
1.237331
1.60447
2.690801
4.167249
6.113548
9.960877
16.95319
31.44759
60.91133
59.38678
32.05286
22.65059
21.37613
20.46438
20.9687
20.27452
17.07468
15.19627
11.75255
11.76022
15.91272
23.3591
27.29057
31.49467
24.87185
20.88016
13.66693
9.833656
6.685609
5.441822
5.521377
5.73107
5.828091
5.491575
5.607544
5.00244
5.25936
5.399306
5.023302
5.188451
4.605891
4.488841
4.830378
5.03213
4.675524
4.923303
4.189841
4.606744
4.882709
4.621458
4.921504
1.24709
1.086661
0.8704671
0.7249232
0.6748297
0.8303368
0.7339026
0.6210676
0.592371
0.5745555
0.5970316
0.5841526
0.634205
0.6055415
0.563394
0.5657542
0.5761861
0.5767131
0.5912015
0.5890356
0.5888025
0.6009844
0.5991702
0.5945664
0.6052225
0.6044432
0.6120586
0.6560595
0.6170913
0.6128765
0.6198204
0.6223979
0.6266887
0.6381268
0.6372573
0.6271562
0.6628234
0.6267139
0.6542839
0.6937201
0.7179416
0.6821199
0.7095501
0.6284162
0.6391405
0.6353513
0.6448858
0.6504348
0.6630739
0.6560881
0.6675468
0.6495027
0.6719597
0.676445
0.6910654
0.6819595
0.6949646
0.7135303
0.687678
0.7014575
0.6957321
0.7097106
0.7157505
0.7314788
0.7251436
0.7401703
0.7449714
0.8434019
0.7454703
0.7852285
0.7482756
0.766502
0.7569035
0.7760192
0.7880763
0.8134399
0.7979116
0.8235062
0.8439343
0.9341131
0.8660378
0.9544855
1.119203
1.544217
1.057275
1.208489
1.066755
1.209643
1.475577
2.138031
2.639367
1.869897
2.173582
2.370281
1.991759
2.251267
2.198237
1.898286
2.491341
3.988705
5.951924
8.139434
11.39325
15.94234
23.03044
32.99789
30.97135
20.18997
17.23215
19.44071
21.21352
22.13132
20.54518
16.57377
14.50438
12.66224
12.99472
15.69865
19.3561
20.59077
21.41861
18.48067
16.01037
12.05454
9.443811
7.140463
5.202711
4.649772
4.812026
5.051698
5.052419
5.25369
5.365689
5.344461
5.509412
5.675495
5.810936
6.625822
6.122639
6.02613
6.135764
6.396322
6.483875
6.933049
6.783691
6.851467
7.187133
7.236076
1.675224
1.53338
1.41324
0.988547
0.7080834
0.6599544
0.7638701
0.6821854
0.689617
0.7165609
0.7490395
0.7486296
0.7783684
0.7661189
0.8436176
0.7828886
0.8081211
0.8334023
0.8193367
0.8433432
0.8093411
0.8480104
0.8637697
0.898838
0.8729218
0.9075084
0.9441919
0.9924991
0.9525111
1.000839
0.9024145
0.9906067
0.891296
0.9705899
1.047262
1.110344
1.057602
1.118137
1.176609
1.248611
1.183361
1.2534
1.103779
1.195059
1.262973
1.210843
1.278864
1.359422
1.513842
1.332042
1.40146
1.347376
1.413802
1.468061
1.532525
1.477221
1.535758
1.143773
1.284048
1.222035
1.375786
1.420302
1.538888
1.522156
1.638553
1.658463
1.790155
1.593328
1.655616
1.589842
1.639197
1.708693
1.759646
1.683407
1.72949
1.91313
2.032273
1.81328
1.86663
1.77528
1.826294
1.931663
2.004262
1.897531
1.971859
1.628968
1.689571
1.718876
1.75336
1.755047
1.8664
1.951823
1.835387
1.937848
1.726778
1.900979
2.14295
2.230726
2.0994
2.25937
2.304005
2.373583
2.395374
2.51781
2.049946
2.151175
2.054849
2.17943
2.253476
2.349628
2.295847
2.406929
2.195638
2.465792
2.440601
2.525603
2.511238
2.608942
2.692288
2.594841
2.710015
2.705471
2.821438
2.811786
2.908337
2.930733
3.034391
2.567637
2.810216
2.851503
3.002282
3.000099
3.092189
3.133685
3.23005
3.307083
3.421546
3.227762
3.869585
3.945006
4.656873
5.791934
8.169301
11.55068
14.4665
16.65212
17.88915
16.04965
14.68579
13.25504
13.73493
19.37185
21.26599
17.25472
13.96497
10.83017
9.704515
10.291
11.91816
12.06713
12.48063
11.78377
10.98311
10.53408
9.507665
8.992269
8.282073
8.450898
8.221259
7.80317
7.606164
7.635827
8.040401
8.048756
8.746334
8.488872
8.471989
8.948809
8.841908
9.939291
9.720784
9.366461
9.265934
9.820012
9.670462
10.7526
10.18836
10.03144
10.49393
10.25988
1.974946
1.867486
1.756458
1.357109
1.063174
1.181365
1.426665
1.567512
1.879878
2.196633
2.624863
2.097116
2.275941
3.053579
3.46414
2.777938
2.990241
3.223179
3.387226
3.619238
3.899101
4.314701
3.294759
3.403718
3.484564
3.588123
3.502352
3.607596
3.69505
3.795478
3.843765
3.897574
3.999555
4.116693
4.218502
3.851195
4.081868
4.10196
4.212435
4.321493
4.426384
4.337646
4.4532
4.555309
4.672454
4.331309
4.52554
4.887274
5.049798
4.717655
4.78002
4.900214
5.018406
5.134388
5.227162
5.451858
4.347608
4.658646
4.75953
5.057858
5.402203
5.024877
5.152283
5.248221
5.373935
5.287777
5.441935
5.501319
5.636572
5.657047
5.719608
5.844387
5.936327
6.049315
5.769556
6.126456
5.988121
6.12696
6.16491
6.312602
6.276551
6.438729
6.446603
6.58893
6.364497
7.622305
6.507494
6.969381
6.776868
7.16931
7.787812
8.767485
10.16297
8.983769
10.44361
13.14571
16.27027
17.83781
17.00278
13.55568
12.89153
13.76717
14.38777
16.054
14.47933
10.65435
7.606451
5.346109
4.800195
5.949873
7.603257
7.875053
7.700908
7.011639
6.602444
6.95528
7.05541
7.211535
7.406493
8.876831
10.52235
10.98437
10.68199
10.43325
10.74417
10.56407
10.8344
10.77787
10.64281
10.73676
10.69156
10.33473
10.75929
10.7401
10.66021
10.74829
10.68963
10.75594
10.76665
10.72242
10.7983
10.76245
2.109744
1.991303
1.776915
1.792085
1.973562
2.22283
2.975387
3.987324
6.312371
6.544583
5.866332
6.161294
7.073948
7.38067
6.148394
6.318133
6.660518
6.816816
6.525657
6.619219
6.781983
6.809431
6.941796
6.959707
7.150489
7.535851
7.721678
6.921944
7.06385
7.054566
7.181739
7.214697
7.380898
7.31177
7.455415
7.315076
7.41054
7.529284
7.513654
7.60823
7.684254
8.160221
7.667916
7.852702
7.719222
7.880267
8.061365
8.31095
8.073749
8.312191
7.640658
7.726995
8.0874
8.09672
7.861238
8.073147
8.324686
8.084577
8.351032
8.036418
8.216862
8.717383
9.368887
8.755732
9.477833
10.61176
8.657765
9.030386
8.712792
9.126722
9.710232
8.813068
9.281553
9.021448
9.53615
9.760351
10.24078
10.04647
10.54274
10.58771
11.4556
11.09567
12.00561
12.36628
14.0701
12.95815
14.3414
17.12256
20.98585
19.56561
15.89675
16.20713
21.80949
20.16309
11.231
7.410512
5.71898
3.789333
2.153049
1.73355
2.906367
4.172713
4.812302
4.786124
5.048664
4.807336
4.0898
3.855262
4.266992
5.396345
6.509654
6.330993
6.26515
8.414415
10.40172
10.83679
10.84502
10.81176
10.90755
10.87076
11.01142
10.98539
10.93809
11.07603
11.00986
10.75969
11.28611
11.18941
11.09855
11.27866
11.14962
11.5924
11.32285
11.1633
11.29949
11.10165
2.640047
2.380911
2.051229
2.197823
2.638655
3.019424
3.882652
4.935652
7.301113
7.726625
8.16002
9.342226
9.201054
9.494633
11.62561
12.86315
9.943653
10.47475
10.99031
10.99962
11.509
11.29193
12.22719
11.49111
11.97419
12.00823
12.49072
12.91428
12.60997
13.08536
13.30741
13.7701
13.54314
13.98087
14.21911
14.65202
14.39812
14.73946
14.978
15.39499
15.81243
16.21952
16.58876
17.38309
13.74273
14.44122
14.91366
15.69375
16.0575
15.80752
16.20628
16.6535
17.05334
17.25343
17.53657
17.98485
18.44618
18.91832
18.38135
18.83515
19.39083
19.79012
17.99336
18.81642
19.87898
20.60882
18.0809
20.3715
19.72449
20.55168
21.28987
21.84749
21.3245
22.12956
22.42144
22.82517
22.47536
24.12158
23.28773
23.52994
22.49829
19.45736
21.77542
18.99151
16.12556
15.92878
17.53807
14.85681
15.82826
20.811
25.78981
17.4743
18.85653
24.36971
16.43196
17.30319
13.47688
11.01798
7.467327
9.814139
7.11112
5.638181
4.9715
5.435764
4.436768
4.317964
3.604337
3.675499
2.986981
2.892807
2.220757
2.375178
1.857232
1.629896
1.157348
1.439528
1.149644
0.9532831
1.267662
1.061393
1.237501
1.762367
2.306529
1.517702
1.742486
1.485012
1.68938
1.976632
2.215468
1.903111
2.120592
2.818059
3.242972
2.439502
2.652112
2.334948
2.508425
2.602252
2.457255
2.549391
2.845012
2.997403
2.688039
2.773679
2.630722
2.7038
2.843096
2.903672
2.768262
2.832596
3.526784
3.643009
3.110379
3.197117
2.955134
2.99864
2.881866
2.920797
3.03221
3.064825
2.951341
2.979796
3.245777
3.259199
3.083992
3.09108
2.988061
2.991711
3.097982
3.094095
2.996461
2.997027
3.63343
3.570336
3.25208
3.23656
3.092472
3.0904
2.994365
2.989332
3.081452
3.073937
2.983156
2.976466
3.219399
3.18592
3.063434
3.051346
2.967343
2.95711
3.043296
3.028062
2.945659
2.938656
3.629078
3.54623
3.364526
3.300238
3.450732
3.344192
3.229394
3.16477
3.141333
3.158864
3.130762
3.058005
3.040884
3.011806
2.994077
2.924709
2.911538
2.977373
2.960989
2.896311
2.881674
3.105806
3.083407
3.024756
3.004277
3.065338
3.055312
2.993244
2.990352
2.897552
2.923065
2.924082
2.852908
2.857714
3.188142
3.585226
3.035959
3.132225
2.937025
2.963665
2.873209
2.901915
3.026615
3.092491
2.966414
3.032853
3.300724
3.54593
3.172151
3.271486
3.112153
3.210423
3.388297
3.521228
3.32584
3.456943
4.28207
5.092056
3.850393
4.204483
3.668198
3.829291
3.601747
3.768189
4.003611
4.183758
3.938811
4.113571
4.586661
4.975057
4.37242
4.554428
4.299305
4.475472
4.783547
5.904713
6.239743
5.342696
5.663122
5.137923
5.469731
5.882356
6.031657
5.732257
5.937352
6.203006
6.03487
6.118332
6.167736
6.080309
6.200154
6.200475
6.208665
6.310059
6.406145
5.827671
6.318956
6.246144
6.343889
6.503558
6.664033
6.567972
6.902548
6.875425
7.137883
7.476218
8.807947
7.314408
7.765574
7.442979
7.773757
8.245527
8.724041
8.111763
8.441021
10.2678
11.24191
11.13786
10.81437
10.79507
10.61719
10.45121
10.49645
10.37216
10.18402
10.10498
9.176403
9.51904
8.70674
8.932691
9.76889
9.957364
9.930042
9.66702
9.664708
9.189704
9.393223
9.410018
9.13636
9.168404
4.159074
3.278673
2.489816
2.531868
2.800821
2.99833
3.285826
3.799567
4.197036
5.706669
8.123771
10.27122
12.12851
10.68825
12.44389
14.01564
12.68646
14.46925
14.73289
15.63992
16.65472
18.15711
19.45981
16.00922
18.44753
16.84948
18.8479
20.57809
19.27355
21.1871
21.0318
21.62962
22.14201
23.49586
23.91297
22.43648
24.23504
23.35766
25.78628
25.51658
25.76131
27.75676
27.42283
17.43052
18.0794
20.17055
19.78285
19.95626
21.02995
21.12623
18.6528
18.65725
19.0207
19.62027
20.1121
20.12312
20.38863
21.20596
21.33544
20.64457
21.01963
21.60769
21.8751
22.33412
22.37079
23.92725
23.66499
22.2802
22.17225
23.3331
23.05541
25.4982
24.12517
22.50246
22.77162
23.43407
23.34933
19.45492
19.92812
20.48844
20.89669
20.36693
20.77931
21.32493
21.78549
22.02666
22.99634
21.17808
21.54896
22.20447
22.58394
21.9063
22.18841
22.92898
23.17633
23.95187
24.62421
24.39217
27.50022
22.47767
22.66381
23.39206
23.48661
22.815
22.94356
23.4534
23.47114
24.66938
24.36163
22.97892
23.20191
23.48133
23.50632
23.50173
23.92072
23.83211
24.28159
24.0811
23.81387
23.82198
23.93679
23.90121
26.06121
24.27179
23.77622
23.65266
22.85976
23.76476
23.90611
23.83426
23.95855
23.84873
23.86009
24.01825
24.01704
23.89347
24.03193
23.76076
23.23036
23.95428
23.7818
24.00344
23.87614
23.3321
23.5936
23.7191
22.61206
22.84782
23.92485
23.94434
23.82148
23.90927
23.72411
23.2302
23.76821
23.32851
23.45699
23.905
22.0734
20.61659
21.98212
20.25743
17.84638
22.4613
21.51626
22.55301
21.45181
20.50939
19.45902
20.2854
19.09719
21.79492
19.88794
18.66113
19.3218
18.01875
17.7074
15.89321
17.5229
16.50466
16.88131
15.86233
15.57551
14.7367
14.95327
14.19164
15.13355
13.43206
14.371
13.15178
13.97835
13.29137
13.45736
12.78966
12.15827
12.17392
11.51821
11.1248
10.75318
10.48149
10.21493
9.870147
12.9102
13.7696
14.19181
12.59272
12.91409
11.20741
11.29044
10.35706
10.38967
9.795579
9.901357
10.4753
10.58544
10.03193
10.1525
11.70437
11.83944
11.19208
11.32628
11.98178
12.11669
11.45672
11.58454
10.71814
10.84874
10.28602
10.41836
10.81459
14.66641
15.09936
13.49503
13.6582
12.84046
12.98546
13.80425
13.9239
13.08853
13.17507
15.26266
15.11287
13.96423
13.93859
13.19708
13.15174
13.8055
13.62812
13.04155
12.84027
12.24544
12.36638
11.69793
11.78951
12.16823
11.00677
11.05824
12.16106
11.93205
11.03028
10.80381
14.44006
13.41336
13.33114
12.9108
12.52786
12.21359
12.49556
12.0221
11.81416
11.39129
12.15832
10.80206
11.50364
10.94841
10.92934
10.39136
10.38545
9.77684
9.88842
9.382306
11.42258
10.72252
10.38773
9.791682
9.921384
9.045437
9.103242
8.363398
9.522323
8.287672
9.224903
8.686446
8.870455
8.39674
8.186692
7.703904
7.926966
7.478593
7.255783
6.3598
7.240083
6.80425
7.072333
6.667239
6.40645
6.013714
6.283232
5.910516
8.17955
7.370713
7.624141
6.922291
6.623942
5.928178
6.282456
5.709314
5.575699
4.938476
5.635946
5.297235
5.555664
5.222319
4.97999
4.688395
4.912101
4.610481
4.400071
3.922772
4.40854
4.147071
4.326948
4.053895
3.900238
3.666373
3.806326
3.575228
5.271216
4.635658
5.11633
4.447976
4.056307
3.555078
3.864816
3.373127
3.513722
3.131629
3.452267
3.256741
3.358358
3.162401
3.070398
2.891366
2.97222
2.793743
2.79761
2.493718
2.723835
2.565696
2.629956
2.473214
2.417948
2.28364
2.327592
2.193442
3.120855
2.74842
2.949279
2.582629
2.417728
2.131661
2.263779
1.982578
2.223371
1.983435
2.15539
2.035514
2.072374
1.958799
1.927688
1.829838
1.859726
1.76764
1.774198
1.589548
1.736724
1.649253
1.682283
1.602217
1.565816
1.487992
1.524457
1.452759
1.899834
1.71945
1.752235
1.610761
1.57241
1.43968
1.497502
1.391201
1.426096
1.286398
1.413628
1.348399
1.38498
1.322637
1.28544
1.228847
1.264951
1.210817
1.17553
1.10677
1.177462
1.135376
1.162621
1.120494
1.102339
1.081729
1.087605
1.064581
1.31977
1.211833
1.286754
1.187738
1.11811
1.070484
1.045898
1.053319
1.024918
1.095668
1.014681
1.07681
1.100618
1.06775
1.067468
1.050713
1.052845
1.080322
1.107042
1.068262
1.097002
1.177222
1.300869
1.147813
1.198636
1.138674
1.191463
1.259753
1.330645
1.252341
1.323394
1.018578
1.053336
0.9600401
1.012665
1.147275
1.280279
1.134787
1.2768
1.425966
1.514936
1.414878
1.50626
1.610355
1.707025
1.592089
1.689968
1.406579
1.492163
1.402106
1.483042
1.625238
1.808079
1.916321
1.793002
1.896953
2.02301
2.128565
2.003694
2.107122
1.829943
2.035378
1.43656
1.618626
1.441467
1.623862
1.924602
2.231268
2.326305
2.207461
2.299843
2.41833
2.506367
2.390099
2.472499
2.232751
2.39999
2.597136
2.71395
2.534075
2.628531
2.316893
2.51598
2.794578
2.85142
2.684899
2.710502
2.867229
2.866285
2.723816
2.716286
2.576641
2.548009
2.85662
2.846669
2.695308
2.684579
2.831828
2.819881
2.681926
2.679086
2.473199
2.514272
2.797713
2.779881
2.667427
2.646677
2.758615
2.752381
2.625791
2.62187
2.528431
2.473595
2.78491
2.894277
2.642849
2.741659
3.059598
3.298308
2.919289
3.166872
2.434781
2.844919
3.592386
3.925761
3.468625
3.801698
4.22012
4.400258
4.150401
4.336334
4.578589
4.758692
4.517466
4.697073
4.160544
4.526933
3.515638
4.241588
4.934678
5.104235
4.869484
5.03987
5.270159
5.432222
5.207676
5.372923
4.880017
5.222042
5.573063
5.702694
5.519155
5.656058
5.821497
5.93038
5.783999
5.899981
5.524364
5.802302
4.95136
5.586032
6.026505
6.119489
6.012725
6.119894
6.192079
6.275427
6.222967
6.308299
6.044853
6.22277
6.33051
6.236699
6.358681
6.402457
6.500046
6.579383
6.589861
6.691647
6.44667
6.54958
6.490879
6.626512
6.676867
6.798732
6.765853
6.901247
6.034761
6.315391
6.006263
6.31597
6.621434
6.95637
6.656991
7.035892
6.664059
6.751751
6.791616
6.894374
6.842834
6.950361
6.995731
7.107096
7.047985
7.28438
7.048984
7.15164
7.202427
7.294627
7.258414
7.369226
7.384646
7.473731
7.47523
7.600641
7.623968
7.918977
7.483777
7.601464
7.562935
7.652792
7.721426
7.842552
7.743262
7.83377
7.702153
7.782975
7.963534
8.079409
7.899388
7.985439
8.172991
8.27304
8.0701
8.148041
7.867565
7.948737
7.806595
7.727601
8.372832
8.4632
8.220581
8.276775
8.542645
8.700355
8.335993
8.409414
8.014595
8.08323
8.775287
8.840538
8.542576
8.60825
8.89578
8.940862
8.670562
8.727831
8.250168
8.459988
8.529811
8.26399
8.347916
7.589633
7.853609
8.051297
8.143503
7.893614
8.005436
7.503877
7.764206
7.897793
7.694812
7.830701
5.615252
4.49528
3.293766
2.941605
2.782369
2.695305
2.783233
3.141014
3.453172
4.896807
6.890275
8.534272
6.48006
7.819048
10.04922
11.2367
9.741898
10.85786
12.66872
14.03536
15.08481
13.89252
14.92144
11.99527
12.77039
11.71335
12.47955
13.64111
14.62165
13.30097
14.21349
9.296453
10.1941
10.78119
9.910828
10.46679
8.790614
9.625031
10.13397
9.330039
9.80574
11.41077
12.13194
11.07353
11.71589
13.08509
10.79245
12.04307
16.29264
17.66939
16.09689
17.42067
19.3249
21.24235
18.99104
20.75586
16.08857
18.67476
24.37966
27.50147
21.44915
23.15009
14.8865
17.6935
23.77355
22.10258
18.28507
17.51109
20.22377
22.83758
20.18804
15.70046
14.67361
19.46488
20.06417
13.97319
13.39764
20.02487
17.3448
16.79666
15.12005
15.23251
13.57402
13.5647
12.2597
12.17038
10.64099
12.84891
12.22251
12.27165
11.69663
11.64267
11.12245
11.17422
10.68886
11.19276
10.29413
10.64446
10.20895
10.26512
9.888823
9.792569
9.418728
9.540545
9.287434
9.603923
9.132212
9.327823
8.549114
9.311452
9.51975
8.916222
8.981182
9.747677
9.960815
9.138464
9.296737
8.273377
8.479936
9.782586
9.680816
8.701425
8.610334
8.971903
7.750484
7.931572
6.82544
6.493315
5.400373
5.60682
4.524454
4.326766
3.277719
3.591352
2.827474
2.518036
1.956761
2.246552
1.811221
1.581939
1.388078
1.529057
1.369179
1.223606
1.074904
1.266219
1.1947
1.023145
1.2416
1.208825
1.374452
1.559031
1.930879
1.642851
1.945429
2.34362
2.477879
2.462866
2.589175
2.808423
3.949
5.186283
6.050309
6.713093
5.876447
6.303853
7.414527
7.674996
7.500692
7.426854
7.648054
7.799413
7.694703
7.824731
7.712882
7.787359
7.901891
7.919296
8.012978
8.032614
8.042138
8.05019
8.120281
8.220503
8.275551
8.437641
8.406776
8.448229
8.608919
8.637003
6.189366
5.609291
5.040407
3.328324
2.416598
2.249111
2.408162
3.045302
4.267347
4.808348
5.388582
5.094263
5.255052
5.434239
5.209373
5.327341
5.982494
6.443738
5.833246
6.185353
6.957996
7.576501
6.621113
7.099143
7.406362
6.896625
7.183943
5.658682
5.91784
6.078093
5.803281
5.93754
5.486419
5.580163
5.413384
5.498592
5.690464
5.803116
5.585654
5.689704
6.253413
6.45326
6.09033
6.27558
6.700279
6.959134
6.485879
6.754821
5.928874
6.305241
8.214675
8.602595
7.968893
8.333325
9.017865
9.460438
8.733125
9.146351
7.72504
8.077505
7.492931
7.818928
8.488559
10.02532
11.02037
9.306702
10.14243
7.310608
7.975704
6.882001
7.518208
8.728568
11.92989
13.27265
9.887328
10.53513
11.69028
9.265461
8.471302
7.729287
7.120318
6.957994
7.025682
7.810814
6.574211
3.915798
2.469658
1.702986
1.36638
1.361942
1.515646
1.959932
2.362295
2.630829
2.772087
3.258662
3.855415
4.63734
5.360766
5.752653
5.90591
7.803445
8.829616
8.897652
8.827634
8.841302
9.063921
9.060722
9.445025
9.318595
9.2944
9.591626
9.540228
9.999694
10.10493
9.880931
9.793228
10.17964
10.04505
10.86542
10.47224
10.27908
10.69695
10.47015
4.953931
4.534344
4.459975
2.751201
1.872489
1.774376
1.97592
2.658864
3.908563
4.887133
3.304653
3.974677
4.216304
3.570169
3.806477
5.053289
5.049645
4.760196
4.815531
5.112244
5.216566
5.274149
5.104278
5.16614
4.925701
4.966716
4.813535
4.863735
5.017377
5.077145
4.921872
4.988081
4.382911
4.575484
4.628546
4.395234
4.483248
4.056592
4.147052
3.873913
3.975414
4.232687
4.330014
4.073925
4.171114
4.68494
4.751563
4.554222
4.633556
4.813791
4.394619
4.603083
5.339905
5.412516
5.231619
5.311693
5.476471
5.149848
5.324935
5.737412
5.010945
5.594213
6.737186
7.870837
6.469824
7.556623
8.917525
8.967523
6.810708
6.459868
5.992914
5.49213
5.156866
5.038007
5.68969
4.816225
2.851496
1.942522
1.586717
1.517247
1.830337
2.177385
2.704874
3.06802
3.433827
3.672429
4.443411
5.2278
5.927014
6.505883
6.76335
6.571522
8.728848
10.71753
11.35351
10.85512
10.55287
10.81601
10.48572
10.93246
10.70738
10.42833
10.54605
10.31237
10.19864
10.41843
10.30942
10.16404
10.12004
9.936967
10.02985
9.93684
9.769898
9.762476
9.604382
2.332612
2.343632
2.009683
1.660011
1.29427
1.326528
1.535082
1.995855
2.339265
1.735788
2.010349
2.732571
3.206444
3.446193
2.900497
3.151269
3.26671
3.003589
3.121358
2.311446
2.462247
2.144356
2.274906
2.339305
2.1928
2.243302
2.647674
2.748864
2.523669
2.617196
2.863288
2.984352
2.7328
2.858759
2.406944
2.494693
2.301589
2.378303
2.620102
3.701648
3.812389
3.540148
3.658663
3.905851
3.389294
3.513001
3.247245
3.380214
3.644472
4.166852
3.129398
3.435273
2.931435
3.276099
3.838277
4.902078
6.90393
9.805313
10.30147
9.593952
9.240485
9.454536
6.932068
3.899011
3.097135
3.216798
2.80841
2.025397
1.692386
1.794568
2.165736
3.019035
4.05113
4.555976
5.136015
5.506619
5.999164
6.408768
7.064317
7.86503
9.110137
10.10386
11.65815
10.33743
9.822237
9.709129
9.596724
9.442136
9.437934
9.282948
9.425687
9.283674
9.125413
9.131067
8.967294
9.44704
9.150024
8.976786
8.805663
8.844754
8.671015
8.870665
8.671352
8.487976
8.47888
8.286664
1.554256
1.6307
1.388859
1.275539
1.005741
1.063706
1.147353
1.033919
1.082117
1.219406
1.322346
1.142938
1.182424
1.113274
1.153801
1.236985
1.318007
1.208074
1.271216
1.314104
1.254339
1.293662
1.524722
1.650302
1.458433
1.573677
1.775948
1.899277
1.694242
1.801813
1.862677
1.77239
1.834887
1.412607
1.505924
1.563656
1.483924
1.541087
1.359065
1.408318
1.340532
1.389128
1.463121
1.520566
1.442026
1.500733
1.623451
1.685096
1.601022
1.663468
1.748359
1.812912
1.728153
1.795669
1.603138
1.740235
2.016816
2.078184
1.959425
2.015461
2.127909
2.171297
2.074545
2.12029
1.922827
1.984026
1.897583
1.961208
2.061795
2.204372
2.454634
2.209758
2.450136
1.907604
2.056865
1.887746
2.063296
2.38293
2.96728
3.733339
3.039937
3.906682
5.05533
7.206275
10.09595
10.95681
11.50901
11.20134
11.25406
7.269682
3.306023
2.225448
2.023638
1.757227
1.511488
1.526687
1.965031
2.724757
4.281005
6.221424
6.882757
7.812712
8.230145
8.84653
8.550549
8.662777
8.942466
10.18352
11.0569
13.19935
9.332864
8.594271
8.469044
8.260209
8.060514
7.998868
7.837365
7.785942
7.69652
7.555203
7.387619
7.253456
7.074408
7.05819
7.050495
6.940231
6.718712
6.63271
6.322725
6.378825
6.313716
6.042391
5.99731
1.730066
1.807078
1.726185
1.636579
2.049396
1.961983
1.473676
1.296094
1.673707
1.430765
1.320136
1.500519
1.37082
1.13765
1.053389
1.220018
1.137991
1.251999
1.169551
1.127958
1.179443
1.129929
1.079873
1.0499
1.092899
1.072521
1.092484
1.070426
1.057075
1.048533
1.058005
1.051583
1.031863
1.034803
1.033141
1.029815
1.046535
1.063167
1.038498
1.047577
1.055415
1.040925
1.047057
1.037876
1.034304
1.040557
1.034122
1.030574
1.030531
1.031998
1.030956
1.043227
1.03727
1.045581
1.042463
1.033361
1.031606
1.032294
1.028091
1.028283
1.035101
1.038945
1.030339
1.031764
1.028498
1.023819
1.088897
1.121503
1.142911
1.106927
1.126932
1.065397
1.076987
1.054376
1.064185
1.091852
1.110109
1.076741
1.092342
1.168123
1.198565
1.150761
1.180335
1.236489
1.275096
1.217445
1.25552
1.136646
1.204327
1.041202
1.057825
1.021181
1.021982
1.095944
1.332187
1.441408
1.292146
1.400077
1.622929
1.278407
1.542715
1.960798
2.439436
1.912709
2.431003
3.6745
6.82455
7.57875
7.021773
8.080442
10.44099
9.539613
6.83731
4.94235
3.632303
2.340925
1.307446
1.069751
1.309439
1.585889
2.013301
2.878432
4.570206
6.784614
8.216366
9.697654
10.58626
11.18675
9.977844
9.06407
8.026723
7.518441
7.744677
7.383503
5.881161
5.521854
5.609046
5.71148
5.685973
5.387858
5.381848
4.927908
5.073223
5.08703
4.7694
4.803809
4.161118
4.288985
4.478606
4.534988
4.203939
4.270701
3.71831
3.940845
4.044806
3.71823
3.850113
1.929394
1.993985
2.146553
2.126006
2.193111
2.259757
2.227038
2.259965
2.276973
2.259764
2.279286
2.250776
2.370549
2.31857
2.412699
2.381108
2.137111
2.393374
2.251428
2.137466
2.250834
2.145012
2.326058
2.368914
2.377515
2.34087
2.33973
2.298951
2.314648
2.294584
2.303587
2.320815
2.313995
2.303948
2.293438
2.353138
2.30418
2.318484
2.279633
2.231441
2.146626
2.218479
2.146078
2.266781
2.169227
1.920936
1.734088
2.030336
1.929234
2.04575
1.949093
1.834469
1.737972
1.857057
1.769877
1.591868
1.515888
1.628268
1.54985
1.444886
1.376464
1.475533
1.404826
1.654382
1.575573
1.687379
1.609241
1.482085
2.019462
1.852225
2.038944
1.895722
1.696233
1.549969
1.753187
1.622339
1.313765
1.251297
1.337315
1.272108
1.189961
1.135523
1.210157
1.148579
1.34408
1.227743
1.073223
1.064925
1.141846
1.109136
1.408166
1.245873
1.057922
1.047325
1.087643
1.066993
1.03616
1.1483
1.0791
1.001362
1.007665
1.032943
1.045319
1.284042
1.900331
2.977719
5.830999
5.332358
4.275814
5.053175
7.334035
6.261746
3.979908
3.221577
3.200945
2.275098
1.104129
0.8879496
1.219757
1.47534
1.763073
2.461584
4.0401
6.374219
7.982265
10.02943
11.03467
12.0209
9.813325
8.450263
6.762873
5.621597
5.357651
4.776
4.031478
3.328057
3.239413
3.566996
3.696639
3.45507
3.635343
3.22195
3.436017
3.631798
3.464039
3.628663
3.433894
3.387682
3.514777
3.658501
3.564767
3.708617
3.554558
3.636873
3.748186
3.711572
3.815358
2.18229
2.189184
2.295383
2.299118
2.347145
2.328726
2.295178
2.286086
2.329126
2.336043
2.367005
2.377272
2.338797
2.340664
2.376542
2.374537
2.194683
2.216533
2.239207
2.240396
2.253206
2.264555
2.273312
2.23159
2.250343
2.248271
2.262499
2.26726
2.281233
2.274628
2.283702
2.264696
2.274657
2.281264
2.287149
2.288405
2.279637
2.282667
2.310493
2.310394
2.288698
2.293765
2.312838
2.314312
2.338235
2.337969
2.36894
2.365084
2.347073
2.306895
2.303827
2.337742
2.323038
2.291063
2.27945
2.286354
2.264638
2.19341
2.280181
2.186066
2.002951
1.789434
2.043285
1.901918
1.590757
1.224814
1.029148
1.108799
1.377224
1.586317
1.642865
2.024952
2.490444
3.036277
3.358622
3.137028
2.43164
2.158032
2.131511
1.902305
1.633582
1.409878
1.249258
1.212707
1.273981
1.64634
2.794731
4.444821
6.073065
7.683179
8.866883
9.250589
7.92294
6.627
5.949807
5.122557
4.315464
3.551017
3.610573
3.651504
3.708752
3.786787
3.886026
3.861623
3.958605
3.851996
3.935854
4.032392
4.00969
4.107301
3.856382
3.989008
4.083683
4.183742
4.15875
4.262632
4.130068
4.266065
4.383894
4.347143
4.472571
2.364773
2.385248
2.406825
2.425607
2.454398
2.390368
2.413552
2.418622
2.447665
2.447695
2.479758
2.469001
2.492874
2.415369
2.415653
2.464049
2.455094
2.424046
2.495887
2.475859
2.444769
2.471251
2.470335
2.494565
2.513435
2.501805
2.543785
2.530918
2.404786
2.386175
2.450534
2.420521
2.359426
2.490609
2.40916
2.25162
1.995031
1.799827
1.231576
0.8990541
0.8525133
0.9382168
0.9103182
0.7122279
1.111617
1.731621
2.314672
2.401759
2.485034
2.090725
2.006061
1.988665
1.973668
2.206658
1.952017
1.379166
1.104309
0.9928884
1.124509
1.988985
3.147958
4.248989
5.561196
6.67375
7.562909
6.779465
5.916137
6.237755
5.573646
4.553345
3.305126
4.031239
4.177177
4.280238
4.417187
4.571636
4.525779
4.657832
4.559494
4.69378
4.832568
4.849264
4.989778
4.874213
4.949474
5.033584
5.16719
5.235411
5.362117
5.415907
5.479884
5.607177
5.712811
5.834098
2.615607
2.630512
2.793679
2.787648
2.558419
2.252678
1.838008
1.47476
1.014429
0.718101
0.6006127
0.553504
0.6765588
0.9300703
1.34876
1.961919
2.763068
3.556681
3.936912
3.937237
3.548908
3.078042
2.706957
2.407953
2.069656
1.674309
1.308182
0.9851675
1.014633
1.53289
2.192336
2.735136
3.440185
4.798255
6.104025
6.647962
7.170804
8.258771
8.695896
6.537828
5.323917
5.67563
5.837458
5.918382
5.959137
6.074531
6.219064
6.328273
6.47813
6.49302
6.595329
6.781489
6.875703
7.064358
7.103453
7.08486
7.169173
7.403138
7.47494
7.803696
7.73539
7.719998
8.023074
8.042239
3.111173
2.662709
2.149202
1.433691
1.085466
0.6902198
0.5035655
0.4403617
0.3771648
0.636717
1.240247
1.977275
2.810545
4.299813
6.17681
6.79663
6.987112
5.502948
4.080207
3.061279
2.305667
1.927907
1.715087
1.435993
0.9823521
0.9178872
1.32381
1.722438
1.940666
2.312565
3.74753
5.447964
6.68328
7.996562
9.77385
12.23808
8.017856
6.773011
7.523627
8.414134
8.573013
8.371077
8.363564
8.748976
8.672225
9.250755
9.133323
9.138428
9.387335
9.413441
9.267234
9.609127
9.620724
9.652236
9.830138
9.878308
10.02259
10.08237
10.10146
10.30304
10.38525
3.359262
2.628063
1.711947
0.8901553
0.4660901
0.3781718
0.3573004
0.3867424
0.4733132
0.795517
1.573765
2.933985
5.280332
8.108072
10.77904
10.33816
7.566767
5.171712
3.388858
2.316224
1.668737
1.36067
1.275127
1.188164
1.135248
1.16514
1.286387
1.459091
1.707652
2.173462
3.277665
4.872808
6.70509
8.158575
8.231399
7.559702
6.956451
6.807596
8.671774
10.08888
10.46702
10.53678
10.62587
10.78753
10.88061
10.99839
11.05873
11.15285
11.35349
11.44531
11.25579
11.64501
11.67464
11.76007
12.0245
12.0982
12.44013
12.40412
12.45902
12.79645
12.81947
4.084626
2.601029
1.489396
0.5979466
0.2105166
0.2372891
0.2656374
0.3709112
0.53176
0.988517
2.014764
3.937214
8.565176
13.00069
18.26154
14.93312
8.202154
4.938604
2.896427
1.830715
1.21539
0.9620398
0.9570965
0.9949368
1.181746
1.333353
1.311221
1.367553
1.610102
1.997909
3.137691
4.812569
7.316285
9.176572
7.891562
5.746425
6.718178
6.542896
10.28911
12.86844
13.41968
13.22451
13.20943
13.68447
13.59348
14.4387
14.07237
13.99485
14.62952
14.72967
14.0882
14.85643
14.97301
15.02917
15.23442
15.31405
15.44626
15.50381
15.60132
15.88927
16.01796
4.016732
2.364429
1.097129
0.517579
0.2796318
0.2388424
0.2735886
0.4061313
0.6834717
1.248725
2.320154
4.220996
7.562464
13.28851
20.46992
18.08874
10.47282
5.990003
3.489375
1.997576
1.165955
0.8621385
0.8312957
0.8944666
1.047558
1.233602
1.451798
1.613369
1.691238
2.054515
3.311479
5.6275
8.925757
11.60134
10.99114
9.883015
9.991711
11.29625
14.19133
15.614
16.10976
16.22012
16.35136
16.58751
16.71534
16.95573
16.99503
17.11416
17.4455
17.55099
17.9175
18.00184
17.94135
18.0282
18.4846
18.54745
19.26919
19.07675
19.10942
19.90385
19.94539
5.118425
2.18425
0.8564457
0.4741847
0.281063
0.225812
0.2412309
0.4108717
0.8273169
1.534739
2.68027
4.512577
7.113094
13.93831
27.13532
24.11392
13.6195
7.783418
4.490991
2.288512
1.082531
0.7413459
0.7412951
0.7993184
0.9181708
1.112963
1.538253
1.886272
1.721462
1.918936
3.548204
6.760811
11.84075
17.77313
16.55107
15.88448
15.70641
18.09351
20.59227
21.06781
20.9154
20.58527
20.5861
21.30427
21.25816
22.56277
22.0988
21.95192
23.12867
23.13196
24.59466
24.23766
23.89083
23.72816
24.56038
24.48498
25.85487
25.37598
25.27793
26.24456
26.11704
3.002507
1.886382
0.9426821
0.4622108
0.2428282
0.1783941
0.1811907
0.3758903
0.9887525
1.939202
3.104446
5.405984
10.11776
18.70957
30.28967
28.58226
17.90825
10.23857
5.533797
2.473219
0.9792881
0.6477793
0.7290996
0.8143421
0.8269756
0.9807758
1.470377
1.869851
1.838767
2.172963
3.835352
7.61521
15.43123
23.95406
22.20946
19.9609
21.10434
24.71405
28.78652
28.83115
27.81229
27.17581
27.01071
28.17776
27.96579
30.11388
29.25769
28.98789
30.42239
30.08122
34.49765
32.83748
31.67777
31.24794
33.02792
32.4866
36.07634
34.47258
33.78945
36.0023
35.29355
2.564394
1.824185
1.061472
0.4766076
0.1859429
0.1474633
0.1035974
0.3522266
1.413432
2.703519
3.795237
7.369877
15.68292
27.08788
42.86138
37.52373
23.17865
12.72784
6.769523
2.734358
0.8138825
0.5231254
0.7763597
0.9028268
0.7785016
0.8442861
1.491337
2.063771
1.939818
2.195753
4.491826
8.682204
20.16358
38.84221
27.16882
21.88968
26.29967
32.52534
37.58905
41.69697
39.99033
37.71409
36.64684
39.27744
37.9333
44.03371
40.66859
39.04214
41.64419
40.18561
44.04662
44.58893
42.29079
41.18917
42.65928
41.28066
43.43131
42.31886
41.12746
41.86553
40.83174
2.93787
2.036608
1.15937
0.5867485
0.3018718
0.2050147
0.200389
0.4883537
1.672303
3.819969
6.861986
12.02039
21.92098
35.00991
47.55817
41.77513
25.99832
13.44997
6.025158
2.603533
1.157808
0.7951826
0.853295
0.9468683
1.014495
1.173677
1.52341
1.955853
2.472361
3.602916
6.715593
12.7989
21.17194
29.03269
28.50108
28.25047
32.22034
38.58286
41.28977
42.55248
42.1762
41.38162
40.46671
40.90643
40.07708
41.17032
40.45783
39.68821
40.04297
39.3135
41.3611
40.38419
39.66356
38.95903
39.31811
38.62622
39.77543
39.00301
38.31317
38.71261
38.01495
4.487309
2.251586
1.348197
0.752682
0.4385528
0.3200773
0.2548642
0.6896349
2.479064
5.198684
11.25378
16.94441
28.96707
39.34124
54.07932
43.21926
27.10964
13.50051
5.294826
2.58416
1.538534
1.110205
1.005859
1.04776
1.324151
1.573663
1.614953
1.921859
3.059921
5.112794
9.512058
18.60923
20.95616
25.02128
27.62248
31.73678
36.56163
47.23686
42.1235
40.48671
39.59738
38.94793
38.37604
38.65717
38.07422
39.08634
38.35648
37.76026
38.02255
37.42051
39.12758
38.53657
38.05513
37.97253
38.01873
37.66828
38.04096
37.70161
37.36376
37.38457
37.06
0.1
0.1
0.1
0.1
0.1
0.1
0.1
0.1
0.1
0.1
0.1
0.1
0.1
0.1
0.1
0.1
0.1
0.1
0.1
0.1
0.1
0.1
0.1
0.1
0.1
0.1
0.1
0.1
0.1
0.1
0.1
0.1
0.1
0.1
0.1
0.1
0.1
0.1
0.1
0.1
0.1
0.1
0.1
0.1
0.1
0.1
0.1
0.1
0.1
0.1
0.1
0.1
0.1
0.1
0.1
0.1
0.1
0.1
0.1
0.1
0.1
0.1
0.1
0.1
0.1
0.1
0.1
0.1
0.1
0.1
0.1
0.1
0.1
0.1
0.1
0.1
0.1
0.1
0.1
0.1
0.1
0.1
0.1
0.1
0.1
0.1
0.1
0.1
0.1
0.1
0.1
0.1
0.1
0.1
0.1
0.1
0.1
0.1
0.1
0.1
0.1
0.1
0.1
0.1
0.1
0.1
0.1
0.1
0.1
0.1
0.1
0.1
0.1
0.1
0.1
0.1
0.1
0.1
0.1
0.1
0.1
0.1
0.1
0.1
0.1
0.1
0.1
0.1
0.1
0.1
0.1
0.1
0.1
0.1
0.1
0.1
0.1
0.1
0.1
0.1
0.1
0.1
0.1
0.1
0.1
0.1
0.1
0.1
0.1
0.1
0.1
0.1
0.1
0.1
0.1
0.1
0.1
0.1
0.1
0.1
0.1
0.1
0.1
0.1
0.1
0.1
0.1
0.1
0.1
0.1
0.1
0.1
0.1
0.1
0.1
0.1
0.1
0.1
0.1
0.1
0.1
0.1
0.1
0.1
0.1
0.1
0.1
0.1
0.1
0.1
0.1
0.1
0.1
0.1
0.1
0.1
0.1
0.1
0.1
0.1
0.1
0.1
0.1
0.1
0.1
0.1
0.1
0.1
0.1
0.1
0.1
0.1
0.1
0.1
0.1
0.1
0.1
0.1
0.1
0.1
0.1
0.1
0.1
0.1
0.1
0.1
0.1
0.1
0.1
0.1
0.1
0.1
0.1
0.1
0.1
0.1
0.1
0.1
0.1
0.1
0.1
0.1
0.1
0.1
0.1
0.1
0.1
0.1
0.1
0.1
0.1
0.1
0.1
0.1
0.1
0.1
0.1
0.1
0.1
0.1
0.1
0.1
0.1
0.1
0.1
0.1
0.1
0.1
0.1
0.1
0.1
0.1
0.1
0.1
0.1
0.1
0.1
0.1
0.1
0.1
0.1
0.1
0.1
0.1
0.1
0.1
0.1
0.1
0.1
0.1
0.1
0.1
0.1
0.1
0.1
0.1
0.1
0.1
0.1
0.1
0.1
0.1
0.1
0.1
0.1
0.1
0.1
0.1
0.1
0.1
0.1
0.1
0.1
0.1
0.1
0.1
0.1
0.1
0.1
0.1
0.1
0.1
0.1
0.1
0.1
0.1
0.1
0.1
0.1
0.1
0.1
0.1
0.1
0.1
0.1
0.1
0.1
0.1
0.1
0.1
0.1
0.1
0.1
0.1
0.1
0.1
0.1
0.1
0.1
0.1
0.1
0.1
0.1
0.1
0.1
0.1
0.1
0.1
0.1
0.1
0.1
0.1
0.1
0.1
0.1
0.1
0.1
0.1
0.1
0.1
0.1
0.1
0.1
0.1
0.1
0.1
0.1
0.1
0.1
0.1
0.1
0.1
0.1
0.1
0.1
0.1
0.1
0.1
0.1
0.1
0.1
0.1
0.1
0.1
0.1
0.1
0.1
0.1
0.1
0.1
0.1
0.1
0.1
0.1
0.1
0.1
0.1
0.1
0.1
0.1
0.1
0.1
0.1
0.1
0.1
0.1
0.1
0.1
0.1
0.1
0.1
0.1
0.1
0.1
0.1
0.1
0.1
0.1
0.1
0.1
0.1
0.1
0.1
0.1
0.1
0.1
0.1
0.1
0.1
0.1
0.1
0.1
0.1
0.1
0.1
0.1
0.1
0.1
0.1
0.1
0.1
0.1
0.1
0.1
0.1
0.1
0.1
0.1
0.1
0.1
0.1
0.1
0.1
0.1
0.1
0.1
0.1
0.1
0.1
0.1
0.1
0.1
0.1
0.1
0.1
0.1
0.1
0.1
0.1
0.1
0.1
0.1
0.1
0.1
0.1
0.1
0.1
0.1
0.1
0.1
0.1
0.1
0.1
0.1
0.1
0.1
0.1
0.1
0.1
0.1
0.1
0.1
0.1
0.1
0.1
0.1
0.1
0.1
0.1
0.1
0.1
0.1
0.1
0.1
0.1
0.1
0.1
0.1
0.1
0.1
0.1
0.1
0.1
0.1
0.1
0.1
0.1
0.1
0.1
0.1
0.1
0.1
0.1
0.1
0.1
0.1
0.1
0.1
0.1
0.1
0.1
0.1
0.1
0.1
0.1
0.1
0.1
0.1
0.1
0.1
0.1
0.1
0.1
0.1
0.1
0.1
0.1
0.1
0.1
0.1
0.1
0.1
0.1
0.1
0.1
0.1
0.1
0.1
0.1
0.1
0.1
0.1
0.1
0.1
0.1
0.1
0.1
0.1
0.1
0.1
0.1
0.1
0.1
0.1
0.1
0.1
0.1
0.1
0.1
0.1
0.1
0.1
0.1
0.1
0.1
0.1
0.1
0.1
0.1
0.1
0.1
0.1
0.1
0.1
0.1
0.1
0.1
0.1
0.1
0.1
0.1
0.1
0.1
0.1
0.1
0.1
0.1
0.1
0.1
0.1
0.1
0.1
0.1
0.1
0.1
0.1
0.1
0.1
0.1
0.1
0.1
0.1
0.1
0.1
0.1
0.1
0.1
0.1
0.1
0.1
0.1
0.1
0.1
0.1
0.1
0.1
0.1
0.1
0.1
0.1
0.1
0.1
0.1
0.1
0.1
0.1
0.1
0.1
0.1
0.1
0.1
0.1
0.1
0.1
0.1
0.1
0.1
0.1
0.1
0.1
0.1
0.1
0.1
0.1
0.1
0.1
0.1
0.1
0.1
0.1
0.1
0.1
0.1
0.1
0.1
0.1
0.1
0.1
0.1
0.1
0.1
0.1
0.1
0.1
0.1
0.1
0.1
0.1
0.1
0.1
0.1
0.1
0.1
0.1
0.1
0.1
0.1
0.1
0.1
0.1
0.1
0.1
0.1
0.1
0.1
0.1
0.1
0.1
0.1
0.1
0.1
0.1
0.1
0.1
0.1
0.1
0.1
0.1
0.1
0.1
0.1
0.1
0.1
0.1
0.1
0.1
0.1
0.1
0.1
0.1
0.1
0.1
0.1
0.1
0.1
0.1
0.1
0.1
0.1
0.1
0.1
0.1
0.1
0.1
0.1
0.1
0.1
0.1
0.1
0.1
0.1
0.1
0.1
0.1
0.1
0.1
0.1
0.1
0.1
0.1
0.1
0.1
0.1
0.1
0.1
0.1
0.1
0.1
0.1
0.1
0.1
0.1
0.1
0.1
0.1
0.1
0.1
0.1
0.1
0.1
0.1
0.1
0.1
0.1
0.1
0.1
0.1
0.1
0.1
0.1
0.1
0.1
0.1
0.1
0.1
0.1
0.1
0.1
0.1
0.1
0.1
0.1
0.1
0.1
0.1
0.1
0.1
0.1
0.1
0.1
0.1
0.1
0.1
0.1
0.1
0.1
0.1
0.1
0.1
0.1
0.1
0.1
0.1
0.1
0.1
0.1
0.1
0.1
0.1
0.1
0.1
0.1
0.1
0.1
0.1
0.1
0.1
0.1
0.1
0.1
0.1
0.1
0.1
0.1
0.1
0.1
0.1
0.1
0.1
0.1
0.1
0.1
0.1
0.1
0.1
0.1
0.1
0.1
0.1
0.1
0.1
0.1
0.1
0.1
0.1
0.1
0.1
0.1
0.1
0.1
0.1
0.1
0.1
0.1
0.1
0.1
0.1
0.1
0.1
0.1
0.1
0.1
0.1
0.1
0.1
0.1
0.1
0.1
0.1
0.1
0.1
0.1
0.1
0.1
0.1
0.1
0.1
0.1
0.1
0.1
0.1
0.1
0.1
0.1
0.1
0.1
0.1
0.1
0.1
0.1
0.1
0.1
0.1
0.1
0.1
0.1
0.1
0.1
0.1
0.1
0.1
0.1
0.1
0.1
0.1
0.1
0.1
0.1
0.1
0.1
0.1
0.1
0.1
0.1
0.1
0.1
0.1
0.1
0.1
0.1
0.1
0.1
0.1
0.1
0.1
0.1
0.1
0.1
0.1
0.1
0.1
0.1
0.1
0.1
0.1
0.1
0.1
0.1
0.1
0.1
0.1
0.1
0.1
0.1
0.1
0.1
0.1
0.1
0.1
0.1
0.1
0.1
0.1
0.1
0.1
0.1
0.1
0.1
0.1
0.1
0.1
0.1
0.1
0.1
0.1
0.1
0.1
0.1
0.1
0.1
0.1
0.1
0.1
0.1
0.1
0.1
0.1
0.1
0.1
0.1
0.1
0.1
0.1
0.1
0.1
0.1
0.1
0.1
0.1
0.1
0.1
0.1
0.1
0.1
0.1
0.1
0.1
0.1
0.1
0.1
0.1
0.1
0.1
0.1
0.1
0.1
0.1
0.1
0.1
0.1
0.1
0.1
0.1
0.1
0.1
0.1
0.1
0.1
0.1
0.1
0.1
0.1
0.1
0.1
0.1
0.1
0.1
0.1
0.1
0.1
0.1
0.1
0.1
0.1
0.1
0.1
0.1
0.1
0.1
0.1
0.1
0.1
0.1
0.1
0.1
0.1
0.1
0.1
0.1
0.1
0.1
0.1
0.1
0.1
0.1
0.1
0.1
0.1
0.1
0.1
0.1
0.1
0.1
0.1
0.1
0.1
0.1
0.1
0.1
0.1
0.1
0.1
0.1
0.1
0.1
0.1
0.1
0.1
0.1
0.1
0.1
0.1
0.1
0.1
0.1
0.1
0.1
0.1
0.1
0.1
0.1
0.1
0.1
0.1
0.1
0.1
0.1
0.1
0.1
0.1
0.1
0.1
0.1
0.1
0.1
0.1
0.1
0.1
0.1
0.1
0.1
0.1
0.1
0.1
0.1
0.1
0.1
0.1
0.1
0.1
0.1
0.1
0.1
0.1
0.1
0.1
0.1
0.1
0.1
0.1
0.1
0.1
0.1
0.1
0.1
0.1
0.1
0.1
0.1
0.1
0.1
0.1
0.1
0.1
0.1
0.1
0.1
0.1
0.1
0.1
0.1
0.1
0.1
0.1
0.1
0.1
0.1
0.1
0.1
0.1
0.1
0.1
0.1
0.1
0.1
0.1
0.1
0.1
0.1
0.1
0.1
0.1
0.1
0.1
0.1
0.1
0.1
0.1
0.1
0.1
0.1
0.1
0.1
0.1
0.1
0.1
0.1
0.1
0.1
0.1
0.1
0.1
0.1
0.1
0.1
0.1
0.1
0.1
0.1
0.1
0.1
0.1
0.1
0.1
0.1
0.1
0.1
0.1
0.1
0.1
0.1
0.1
0.1
0.1
0.1
0.1
0.1
0.1
0.1
0.1
0.1
0.1
0.1
0.1
0.1
0.1
0.1
0.1
0.1
0.1
0.1
0.1
0.1
0.1
0.1
0.1
0.1
0.1
0.1
0.1
0.1
0.1
0.1
0.1
0.1
0.1
0.1
0.1
0.1
0.1
0.1
0.1
0.1
0.1
0.1
0.1
0.1
0.1
0.1
0.1
0.1
0.1
0.1
0.1
0.1
0.1
0.1
0.1
0.1
0.1
0.1
0.1
0.1
0.1
0.1
0.1
0.1
0.1
0.1
0.1
0.1
0.1
0.1
0.1
0.1
0.1
0.1
0.1
0.1
0.1
0.1
0.1
0.1
0.1
0.1
0.1
0.1
0.1
0.1
0.1
0.1
0.1
0.1
0.1
0.1
0.1
0.1
0.1
0.1
0.1
0.1
0.1
0.1
0.1
0.1
0.1
0.1
0.1
0.1
0.1
0.1
0.1
0.1
0.1
0.1
0.1
0.1
0.1
0.1
0.1
0.1
0.1
0.1
0.1
0.1
0.1
0.1
0.1
0.1
0.1
0.1
0.1
0.1
0.1
0.1
0.1
0.1
0.1
0.1
0.1
0.1
0.1
0.1
0.1
0.1
0.1
0.1
0.1
0.1
0.1
0.1
0.1
0.1
0.1
0.1
0.1
0.1
0.1
0.1
0.1
0.1
0.1
0.1
0.1
0.1
0.1
0.1
0.1
0.1
0.1
0.1
0.1
0.1
0.1
0.1
0.1
0.1
0.1
0.1
0.1
0.1
0.1
0.1
0.1
0.1
0.1
0.1
0.1
0.1
0.1
0.1
0.1
0.1
0.1
0.1
0.1
0.1
0.1
0.1
0.1
0.1
0.1
0.1
0.1
0.1
0.1
0.1
0.1
0.1
0.1
0.1
0.1
0.1
0.1
0.1
0.1
0.1
0.1
0.1
0.1
0.1
0.1
0.1
0.1
0.1
0.1
0.1
0.1
0.1
0.1
0.1
0.1
0.1
0.1
0.1
0.1
0.1
0.1
0.1
0.1
0.1
0.1
0.1
0.1
0.1
0.1
0.1
0.1
0.1
0.1
0.1
0.1
0.1
0.1
0.1
0.1
0.1
0.1
0.1
0.1
0.1
0.1
0.1
0.1
0.1
0.1
0.1
0.1
0.1
0.1
0.1
0.1
0.1
0.1
0.1
0.1
0.1
0.1
0.1
0.1
0.1
0.1
0.1
0.1
0.1
0.1
0.1
0.1
0.1
0.1
0.1
0.1
0.1
0.1
0.1
0.1
0.1
0.1
0.1
0.1
0.1
0.1
0.1
0.1
0.1
0.1
0.1
0.1
0.1
0.1
0.1
0.1
0.1
0.1
0.1
0.1
0.1
0.1
0.1
0.1
0.1
0.1
0.1
0.1
0.1
0.1
0.1
0.1
0.1
0.1
0.1
0.1
0.1
0.1
0.1
0.1
0.1
0.1
0.1
0.1
0.1
0.1
0.1
0.1
0.1
0.1
0.1
0.1
0.1
0.1
0.1
0.1
0.1
0.1
0.1
0.1
0.1
0.1
0.1
0.1
0.1
0.1
0.1
0.1
0.1
0.1
0.1
0.1
0.1
0.1
0.1
0.1
0.1
0.1
0.1
0.1
0.1
0.1
0.1
0.1
0.1
0.1
0.1
0.1
0.1
0.1
0.1
0.1
0.1
0.1
0.1
0.1
0.1
0.1
0.1
0.1
0.1
0.1
0.1
0.1
0.1
0.1
0.1
0.1
0.1
0.1
0.1
0.1
0.1
0.1
0.1
0.1
0.1
0.1
0.1
0.1
0.1
0.1
0.1
0.1
0.1
0.1
0.1
0.1
0.1
0.1
0.1
0.1
0.1
0.1
0.1
0.1
0.1
0.1
0.1
0.1
0.1
0.1
0.1
0.1
0.1
0.1
0.1
0.1
0.1
0.1
0.1
0.1
0.1
0.1
0.1
0.1
0.1
0.1
0.1
0.1
0.1
0.1
0.1
0.1
0.1
0.1
0.1
0.1
0.1
0.1
0.1
0.1
0.1
0.1
0.1
0.1
0.1
0.1
0.1
0.1
0.1
0.1
0.1
0.1
0.1
0.1
0.1
0.1
0.1
0.1
0.1
0.1
0.1
0.1
0.1
0.1
0.1
0.1
0.1
0.1
0.1
0.1
0.1
0.1
0.1
0.1
0.1
0.1
0.1
0.1
0.1
0.1
0.1
0.1
0.1
0.1
0.1
0.1
0.1
0.1
0.1
0.1
0.1
0.1
0.1
0.1
0.1
0.1
0.1
0.1
0.1
0.1
0.1
0.1
0.1
0.1
0.1
0.1
0.1
0.1
0.1
0.1
0.1
0.1
0.1
0.1
0.1
0.1
0.1
0.1
0.1
0.1
0.1
0.1
0.1
0.1
0.1
0.1
0.1
0.1
0.1
0.1
0.1
0.1
0.1
0.1
0.1
0.1
0.1
0.1
0.1
0.1
0.1
0.1
0.1
0.1
0.1
0.1
0.1
0.1
0.1
0.1
0.1
0.1
0.1
0.1
0.1
0.1
0.1
0.1
0.1
0.1
0.1
0.1
0.1
0.1
0.1
0.1
0.1
0.1
0.1
0.1
0.1
0.1
0.1
0.1
0.1
0.1
0.1
0.1
0.1
0.1
0.1
0.1
0.1
0.1
0.1
0.1
0.1
0.1
0.1
0.1
0.1
0.1
0.1
0.1
0.1
0.1
0.1
0.1
0.1
0.1
0.1
0.1
0.1
0.1
0.1
0.1
0.1
0.1
0.1
0.1
0.1
0.1
0.1
0.1
0.1
0.1
0.1
0.1
0.1
0.1
0.1
0.1
0.1
0.1
0.1
0.1
0.1
0.1
0.1
0.1
0.1
0.1
0.1
0.1
0.1
0.1
0.1
0.1
0.1
0.1
0.1
0.1
0.1
0.1
0.1
0.1
0.1
0.1
0.1
0.1
0.1
0.1
0.1
0.1
0.1
0.1
0.1
0.1
0.1
0.1
0.1
0.1
0.1
0.1
0.1
0.1
0.1
0.1
0.1
0.1
0.1
0.1
0.1
0.1
0.1
0.1
0.1
0.1
0.1
0.1
0.1
0.1
0.1
0.1
0.1
0.1
0.1
0.1
0.1
0.1
0.1
0.1
0.1
0.1
0.1
0.1
0.1
0.1
0.1
0.1
0.1
0.1
0.1
0.1
0.1
0.1
0.1
0.1
0.1
0.1
0.1
0.1
0.1
0.1
0.1
0.1
0.1
0.1
0.1
0.1
0.1
0.1
0.1
0.1
0.1
0.1
0.1
0.1
0.1
0.1
0.1
0.1
0.1
0.1
0.1
0.1
0.1
0.1
0.1
0.1
0.1
0.1
0.1
0.1
0.1
0.1
0.1
0.1
0.1
0.1
0.1
0.1
0.1
0.1
0.1
0.1
0.1
0.1
0.1
0.1
0.1
0.1
0.1
0.1
0.1
0.1
0.1
0.1
0.1
0.1
0.1
0.1
0.1
0.1
0.1
0.1
0.1
0.1
0.1
0.1
0.1
0.1
0.1
0.1
0.1
0.1
0.1
0.1
0.1
0.1
0.1
0.1
0.1
0.1
0.1
0.1
0.1
0.1
0.1
0.1
0.1
0.1
0.1
0.1
0.1
0.1
0.1
0.1
0.1
0.1
0.1
0.1
0.1
0.1
0.1
0.1
0.1
0.1
0.1
0.1
0.1
0.1
0.1
0.1
0.1
0.1
0.1
0.1
0.1
0.1
0.1
0.1
0.1
0.1
0.1
0.1
0.1
0.1
0.1
0.1
0.1
0.1
0.1
0.1
0.1
0.1
0.1
0.1
0.1
0.1
0.1
0.1
0.1
0.1
0.1
0.1
0.1
0.1
0.1
0.1
0.1
0.1
0.1
0.1
0.1
0.1
0.1
0.1
0.1
0.1
0.1
0.1
0.1
0.1
0.1
0.1
0.1
0.1
0.1
0.1
0.1
0.1
0.1
0.1
0.1
0.1
0.1
0.1
0.1
0.1
0.1
0.1
0.1
0.1
0.1
0.1
0.1
0.1
0.1
0.1
0.1
0.1
0.1
0.1
0.1
0.1
0.1
0.1
0.1
0.1
0.1
0.1
0.1
0.1
0.1
0.1
0.1
0.1
0.1
0.1
0.1
0.1
0.1
0.1
0.1
0.1
0.1
0.1
0.1
0.1
0.1
0.1
0.1
0.1
0.1
0.1
0.1
0.1
0.1
0.1
0.1
0.1
0.1
0.1
0.1
0.1
0.1
0.1
0.1
0.1
0.1
0.1
0.1
0.1
0.1
0.1
0.1
0.1
0.1
0.1
0.1
0.1
0.1
0.1
0.1
0.1
0.1
0.1
0.1
0.1
0.1
0.1
0.1
0.1
0.1
0.1
0.1
0.1
0.1
0.1
0.1
0.1
0.1
0.1
0.1
0.1
0.1
0.1
0.1
0.1
0.1
0.1
0.1
0.1
0.1
0.1
0.1
0.1
0.1
0.1
0.1
0.1
0.1
0.1
0.1
0.1
0.1
0.1
0.1
0.1
0.1
0.1
0.1
0.1
0.1
0.1
0.1
0.1
0.1
0.1
0.1
0.1
0.1
0.1
0.1
0.1
0.1
0.1
0.1
0.1
0.1
0.1
0.1
0.1
0.1
0.1
0.1
0.1
0.1
0.1
0.1
0.1
0.1
0.1
0.1
0.1
0.1
0.1
0.1
0.1
0.1
0.1
0.1
0.1
0.1
0.1
0.1
0.1
0.1
0.1
0.1
0.1
0.1
0.1
0.1
0.1
0.1
0.1
0.1
0.1
0.1
0.1
0.1
0.1
0.1
0.1
0.1
0.1
0.1
0.1
0.1
0.1
0.1
0.1
0.1
0.1
0.1
0.1
0.1
0.1
0.1
0.1
0.1
0.1
0.1
0.1
0.1
0.1
0.1
0.1
0.1
0.1
0.1
0.1
0.1
0.1
0.1
0.1
0.1
0.1
0.1
0.1
0.1
0.1
0.1
0.1
0.1
0.1
0.1
0.1
0.1
0.1
0.1
0.1
0.1
0.1
0.1
0.1
0.1
0.1
0.1
0.1
0.1
0.1
0.1
0.1
0.1
0.1
0.1
0.1
0.1
0.1
0.1
0.1
0.1
0.1
0.1
0.1
0.1
0.1
0.1
0.1
0.1
0.1
0.1
0.1
0.1
0.1
0.1
0.1
0.1
0.1
0.1
0.1
0.1
0.1
0.1
0.1
0.1
0.1
0.1
0.1
0.1
0.1
0.1
0.1
0.1
0.1
0.1
0.1
0.1
0.1
0.1
0.1
0.1
0.1
0.1
0.1
0.1
0.1
0.1
0.1
0.1
0.1
0.1
0.1
0.1
0.1
0.1
0.1
0.1
0.1
0.1
0.1
0.1
0.1
0.1
0.1
0.1
0.1
0.1
0.1
0.1
0.1
0.1
0.1
0.1
0.1
0.1
0.1
0.1
0.1
0.1
0.1
0.1
0.1
0.1
0.1
0.1
0.1
0.1
0.1
0.1
0.1
0.1
0.1
0.1
0.1
0.1
0.1
0.1
0.1
0.1
0.1
0.1
0.1
0.1
0.1
0.1
0.1
0.1
0.1
0.1
0.1
0.1
0.1
0.1
0.1
0.1
0.1
0.1
0.1
0.1
0.1
0.1
0.1
0.1
0.1
0.1
0.1
0.1
0.1
0.1
0.1
0.1
0.1
0.1
0.1
0.1
0.1
0.1
0.1
0.1
0.1
0.1
0.1
0.1
0.1
0.1
0.1
0.1
0.1
0.1
0.1
0.1
0.1
0.1
0.1
0.1
0.1
0.1
0.1
0.1
0.1
0.1
0.1
0.1
0.1
0.1
0.1
0.1
0.1
0.1
0.1
0.1
0.1
0.1
0.1
0.1
0.1
0.1
0.1
0.1
0.1
0.1
0.1
0.1
0.1
0.1
0.1
0.1
0.1
0.1
0.1
0.1
0.1
0.1
0.1
0.1
0.1
0.1
0.1
0.1
0.1
0.1
0.1
0.1
0.1
0.1
0.1
0.1
0.1
0.1
0.1
0.1
0.1
0.1
0.1
0.1
0.1
0.1
0.1
0.1
0.1
0.1
0.1
0.1
0.1
0.1
0.1
0.1
0.1
0.1
0.1
0.1
0.1
0.1
0.1
0.1
0.1
0.1
0.1
0.1
0.1
0.1
0.1
0.1
0.1
0.1
0.1
0.1
0.1
0.1
0.1
0.1
0.1
0.1
0.1
0.1
0.1
0.1
0.1
0.1
0.1
0.1
0.1
0.1
0.1
0.1
0.1
0.1
0.1
0.1
0.1
0.1
0.1
0.1
0.1
0.1
0.1
0.1
0.1
0.1
0.1
0.1
0.1
0.1
0.1
0.1
0.1
0.1
0.1
0.1
0.1
0.1
0.1
0.1
0.1
0.1
0.1
0.1
0.1
0.1
0.1
0.1
0.1
0.1
0.1
0.1
0.1
0.1
0.1
0.1
0.1
0.1
0.1
0.1
0.1
0.1
0.1
0.1
0.1
0.1
0.1
0.1
0.1
0.1
0.1
0.1
0.1
0.1
0.1
0.1
0.1
0.1
0.1
0.1
0.1
0.1
0.1
0.1
0.1
0.1
0.1
0.1
0.1
0.1
0.1
0.1
0.1
0.1
0.1
0.1
0.1
0.1
0.1
0.1
0.1
0.1
0.1
0.1
0.1
0.1
0.1
0.1
0.1
0.1
0.1
0.1
0.1
0.1
0.1
0.1
0.1
0.1
0.1
0.1
0.1
0.1
0.1
0.1
0.1
0.1
0.1
0.1
0.1
0.1
0.1
0.1
0.1
0.1
0.1
0.1
0.1
0.1
0.1
0.1
0.1
0.1
0.1
0.1
0.1
0.1
0.1
0.1
0.1
0.1
0.1
0.1
0.1
0.1
0.1
0.1
0.1
0.1
0.1
0.1
0.1
0.1
0.1
0.1
0.1
0.1
0.1
0.1
0.1
0.1
0.1
0.1
0.1
0.1
0.1
0.1
0.1
0.1
0.1
0.1
0.1
0.1
0.1
0.1
0.1
0.1
0.1
0.1
0.1
0.1
0.1
0.1
0.1
0.1
0.1
0.1
0.1
0.1
0.1
0.1
0.1
0.1
0.1
0.1
0.1
0.1
0.1
0.1
0.1
0.1
0.1
0.1
0.1
0.1
0.1
0.1
0.1
0.1
0.1
0.1
0.1
0.1
0.1
0.1
0.1
0.1
0.1
0.1
0.1
0.1
0.1
0.1
0.1
0.1
0.1
0.1
0.1
0.1
0.1
0.1
0.1
0.1
0.1
0.1
0.1
0.1
0.1
0.1
0.1
0.1
0.1
0.1
0.1
0.1
0.1
0.1
0.1
0.1
0.1
0.1
0.1
0.1
0.1
0.1
0.1
0.1
0.1
0.1
0.1
0.1
0.1
0.1
0.1
0.1
0.1
0.1
0.1
0.1
0.1
0.1
0.1
0.1
0.1
0.1
0.1
0.1
0.1
0.1
0.1
0.1
0.1
0.1
0.1
0.1
0.1
0.1
0.1
0.1
0.1
0.1
0.1
0.1
0.1
0.1
0.1
0.1
0.1
0.1
0.1
0.1
0.1
0.1
0.1
0.1
0.1
0.1
0.1
0.1
0.1
0.1
0.1
0.1
0.1
0.1
0.1
0.1
0.1
0.1
0.1
0.1
0.1
0.1
0.1
0.1
0.1
0.1
0.1
0.1
0.1
0.1
0.1
0.1
0.1
0.1
0.1
0.1
0.1
0.1
0.1
0.1
0.1
0.1
0.1
0.1
0.1
0.1
0.1
0.1
0.1
0.1
0.1
0.1
0.1
0.1
0.1
0.1
0.1
0.1
0.1
0.1
0.1
0.1
0.1
0.1
0.1
0.1
0.1
0.1
0.1
0.1
0.1
0.1
0.1
0.1
0.1
0.1
0.1
0.1
0.1
0.1
0.1
0.1
0.1
0.1
0.1
0.1
0.1
0.1
0.1
0.1
0.1
0.1
0.1
0.1
0.1
0.1
0.1
0.1
0.1
0.1
0.1
0.1
0.1
0.1
0.1
0.1
0.1
0.1
0.1
0.1
0.1
0.1
0.1
0.1
0.1
0.1
0.1
0.1
0.1
0.1
0.1
0.1
0.1
0.1
0.1
0.1
0.1
0.1
0.1
0.1
0.1
0.1
0.1
0.1
0.1
0.1
0.1
0.1
0.1
0.1
0.1
0.1
0.1
0.1
0.1
0.1
0.1
0.1
0.1
0.1
0.1
0.1
0.1
0.1
0.1
0.1
0.1
0.1
0.1
0.1
0.1
0.1
0.1
0.1
0.1
0.1
0.1
0.1
0.1
0.1
0.1
0.1
0.1
0.1
0.1
0.1
0.1
0.1
0.1
0.1
0.1
0.1
0.1
0.1
0.1
0.1
0.1
0.1
0.1
0.1
0.1
0.1
0.1
0.1
0.1
0.1
0.1
0.1
0.1
0.1
0.1
0.1
0.1
0.1
0.1
0.1
0.1
0.1
0.1
0.1
0.1
0.1
0.1
0.1
0.1
0.1
0.1
0.1
0.1
0.1
0.1
0.1
0.1
0.1
0.1
0.1
0.1
0.1
0.1
0.1
0.1
0.1
0.1
0.1
0.1
0.1
0.1
0.1
0.1
0.1
0.1
0.1
0.1
0.1
0.1
0.1
0.1
0.1
0.1
0.1
0.1
0.1
0.1
0.1
0.1
0.1
0.1
0.1
0.1
0.1
0.1
0.1
0.1
0.1
0.1
0.1
0.1
0.1
0.1
0.1
0.1
0.1
0.1
0.1
0.1
0.1
0.1
0.1
0.1
0.1
0.1
0.1
0.1
0.1
0.1
0.1
0.1
0.1
0.1
0.1
0.1
0.1
0.1
0.1
0.1
0.1
0.1
0.1
0.1
0.1
0.1
0.1
0.1
0.1
0.1
0.1
0.1
0.1
0.1
0.1
0.1
0.1
0.1
0.1
0.1
0.1
0.1
0.1
0.1
0.1
0.1
0.1
0.1
0.1
0.1
0.1
0.1
0.1
0.1
0.1
0.1
0.1
0.1
0.1
0.1
0.1
0.1
0.1
0.1
0.1
0.1
0.1
0.1
0.1
0.1
0.1
0.1
0.1
0.1
0.1
0.1
0.1
0.1
0.1
0.1
0.1
0.1
0.1
0.1
0.1
0.1
0.1
0.1
0.1
0.1
0.1
0.1
0.1
0.1
0.1
0.1
0.1
0.1
0.1
0.1
0.1
0.1
0.1
0.1
0.1
0.1
0.1
0.1
0.1
0.1
0.1
0.1
0.1
0.1
0.1
0.1
0.1
0.1
0.1
0.1
0.1
0.1
0.1
0.1
0.1
0.1
0.1
0.1
0.1
0.1
0.1
0.1
0.1
0.1
0.1
0.1
0.1
0.1
0.1
0.1
0.1
0.1
0.1
0.1
0.1
0.1
0.1
0.1
0.1
0.1
0.1
0.1
0.1
0.1
0.1
0.1
0.1
0.1
0.1
0.1
0.1
0.1
0.1
0.1
0.1
0.1
0.1
0.1
0.1
0.1
0.1
0.1
0.1
0.1
0.1
0.1
0.1
0.1
0.1
0.1
0.1
0.1
0.1
0.1
0.1
0.1
0.1
0.1
0.1
0.1
0.1
0.1
0.1
0.1
0.1
0.1
0.1
0.1
0.1
0.1
0.1
0.1
0.1
0.1
0.1
0.1
0.1
0.1
0.1
0.1
0.1
0.1
0.1
0.1
0.1
0.1
0.1
0.1
0.1
0.1
0.1
0.1
0.1
0.1
0.1
0.1
0.1
0.1
0.1
0.1
0.1
0.1
0.1
0.1
0.1
0.1
0.1
0.1
0.1
0.1
0.1
0.1
0.1
0.1
0.1
0.1
0.1
0.1
0.1
0.1
0.1
0.1
0.1
0.1
0.1
0.1
0.1
0.1
0.1
0.1
0.1
0.1
0.1
0.1
0.1
0.1
0.1
0.1
0.1
0.1
0.1
0.1
0.1
0.1
0.1
0.1
0.1
0.1
0.1
0.1
0.1
0.1
0.1
0.1
0.1
0.1
0.1
0.1
0.1
0.1
0.1
0.1
0.1
0.1
0.1
0.1
0.1
0.1
0.1
0.1
0.1
0.1
0.1
0.1
0.1
0.1
0.1
0.1
0.1
0.1
0.1
0.1
0.1
0.1
0.1
0.1
0.1
0.1
0.1
0.1
0.1
0.1
0.1
0.1
0.1
0.1
0.1
0.1
0.1
0.1
0.1
0.1
0.1
0.1
0.1
0.1
0.1
0.1
0.1
0.1
0.1
0.1
0.1
0.1
0.1
0.1
0.1
0.1
0.1
0.1
0.1
0.1
0.1
0.1
0.1
0.1
0.1
0.1
0.1
0.1
0.1
0.1
0.1
0.1
0.1
0.1
0.1
0.1
0.1
0.1
0.1
0.1
0.1
0.1
0.1
0.1
0.1
0.1
0.1
0.1
0.1
0.1
0.1
0.1
0.1
0.1
0.1
0.1
0.1
0.1
0.1
0.1
0.1
0.1
0.1
0.1
0.1
0.1
0.1
0.1
0.1
0.1
0.1
0.1
0.1
0.1
0.1
0.1
0.1
0.1
0.1
0.1
0.1
0.1
0.1
0.1
0.1
0.1
0.1
0.1
0.1
0.1
0.1
0.1
0.1
0.1
0.1
0.1
0.1
0.1
0.1
0.1
0.1
0.1
0.1
0.1
0.1
0.1
0.1
0.1
0.1
0.1
0.1
0.1
0.1
0.1
0.1
0.1
0.1
0.1
0.1
0.1
0.1
0.1
0.1
0.1
0.1
0.1
0.1
0.1
0.1
0.1
0.1
0.1
0.1
0.1
0.1
0.1
0.1
0.1
0.1
0.1
0.1
0.1
0.1
0.1
0.1
0.1
0.1
0.1
0.1
0.1
0.1
0.1
0.1
0.1
0.1
0.1
0.1
0.1
0.1
0.1
0.1
0.1
0.1
0.1
0.1
0.1
0.1
0.1
0.1
0.1
0.1
0.1
0.1
0.1
0.1
0.1
0.1
0.1
0.1
0.1
0.1
0.1
0.1
0.1
0.1
0.1
0.1
0.1
0.1
0.1
0.1
0.1
0.1
0.1
0.1
0.1
0.1
0.1
0.1
0.1
0.1
0.1
0.1
0.1
0.1
0.1
0.1
0.1
0.1
0.1
0.1
0.1
0.1
0.1
0.1
0.1
0.1
0.1
0.1
0.1
0.1
0.1
0.1
0.1
0.1
0.1
0.1
0.1
0.1
0.1
0.1
0.1
0.1
0.1
0.1
0.1
0.1
0.1
0.1
0.1
0.1
0.1
0.1
0.1
0.1
0.1
0.1
0.1
0.1
0.1
0.1
0.1
0.1
0.1
0.1
0.1
0.1
0.1
0.1
0.1
0.1
0.1
0.1
0.1
0.1
0.1
0.1
0.1
0.1
0.1
0.1
0.1
0.1
0.1
0.1
0.1
0.1
0.1
0.1
0.1
0.1
0.1
0.1
0.1
0.1
0.1
0.1
0.1
0.1
0.1
0.1
0.1
0.1
0.1
0.1
0.1
0.1
0.1
0.1
0.1
0.1
0.1
0.1
0.1
0.1
0.1
0.1
0.1
0.1
0.1
0.1
0.1
0.1
0.1
0.1
0.1
0.1
0.1
0.1
0.1
0.1
0.1
0.1
0.1
0.1
0.1
0.1
0.1
0.1
0.1
0.1
0.1
0.1
0.1
0.1
0.1
0.1
0.1
0.1
0.1
0.1
0.1
0.1
0.1
0.1
0.1
0.1
0.1
0.1
0.1
0.1
0.1
0.1
0.1
0.1
0.1
0.1
0.1
0.1
0.1
0.1
0.1
0.1
0.1
0.1
0.1
0.1
0.1
0.1
0.1
0.1
0.1
0.1
0.1
0.1
0.1
0.1
0.1
0.1
0.1
0.1
0.1
0.1
0.1
0.1
0.1
0.1
0.1
0.1
0.1
0.1
0.1
0.1
0.1
0.1
0.1
0.1
0.1
0.1
0.1
0.1
0.1
0.1
0.1
0.1
0.1
0.1
0.1
0.1
0.1
0.1
0.1
0.1
0.1
0.1
0.1
0.1
0.1
0.1
0.1
0.1
0.1
0.1
0.1
0.1
0.1
0.1
0.1
0.1
0.1
0.1
0.1
0.1
0.1
0.1
0.1
0.1
0.1
0.1
0.1
0.1
0.1
0.1
0.1
0.1
0.1
0.1
0.1
0.1
0.1
0.1
0.1
0.1
0.1
0.1
0.1
0.1
0.1
0.1
0.1
0.1
0.1
0.1
0.1
0.1
0.1
0.1
0.1
0.1
0.1
0.1
0.1
0.1
0.1
0.1
0.1
0.1
0.1
0.1
0.1
0.1
0.1
0.1
0.1
0.1
0.1
0.1
0.1
0.1
0.1
0.1
0.1
0.1
0.1
0.1
0.1
0.1
0.1
0.1
0.1
0.1
0.1
0.1
0.1
0.1
0.1
0.1
0.1
0.1
0.1
0.1
0.1
0.1
0.1
0.1
0.1
0.1
0.1
0.1
0.1
0.1
0.1
0.1
0.1
0.1
0.1
0.1
0.1
0.1
0.1
0.1
0.1
0.1
0.1
0.1
0.1
0.1
0.1
0.1
0.1
0.1
0.1
0.1
0.1
0.1
0.1
0.1
0.1
0.1
0.1
0.1
0.1
0.1
0.1
0.1
0.1
0.1
0.1
0.1
0.1
0.1
0.1
0.1
0.1
0.1
0.1
0.1
0.1
0.1
0.1
0.1
0.1
0.1
0.1
0.1
0.1
0.1
0.1
0.1
0.1
0.1
0.1
0.1
0.1
0.1
0.1
0.1
0.1
0.1
0.1
0.1
0.1
0.1
0.1
0.1
0.1
0.1
0.1
0.1
0.1
0.1
0.1
0.1
0.1
0.1
0.1
0.1
0.1
0.1
0.1
0.1
0.1
0.1
0.1
0.1
0.1
0.1
0.1
0.1
0.1
0.1
0.1
0.1
0.1
0.1
0.1
0.1
0.1
0.1
0.1
0.1
0.1
0.1
0.1
0.1
0.1
0.1
0.1
0.1
0.1
0.1
0.1
0.1
0.1
0.1
0.1
0.1
0.1
0.1
0.1
0.1
0.1
0.1
0.1
0.1
0.1
0.1
0.1
0.1
0.1
0.1
0.1
0.1
0.1
0.1
0.1
0.1
0.1
0.1
0.1
0.1
0.1
0.1
0.1
0.1
0.1
0.1
0.1
0.1
0.1
0.1
0.1
0.1
0.1
0.1
0.1
0.1
0.1
0.1
0.1
0.1
0.1
0.1
0.1
0.1
0.1
0.1
0.1
0.1
0.1
0.1
0.1
0.1
0.1
0.1
0.1
0.1
0.1
0.1
0.1
0.1
0.1
0.1
0.1
0.1
0.1
0.1
0.1
0.1
0.1
0.1
0.1
0.1
0.1
0.1
0.1
0.1
0.1
0.1
0.1
0.1
0.1
0.1
0.1
0.1
0.1
0.1
0.1
0.1
0.1
0.1
0.1
0.1
0.1
0.1
0.1
0.1
0.1
0.1
0.1
0.1
0.1
0.1
0.1
0.1
0.1
0.1
0.1
0.1
0.1
0.1
0.1
0.1
0.1
0.1
0.1
0.1
0.1
0.1
0.1
0.1
0.1
0.1
0.1
0.1
0.1
0.1
0.1
0.1
0.1
0.1
0.1
0.1
0.1
0.1
0.1
0.1
0.1
0.1
0.1
0.1
0.1
0.1
0.1
0.1
0.1
0.1
0.1
0.1
0.1
0.1
0.1
0.1
0.1
0.1
0.1
0.1
0.1
0.1
0.1
0.1
0.1
0.1
0.1
0.1
0.1
0.1
0.1
0.1
0.1
0.1
0.1
0.1
0.1
0.1
0.1
0.1
0.1
0.1
0.1
0.1
0.1
0.1
0.1
0.1
0.1
0.1
0.1
0.1
0.1
0.1
0.1
0.1
0.1
0.1
0.1
0.1
0.1
0.1
0.1
0.1
0.1
0.1
0.1
0.1
0.1
0.1
0.1
0.1
0.1
0.1
0.1
0.1
0.1
0.1
0.1
0.1
0.1
0.1
0.1
0.1
0.1
0.1
0.1
0.1
0.1
0.1
0.1
0.1
0.1
0.1
0.1
0.1
0.1
0.1
0.1
0.1
0.1
0.1
0.1
0.1
0.1
0.1
0.1
0.1
0.1
0.1
0.1
0.1
0.1
0.1
0.1
0.1
0.1
0.1
0.1
0.1
0.1
0.1
0.1
0.1
0.1
0.1
0.1
0.1
0.1
0.1
0.1
0.1
0.1
0.1
0.1
0.1
0.1
0.1
0.1
0.1
0.1
0.1
0.1
0.1
0.1
0.1
0.1
0.1
0.1
0.1
0.1
0.1
0.1
0.1
0.1
0.1
0.1
0.1
0.1
0.1
0.1
0.1
0.1
0.1
0.1
0.1
0.1
0.1
0.1
0.1
0.1
0.1
0.1
0.1
0.1
0.1
0.1
0.1
0.1
0.1
0.1
0.1
0.1
0.1
0.1
0.1
0.1
0.1
0.1
0.1
0.1
0.1
0.1
0.1
0.1
0.1
0.1
0.1
0.1
0.1
0.1
0.1
0.1
0.1
0.1
0.1
0.1
0.1
0.1
0.1
0.1
0.1
0.1
0.1
0.1
0.1
0.1
0.1
0.1
0.1
0.1
0.1
0.1
0.1
0.1
0.1
0.1
0.1
0.1
0.1
0.1
0.1
0.1
0.1
0.1
0.1
0.1
0.1
0.1
0.1
0.1
0.1
0.1
0.1
0.1
0.1
0.1
0.1
0.1
0.1
0.1
0.1
0.1
0.1
0.1
0.1
0.1
0.1
0.1
0.1
0.1
0.1
0.1
0.1
15
15
15
15
15
15
15
15
15
15
15
15
15
15
15
15
15
15
15
15
15
15
15
15
15
15
15
15
15
15
15
15
15
15
15
15
15
15
15
15
15
15
15
15
15
15
15
15
15
15
15
15
15
15
15
15
15
15
15
15
15
15
15
15
15
15
15
15
15
15
15
15
15
15
15
15
15
15
15
15
15
15
15
15
15
15
15
15
15
15
15
15
15
15
15
15
15
15
15
15
15
15
15
15
15
15
15
15
15
15
15
15
15
15
15
15
15
15
15
15
15
15
15
15
15
15
15
15
15
15
15
15
15
15
15
15
15
15
15
15
15
15
15
15
15
15
15
15
15
15
15
15
15
15
15
15
15
15
15
15
15
15
15
15
15
15
15
15
15
15
15
15
15
15
15
15
15
15
15
15
15
15
15
15
15
15
15
15
15
15
15
15
15
15
15
15
15
15
15
15
15
15
15
15
15
15
15
15
15
15
15
15
15
15
15
15
15
15
15
15
15
15
15
15
15
15
15
15
15
15
15
15
15
15
15
15
15
15
15
15
15
15
15
15
15
15
15
15
15
15
15
15
15
15
15
15
15
15
15
15
15
15
15
15
15
15
15
15
15
15
15
15
15
15
15
15
15
15
15
15
15
15
15
15
15
15
15
15
15
15
15
15
15
15
15
15
15
15
15
15
15
15
15
15
15
15
15
15
15
15
15
15
15
15
15
15
15
15
15
15
15
15
15
15
15
15
15
15
15
15
15
15
15
15
15
15
15
15
15
15
15
15
15
15
15
15
15
15
15
15
15
15
15
15
15
15
15
15
15
15
15
15
15
15
15
15
15
15
15
15
15
15
15
15
15
15
15
15
15
15
15
15
15
15
15
15
15
15
15
15
15
15
15
15
15
15
15
15
15
15
15
15
15
15
15
15
15
15
15
15
15
15
15
15
15
15
15
15
15
15
15
15
15
15
15
15
15
15
15
15
15
15
15
15
15
15
15
15
15
15
15
15
15
15
15
15
15
15
15
15
15
15
15
15
15
15
15
15
15
15
15
15
15
15
15
15
15
15
15
15
15
15
15
15
15
15
15
15
15
15
15
15
15
15
15
15
15
15
15
15
15
15
15
15
15
15
15
15
15
15
15
15
15
15
15
15
15
15
15
15
15
15
15
15
15
15
15
15
15
15
15
15
15
15
15
15
15
15
15
15
15
15
15
15
15
15
15
15
15
15
15
15
15
15
15
15
15
15
15
15
15
15
15
15
15
15
15
15
15
15
15
15
15
15
15
15
15
15
15
15
15
15
15
15
15
15
15
15
15
15
15
15
15
15
15
15
15
15
15
15
15
15
15
15
15
15
15
15
15
15
15
15
15
15
15
15
15
15
15
15
15
15
15
15
15
15
15
15
15
15
15
15
15
15
15
15
15
15
15
15
15
15
15
15
15
15
15
15
15
15
15
15
15
15
15
15
15
15
15
15
15
15
15
15
15
15
15
15
15
15
15
15
15
15
15
15
15
15
15
15
15
15
15
15
15
15
15
15
15
15
15
15
15
15
15
15
15
15
15
15
15
15
15
15
15
15
15
15
15
15
15
15
15
15
15
15
15
15
15
15
15
15
15
15
15
15
15
15
15
15
15
15
15
15
15
15
15
15
15
15
15
15
15
15
15
15
15
15
15
15
15
15
15
15
15
15
15
15
15
15
15
15
15
15
15
15
15
15
15
15
15
15
15
15
15
15
15
15
15
15
15
15
15
15
15
15
15
15
15
15
15
15
15
15
15
15
15
15
15
15
15
15
15
15
15
15
15
15
15
15
15
15
15
15
15
15
15
15
15
15
15
15
15
15
15
15
15
15
15
15
15
15
15
15
15
15
15
15
15
15
15
15
15
15
15
15
15
15
15
15
15
15
15
15
15
15
15
15
15
15
15
15
15
15
15
15
15
15
15
15
15
15
15
15
15
15
15
15
15
15
15
15
15
15
15
15
15
15
15
15
15
15
15
15
15
15
15
15
15
15
15
15
15
15
15
15
15
15
15
15
15
15
15
15
15
15
15
15
15
15
15
15
15
15
15
15
15
15
15
15
15
15
15
15
15
15
15
15
15
15
15
15
15
15
15
15
15
15
15
15
15
15
15
15
15
15
15
15
15
15
15
15
15
15
15
15
15
15
15
15
15
15
15
15
15
15
15
15
15
15
15
15
15
15
15
15
15
15
15
15
15
15
15
15
15
15
15
15
15
15
15
15
15
15
15
15
15
15
15
15
15
15
15
15
15
15
15
15
15
15
15
15
15
15
15
15
15
15
15
15
15
15
15
15
15
15
15
15
15
15
15
15
15
15
15
15
15
15
15
15
15
15
15
15
15
15
15
15
15
15
15
15
15
15
15
15
15
15
15
15
15
15
15
15
15
15
15
15
15
15
15
15
15
15
15
15
15
15
15
15
15
15
15
15
15
15
15
15
15
15
15
15
15
15
15
15
15
15
15
15
15
15
15
15
15
15
15
15
15
15
15
15
15
15
15
15
15
15
15
15
15
15
15
15
15
15
15
15
15
15
15
15
15
15
15
15
15
15
15
15
15
15
15
15
15
15
15
15
15
15
15
15
15
15
15
15
15
15
15
15
15
15
15
15
15
15
15
15
15
15
15
15
15
15
15
15
15
15
15
15
15
15
15
15
15
15
15
15
15
15
15
15
15
15
15
15
15
15
15
15
15
15
15
15
15
15
15
15
15
15
15
15
15
15
15
15
15
15
15
15
15
15
15
15
15
15
15
15
15
15
15
15
15
15
15
15
15
15
15
15
15
15
15
15
15
15
15
15
15
15
15
15
15
15
15
15
15
15
15
15
15
15
15
15
15
15
15
15
15
15
15
15
15
15
15
15
15
15
15
15
15
15
15
15
15
15
15
15
15
15
15
15
15
15
15
15
15
15
15
15
15
15
15
15
15
15
15
15
15
15
15
15
15
15
15
15
15
15
15
15
15
15
15
15
15
15
15
15
15
15
15
15
15
15
15
15
15
15
15
15
15
15
15
15
15
15
15
15
15
15
15
15
15
15
15
15
15
15
15
15
15
15
15
15
15
15
15
15
15
15
15
15
15
15
15
15
15
15
15
15
15
15
15
15
15
15
15
15
15
15
15
15
15
15
15
15
15
15
15
15
15
15
15
15
15
15
15
15
15
15
15
15
15
15
15
15
15
15
15
15
15
15
15
15
15
15
15
15
15
15
15
15
15
15
15
15
15
15
15
15
15
15
15
15
15
15
15
15
15
15
15
15
15
15
15
15
15
15
15
15
15
15
15
15
15
15
15
15
15
15
15
15
15
15
15
15
15
15
15
15
15
15
15
15
15
15
15
15
15
15
15
15
15
15
15
15
15
15
15
15
15
15
15
15
15
15
15
15
15
15
15
15
15
15
15
15
15
15
15
15
15
15
15
15
15
15
15
15
15
15
15
15
15
15
15
15
15
15
15
15
15
15
15
15
15
15
15
15
15
15
15
15
15
15
15
15
15
15
15
15
15
15
15
15
15
15
15
15
15
15
15
15
15
15
15
15
15
15
15
15
15
15
15
15
15
15
15
15
15
15
15
15
15
15
15
15
15
15
15
15
15
15
15
15
15
15
15
15
15
15
15
15
15
15
15
15
15
15
15
15
15
15
15
15
15
15
15
15
15
15
15
15
15
15
15
15
15
15
15
15
15
15
15
15
15
15
15
15
15
15
15
15
15
15
15
15
15
15
15
15
15
15
15
15
15
15
15
15
15
15
15
15
15
15
15
15
15
15
15
15
15
15
15
15
15
15
15
15
15
15
15
15
15
15
15
15
15
15
15
15
15
15
15
15
15
15
15
15
15
15
15
15
15
15
15
15
15
15
15
15
15
15
15
15
15
15
15
15
15
15
15
15
15
15
15
15
15
15
15
15
15
15
15
15
15
15
15
15
15
15
15
15
15
15
15
15
15
15
15
15
15
15
15
15
15
15
15
15
15
15
15
15
15
15
15
15
15
15
15
15
15
15
15
15
15
15
15
15
15
15
15
15
15
15
15
15
15
15
15
15
15
15
15
15
15
15
15
15
15
15
15
15
15
15
15
15
15
15
15
15
15
15
15
15
15
15
15
15
15
15
15
15
15
15
15
15
15
15
15
15
15
15
15
15
15
15
15
15
15
15
15
15
15
15
15
15
15
15
15
15
15
15
15
15
15
15
15
15
15
15
15
15
15
15
15
15
15
15
15
15
15
15
15
15
15
15
15
15
15
15
15
15
15
15
15
15
15
15
15
15
15
15
15
15
15
15
15
15
15
15
15
15
15
15
15
15
15
15
15
15
15
15
15
15
15
15
15
15
15
15
15
15
15
15
15
15
15
15
15
15
15
15
15
15
15
15
15
15
15
15
15
15
15
15
15
15
15
15
15
15
15
15
15
15
15
15
15
15
15
15
15
15
15
15
15
15
15
15
15
15
15
15
15
15
15
15
15
15
15
15
15
15
15
15
15
15
15
15
15
15
15
15
15
15
15
15
15
15
15
15
15
15
15
15
15
15
15
15
15
15
15
15
15
15
15
15
15
15
15
15
15
15
15
15
15
15
15
15
15
15
15
15
15
15
15
15
15
15
15
15
15
15
15
15
15
15
15
15
15
15
15
15
15
15
15
15
15
15
15
15
15
15
15
15
15
15
15
15
15
15
15
15
15
15
15
15
15
15
15
15
15
15
15
15
15
15
15
15
15
15
15
15
15
15
15
15
15
15
15
15
15
15
15
15
15
15
15
15
15
15
15
15
15
15
15
15
15
15
15
15
15
15
15
15
15
15
15
15
15
15
15
15
15
15
15
15
15
15
15
15
15
15
15
15
15
15
15
15
15
15
15
15
15
15
15
15
15
15
15
15
15
15
15
15
15
15
15
15
15
15
15
15
15
15
15
15
15
15
15
15
15
15
15
15
15
15
15
15
15
15
15
15
15
15
15
15
15
15
15
15
15
15
15
15
15
15
15
15
15
15
15
15
15
15
15
15
15
15
15
15
15
15
15
15
15
15
15
15
15
15
15
15
15
15
15
15
15
15
15
15
15
15
15
15
15
15
15
15
15
15
15
15
15
15
15
15
15
15
15
15
15
15
15
15
15
15
15
15
15
15
15
15
15
15
15
15
15
15
15
15
15
15
15
15
15
15
15
15
15
15
15
15
15
15
15
15
15
15
15
15
15
15
15
15
15
15
15
15
15
15
15
15
15
15
15
15
15
15
15
15
15
15
15
15
15
15
15
15
15
15
15
15
15
15
15
15
15
15
15
15
15
15
15
15
15
15
15
15
15
15
15
15
15
15
15
15
15
15
15
15
15
15
15
15
15
15
15
15
15
15
15
15
15
15
15
15
15
15
15
15
15
15
15
15
15
15
15
15
15
15
15
15
15
15
15
15
15
15
15
15
15
15
15
15
15
15
15
15
15
15
15
15
15
15
15
15
15
15
15
15
15
15
15
15
15
15
15
15
15
15
15
15
15
15
15
15
15
15
15
15
15
15
15
15
15
15
15
15
15
15
15
15
15
15
15
15
15
15
15
15
15
15
15
15
15
15
15
15
15
15
15
15
15
15
15
15
15
15
15
15
15
15
15
15
15
15
15
15
15
15
15
15
15
15
15
15
15
15
15
15
15
15
15
15
15
15
15
15
15
15
15
15
15
15
15
15
15
15
15
15
15
15
15
15
15
15
15
15
15
15
15
15
15
15
15
15
15
15
15
15
15
15
15
15
15
15
15
15
15
15
15
15
15
15
15
15
15
15
15
15
15
15
15
15
15
15
15
15
15
15
15
15
15
15
15
15
15
15
15
15
15
15
15
15
15
15
15
15
15
15
15
15
15
15
15
15
15
15
15
15
15
15
15
15
15
15
15
15
15
15
15
15
15
15
15
15
15
15
15
15
15
15
15
15
15
15
15
15
15
15
15
15
15
15
15
15
15
15
15
15
15
15
15
15
15
15
15
15
15
15
15
15
15
15
15
15
15
15
15
15
15
15
15
15
15
15
15
15
15
15
15
15
15
15
15
15
15
15
15
15
15
15
15
15
15
15
15
15
15
15
15
15
15
15
15
15
15
15
15
15
15
15
15
15
15
15
15
15
15
15
15
15
15
15
15
15
15
15
15
15
15
15
15
15
15
15
15
15
15
15
15
15
15
15
15
15
15
15
15
15
15
15
15
15
15
15
15
15
15
15
15
15
15
15
15
15
15
15
15
15
15
15
15
15
15
15
15
15
15
15
15
15
15
15
15
15
15
15
15
15
15
15
15
15
15
15
15
15
15
15
15
15
15
15
15
15
15
15
15
15
15
15
15
15
15
15
15
15
15
15
15
15
15
15
15
15
15
15
15
15
15
15
15
15
15
15
15
15
15
15
15
15
15
15
15
15
15
15
15
15
15
15
15
15
15
15
15
15
15
15
15
15
15
15
15
15
15
15
15
15
15
15
15
15
15
15
15
15
15
15
15
15
15
15
15
15
15
15
15
15
15
15
15
15
15
15
15
15
15
15
15
15
15
15
15
15
15
15
15
15
15
15
15
15
15
15
15
15
15
15
15
15
15
15
15
15
15
15
15
15
15
15
15
15
15
15
15
15
15
15
15
15
15
15
15
15
15
15
15
15
15
15
15
15
15
15
15
15
15
15
15
15
15
15
15
15
15
15
15
15
15
15
15
15
15
15
15
15
15
15
15
15
15
15
15
15
15
15
15
15
15
15
15
15
15
15
15
15
15
15
15
15
15
15
15
15
15
15
15
15
15
15
15
15
15
15
15
15
15
15
15
15
15
15
15
15
15
15
15
15
15
15
15
15
15
15
15
15
15
15
15
15
15
15
15
15
15
15
15
15
15
15
15
15
15
15
15
15
15
15
15
15
15
15
15
15
15
15
15
15
15
15
15
15
15
15
15
15
15
15
15
15
15
15
15
15
15
15
15
15
15
15
15
15
15
15
15
15
15
15
15
15
15
15
15
15
15
15
15
15
15
15
15
15
15
15
15
15
15
15
15
15
15
15
15
15
15
15
15
15
15
15
15
15
15
15
15
15
15
15
15
15
15
15
15
15
15
15
15
15
15
15
15
15
15
15
15
15
15
15
15
15
15
15
15
15
15
15
15
15
15
15
15
15
15
15
15
15
15
15
15
15
15
15
15
15
15
15
15
15
15
15
15
15
15
15
15
15
15
15
15
15
15
15
15
15
15
15
15
15
15
15
15
15
15
15
15
15
15
15
15
15
15
15
15
15
15
15
15
15
15
15
15
15
15
15
15
15
15
15
15
15
15
15
15
15
15
15
15
15
15
15
15
15
15
15
15
15
15
15
15
15
15
15
15
15
15
15
15
15
15
15
15
15
15
15
15
15
15
15
15
15
15
15
15
15
15
15
15
15
15
15
15
15
15
15
15
15
15
15
15
15
15
15
15
15
15
15
15
15
15
15
15
15
15
15
15
15
15
15
15
15
15
15
15
15
15
15
15
15
15
15
15
15
15
15
15
15
15
15
15
15
15
15
15
15
15
15
15
15
15
15
15
15
15
15
15
15
15
15
15
15
15
15
15
15
15
15
15
15
15
15
15
15
15
15
15
15
15
15
15
15
15
15
15
15
15
15
15
15
15
15
15
15
15
15
15
15
15
15
15
15
15
15
15
15
15
15
15
15
15
15
15
15
15
15
15
15
15
15
15
15
15
15
15
15
15
15
15
15
15
15
15
15
15
15
15
15
15
15
15
15
15
15
15
15
15
15
15
15
15
15
15
15
15
15
15
15
15
15
15
15
15
15
15
15
15
15
15
15
15
15
15
15
15
15
15
15
15
15
15
15
15
15
15
15
15
15
15
15
15
15
15
15
15
15
15
15
15
15
15
15
15
15
15
15
15
15
15
15
15
15
15
15
15
15
15
15
15
15
15
15
15
15
15
15
15
15
15
15
15
15
15
15
15
15
15
15
15
15
15
15
15
15
15
15
15
15
15
15
15
15
15
15
15
15
15
15
15
15
15
15
15
15
15
15
15
15
15
15
15
15
15
15
15
15
15
15
15
15
15
15
15
15
15
15
15
15
15
15
15
15
15
15
15
15
15
15
15
15
15
15
15
15
15
15
15
15
15
15
15
15
15
15
15
15
15
15
15
15
15
15
15
15
15
15
15
15
15
15
15
15
15
15
15
15
15
15
15
15
15
15
15
15
15
15
15
15
15
15
15
15
15
15
15
15
15
15
15
15
15
15
15
15
15
15
15
15
15
15
15
15
15
15
15
15
15
15
15
15
15
15
15
15
15
15
15
15
15
15
15
15
15
15
15
15
15
15
15
15
15
15
15
15
15
15
15
15
15
15
15
15
15
15
15
15
15
15
15
15
15
15
15
15
15
15
15
15
15
15
15
15
15
15
15
15
15
15
15
15
15
15
15
15
15
15
15
15
15
15
15
15
15
15
15
15
15
15
15
15
15
15
15
15
15
15
15
15
15
15
15
15
15
15
15
15
15
15
15
15
15
15
15
15
15
15
15
15
15
15
15
15
15
15
15
15
15
15
15
15
15
15
15
15
15
15
15
15
15
15
15
15
15
15
15
15
15
15
15
15
15
15
15
15
15
15
15
15
15
15
15
15
15
15
15
15
15
15
15
15
15
15
15
15
15
15
15
15
15
15
15
15
15
15
15
15
15
15
15
15
15
15
15
15
15
15
15
15
15
15
15
15
15
15
15
15
15
15
15
15
15
15
15
15
15
15
15
15
15
15
15
15
15
15
15
15
15
15
15
15
15
15
15
15
15
15
15
15
15
15
15
15
15
15
15
15
15
15
15
15
15
15
15
15
15
15
15
15
15
15
15
15
15
15
15
15
15
15
15
15
15
15
15
15
15
15
15
15
15
15
15
15
15
15
15
15
15
15
15
15
15
15
15
15
15
15
15
15
15
15
15
15
15
15
15
15
15
15
15
15
15
15
15
15
15
15
15
15
15
15
15
15
15
15
15
15
15
15
15
15
15
15
15
15
15
15
15
15
15
15
15
15
15
15
15
15
15
15
15
15
15
15
15
15
15
15
15
15
15
15
15
15
15
15
15
15
15
15
15
15
15
15
15
15
15
15
15
15
15
15
15
15
15
15
15
15
15
15
15
15
15
15
15
15
15
15
15
15
15
15
15
15
15
15
15
15
15
15
15
15
15
15
15
15
15
15
15
15
15
15
15
15
15
15
15
15
15
15
15
15
15
15
15
15
15
15
15
15
15
15
15
15
15
15
15
15
15
15
15
15
15
15
15
15
15
15
15
15
15
15
15
15
15
15
15
15
15
15
15
15
15
15
15
15
15
15
15
15
15
15
15
15
15
15
15
15
15
15
15
15
15
15
15
15
15
15
15
15
15
15
15
15
15
15
15
15
15
15
15
15
15
15
15
15
15
15
15
15
15
15
15
15
15
15
15
15
15
15
15
15
15
15
15
15
15
15
15
15
15
15
15
15
15
15
15
15
15
15
15
15
15
15
15
15
15
15
15
15
15
15
15
15
15
15
15
15
15
15
15
15
15
15
15
15
15
15
15
15
15
15
15
15
15
15
15
15
15
15
15
15
15
15
15
15
15
15
15
15
15
15
15
15
15
15
15
15
15
15
15
15
15
15
15
15
15
15
15
15
15
15
15
15
15
15
15
15
15
15
15
15
15
15
15
15
15
15
15
15
15
15
15
15
15
15
15
15
15
15
15
15
15
15
15
15
15
15
15
15
15
15
15
15
15
15
15
15
15
15
15
15
15
15
15
15
15
15
15
15
15
15
15
15
15
15
15
15
15
15
15
15
15
15
15
15
15
15
15
15
15
15
15
15
15
15
15
15
15
15
15
15
15
15
15
15
15
15
15
15
15
15
15
15
15
15
15
15
15
15
15
15
15
15
15
15
15
15
15
15
15
15
15
15
15
15
15
15
15
15
15
15
15
15
15
15
15
15
15
15
15
15
15
15
15
15
15
15
15
15
15
15
15
15
15
15
15
15
15
15
15
15
15
15
15
15
15
15
15
15
15
15
15
15
15
15
15
15
15
15
15
15
15
15
15
15
15
15
15
15
15
15
15
15
15
15
15
15
15
15
15
15
15
15
15
15
15
15
15
15
15
15
15
15
15
15
15
15
15
15
15
15
15
15
15
15
15
15
15
15
15
15
15
15
15
15
15
15
15
15
15
15
15
15
15
15
15
15
15
15
15
15
15
15
15
15
15
15
15
15
15
15
15
15
15
15
15
15
15
15
15
15
15
15
15
15
15
15
15
15
15
15
15
15
15
15
15
15
15
15
15
15
15
15
15
15
15
15
15
15
15
15
15
15
15
15
15
15
15
15
15
15
15
15
15
15
15
15
15
15
15
15
15
15
15
15
15
15
15
15
15
15
15
15
15
15
15
15
15
15
15
15
15
15
15
