pp001	1319.291	8763.846	1	2.43E+00	4.79E-01	5.31E+00	5.33E-04
pp002	2061.07	8712.688	1	3.73E+00	3.42E-02	1.40E+00	1.95E-04
pp003	1677.391	9147.524	1	3.36E+00	1.34E-01	3.52E+00	3.01E-04
pp004	1677.391	8226.696	1	2.66E+00	7.47E-02	4.45E+00	2.82E-04
pp005	1319.291	3136.562	1	1.39E+00	1.01E-01	1.75E+00	4.48E-04
pp006	603.092	3724.869	1	1.75E+00	1.08E+00	4.82E+00	3.51E-04
pp007	603.092	3059.826	1	3.86E+00	7.06E-02	4.04E+00	3.90E-04
pp008	1268.134	3750.447	1	9.49E-01	7.12E-01	3.02E+00	4.01E-04
pp009	1779.706	3750.447	1	3.08E-01	1.95E-01	1.72E+00	2.68E-04
pp010	2316.855	3520.24	1	3.52E-01	1.41E-02	3.76E+00	4.47E-04
pp011	2572.641	3929.497	1	6.26E-01	1.02E-01	1.44E+00	3.12E-04
pp012	2035.491	4185.283	1	1.11E-01	1.19E-01	4.04E+00	2.41E-04
pp013	3825.991	4313.176	1	3.50E+00	2.19E-02	8.52E-01	3.15E-04
pp014	3595.784	4082.969	1	4.50E+00	1.49E-02	1.37E+00	4.28E-04
pp015	4158.512	4082.969	1	5.37E+00	1.85E-02	9.54E-01	2.70E-04
pp016	3928.305	3776.026	1	1.34E+00	2.32E-01	8.46E-01	3.78E-04
pp017	3928.305	3110.983	1	3.52E+00	6.26E-01	1.75E+00	2.71E-04
pp018	4772.397	3008.669	1	1.91E+01	1.23E-02	2.19E+00	2.13E-04
pp019	4158.512	3366.769	1	6.10E+00	2.78E-01	1.34E+00	2.55E-04
pp020	4337.562	2676.148	1	6.65E+00	4.53E-02	1.01E+00	2.84E-04
pp021	5974.59	9019.631	1	4.29E+00	2.89E-02	1.25E+01	3.10E-04
pp022	5590.911	9607.938	1	3.85E+00	1.42E-01	2.97E+01	3.44E-04
pp023	6383.847	8456.903	1	1.42E+01	1.53E-01	1.53E+01	3.79E-04
pp024	6562.897	8994.053	1	5.22E+00	2.37E-01	8.20E+00	2.37E-04
pp025	6204.797	7843.017	1	6.16E+00	3.14E-01	6.80E+00	3.58E-04
pp026	6716.368	7919.753	1	5.65E+00	1.72E-01	1.12E+01	2.96E-04
pp027	5846.697	8354.589	1	1.24E+01	1.15E-01	2.42E+00	4.09E-04
pp028	8711.496	8789.424	1	7.62E-01	2.68E-01	6.00E+00	3.89E-04
pp029	8327.818	8188.328	1	1.87E+00	2.65E+00	7.29E+00	3.63E-04
pp030	7163.993	7344.235	1	4.69E+00	1.03E+00	5.90E+00	1.62E-04
pp031	7586.039	7408.182	1	2.52E+00	8.12E-01	1.11E+01	1.53E-04
pp032	8020.875	7139.607	1	2.47E+00	1.41E+00	2.56E+00	1.64E-04
pp033	7624.407	6691.982	1	6.52E+00	2.13E-01	7.43E+00	1.05E-04
pp034	8148.768	6743.139	1	5.12E+00	7.22E-02	1.48E+00	1.36E-04
pp035	8481.289	7472.128	1	1.76E+00	1.85E-01	6.17E+00	2.39E-04
pp036	7074.468	6628.036	1	8.23E+00	6.24E-02	5.52E+00	1.72E-04
pp037	7586.039	6244.357	1	3.10E+00	5.73E-02	1.24E+01	1.10E-04
pp038	8289.45	6078.096	1	3.81E+00	1.80E-02	5.42E+00	2.26E-04
pp039	7790.668	7868.596	1	1.68E+00	4.66E-01	8.43E+00	2.25E-04
pp040	8903.335	7958.121	1	4.14E-01	1.75E-01	4.88E+00	3.15E-04
pp041	8864.967	9812.567	1	2.39E+00	2.18E-02	9.28E+00	4.50E-04
pp042	9261.435	9467.256	1	1.57E+00	2.91E-02	7.32E+00	4.35E-04
pp043	8353.396	9480.045	1	7.97E-01	2.01E-01	1.45E+01	3.22E-04
pp044	9146.332	8840.581	1	7.45E-01	1.22E-01	4.82E+00	3.62E-04
pp045	7681.959	5489.79	4	2.07E+01	9.88E-02	4.99E+00	3.10E-04
pp046	7234.334	4140.52	1	2.40E+00	1.21E-01	1.98E+01	1.48E-04
pp047	8206.319	4984.613	4	1.66E+01	3.14E-01	3.04E+00	2.33E-04
pp048	8462.105	5470.606	4	1.15E+01	6.70E-02	6.99E+00	2.54E-04
pp049	7963.323	5585.709	1	4.37E+00	8.79E-03	3.52E+00	1.31E-04
pp050	7726.721	5125.295	4	2.64E+01	8.80E-02	4.52E+00	3.17E-04
pp051	7061.679	5208.425	4	1.09E+01	6.27E-02	7.08E-01	1.77E-04
pp052	7061.679	4824.747	4	1.27E+01	6.17E-02	9.73E-01	2.04E-04
pp053	6588.475	1710.557	1	1.73E+01	1.38E-01	4.88E+00	3.42E-04
pp054	7074.468	1697.768	1	1.80E+01	1.80E-01	9.94E+00	3.33E-04
pp055	6850.656	1972.737	1	1.16E+01	3.80E-01	1.31E+01	2.90E-04
pp056	6844.261	1429.193	1	1.18E+01	5.62E-02	7.85E+00	4.31E-04
pp057	2457.537	2893.565	1	3.92E-01	9.07E-02	1.98E+00	3.17E-04
pp058	2802.848	2778.462	1	1.32E+00	1.90E-01	4.90E+00	3.55E-04
pp059	2917.952	3417.926	1	6.70E-01	6.28E-02	1.32E+00	3.53E-04
pp060	2035.491	2241.312	1	2.05E+00	4.36E-01	1.23E+00	3.35E-04
pp061	2559.852	2484.308	1	1.18E+00	3.59E-01	3.73E+00	2.55E-04
pp062	3154.553	2260.496	1	1.58E+00	1.50E-01	2.67E+00	2.61E-04
pp063	3458.299	1883.212	1	8.63E+00	3.17E-02	2.42E+00	2.34E-04
pp064	4238.445	1653.005	1	1.40E+01	1.05E-01	1.63E+00	2.07E-04
pp065	4251.234	1256.537	1	1.99E+01	1.54E-02	3.40E+00	2.61E-04
pp066	4558.177	1358.852	1	1.36E+01	5.54E-02	1.96E+00	1.38E-04
pp067	3381.563	1435.587	1	1.51E+01	3.40E-02	5.89E+00	2.23E-04
pp068	2217.738	1525.112	1	2.20E+00	2.66E-02	1.21E+00	2.63E-04
pp069	1552.696	1665.794	1	1.33E+00	3.71E-02	1.50E+00	3.09E-04
pp070	913.232	1218.17	1	5.63E+00	5.80E-02	5.05E-01	3.08E-04
pp071	1539.907	1103.066	1	2.65E+00	5.52E-02	6.65E-01	2.41E-04
pp072	1028.335	1729.741	1	3.56E+00	1.34E-01	1.72E+00	4.30E-04
pp073	2831.624	1013.541	1	1.02E+01	2.49E-02	3.38E+00	1.18E-04
pp074	2869.992	489.18	1	8.13E+00	4.88E-02	2.29E+00	1.49E-04
pp075	2946.727	1896.001	1	3.11E+00	6.23E-02	4.33E+00	1.87E-04
pp076	2946.727	1678.584	1	8.76E+00	3.70E-02	3.89E+00	1.45E-04
pp077	388.871	335.709	1	2.94E+00	1.24E-02	9.03E-01	1.97E-04
pp078	1284.121	284.552	1	1.66E+00	1.99E-01	9.63E-01	1.41E-04
pp079	2383.999	335.709	1	1.02E+01	7.63E-02	1.51E+00	1.83E-04
pp080	4097.763	386.866	1	1.38E+01	3.05E-01	2.22E+00	2.21E-04
pp081	5172.062	310.131	1	1.68E+01	7.10E-02	2.71E+00	1.96E-04
pp082	6911.405	514.759	1	7.94E+00	2.88E-02	1.57E+00	3.73E-04
pp083	8215.911	3763.237	1	6.37E+00	1.08E-01	1.23E+01	2.08E-04
pp084	7960.126	2535.466	1	3.07E+00	3.32E-02	1.81E+01	1.81E-04
pp085	7550.869	1384.43	1	2.37E+01	1.18E-01	1.19E+01	3.74E-04
pp086	5683.634	2126.209	1	2.35E+01	4.39E-02	9.80E+00	1.31E-04
pp087	5939.419	3302.822	1	8.53E+00	3.04E-01	2.78E+01	2.01E-04
pp088	7218.347	3021.458	1	7.09E+00	7.56E-02	2.39E+01	1.53E-04
pp089	9290.211	8392.956	1	8.70E-01	5.14E-02	4.13E+00	3.18E-04
pp090	9290.211	7600.021	1	7.83E-01	6.28E-02	3.25E+00	2.55E-04
pp091	9060.004	6500.143	1	1.34E+00	1.70E-02	1.26E+00	2.68E-04
pp092	8753.061	5809.522	1	3.46E+00	1.59E-01	4.52E+00	2.95E-04
pp093	286.557	9723.042	1	1.64E+00	1.34E-01	2.08E+00	4.98E-04
pp094	2639.785	9671.885	1	5.44E+00	7.46E-02	4.52E+00	2.57E-04
pp095	4276.813	9646.306	1	9.19E+00	2.90E-01	3.61E+00	2.50E-04
pp096	7064.876	9825.356	1	5.99E+00	1.81E-01	8.72E+00	2.33E-04
pp097	7781.076	8827.792	1	1.48E+00	3.74E-01	5.32E+00	2.87E-04
pp098	7064.876	8444.114	1	8.20E+00	1.97E-01	1.08E+01	2.15E-04
pp099	7013.719	5962.993	1	8.62E+00	5.49E-02	2.82E+00	1.64E-04
pp100	7320.662	5758.364	1	7.84E+00	2.43E-02	2.97E+00	1.26E-04
pp101	6502.148	7088.45	1	6.41E+00	1.14E-01	2.53E+00	2.73E-04
pp102	2946.727	4249.229	1	7.57E-01	7.95E-02	1.22E+00	4.25E-04
pp103	3560.613	3047.037	1	1.43E+00	5.97E-01	1.94E+00	3.04E-04
pp104	3381.563	3507.451	1	1.82E+00	1.98E-01	5.23E-01	3.16E-04
pp105	1463.171	2381.994	1	1.32E+00	5.19E-01	5.46E-01	2.98E-04
pp106	4021.027	2356.416	1	6.15E+00	2.38E-01	1.29E+00	2.27E-04
pp107	4660.491	4198.072	1	1.96E+01	3.21E-02	1.82E+00	4.48E-04
pp108	5530.162	4479.436	4	2.71E+01	1.81E-02	1.49E+01	4.04E-04
pp109	6655.619	4786.379	4	5.85E+00	2.80E-01	1.04E+00	2.54E-04
pp110	1284.121	5937.414	1	2.06E+00	2.12E-01	2.63E-01	2.58E-04
pp111	2281.685	5681.629	4	7.12E-01	3.64E-02	1.93E+00	1.55E-04
pp112	3151.356	5400.265	4	6.00E-01	3.57E-01	3.30E+00	4.25E-04
pp113	3995.449	5349.107	4	8.48E-01	1.56E-02	5.86E+00	1.22E-04
pp114	4941.855	5272.372	4	1.57E+00	5.65E-02	6.78E+00	3.69E-04
pp115	6016.155	5246.793	4	1.32E+01	1.64E-01	2.35E+00	7.52E-04
pp116	5146.484	4505.015	4	2.36E+01	7.13E-02	1.82E+01	3.53E-04
pp117	5376.691	4888.693	4	3.87E+00	5.97E-01	1.92E+01	5.88E-04
pp118	5913.841	4505.015	4	1.51E+01	2.54E-01	1.58E+00	7.75E-04
pp119	6118.469	4888.693	4	2.23E+01	3.52E-02	2.50E+00	6.61E-04
pp120	6425.412	4991.008	4	2.56E+01	1.56E-01	1.08E+00	4.15E-04
pp121	2869.992	4607.329	4	3.54E+00	2.65E-01	4.99E+00	4.32E-04
pp122	1667.799	4351.543	4	2.96E+00	4.85E-02	1.88E+00	2.50E-04
pp123	977.178	4249.229	4	1.62E+00	2.04E-01	3.85E+00	2.79E-04
pp124	798.128	6116.464	4	2.84E+00	6.82E-03	1.30E+01	3.65E-04
pp125	5542.952	5899.047	4	4.71E+00	1.18E-02	3.69E+00	2.13E-04
pp126	5542.952	5361.897	4	4.85E+00	2.60E-01	1.04E+01	5.66E-04
pp127	5696.423	3891.129	4	3.12E+00	2.11E-01	1.05E+00	2.45E-04
pp128	6297.519	4351.543	4	1.55E+00	9.51E-02	4.93E-01	6.94E-04
pp129	4174.498	5029.375	4	1.20E+00	2.66E-02	9.08E+00	1.49E-04
pp130	4404.706	5630.472	4	6.20E-01	5.52E-02	4.09E+00	2.35E-04
pp131	5184.852	5477	4	1.96E+00	5.67E-01	2.82E+00	2.45E-04
pp132	5056.959	4927.061	4	6.56E+00	5.61E-02	4.54E+00	4.47E-04
pp133	4698.859	4466.647	4	8.46E+00	1.37E-01	1.09E+00	3.66E-04
pp134	3688.506	4543.383	4	6.06E-01	1.83E-02	3.37E+00	1.71E-04
pp135	7819.444	4786.379	4	2.25E+01	8.85E-02	1.85E+00	2.98E-04
pp136	8510.065	4671.276	4	3.10E+00	5.71E-01	1.79E+00	2.13E-04
pp137	8650.747	5170.057	4	1.04E+01	1.02E-01	6.71E+00	3.01E-04
pp138	8676.326	4274.808	4	1.95E+00	5.59E-02	1.12E+00	2.53E-04
pp139	6514.937	5349.107	4	3.17E+01	2.09E-01	1.87E+00	2.47E-04
pp140	3790.82	5643.261	4	2.77E-01	2.73E-01	8.76E-01	2.91E-04
pp141	4136.131	6135.648	4	4.82E-01	7.62E-02	1.71E+00	2.12E-04
pp142	4948.25	6359.461	4	3.41E+00	3.71E-02	2.64E+00	3.14E-04
pp143	337.714	8974.869	1	2.82E+00	3.58E-01	5.03E+00	4.54E-04
pp144	286.557	8002.883	1	1.67E+00	7.75E-01	5.30E+00	2.69E-04
pp145	286.557	6903.005	1	7.84E+00	1.18E-01	1.09E+01	1.98E-04
pp146	260.978	6058.913	1	2.06E+01	2.30E-01	5.78E+00	2.07E-04
pp147	235.4	4575.356	1	5.65E+00	3.00E-02	6.21E+00	2.99E-04
pp148	286.557	5317.134	1	3.92E+00	7.74E-02	6.24E+00	2.29E-04
pp149	286.557	3603.371	1	3.43E+00	3.62E-01	1.24E+01	3.52E-04
pp150	286.557	2068.657	1	4.48E+00	2.93E-02	5.23E+00	3.16E-04
pp151	286.557	1198.986	1	4.65E+00	2.27E-02	5.19E-01	2.67E-04
pp152	1130.65	5214.82	1	1.71E+00	2.41E-01	3.94E-01	1.89E-04
pp153	1770.114	5163.663	1	1.61E+00	3.76E-01	8.10E-01	1.79E-04
pp154	2665.363	4984.613	1	2.36E+00	5.40E-02	9.94E-01	3.89E-04
pp155	3893.134	4805.563	1	9.93E+00	3.56E-02	1.06E+00	3.80E-04
pp156	1258.542	7465.733	1	6.58E+00	1.95E-01	1.96E+00	2.16E-04
pp157	1718.956	6596.062	1	3.29E+00	1.81E-01	5.88E-01	3.54E-04
pp158	3023.463	8054.04	1	3.03E+00	9.45E-02	1.60E+00	2.98E-04
pp159	2511.892	7235.526	1	1.08E+00	1.81E-02	1.82E+00	4.91E-04
pp160	3944.291	8744.662	1	7.94E+00	7.65E-02	1.28E+00	3.37E-04
pp161	5274.377	7414.576	1	8.59E+00	1.80E-02	2.34E+00	1.78E-04
pp162	6220.784	6621.641	1	3.47E+00	3.89E-02	1.39E+00	3.02E-04
pp163	4097.763	7593.626	1	1.57E+01	3.94E-01	4.14E+00	3.66E-04
pp164	4558.177	6749.534	1	3.71E+01	1.68E-01	3.16E+00	2.53E-04
pp165	6144.048	5956.598	1	7.14E+00	1.77E-02	3.69E+00	3.03E-04
pp166	2869.992	5841.495	1	5.77E+00	7.18E-03	5.79E-01	3.39E-04
pp167	3279.249	5854.284	1	6.94E+00	2.70E-01	1.55E+00	3.44E-04
pp168	3573.402	5854.284	1	1.41E+01	3.04E-01	1.46E+00	5.10E-04
pp169	3893.134	5854.284	1	2.12E+01	3.37E-01	2.67E+00	5.42E-04
pp170	4302.391	5879.863	4	3.34E-01	5.36E-02	1.67E+00	2.14E-04
pp171	3381.563	5624.077	1	9.11E+00	1.49E-01	1.89E+00	3.78E-04
pp172	3547.824	5457.816	4	2.66E-01	2.85E-02	1.33E+00	2.35E-04
pp173	4187.288	5662.445	4	5.22E-01	1.35E-01	1.44E+00	1.91E-04
pp174	4583.755	5419.448	4	6.06E-01	2.50E-02	8.27E+00	3.06E-04
pp175	4583.755	5048.559	4	2.32E+00	3.45E-02	4.89E+00	3.17E-04
pp176	4174.498	5202.031	4	5.30E-01	5.07E-03	7.86E+00	1.31E-04
pp177	3176.935	5048.559	1	9.67E+00	1.33E-01	2.26E+00	4.54E-04
pp178	3739.663	5099.716	4	8.18E-01	7.71E-02	6.22E+00	2.15E-04
pp179	2933.938	6110.07	1	6.83E+00	9.88E-02	5.41E-01	4.92E-04
pp180	3240.881	6135.648	1	5.61E+00	3.09E-01	2.28E+00	5.36E-04
pp181	3611.77	6148.437	1	1.08E+01	7.32E-01	2.97E+00	5.66E-04
pp182	3969.87	6148.437	1	1.47E+01	9.62E-01	2.84E+00	4.77E-04
pp183	4647.702	5649.656	1	1.40E+01	4.48E-02	1.34E+00	4.22E-04
pp184	4558.177	5918.23	1	1.08E+01	2.06E-01	1.25E+00	2.92E-04
pp185	4404.706	6199.595	1	1.49E+01	2.41E-01	2.92E+00	3.11E-04
pp186	4404.706	6378.645	1	1.13E+01	1.48E-01	3.86E+00	2.57E-04
pp187	4123.341	6404.223	4	2.58E+00	5.22E-02	2.06E+00	2.00E-04
pp188	3854.766	6455.38	1	1.17E+01	5.60E-01	3.70E+00	3.87E-04
pp189	3535.034	6404.223	1	3.84E+00	2.60E-02	2.41E+00	4.85E-04
pp190	3304.827	6429.802	1	6.48E+00	3.85E-02	2.74E+00	5.16E-04
pp191	2946.727	6442.591	1	3.35E+00	6.63E-02	5.36E-01	5.02E-04
pp192	3087.41	6634.43	1	1.79E+00	3.37E-02	9.78E-01	5.86E-04
pp193	3394.352	7069.266	1	3.52E+00	7.36E-02	1.95E+00	6.58E-04
pp194	3483.877	6711.166	1	3.74E+00	5.58E-02	2.69E+00	4.95E-04
pp195	3905.924	6851.848	1	1.81E+01	1.48E-01	1.62E+00	4.11E-04
pp196	4327.97	6749.534	1	5.21E+01	2.30E-01	4.55E+00	2.44E-04
pp197	4941.855	5943.809	1	1.08E+01	8.03E-02	4.76E+00	3.60E-04
pp198	2690.942	6225.173	1	3.07E+00	2.02E-02	2.35E-01	4.21E-04
pp199	2396.788	5982.177	1	2.61E+00	7.08E-03	4.09E-01	2.32E-04
pp200	2652.574	5675.234	1	3.71E+00	9.86E-03	6.31E-01	3.30E-04
pp201	2626.995	5432.238	4	1.52E+00	7.87E-01	2.11E+00	2.72E-04
pp202	4993.012	5675.234	4	7.95E-01	1.66E-01	2.26E+00	5.86E-04
pp203	6412.623	2618.596	1	1.55E+01	7.07E-02	1.97E+01	2.95E-04
pp204	5875.473	1109.461	1	9.54E+01	1.96E-01	2.17E+00	3.38E-04
pp205	6821.88	3437.11	1	3.54E+00	3.82E-01	5.82E+01	2.19E-04
pp206	4724.438	8373.772	1	8.68E+00	1.59E-01	5.67E+00	2.46E-04
pp207	1757.324	2925.539	1	3.49E-01	4.10E-02	1.54E+00	2.92E-04
pp208	1092.282	2746.489	1	3.76E+00	1.74E-01	2.31E+00	5.39E-04
pp209	1936.374	3309.217	1	2.61E-01	4.25E-02	3.38E+00	3.40E-04
pp210	715.2287082	9766.392871	1	2.69E+00	2.55E-01	4.51E+00	6.89E-04
pp211	698.6210675	9317.986573	1	3.67E+00	9.27E-01	3.32E+00	7.61E-04
pp212	1612.041304	9633.531746	1	8.99E+00	2.47E-01	4.50E+00	3.39E-04
pp213	1147.027365	9583.708824	1	3.56E+00	1.75E-01	6.16E+00	5.63E-04
pp214	1147.027365	9068.871963	1	3.06E+00	3.13E-01	7.80E+00	5.76E-04
pp215	947.7356775	8670.288587	1	3.67E+00	2.26E+00	3.18E+00	4.66E-04
pp216	432.8988168	8437.781618	1	2.23E+00	1.17E+00	8.13E+00	3.96E-04
pp217	1296.496131	8022.590601	1	1.84E+00	5.01E-01	4.19E+00	3.18E-04
pp218	765.0516302	7839.906554	1	2.72E+00	1.10E+00	8.53E+00	2.26E-04
pp219	366.4682542	7125.778005	1	4.18E+00	7.02E-02	6.26E+00	1.72E-04
pp220	200.3918475	7590.791944	1	3.00E+00	2.32E-01	6.74E+00	2.85E-04
pp221	715.2287082	7325.069693	1	2.36E+00	1.11E-01	9.56E+00	2.15E-04
pp222	814.8745522	6777.017551	1	1.06E+01	4.44E-02	5.06E+00	2.49E-04
pp223	1163.635006	6561.118223	1	4.58E+00	2.64E-02	5.24E-01	1.97E-04
pp224	1445.964897	7125.778005	1	4.74E+00	6.46E-02	1.14E+00	2.47E-04
pp225	549.1523015	6561.118223	1	8.56E+00	1.59E-01	4.99E+00	2.56E-04
pp226	1844.548273	7291.854412	1	1.90E+00	3.65E-02	1.97E+00	2.87E-04
pp227	2093.662883	8055.805883	1	1.80E+00	3.00E-02	4.98E-01	2.67E-04
pp228	2375.992775	7922.944757	1	1.32E+00	7.26E-03	1.19E+00	2.88E-04
pp229	2542.069181	8819.757353	1	2.60E+00	9.30E-02	1.56E+00	1.62E-04
pp230	3123.336605	8587.250384	1	2.35E+00	7.24E-02	1.21E+00	2.30E-04
pp231	3272.805371	9019.049041	1	2.67E+00	3.85E-01	1.52E+00	3.00E-04
pp232	2425.815697	9317.986573	1	5.50E+00	1.42E-01	3.46E+00	2.17E-04
pp233	1927.586477	9650.139386	1	7.35E+00	8.09E-02	1.81E+00	2.42E-04
pp234	3472.097059	9600.316464	1	4.35E+00	1.34E-01	1.27E+00	3.78E-04
pp235	3920.503357	9151.910167	1	1.25E+01	1.80E-01	9.43E-01	2.72E-04
pp236	4833.923593	9401.024777	1	1.63E+01	1.36E-01	1.31E+01	2.91E-04
pp237	5083.038203	9666.747027	1	1.16E+01	1.27E-01	2.17E+01	3.51E-04
pp238	5564.659783	9301.378933	1	3.56E+00	9.18E-02	3.33E+01	3.34E-04
pp239	4601.416624	9052.264323	1	1.89E+01	1.83E-01	2.84E+00	2.51E-04
pp240	5249.11461	8686.896228	1	1.10E+01	9.78E-02	5.93E+00	3.68E-04
pp241	5780.559111	8221.882289	1	2.07E+01	1.09E-01	4.22E+00	3.74E-04
pp242	5215.899329	7756.868351	1	7.02E+00	1.69E-02	3.45E+00	1.61E-04
pp243	4352.302014	7939.552398	1	1.94E+01	6.04E-01	2.12E+00	2.57E-04
pp244	4153.010326	8437.781618	1	1.92E+01	1.60E-01	5.26E+00	2.45E-04
pp245	3671.388747	7856.514195	1	7.02E+00	1.86E-01	1.64E+00	4.93E-04
pp246	2890.829635	7258.639131	1	8.45E-01	3.55E-02	1.01E+00	6.49E-04
pp247	3372.451215	7740.26071	1	2.23E+00	7.99E-02	9.74E-01	5.40E-04
pp248	3937.110997	7341.677334	1	2.35E+01	5.15E-01	2.60E+00	4.92E-04
pp249	4618.024265	7158.993287	1	3.02E+01	2.00E-01	1.87E+00	2.00E-04
pp250	5132.861125	7524.361381	1	8.04E+00	3.56E-02	1.36E+00	1.54E-04
pp251	4667.847187	7308.462053	1	2.48E+01	1.78E-01	1.64E+00	1.69E-04
pp252	5531.444501	6610.941145	1	1.03E+01	7.52E-02	1.13E+00	2.39E-04
pp253	5548.052142	6710.586989	1	7.13E+00	1.45E-01	1.30E+00	2.23E-04
pp254	5730.736189	7408.107897	1	5.25E+00	5.43E-02	3.13E+00	3.02E-04
pp255	6096.104284	7142.385646	1	5.95E+00	2.33E-01	3.02E+00	2.84E-04
pp256	5880.204955	6943.093958	1	4.30E+00	4.49E-01	1.55E+00	2.54E-04
pp257	5166.076407	6959.701599	1	1.03E+01	4.09E-02	2.95E+00	2.28E-04
pp258	5747.34383	6527.902941	1	6.04E+00	1.63E-01	1.46E+00	1.82E-04
pp259	6046.281362	6129.319565	1	5.92E+00	4.09E-02	3.68E+00	2.20E-04
pp260	6029.673721	5747.34383	1	8.02E+00	1.76E-02	3.85E+00	3.06E-04
pp261	6511.295301	5597.875064	1	2.11E+00	4.16E-02	6.93E+00	2.72E-04
pp262	6660.764067	5747.34383	1	3.57E+00	1.05E-01	6.19E+00	2.75E-04
pp263	6909.878677	5564.659783	1	4.49E+00	2.68E-02	3.20E+00	1.65E-04
pp264	7042.739802	5431.798657	1	3.62E+00	1.83E-02	4.55E+00	1.66E-04
pp265	7707.045429	5581.267423	1	7.19E+00	1.64E-02	8.35E+00	1.09E-04
pp266	7989.37532	5763.951471	1	4.78E+00	1.02E-02	5.58E+00	1.52E-04
pp267	8321.528133	5747.34383	1	4.89E+00	2.35E-02	8.25E+00	1.79E-04
pp268	8670.288587	5564.659783	1	2.77E+00	1.54E-01	5.27E+00	2.29E-04
pp269	8936.010838	5979.850799	1	2.78E+00	1.41E-01	2.34E+00	2.79E-04
pp270	8470.996899	6295.395972	1	3.89E+00	1.13E-02	3.39E+00	2.92E-04
pp271	8703.503869	6644.156426	1	1.70E+00	7.34E-03	1.84E+00	2.91E-04
pp272	8869.580275	7158.993287	1	1.58E+00	4.35E-02	2.20E+00	3.05E-04
pp273	8720.111509	7225.423849	1	1.23E+00	1.11E-01	3.49E+00	3.27E-04
pp274	8454.389259	6976.309239	1	1.61E+00	3.90E-02	2.77E+00	1.65E-04
pp275	9234.94837	7026.132161	1	1.40E+00	6.61E-02	1.60E+00	3.04E-04
pp276	9168.517807	7408.107897	1	5.35E-01	1.19E-01	4.59E+00	2.85E-04
pp277	9002.441401	7806.691273	1	6.46E-01	1.05E-01	8.68E+00	3.20E-04
pp278	9168.517807	7956.160039	1	9.35E-01	8.58E-02	6.54E+00	3.00E-04
pp279	8537.427462	8437.781618	1	1.73E+00	2.71E-01	8.81E+00	5.09E-04
pp280	8155.451727	8936.010838	1	9.26E-01	3.25E-01	7.46E+00	3.39E-04
pp281	8803.149713	9234.94837	1	3.60E-01	1.23E-01	7.32E+00	3.75E-04
pp282	8172.059367	9301.378933	1	1.27E+00	2.75E-01	1.36E+01	2.98E-04
pp283	7839.906554	9284.771292	1	1.26E+00	6.74E-01	1.78E+01	3.25E-04
pp284	7590.791944	9567.101183	1	3.68E+00	4.91E-01	2.16E+01	3.60E-04
pp285	7142.385646	9052.264323	1	3.52E+00	3.30E-01	6.44E+00	2.49E-04
pp286	6594.333504	9533.885902	1	6.02E+00	2.46E-01	1.38E+01	2.66E-04
pp287	5996.45844	9600.316464	1	2.76E+00	1.02E-01	1.27E+01	2.88E-04
pp288	6743.80227	9650.139386	1	4.80E+00	6.50E-01	1.44E+01	2.46E-04
pp289	7208.816209	9450.847699	1	3.11E+00	4.70E-01	1.18E+01	2.95E-04
pp290	7491.1461	9417.632417	1	4.30E+00	5.02E-01	1.03E+01	2.79E-04
pp291	7906.337117	9749.78523	1	2.42E+00	5.71E-01	1.71E+01	4.30E-04
pp292	8188.667008	9733.17759	1	1.36E+00	2.63E-01	1.10E+01	3.72E-04
pp293	6328.611253	9168.517807	1	4.85E+00	2.03E-01	1.29E+01	2.79E-04
pp294	6046.281362	8653.680947	1	1.27E+01	6.89E-02	6.19E+00	3.38E-04
pp295	5747.34383	8703.503869	1	1.43E+01	8.56E-02	5.52E+00	3.18E-04
pp296	7175.600927	8819.757353	1	5.17E+00	7.92E-01	5.62E+00	2.18E-04
pp297	7507.753741	8487.60454	1	3.75E+00	3.75E-01	1.82E+01	2.20E-04
pp298	7258.639131	7673.830147	1	3.10E+00	5.36E-01	2.20E+01	1.44E-04
pp299	6810.232833	8138.844086	1	7.01E+00	1.54E-01	1.07E+01	3.00E-04
pp300	7109.170365	8105.628805	1	3.27E+00	4.02E-01	1.22E+01	2.35E-04
pp301	7474.538459	7922.944757	1	3.24E+00	9.79E-01	1.50E+01	1.74E-04
pp302	6411.649457	7557.576663	1	6.83E+00	5.14E-01	8.75E+00	3.09E-04
pp303	6727.194629	7408.107897	1	8.54E+00	4.14E-01	8.09E+00	2.23E-04
pp304	6876.663395	7092.562724	1	6.36E+00	8.81E-02	1.18E+01	1.53E-04
pp305	6428.257097	6245.57305	1	6.01E+00	1.04E-01	1.98E+00	2.60E-04
pp306	6826.840473	6494.68766	1	8.18E+00	2.72E-02	6.47E+00	1.97E-04
pp307	6627.548785	6677.371707	1	9.22E+00	3.08E-02	5.10E+00	2.29E-04
pp308	2757.96851	6777.017551	1	2.53E+00	3.66E-02	4.35E-01	6.24E-04
pp309	2292.954571	6544.510582	1	3.11E+00	6.66E-02	5.48E-01	3.42E-04
pp310	2010.62468	6710.586989	1	2.47E+00	7.47E-02	5.52E-01	3.17E-04
pp311	2259.73929	6145.927206	1	2.96E+00	6.42E-03	5.98E-01	2.75E-04
pp312	1612.041304	6295.395972	1	1.06E+00	3.15E-02	4.05E-01	2.48E-04
pp313	914.5203961	6029.673721	1	3.14E+00	4.39E-01	2.83E-01	2.10E-04
pp314	200.3918475	5730.736189	1	1.83E+01	4.07E-01	1.32E+01	1.88E-04
pp315	831.4821928	5597.875064	1	2.82E+00	1.12E+00	7.80E-01	1.65E-04
pp316	1429.357257	5415.191017	1	1.25E+00	6.59E-01	4.32E-01	1.98E-04
pp317	1827.940633	5381.975735	1	1.60E+00	1.21E-01	8.62E-01	2.79E-04
pp318	2326.169853	5298.937532	1	2.69E+00	6.16E-03	3.82E-01	3.12E-04
pp319	2176.701087	5000	1	9.13E-01	9.65E-02	1.01E+00	2.56E-04
pp320	2708.145588	4767.493031	1	3.05E+00	2.17E-01	1.66E+00	3.79E-04
pp321	3040.298401	4966.784719	1	8.62E+00	1.60E-01	2.40E+00	3.97E-04
pp322	3389.058855	4833.923593	1	5.09E+00	3.14E-02	8.04E-01	3.95E-04
pp323	3804.249872	4800.708312	1	1.06E+01	4.32E-02	9.66E-01	4.63E-04
pp324	4302.479092	4717.670109	1	2.04E+01	1.65E-02	7.60E-01	6.67E-04
pp325	4717.670109	4800.708312	1	4.24E+01	1.96E-02	2.27E+00	8.22E-04
pp326	1994.017039	4568.201343	1	4.22E-01	2.06E-01	3.87E+00	2.12E-04
pp327	1379.534335	4983.392359	1	8.36E-01	1.65E-01	7.32E-01	2.62E-04
pp328	1578.826023	4750.88539	1	5.11E-01	4.22E-01	1.07E+00	2.07E-04
pp329	1578.826023	4651.239546	1	5.87E-01	6.12E-01	1.45E+00	2.16E-04
pp330	947.7356775	5066.430563	1	2.09E+00	1.29E-01	3.79E-01	2.55E-04
pp331	598.9752235	5000	1	3.72E+00	2.05E-02	1.98E+00	2.50E-04
pp332	748.4439895	4534.986061	1	1.97E+00	2.18E-02	3.42E+00	2.54E-04
pp333	549.1523015	4202.833248	1	3.05E+00	1.90E-01	3.49E+00	2.97E-04
pp334	399.6835355	4020.149201	1	3.27E+00	5.42E-01	1.03E+01	3.41E-04
pp335	1014.16624	4003.54156	1	5.13E-01	5.60E-01	2.30E+00	2.48E-04
pp336	1578.826023	3920.503357	1	5.04E-01	4.54E-01	1.45E+00	2.70E-04
pp337	2027.232321	4169.617967	1	1.18E-01	1.30E-01	3.81E+00	2.34E-04
pp338	2060.447602	3870.680435	1	2.01E-01	1.84E-01	2.82E+00	2.91E-04
pp339	2459.030978	4153.010326	1	2.72E-01	1.05E-01	2.15E+00	2.97E-04
pp340	2741.360869	4285.871451	1	9.38E-01	2.10E-01	1.77E+00	4.28E-04
pp341	2824.399073	3920.503357	1	1.53E+00	1.85E-02	8.11E-01	3.02E-04
pp342	3289.413011	4153.010326	1	1.89E+00	2.89E-02	9.42E-01	3.72E-04
pp343	3339.235933	3687.996387	1	1.94E+00	2.53E-01	1.03E+00	3.30E-04
pp344	3040.298401	3953.718638	1	8.80E-01	2.22E-02	5.24E-01	2.57E-04
pp345	3007.08312	3671.388747	1	4.86E-01	3.61E-02	1.21E+00	2.84E-04
pp346	3306.020652	3189.767167	1	1.23E+00	7.44E-01	1.36E+00	3.59E-04
pp347	3073.513683	2841.006713	1	1.91E+00	7.61E-01	3.79E+00	3.29E-04
pp348	2326.169853	3372.451215	1	5.91E-01	1.53E-02	2.54E+00	4.34E-04
pp349	1794.725351	3040.298401	1	3.71E-01	2.99E-02	1.93E+00	3.03E-04
pp350	1479.180179	3422.274137	1	1.08E+00	2.40E-01	1.28E+00	5.11E-04
pp351	682.0134268	3339.235933	1	2.70E+00	2.27E-01	3.65E+00	3.97E-04
pp352	1047.381521	3139.944245	1	2.56E+00	1.58E-01	2.31E+00	4.53E-04
pp353	1063.989162	2890.829635	1	2.34E+00	1.09E-01	2.75E+00	5.65E-04
pp354	266.8224102	3173.159527	1	5.08E+00	8.62E-02	1.05E+01	2.68E-04
pp355	349.8606135	2841.006713	1	5.00E+00	1.28E-02	9.86E+00	2.86E-04
pp356	980.9509588	2608.499744	1	8.71E+00	1.64E-01	3.03E+00	5.16E-04
pp357	632.1905048	2475.638619	1	6.63E+00	1.91E-02	2.71E+00	4.41E-04
pp358	615.5828642	2193.308727	1	3.51E+00	5.33E-02	4.28E+00	3.96E-04
pp359	848.0898335	1944.194117	1	2.47E+00	5.23E-02	2.57E+00	4.13E-04
pp360	383.0758948	1728.294789	1	2.96E+00	4.61E-02	1.69E+00	3.46E-04
pp361	798.2669115	1313.103772	1	7.26E+00	4.05E-02	1.13E+00	3.03E-04
pp362	665.4057862	615.5828642	1	6.45E+00	5.02E-02	6.72E-01	2.12E-04
pp363	-15.50748115	831.4821928	1	2.64E+00	1.01E-02	1.03E+00	2.63E-04
pp364	881.3051148	682.0134268	1	4.40E+00	2.77E-02	1.06E+00	1.79E-04
pp365	715.2287082	167.1765662	1	6.59E+00	7.23E-02	6.28E-01	1.98E-04
pp366	1761.51007	582.3675828	1	2.50E+00	9.39E-02	9.80E-01	1.81E-04
pp367	2176.701087	366.4682542	1	1.09E+01	1.60E-01	2.62E+00	2.14E-04
pp368	2359.385134	1047.381521	1	3.10E+00	1.77E-02	8.13E-01	2.13E-04
pp369	1661.864226	1512.39546	1	2.15E+00	6.15E-02	1.40E+00	2.69E-04
pp370	2475.638619	1994.017039	1	2.00E+00	1.08E-01	1.65E+00	2.92E-04
pp371	2492.246259	2209.916368	1	1.30E+00	1.45E-01	2.00E+00	4.00E-04
pp372	2176.701087	2542.069181	1	9.16E-01	2.04E-01	1.74E+00	3.16E-04
pp373	3422.274137	2425.815697	1	2.29E+00	1.24E-01	2.73E+00	2.79E-04
pp374	3671.388747	2525.461541	1	5.67E+00	4.65E-01	2.00E+00	2.60E-04
pp375	4269.263811	2940.652557	1	5.57E+00	8.20E-02	1.79E+00	2.96E-04
pp376	4601.416624	3704.604028	1	8.62E+00	4.41E-02	1.18E+00	3.70E-04
pp377	5365.368095	4119.795045	1	7.46E+00	2.70E-01	3.65E+00	4.18E-04
pp378	4800.708312	3887.288075	1	1.42E+01	3.40E-02	3.13E+00	3.68E-04
pp379	5315.545173	3571.742903	1	1.13E+01	1.99E-01	6.61E+00	3.00E-04
pp380	4734.277749	3173.159527	1	1.78E+01	2.84E-02	2.03E+00	2.27E-04
pp381	5631.090345	3106.728964	1	2.24E+01	6.85E-02	2.10E+01	1.83E-04
pp382	4900.354156	3422.274137	1	2.18E+01	8.81E-02	5.97E+00	2.27E-04
pp383	5116.253485	3472.097059	1	2.09E+01	3.69E-02	2.10E+00	2.33E-04
pp384	5398.583376	2874.221995	1	2.44E+01	4.60E-02	1.41E+01	1.97E-04
pp385	4568.201343	2442.423337	1	9.27E+00	2.40E-02	1.75E+00	1.89E-04
pp386	5249.11461	2641.715025	1	2.61E+01	2.54E-02	8.38E+00	1.53E-04
pp387	4900.354156	2724.753229	1	2.15E+01	1.07E-02	8.72E+00	1.26E-04
pp388	4701.062468	2077.055243	1	1.17E+01	2.60E-02	3.75E+00	1.92E-04
pp389	4219.440889	2027.232321	1	1.58E+01	8.33E-02	1.59E+00	2.64E-04
pp390	3787.642231	1445.964897	1	1.75E+01	5.57E-02	3.51E+00	2.18E-04
pp391	3903.895716	864.6974742	1	2.05E+01	3.11E-02	1.02E+01	2.37E-04
pp392	3920.503357	1977.409399	1	2.54E+01	1.96E-01	3.29E+00	2.27E-04
pp393	4153.010326	2691.537947	1	8.95E+00	1.13E-01	1.34E+00	2.48E-04
pp394	3737.819309	3538.527621	1	1.96E+00	4.24E-01	6.87E-01	2.92E-04
pp395	5000	2508.8539	1	2.54E+01	2.57E-02	3.01E+00	1.01E-04
pp396	4385.517295	3588.350543	1	7.17E+00	9.64E-02	1.97E+00	3.09E-04
pp397	4402.124936	3970.326279	1	8.30E+00	1.77E-02	8.76E-01	3.53E-04
pp398	3721.211669	980.9509588	1	2.10E+01	2.27E-02	4.25E+00	2.57E-04
pp399	3272.805371	980.9509588	1	1.76E+01	1.84E-02	5.18E+00	1.86E-04
pp400	2841.006713	1445.964897	1	9.34E+00	1.81E-02	2.43E+00	1.49E-04
pp401	2591.892103	1329.711413	1	3.96E+00	9.40E-03	1.84E+00	1.48E-04
pp402	2243.131649	1927.586477	1	1.04E+00	9.35E-02	1.06E+00	2.42E-04
pp403	1794.725351	1894.371195	1	2.04E+00	1.59E-01	9.30E-01	3.40E-04
pp404	914.5203961	2126.878165	1	2.82E+00	4.48E-02	5.90E+00	4.93E-04
pp405	1047.381521	2176.701087	1	2.45E+00	7.36E-02	4.12E+00	5.33E-04
pp406	1412.749616	1994.017039	1	1.11E+00	2.55E-01	1.10E+00	2.87E-04
pp407	3073.513683	515.9370202	1	6.11E+00	3.36E-02	2.78E+00	1.80E-04
pp408	2093.662883	665.4057862	1	5.51E+00	1.24E-01	1.47E+00	2.00E-04
pp409	2093.662883	864.6974742	1	3.10E+00	3.92E-02	7.86E-01	2.04E-04
pp410	2874.221995	715.2287082	1	1.00E+01	3.41E-02	2.37E+00	1.28E-04
pp411	3754.42695	682.0134268	1	1.24E+01	3.17E-02	4.23E+00	3.07E-04
pp412	3721.211669	-65.33040315	1	1.11E+01	3.86E-01	4.71E+00	3.20E-04
pp413	3322.628293	333.2529728	1	5.05E+00	2.88E-02	5.65E+00	2.96E-04
pp414	3222.982449	183.7842068	1	3.33E+00	5.69E-02	7.32E+00	2.44E-04
pp415	4368.909655	216.9994882	1	7.41E+00	4.00E-01	3.68E+00	2.26E-04
pp416	4534.986061	582.3675828	1	2.57E+01	3.18E-01	5.37E+00	1.84E-04
pp417	4734.277749	914.5203961	1	1.11E+01	2.79E-01	2.23E+00	1.50E-04
pp418	4916.961797	449.5064575	1	1.60E+01	3.24E-01	3.20E+00	2.65E-04
pp419	5697.520908	283.4300508	1	4.72E+01	9.49E-03	2.50E+00	2.78E-04
pp420	5448.406298	748.4439895	1	3.55E+01	3.69E-01	1.37E+00	1.74E-04
pp421	5166.076407	980.9509588	1	4.29E+01	3.43E-01	9.25E-01	1.58E-04
pp422	5481.621579	798.2669115	1	3.39E+01	5.12E-01	1.81E+00	1.84E-04
pp423	5481.621579	1346.319053	1	3.44E+01	1.79E-01	1.61E+00	1.49E-04
pp424	4867.138875	1628.648945	1	1.18E+01	2.08E-01	2.83E+00	1.39E-04
pp425	5415.191017	2010.62468	1	3.74E+01	1.45E-01	4.57E+00	1.27E-04
pp426	5680.913267	1595.433663	1	4.09E+01	1.53E-01	2.63E+00	1.69E-04
pp427	5763.951471	1628.648945	1	4.15E+01	1.11E-01	3.36E+00	1.71E-04
pp428	5249.11461	1811.332992	1	5.17E+01	1.42E-01	2.20E+00	1.12E-04
pp429	4983.392359	2110.270524	1	2.25E+01	1.94E-01	3.10E+00	1.23E-04
pp430	5548.052142	2459.030978	1	1.76E+01	5.20E-02	4.22E+00	1.74E-04
pp431	6145.927206	2874.221995	1	1.01E+01	4.66E-02	2.81E+01	2.88E-04
pp432	6179.142487	3322.628293	1	3.70E+00	3.87E-02	2.71E+01	3.15E-04
pp433	6610.941145	3953.718638	1	5.74E+00	2.27E-01	6.06E+01	2.50E-04
pp434	6777.017551	4368.909655	1	5.10E+00	1.85E-01	3.02E+01	2.05E-04
pp435	6444.864738	4219.440889	1	1.97E+00	8.34E-01	3.54E+01	2.42E-04
pp436	6312.003613	3787.642231	1	5.58E+00	2.54E-01	1.67E+01	2.47E-04
pp437	6212.357769	3687.996387	1	5.78E+00	4.75E-01	2.43E+01	2.66E-04
pp438	7075.955083	3870.680435	1	3.83E+00	1.08E-01	3.55E+01	1.77E-04
pp439	7225.423849	4319.086733	1	2.38E+00	6.50E-02	3.47E+01	1.54E-04
pp440	7624.007225	4119.795045	1	5.66E+00	7.90E-02	5.21E+01	1.31E-04
pp441	8039.198242	4036.756841	1	7.08E+00	3.68E-01	7.52E+00	1.08E-04
pp442	8836.364994	3937.110997	1	1.53E+01	8.00E-01	4.96E+00	2.14E-04
pp443	8554.035103	3555.135262	1	6.84E+00	4.86E-01	3.32E+00	2.59E-04
pp444	8155.451727	3206.374808	1	6.90E+00	1.30E-01	9.82E+00	1.50E-04
pp445	7889.729476	2741.360869	1	4.28E+00	3.65E-02	1.54E+01	1.64E-04
pp446	8072.413523	2558.676822	1	3.77E+00	4.04E-02	2.66E+01	2.01E-04
pp447	7673.830147	1811.332992	1	1.79E+01	4.05E-02	4.88E+01	3.36E-04
pp448	7242.03149	2425.815697	1	1.51E+01	1.60E-01	2.26E+01	2.41E-04
pp449	7956.160039	3189.767167	1	1.05E+01	3.50E-01	1.19E+01	1.46E-04
pp450	7491.1461	3604.958184	1	4.62E+00	3.91E-02	2.72E+01	1.64E-04
pp451	7474.538459	3339.235933	1	5.54E+00	2.73E-02	2.40E+01	1.97E-04
pp452	7540.969022	3156.551886	1	2.78E+00	2.46E-02	9.12E+00	1.94E-04
pp453	7026.132161	3123.336605	1	3.81E+00	6.72E-02	3.18E+01	1.71E-04
pp454	6743.80227	2591.892103	1	5.77E+00	7.68E-02	2.19E+01	2.51E-04
pp455	7208.816209	2459.030978	1	1.36E+01	1.87E-01	3.33E+01	2.23E-04
pp456	6295.395972	2309.562212	1	1.09E+01	6.32E-02	4.41E+00	2.74E-04
pp457	6228.965409	1695.079507	1	5.12E+01	7.39E-02	5.80E+00	3.41E-04
pp458	6461.472379	1279.888491	1	2.79E+01	9.60E-02	4.94E+00	2.99E-04
pp459	5963.243159	499.3293795	1	2.57E+01	3.14E-02	1.32E+00	3.04E-04
pp460	6361.826535	449.5064575	1	1.71E+01	3.31E-02	1.03E+00	2.44E-04
pp461	6262.180691	964.3433181	1	2.29E+01	1.68E-01	4.42E+00	3.14E-04
pp462	6627.548785	831.4821928	1	5.99E+00	7.46E-02	2.85E+00	2.84E-04
pp463	7059.347443	914.5203961	1	1.03E+01	3.24E-02	3.47E+00	4.45E-04
pp464	7225.423849	1246.673209	1	1.45E+01	2.83E-01	5.12E+00	3.62E-04
pp465	7358.284975	682.0134268	1	1.22E+01	1.58E-02	3.19E+00	4.14E-04
pp466	7391.500256	300.0376915	1	6.59E+00	2.30E-02	9.71E-01	4.46E-04
pp467	7756.868351	316.6453322	1	8.21E+00	2.23E-02	3.24E+00	4.37E-04
pp468	7756.868351	1014.16624	1	6.40E+00	2.80E-02	1.24E+01	3.21E-04
pp469	7424.715537	2143.485805	1	1.19E+01	4.84E-01	6.56E+00	4.64E-04
pp470	8039.198242	2160.093446	1	7.16E+00	1.03E-01	7.19E+01	2.11E-04
pp471	6295.395972	2060.447602	1	1.26E+01	1.28E-02	4.06E+00	3.01E-04
pp472	6793.625192	200.3918475	1	7.12E+00	3.27E-02	1.01E+00	3.39E-04
pp473	1379.534335	731.8363488	1	3.67E+00	2.52E-02	7.50E-01	1.49E-04
pp474	1379.534335	1263.28085	1	1.66E+00	5.00E-02	6.41E-01	2.64E-04
pp475	2186.468586	4223.414406	1	2.06E-01	2.47E-01	2.37E+00	3.14E-04
pp476	2542.934104	4554.418102	1	1.49E+00	1.43E-01	1.26E+00	3.48E-04
pp477	3421.366989	4452.570811	1	5.17E+00	4.30E-02	1.14E+00	4.40E-04
pp478	4401.647165	4337.992608	1	1.06E+01	1.10E-02	2.45E+00	3.71E-04
pp479	4668.996304	4605.341747	1	2.66E+01	3.17E-02	2.63E+00	6.54E-04
pp480	5280.08005	4299.799874	1	7.64E+00	1.48E-01	2.03E+00	4.96E-04
pp481	5687.469214	3917.872533	1	3.88E+00	1.02E+00	6.37E+00	2.81E-04
pp482	5789.316505	3739.639774	1	5.33E+00	2.11E-01	1.05E+01	1.85E-04
pp483	6655.018479	4401.647165	1	5.14E+00	1.23E-01	3.25E+01	2.00E-04
pp484	6082.127467	4783.574507	1	6.59E+00	5.28E-01	7.62E+00	3.76E-04
pp485	5700.200126	5089.11638	1	1.90E+00	8.91E-02	9.68E-01	3.41E-04
pp486	5916.625619	5496.505544	1	6.27E+00	3.46E-02	3.39E+00	3.44E-04
pp487	5471.043721	5725.661948	1	1.89E+01	2.64E-02	1.80E+00	2.48E-04
pp488	5381.927341	5241.887316	1	3.81E+00	2.47E-02	1.38E+00	2.90E-04
pp489	4758.112684	5369.19643	1	4.41E+01	4.10E-02	9.20E-01	5.31E-04
pp490	4057.912558	5662.007392	1	2.40E+01	1.85E-01	1.99E+00	6.09E-04
pp491	3561.407014	5432.850987	1	1.58E+01	5.38E-02	6.99E-01	6.13E-04
pp492	4287.068963	5241.887316	1	2.01E+01	1.69E-02	1.41E+00	5.21E-04
pp493	4134.298026	5458.31281	1	2.40E+01	1.99E-02	1.54E+00	6.61E-04
pp494	3204.941496	5432.850987	1	5.86E+00	3.36E-01	8.64E-01	3.65E-04
pp495	2084.621295	5623.814657	1	1.25E+00	1.74E-02	3.98E-01	2.56E-04
pp496	1231.650232	5763.854683	1	1.67E+00	4.15E-01	2.31E-01	1.93E-04
pp497	1078.879296	5891.163796	1	2.72E+00	1.03E+00	2.90E-01	2.12E-04
pp498	7100.600377	4185.221672	1	1.79E+00	1.96E-01	5.12E+01	1.55E-04
pp499	6145.782024	4834.498152	1	1.06E+01	4.56E-01	6.99E+00	3.79E-04
pp500	6820.520327	5432.850987	1	2.74E+00	5.23E-02	4.41E+00	2.00E-04
pp501	6909.636707	4961.807266	1	2.34E+00	4.79E-02	2.22E+01	1.66E-04
pp502	6731.403947	4719.91995	1	4.62E+00	5.72E-02	2.89E+01	1.33E-04
pp503	7329.756782	4936.345443	1	8.33E+00	5.67E-02	3.99E+01	1.43E-04
pp504	7571.644098	5254.618228	1	3.95E+00	3.23E-02	8.30E+00	9.13E-05
pp505	7991.764174	5267.349139	1	4.35E+00	1.85E-02	1.48E+01	1.36E-04
pp506	7673.491389	4809.036329	1	4.04E+00	4.17E-02	3.49E+01	1.04E-04
pp507	8284.575135	4694.458127	1	1.33E+01	3.66E-01	1.30E+01	1.93E-04
pp508	8742.887945	5114.578202	1	6.03E+00	3.83E-01	4.42E+00	2.35E-04
pp509	8322.767869	5369.19643	1	5.67E+00	4.27E-02	5.76E+00	1.47E-04
pp510	8271.844224	5534.698278	1	6.73E+00	2.72E-02	5.02E+00	1.48E-04
pp511	8551.924274	4439.839899	1	1.49E+01	3.62E-01	4.74E+00	2.24E-04
pp512	8080.880553	4427.108988	1	5.83E+00	4.43E-01	2.74E+01	1.58E-04
pp513	7355.218605	4618.072659	1	3.50E+00	4.21E-02	2.70E+01	1.87E-04
pp514	7864.45506	4579.879925	1	4.12E+00	1.35E-01	7.61E+01	1.08E-04
pp515	6285.822049	4197.952583	1	3.09E+00	3.38E-01	2.80E+01	2.90E-04
pp516	5878.432885	4261.60714	1	2.03E+00	6.74E-01	1.62E+01	2.88E-04
pp517	5674.738303	4809.036329	1	1.13E+00	2.55E-01	1.26E+00	5.30E-04
pp518	1855.601646	7858.543958	1	2.28E+00	2.07E-01	1.88E+00	2.07E-04
pp519	2332.025639	7591.746522	1	1.63E+00	6.30E-02	1.97E+00	3.29E-04
pp520	2732.221794	7572.689562	1	1.80E+00	1.58E-02	2.16E+00	5.30E-04
pp521	2655.993955	8373.08187	1	1.72E+00	7.53E-02	9.79E-01	2.27E-04
pp522	3570.728021	8163.455313	1	7.58E+00	1.54E-01	1.24E+00	3.75E-04
pp523	4294.89249	8049.113555	1	1.75E+01	4.07E-01	2.81E+00	2.38E-04
