ppname	easting	northing	zone	kx1	kx2	kx3	rch
pp001	1319.29100	8763.84600	1	2.434E+00	4.790E-01	5.308E+00	5.334E-04
pp002	2061.07000	8712.68800	1	3.727E+00	3.424E-02	1.402E+00	1.947E-04
pp003	1677.39100	9147.52400	1	3.362E+00	1.345E-01	3.519E+00	3.009E-04
pp004	1677.39100	8226.69600	1	2.661E+00	7.472E-02	4.450E+00	2.818E-04
pp005	1319.29100	3136.56200	1	1.390E+00	1.010E-01	1.748E+00	4.476E-04
pp006	603.09200	3724.86900	1	1.754E+00	1.079E+00	4.816E+00	3.513E-04
pp007	603.09200	3059.82600	1	3.861E+00	7.055E-02	4.042E+00	3.900E-04
pp008	1268.13400	3750.44700	1	9.490E-01	7.123E-01	3.017E+00	4.008E-04
pp009	1779.70600	3750.44700	1	3.080E-01	1.947E-01	1.724E+00	2.681E-04
pp010	2316.85500	3520.24000	1	3.524E-01	1.415E-02	3.758E+00	4.468E-04
pp011	2572.64100	3929.49700	1	6.259E-01	1.018E-01	1.441E+00	3.123E-04
pp012	2035.49100	4185.28300	1	1.110E-01	1.189E-01	4.043E+00	2.413E-04
pp013	3825.99100	4313.17600	1	3.500E+00	2.192E-02	8.518E-01	3.153E-04
pp014	3595.78400	4082.96900	1	4.500E+00	1.487E-02	1.366E+00	4.285E-04
pp015	4158.51200	4082.96900	1	5.367E+00	1.853E-02	9.537E-01	2.697E-04
pp016	3928.30500	3776.02600	1	1.337E+00	2.320E-01	8.457E-01	3.779E-04
pp017	3928.30500	3110.98300	1	3.523E+00	6.256E-01	1.752E+00	2.713E-04
pp018	4772.39700	3008.66900	1	1.909E+01	1.228E-02	2.189E+00	2.135E-04
pp019	4158.51200	3366.76900	1	6.100E+00	2.779E-01	1.338E+00	2.551E-04
pp020	4337.56200	2676.14800	1	6.647E+00	4.529E-02	1.007E+00	2.836E-04
pp021	5974.59000	9019.63100	1	4.286E+00	2.892E-02	1.254E+01	3.103E-04
pp022	5590.91100	9607.93800	1	3.851E+00	1.417E-01	2.966E+01	3.436E-04
pp023	6383.84700	8456.90300	1	1.418E+01	1.534E-01	1.530E+01	3.789E-04
pp024	6562.89700	8994.05300	1	5.225E+00	2.373E-01	8.201E+00	2.367E-04
pp025	6204.79700	7843.01700	1	6.162E+00	3.143E-01	6.801E+00	3.580E-04
pp026	6716.36800	7919.75300	1	5.648E+00	1.725E-01	1.124E+01	2.965E-04
pp027	5846.69700	8354.58900	1	1.240E+01	1.154E-01	2.417E+00	4.095E-04
pp028	8711.49600	8789.42400	1	7.619E-01	2.680E-01	5.997E+00	3.893E-04
pp029	8327.81800	8188.32800	1	1.873E+00	2.647E+00	7.294E+00	3.628E-04
pp030	7163.99300	7344.23500	1	4.688E+00	1.034E+00	5.904E+00	1.617E-04
pp031	7586.03900	7408.18200	1	2.525E+00	8.119E-01	1.108E+01	1.534E-04
pp032	8020.87500	7139.60700	1	2.473E+00	1.407E+00	2.561E+00	1.642E-04
pp033	7624.40700	6691.98200	1	6.525E+00	2.126E-01	7.430E+00	1.046E-04
pp034	8148.76800	6743.13900	1	5.118E+00	7.220E-02	1.481E+00	1.361E-04
pp035	8481.28900	7472.12800	1	1.763E+00	1.851E-01	6.166E+00	2.388E-04
pp036	7074.46800	6628.03600	1	8.225E+00	6.242E-02	5.518E+00	1.722E-04
pp037	7586.03900	6244.35700	1	3.105E+00	5.733E-02	1.238E+01	1.104E-04
pp038	8289.45000	6078.09600	1	3.810E+00	1.800E-02	5.415E+00	2.262E-04
pp039	7790.66800	7868.59600	1	1.678E+00	4.658E-01	8.430E+00	2.253E-04
pp040	8903.33500	7958.12100	1	4.141E-01	1.750E-01	4.878E+00	3.154E-04
pp041	8864.96700	9812.56700	1	2.392E+00	2.182E-02	9.276E+00	4.496E-04
pp042	9261.43500	9467.25600	1	1.569E+00	2.911E-02	7.316E+00	4.349E-04
pp043	8353.39600	9480.04500	1	7.970E-01	2.014E-01	1.452E+01	3.216E-04
pp044	9146.33200	8840.58100	1	7.450E-01	1.218E-01	4.816E+00	3.618E-04
pp045	7681.95900	5489.79000	4	2.069E+01	9.885E-02	4.990E+00	3.098E-04
pp046	7234.33400	4140.52000	1	2.399E+00	1.206E-01	1.978E+01	1.476E-04
pp047	8206.31900	4984.61300	4	1.658E+01	3.137E-01	3.038E+00	2.326E-04
pp048	8462.10500	5470.60600	4	1.149E+01	6.702E-02	6.992E+00	2.538E-04
pp049	7963.32300	5585.70900	1	4.373E+00	8.793E-03	3.519E+00	1.306E-04
pp050	7726.72100	5125.29500	4	2.644E+01	8.799E-02	4.519E+00	3.171E-04
pp051	7061.67900	5208.42500	4	1.091E+01	6.268E-02	7.078E-01	1.766E-04
pp052	7061.67900	4824.74700	4	1.268E+01	6.174E-02	9.727E-01	2.039E-04
pp053	6588.47500	1710.55700	1	1.729E+01	1.381E-01	4.883E+00	3.424E-04
pp054	7074.46800	1697.76800	1	1.802E+01	1.799E-01	9.941E+00	3.329E-04
pp055	6850.65600	1972.73700	1	1.157E+01	3.798E-01	1.311E+01	2.900E-04
pp056	6844.26100	1429.19300	1	1.180E+01	5.616E-02	7.848E+00	4.309E-04
pp057	2457.53700	2893.56500	1	3.915E-01	9.070E-02	1.983E+00	3.175E-04
pp058	2802.84800	2778.46200	1	1.319E+00	1.901E-01	4.902E+00	3.547E-04
pp059	2917.95200	3417.92600	1	6.701E-01	6.282E-02	1.322E+00	3.527E-04
pp060	2035.49100	2241.31200	1	2.052E+00	4.355E-01	1.235E+00	3.345E-04
pp061	2559.85200	2484.30800	1	1.176E+00	3.590E-01	3.733E+00	2.550E-04
pp062	3154.55300	2260.49600	1	1.584E+00	1.504E-01	2.669E+00	2.607E-04
pp063	3458.29900	1883.21200	1	8.631E+00	3.170E-02	2.424E+00	2.338E-04
pp064	4238.44500	1653.00500	1	1.398E+01	1.046E-01	1.635E+00	2.071E-04
pp065	4251.23400	1256.53700	1	1.993E+01	1.542E-02	3.404E+00	2.611E-04
pp066	4558.17700	1358.85200	1	1.365E+01	5.539E-02	1.957E+00	1.383E-04
pp067	3381.56300	1435.58700	1	1.515E+01	3.402E-02	5.889E+00	2.230E-04
pp068	2217.73800	1525.11200	1	2.205E+00	2.660E-02	1.211E+00	2.628E-04
pp069	1552.69600	1665.79400	1	1.330E+00	3.709E-02	1.503E+00	3.088E-04
pp070	913.23200	1218.17000	1	5.633E+00	5.797E-02	5.054E-01	3.085E-04
pp071	1539.90700	1103.06600	1	2.654E+00	5.516E-02	6.655E-01	2.413E-04
pp072	1028.33500	1729.74100	1	3.563E+00	1.340E-01	1.721E+00	4.304E-04
pp073	2831.62400	1013.54100	1	1.022E+01	2.491E-02	3.381E+00	1.182E-04
pp074	2869.99200	489.18000	1	8.131E+00	4.876E-02	2.288E+00	1.490E-04
pp075	2946.72700	1896.00100	1	3.109E+00	6.234E-02	4.334E+00	1.874E-04
pp076	2946.72700	1678.58400	1	8.757E+00	3.698E-02	3.894E+00	1.453E-04
pp077	388.87100	335.70900	1	2.938E+00	1.243E-02	9.029E-01	1.971E-04
pp078	1284.12100	284.55200	1	1.655E+00	1.988E-01	9.635E-01	1.413E-04
pp079	2383.99900	335.70900	1	1.015E+01	7.631E-02	1.507E+00	1.834E-04
pp080	4097.76300	386.86600	1	1.379E+01	3.054E-01	2.221E+00	2.214E-04
pp081	5172.06200	310.13100	1	1.680E+01	7.103E-02	2.708E+00	1.962E-04
pp082	6911.40500	514.75900	1	7.935E+00	2.883E-02	1.575E+00	3.726E-04
pp083	8215.91100	3763.23700	1	6.372E+00	1.082E-01	1.231E+01	2.084E-04
pp084	7960.12600	2535.46600	1	3.075E+00	3.322E-02	1.812E+01	1.811E-04
pp085	7550.86900	1384.43000	1	2.374E+01	1.180E-01	1.192E+01	3.742E-04
pp086	5683.63400	2126.20900	1	2.349E+01	4.392E-02	9.798E+00	1.313E-04
pp087	5939.41900	3302.82200	1	8.533E+00	3.037E-01	2.782E+01	2.009E-04
pp088	7218.34700	3021.45800	1	7.090E+00	7.559E-02	2.394E+01	1.532E-04
pp089	9290.21100	8392.95600	1	8.698E-01	5.136E-02	4.130E+00	3.183E-04
pp090	9290.21100	7600.02100	1	7.829E-01	6.279E-02	3.250E+00	2.546E-04
pp091	9060.00400	6500.14300	1	1.344E+00	1.700E-02	1.261E+00	2.676E-04
pp092	8753.06100	5809.52200	1	3.462E+00	1.589E-01	4.520E+00	2.948E-04
pp093	286.55700	9723.04200	1	1.641E+00	1.336E-01	2.079E+00	4.977E-04
pp094	2639.78500	9671.88500	1	5.437E+00	7.462E-02	4.520E+00	2.574E-04
pp095	4276.81300	9646.30600	1	9.189E+00	2.901E-01	3.614E+00	2.500E-04
pp096	7064.87600	9825.35600	1	5.989E+00	1.809E-01	8.716E+00	2.334E-04
pp097	7781.07600	8827.79200	1	1.478E+00	3.738E-01	5.318E+00	2.872E-04
pp098	7064.87600	8444.11400	1	8.204E+00	1.974E-01	1.081E+01	2.153E-04
pp099	7013.71900	5962.99300	1	8.616E+00	5.485E-02	2.821E+00	1.637E-04
pp100	7320.66200	5758.36400	1	7.838E+00	2.429E-02	2.971E+00	1.262E-04
pp101	6502.14800	7088.45000	1	6.409E+00	1.140E-01	2.533E+00	2.726E-04
pp102	2946.72700	4249.22900	1	7.572E-01	7.953E-02	1.217E+00	4.253E-04
pp103	3560.61300	3047.03700	1	1.433E+00	5.968E-01	1.945E+00	3.044E-04
pp104	3381.56300	3507.45100	1	1.817E+00	1.980E-01	5.234E-01	3.159E-04
pp105	1463.17100	2381.99400	1	1.323E+00	5.186E-01	5.459E-01	2.984E-04
pp106	4021.02700	2356.41600	1	6.151E+00	2.381E-01	1.293E+00	2.272E-04
pp107	4660.49100	4198.07200	1	1.959E+01	3.212E-02	1.820E+00	4.483E-04
pp108	5530.16200	4479.43600	4	2.708E+01	1.814E-02	1.489E+01	4.039E-04
pp109	6655.61900	4786.37900	4	5.851E+00	2.800E-01	1.044E+00	2.545E-04
pp110	1284.12100	5937.41400	1	2.055E+00	2.120E-01	2.627E-01	2.576E-04
pp111	2281.68500	5681.62900	4	7.119E-01	3.643E-02	1.931E+00	1.552E-04
pp112	3151.35600	5400.26500	4	6.004E-01	3.572E-01	3.298E+00	4.254E-04
pp113	3995.44900	5349.10700	4	8.477E-01	1.557E-02	5.859E+00	1.225E-04
pp114	4941.85500	5272.37200	4	1.574E+00	5.655E-02	6.783E+00	3.686E-04
pp115	6016.15500	5246.79300	4	1.321E+01	1.640E-01	2.351E+00	7.524E-04
pp116	5146.48400	4505.01500	4	2.357E+01	7.132E-02	1.816E+01	3.533E-04
pp117	5376.69100	4888.69300	4	3.872E+00	5.970E-01	1.920E+01	5.877E-04
pp118	5913.84100	4505.01500	4	1.510E+01	2.540E-01	1.576E+00	7.750E-04
pp119	6118.46900	4888.69300	4	2.232E+01	3.516E-02	2.505E+00	6.607E-04
pp120	6425.41200	4991.00800	4	2.557E+01	1.558E-01	1.081E+00	4.145E-04
pp121	2869.99200	4607.32900	4	3.545E+00	2.647E-01	4.990E+00	4.325E-04
pp122	1667.79900	4351.54300	4	2.960E+00	4.849E-02	1.881E+00	2.500E-04
pp123	977.17800	4249.22900	4	1.618E+00	2.038E-01	3.846E+00	2.792E-04
pp124	798.12800	6116.46400	4	2.839E+00	6.816E-03	1.298E+01	3.655E-04
pp125	5542.95200	5899.04700	4	4.713E+00	1.182E-02	3.687E+00	2.126E-04
pp126	5542.95200	5361.89700	4	4.848E+00	2.599E-01	1.043E+01	5.658E-04
pp127	5696.42300	3891.12900	4	3.123E+00	2.111E-01	1.050E+00	2.446E-04
pp128	6297.51900	4351.54300	4	1.553E+00	9.506E-02	4.935E-01	6.944E-04
pp129	4174.49800	5029.37500	4	1.197E+00	2.664E-02	9.081E+00	1.488E-04
pp130	4404.70600	5630.47200	4	6.198E-01	5.515E-02	4.086E+00	2.349E-04
pp131	5184.85200	5477.00000	4	1.956E+00	5.674E-01	2.818E+00	2.447E-04
pp132	5056.95900	4927.06100	4	6.560E+00	5.608E-02	4.536E+00	4.466E-04
pp133	4698.85900	4466.64700	4	8.459E+00	1.365E-01	1.090E+00	3.661E-04
pp134	3688.50600	4543.38300	4	6.065E-01	1.829E-02	3.367E+00	1.710E-04
pp135	7819.44400	4786.37900	4	2.253E+01	8.847E-02	1.850E+00	2.978E-04
pp136	8510.06500	4671.27600	4	3.103E+00	5.710E-01	1.786E+00	2.131E-04
pp137	8650.74700	5170.05700	4	1.040E+01	1.018E-01	6.709E+00	3.009E-04
pp138	8676.32600	4274.80800	4	1.948E+00	5.590E-02	1.125E+00	2.533E-04
pp139	6514.93700	5349.10700	4	3.166E+01	2.089E-01	1.875E+00	2.473E-04
pp140	3790.82000	5643.26100	4	2.773E-01	2.733E-01	8.755E-01	2.910E-04
pp141	4136.13100	6135.64800	4	4.819E-01	7.615E-02	1.708E+00	2.121E-04
pp142	4948.25000	6359.46100	4	3.406E+00	3.714E-02	2.636E+00	3.140E-04
pp143	337.71400	8974.86900	1	2.819E+00	3.577E-01	5.032E+00	4.543E-04
pp144	286.55700	8002.88300	1	1.669E+00	7.749E-01	5.297E+00	2.690E-04
pp145	286.55700	6903.00500	1	7.840E+00	1.176E-01	1.088E+01	1.982E-04
pp146	260.97800	6058.91300	1	2.060E+01	2.296E-01	5.784E+00	2.071E-04
pp147	235.40000	4575.35600	1	5.649E+00	3.000E-02	6.209E+00	2.994E-04
pp148	286.55700	5317.13400	1	3.917E+00	7.745E-02	6.244E+00	2.286E-04
pp149	286.55700	3603.37100	1	3.425E+00	3.622E-01	1.237E+01	3.523E-04
pp150	286.55700	2068.65700	1	4.482E+00	2.935E-02	5.228E+00	3.159E-04
pp151	286.55700	1198.98600	1	4.651E+00	2.266E-02	5.186E-01	2.667E-04
pp152	1130.65000	5214.82000	1	1.709E+00	2.411E-01	3.938E-01	1.894E-04
pp153	1770.11400	5163.66300	1	1.614E+00	3.763E-01	8.101E-01	1.792E-04
pp154	2665.36300	4984.61300	1	2.364E+00	5.398E-02	9.937E-01	3.893E-04
pp155	3893.13400	4805.56300	1	9.928E+00	3.556E-02	1.055E+00	3.798E-04
pp156	1258.54200	7465.73300	1	6.582E+00	1.945E-01	1.965E+00	2.157E-04
pp157	1718.95600	6596.06200	1	3.294E+00	1.809E-01	5.883E-01	3.539E-04
pp158	3023.46300	8054.04000	1	3.026E+00	9.450E-02	1.600E+00	2.983E-04
pp159	2511.89200	7235.52600	1	1.077E+00	1.808E-02	1.822E+00	4.911E-04
pp160	3944.29100	8744.66200	1	7.944E+00	7.654E-02	1.282E+00	3.371E-04
pp161	5274.37700	7414.57600	1	8.589E+00	1.798E-02	2.342E+00	1.775E-04
pp162	6220.78400	6621.64100	1	3.466E+00	3.887E-02	1.393E+00	3.017E-04
pp163	4097.76300	7593.62600	1	1.573E+01	3.938E-01	4.140E+00	3.658E-04
pp164	4558.17700	6749.53400	1	3.708E+01	1.683E-01	3.160E+00	2.527E-04
pp165	6144.04800	5956.59800	1	7.140E+00	1.770E-02	3.693E+00	3.033E-04
pp166	2869.99200	5841.49500	1	5.771E+00	7.177E-03	5.794E-01	3.385E-04
pp167	3279.24900	5854.28400	1	6.942E+00	2.695E-01	1.551E+00	3.442E-04
pp168	3573.40200	5854.28400	1	1.414E+01	3.041E-01	1.463E+00	5.099E-04
pp169	3893.13400	5854.28400	1	2.115E+01	3.374E-01	2.669E+00	5.418E-04
pp170	4302.39100	5879.86300	4	3.342E-01	5.364E-02	1.672E+00	2.136E-04
pp171	3381.56300	5624.07700	1	9.114E+00	1.489E-01	1.891E+00	3.777E-04
pp172	3547.82400	5457.81600	4	2.663E-01	2.846E-02	1.327E+00	2.347E-04
pp173	4187.28800	5662.44500	4	5.219E-01	1.348E-01	1.443E+00	1.911E-04
pp174	4583.75500	5419.44800	4	6.059E-01	2.503E-02	8.273E+00	3.064E-04
pp175	4583.75500	5048.55900	4	2.321E+00	3.454E-02	4.892E+00	3.174E-04
pp176	4174.49800	5202.03100	4	5.297E-01	5.066E-03	7.856E+00	1.306E-04
pp177	3176.93500	5048.55900	1	9.672E+00	1.328E-01	2.258E+00	4.535E-04
pp178	3739.66300	5099.71600	4	8.176E-01	7.706E-02	6.218E+00	2.155E-04
pp179	2933.93800	6110.07000	1	6.827E+00	9.882E-02	5.412E-01	4.920E-04
pp180	3240.88100	6135.64800	1	5.611E+00	3.090E-01	2.281E+00	5.362E-04
pp181	3611.77000	6148.43700	1	1.075E+01	7.323E-01	2.974E+00	5.657E-04
pp182	3969.87000	6148.43700	1	1.466E+01	9.619E-01	2.837E+00	4.770E-04
pp183	4647.70200	5649.65600	1	1.397E+01	4.484E-02	1.345E+00	4.223E-04
pp184	4558.17700	5918.23000	1	1.077E+01	2.059E-01	1.252E+00	2.925E-04
pp185	4404.70600	6199.59500	1	1.493E+01	2.414E-01	2.925E+00	3.112E-04
pp186	4404.70600	6378.64500	1	1.130E+01	1.478E-01	3.858E+00	2.565E-04
pp187	4123.34100	6404.22300	4	2.576E+00	5.223E-02	2.061E+00	2.001E-04
pp188	3854.76600	6455.38000	1	1.168E+01	5.603E-01	3.702E+00	3.872E-04
pp189	3535.03400	6404.22300	1	3.838E+00	2.596E-02	2.409E+00	4.852E-04
pp190	3304.82700	6429.80200	1	6.480E+00	3.847E-02	2.741E+00	5.158E-04
pp191	2946.72700	6442.59100	1	3.353E+00	6.628E-02	5.361E-01	5.022E-04
pp192	3087.41000	6634.43000	1	1.786E+00	3.373E-02	9.778E-01	5.859E-04
pp193	3394.35200	7069.26600	1	3.518E+00	7.359E-02	1.949E+00	6.584E-04
pp194	3483.87700	6711.16600	1	3.741E+00	5.577E-02	2.693E+00	4.955E-04
pp195	3905.92400	6851.84800	1	1.808E+01	1.484E-01	1.617E+00	4.112E-04
pp196	4327.97000	6749.53400	1	5.210E+01	2.296E-01	4.551E+00	2.437E-04
pp197	4941.85500	5943.80900	1	1.076E+01	8.033E-02	4.757E+00	3.598E-04
pp198	2690.94200	6225.17300	1	3.074E+00	2.016E-02	2.346E-01	4.214E-04
pp199	2396.78800	5982.17700	1	2.608E+00	7.082E-03	4.085E-01	2.322E-04
pp200	2652.57400	5675.23400	1	3.710E+00	9.856E-03	6.307E-01	3.300E-04
pp201	2626.99500	5432.23800	4	1.522E+00	7.872E-01	2.108E+00	2.715E-04
pp202	4993.01200	5675.23400	4	7.952E-01	1.656E-01	2.264E+00	5.857E-04
pp203	6412.62300	2618.59600	1	1.548E+01	7.072E-02	1.971E+01	2.952E-04
pp204	5875.47300	1109.46100	1	9.539E+01	1.962E-01	2.167E+00	3.382E-04
pp205	6821.88000	3437.11000	1	3.541E+00	3.816E-01	5.817E+01	2.185E-04
pp206	4724.43800	8373.77200	1	8.683E+00	1.594E-01	5.673E+00	2.464E-04
pp207	1757.32400	2925.53900	1	3.487E-01	4.105E-02	1.543E+00	2.919E-04
pp208	1092.28200	2746.48900	1	3.762E+00	1.742E-01	2.305E+00	5.394E-04
pp209	1936.37400	3309.21700	1	2.607E-01	4.246E-02	3.376E+00	3.400E-04
pp210	715.22871	9766.39287	1	2.690E+00	2.546E-01	4.513E+00	6.892E-04
pp211	698.62107	9317.98657	1	3.673E+00	9.269E-01	3.316E+00	7.611E-04
pp212	1612.04130	9633.53175	1	8.994E+00	2.467E-01	4.501E+00	3.393E-04
pp213	1147.02737	9583.70882	1	3.561E+00	1.752E-01	6.165E+00	5.630E-04
pp214	1147.02737	9068.87196	1	3.062E+00	3.135E-01	7.802E+00	5.760E-04
pp215	947.73568	8670.28859	1	3.670E+00	2.260E+00	3.179E+00	4.663E-04
pp216	432.89882	8437.78162	1	2.230E+00	1.165E+00	8.128E+00	3.958E-04
pp217	1296.49613	8022.59060	1	1.836E+00	5.015E-01	4.192E+00	3.178E-04
pp218	765.05163	7839.90655	1	2.720E+00	1.096E+00	8.526E+00	2.258E-04
pp219	366.46825	7125.77801	1	4.182E+00	7.023E-02	6.263E+00	1.721E-04
pp220	200.39185	7590.79194	1	2.999E+00	2.322E-01	6.738E+00	2.853E-04
pp221	715.22871	7325.06969	1	2.363E+00	1.113E-01	9.559E+00	2.149E-04
pp222	814.87455	6777.01755	1	1.059E+01	4.438E-02	5.064E+00	2.486E-04
pp223	1163.63501	6561.11822	1	4.581E+00	2.637E-02	5.242E-01	1.970E-04
pp224	1445.96490	7125.77801	1	4.741E+00	6.464E-02	1.135E+00	2.467E-04
pp225	549.15230	6561.11822	1	8.562E+00	1.591E-01	4.989E+00	2.560E-04
pp226	1844.54827	7291.85441	1	1.895E+00	3.654E-02	1.969E+00	2.871E-04
pp227	2093.66288	8055.80588	1	1.802E+00	3.001E-02	4.975E-01	2.669E-04
pp228	2375.99278	7922.94476	1	1.318E+00	7.264E-03	1.194E+00	2.884E-04
pp229	2542.06918	8819.75735	1	2.604E+00	9.298E-02	1.557E+00	1.625E-04
pp230	3123.33661	8587.25038	1	2.350E+00	7.239E-02	1.209E+00	2.302E-04
pp231	3272.80537	9019.04904	1	2.671E+00	3.847E-01	1.523E+00	3.002E-04
pp232	2425.81570	9317.98657	1	5.501E+00	1.417E-01	3.463E+00	2.166E-04
pp233	1927.58648	9650.13939	1	7.353E+00	8.091E-02	1.808E+00	2.422E-04
pp234	3472.09706	9600.31646	1	4.345E+00	1.340E-01	1.272E+00	3.776E-04
pp235	3920.50336	9151.91017	1	1.246E+01	1.805E-01	9.431E-01	2.720E-04
pp236	4833.92359	9401.02478	1	1.632E+01	1.363E-01	1.314E+01	2.908E-04
pp237	5083.03820	9666.74703	1	1.157E+01	1.270E-01	2.173E+01	3.513E-04
pp238	5564.65978	9301.37893	1	3.560E+00	9.181E-02	3.331E+01	3.337E-04
pp239	4601.41662	9052.26432	1	1.888E+01	1.827E-01	2.842E+00	2.506E-04
pp240	5249.11461	8686.89623	1	1.097E+01	9.782E-02	5.934E+00	3.678E-04
pp241	5780.55911	8221.88229	1	2.068E+01	1.094E-01	4.216E+00	3.744E-04
pp242	5215.89933	7756.86835	1	7.020E+00	1.692E-02	3.451E+00	1.611E-04
pp243	4352.30201	7939.55240	1	1.938E+01	6.038E-01	2.121E+00	2.571E-04
pp244	4153.01033	8437.78162	1	1.919E+01	1.602E-01	5.260E+00	2.449E-04
pp245	3671.38875	7856.51420	1	7.016E+00	1.862E-01	1.641E+00	4.932E-04
pp246	2890.82964	7258.63913	1	8.453E-01	3.549E-02	1.005E+00	6.494E-04
pp247	3372.45122	7740.26071	1	2.233E+00	7.987E-02	9.736E-01	5.399E-04
pp248	3937.11100	7341.67733	1	2.346E+01	5.153E-01	2.602E+00	4.915E-04
pp249	4618.02427	7158.99329	1	3.021E+01	2.001E-01	1.872E+00	1.995E-04
pp250	5132.86113	7524.36138	1	8.037E+00	3.561E-02	1.360E+00	1.543E-04
pp251	4667.84719	7308.46205	1	2.483E+01	1.776E-01	1.641E+00	1.689E-04
pp252	5531.44450	6610.94115	1	1.028E+01	7.518E-02	1.131E+00	2.395E-04
pp253	5548.05214	6710.58699	1	7.128E+00	1.449E-01	1.302E+00	2.226E-04
pp254	5730.73619	7408.10790	1	5.247E+00	5.435E-02	3.126E+00	3.017E-04
pp255	6096.10428	7142.38565	1	5.949E+00	2.329E-01	3.019E+00	2.839E-04
pp256	5880.20496	6943.09396	1	4.300E+00	4.495E-01	1.553E+00	2.542E-04
pp257	5166.07641	6959.70160	1	1.028E+01	4.093E-02	2.950E+00	2.278E-04
pp258	5747.34383	6527.90294	1	6.044E+00	1.626E-01	1.455E+00	1.824E-04
pp259	6046.28136	6129.31957	1	5.923E+00	4.094E-02	3.678E+00	2.204E-04
pp260	6029.67372	5747.34383	1	8.020E+00	1.760E-02	3.848E+00	3.063E-04
pp261	6511.29530	5597.87506	1	2.107E+00	4.164E-02	6.932E+00	2.721E-04
pp262	6660.76407	5747.34383	1	3.566E+00	1.052E-01	6.185E+00	2.745E-04
pp263	6909.87868	5564.65978	1	4.490E+00	2.683E-02	3.197E+00	1.649E-04
pp264	7042.73980	5431.79866	1	3.624E+00	1.832E-02	4.552E+00	1.661E-04
pp265	7707.04543	5581.26742	1	7.193E+00	1.645E-02	8.352E+00	1.090E-04
pp266	7989.37532	5763.95147	1	4.783E+00	1.021E-02	5.579E+00	1.519E-04
pp267	8321.52813	5747.34383	1	4.893E+00	2.352E-02	8.245E+00	1.786E-04
pp268	8670.28859	5564.65978	1	2.768E+00	1.545E-01	5.274E+00	2.286E-04
pp269	8936.01084	5979.85080	1	2.776E+00	1.413E-01	2.340E+00	2.792E-04
pp270	8470.99690	6295.39597	1	3.887E+00	1.133E-02	3.393E+00	2.920E-04
pp271	8703.50387	6644.15643	1	1.695E+00	7.340E-03	1.837E+00	2.906E-04
pp272	8869.58028	7158.99329	1	1.583E+00	4.345E-02	2.196E+00	3.046E-04
pp273	8720.11151	7225.42385	1	1.227E+00	1.106E-01	3.485E+00	3.272E-04
pp274	8454.38926	6976.30924	1	1.609E+00	3.905E-02	2.766E+00	1.651E-04
pp275	9234.94837	7026.13216	1	1.405E+00	6.612E-02	1.598E+00	3.041E-04
pp276	9168.51781	7408.10790	1	5.349E-01	1.195E-01	4.589E+00	2.850E-04
pp277	9002.44140	7806.69127	1	6.457E-01	1.045E-01	8.684E+00	3.200E-04
pp278	9168.51781	7956.16004	1	9.348E-01	8.579E-02	6.540E+00	2.999E-04
pp279	8537.42746	8437.78162	1	1.735E+00	2.711E-01	8.814E+00	5.094E-04
pp280	8155.45173	8936.01084	1	9.260E-01	3.245E-01	7.461E+00	3.390E-04
pp281	8803.14971	9234.94837	1	3.600E-01	1.234E-01	7.323E+00	3.751E-04
pp282	8172.05937	9301.37893	1	1.271E+00	2.745E-01	1.360E+01	2.976E-04
pp283	7839.90655	9284.77129	1	1.262E+00	6.740E-01	1.780E+01	3.250E-04
pp284	7590.79194	9567.10118	1	3.683E+00	4.912E-01	2.163E+01	3.595E-04
pp285	7142.38565	9052.26432	1	3.522E+00	3.297E-01	6.443E+00	2.487E-04
pp286	6594.33350	9533.88590	1	6.021E+00	2.464E-01	1.375E+01	2.660E-04
pp287	5996.45844	9600.31646	1	2.764E+00	1.023E-01	1.266E+01	2.883E-04
pp288	6743.80227	9650.13939	1	4.796E+00	6.504E-01	1.436E+01	2.459E-04
pp289	7208.81621	9450.84770	1	3.108E+00	4.695E-01	1.184E+01	2.950E-04
pp290	7491.14610	9417.63242	1	4.297E+00	5.020E-01	1.033E+01	2.790E-04
pp291	7906.33712	9749.78523	1	2.420E+00	5.711E-01	1.705E+01	4.300E-04
pp292	8188.66701	9733.17759	1	1.358E+00	2.629E-01	1.101E+01	3.720E-04
pp293	6328.61125	9168.51781	1	4.852E+00	2.026E-01	1.288E+01	2.786E-04
pp294	6046.28136	8653.68095	1	1.273E+01	6.891E-02	6.192E+00	3.377E-04
pp295	5747.34383	8703.50387	1	1.430E+01	8.560E-02	5.522E+00	3.182E-04
pp296	7175.60093	8819.75735	1	5.168E+00	7.918E-01	5.621E+00	2.180E-04
pp297	7507.75374	8487.60454	1	3.748E+00	3.753E-01	1.822E+01	2.199E-04
pp298	7258.63913	7673.83015	1	3.098E+00	5.360E-01	2.203E+01	1.440E-04
pp299	6810.23283	8138.84409	1	7.011E+00	1.538E-01	1.071E+01	3.003E-04
pp300	7109.17037	8105.62881	1	3.269E+00	4.019E-01	1.216E+01	2.352E-04
pp301	7474.53846	7922.94476	1	3.240E+00	9.791E-01	1.504E+01	1.742E-04
pp302	6411.64946	7557.57666	1	6.830E+00	5.138E-01	8.749E+00	3.085E-04
pp303	6727.19463	7408.10790	1	8.540E+00	4.136E-01	8.093E+00	2.231E-04
pp304	6876.66340	7092.56272	1	6.362E+00	8.809E-02	1.185E+01	1.530E-04
pp305	6428.25710	6245.57305	1	6.013E+00	1.040E-01	1.977E+00	2.598E-04
pp306	6826.84047	6494.68766	1	8.180E+00	2.720E-02	6.472E+00	1.974E-04
pp307	6627.54879	6677.37171	1	9.221E+00	3.081E-02	5.095E+00	2.288E-04
pp308	2757.96851	6777.01755	1	2.529E+00	3.656E-02	4.348E-01	6.241E-04
pp309	2292.95457	6544.51058	1	3.114E+00	6.655E-02	5.484E-01	3.419E-04
pp310	2010.62468	6710.58699	1	2.474E+00	7.467E-02	5.521E-01	3.169E-04
pp311	2259.73929	6145.92721	1	2.961E+00	6.425E-03	5.983E-01	2.751E-04
pp312	1612.04130	6295.39597	1	1.057E+00	3.151E-02	4.049E-01	2.480E-04
pp313	914.52040	6029.67372	1	3.143E+00	4.386E-01	2.835E-01	2.098E-04
pp314	200.39185	5730.73619	1	1.834E+01	4.071E-01	1.323E+01	1.878E-04
pp315	831.48219	5597.87506	1	2.816E+00	1.117E+00	7.797E-01	1.650E-04
pp316	1429.35726	5415.19102	1	1.248E+00	6.592E-01	4.324E-01	1.977E-04
pp317	1827.94063	5381.97574	1	1.595E+00	1.214E-01	8.623E-01	2.790E-04
pp318	2326.16985	5298.93753	1	2.693E+00	6.165E-03	3.820E-01	3.124E-04
pp319	2176.70109	5000.00000	1	9.134E-01	9.651E-02	1.011E+00	2.564E-04
pp320	2708.14559	4767.49303	1	3.047E+00	2.166E-01	1.663E+00	3.789E-04
pp321	3040.29840	4966.78472	1	8.618E+00	1.595E-01	2.396E+00	3.971E-04
pp322	3389.05886	4833.92359	1	5.094E+00	3.138E-02	8.038E-01	3.945E-04
pp323	3804.24987	4800.70831	1	1.059E+01	4.319E-02	9.664E-01	4.631E-04
pp324	4302.47909	4717.67011	1	2.039E+01	1.649E-02	7.604E-01	6.667E-04
pp325	4717.67011	4800.70831	1	4.245E+01	1.960E-02	2.267E+00	8.219E-04
pp326	1994.01704	4568.20134	1	4.219E-01	2.058E-01	3.869E+00	2.119E-04
pp327	1379.53434	4983.39236	1	8.363E-01	1.650E-01	7.316E-01	2.617E-04
pp328	1578.82602	4750.88539	1	5.112E-01	4.218E-01	1.069E+00	2.074E-04
pp329	1578.82602	4651.23955	1	5.869E-01	6.118E-01	1.449E+00	2.161E-04
pp330	947.73568	5066.43056	1	2.088E+00	1.288E-01	3.790E-01	2.553E-04
pp331	598.97522	5000.00000	1	3.718E+00	2.047E-02	1.980E+00	2.497E-04
pp332	748.44399	4534.98606	1	1.975E+00	2.181E-02	3.418E+00	2.538E-04
pp333	549.15230	4202.83325	1	3.045E+00	1.902E-01	3.492E+00	2.972E-04
pp334	399.68354	4020.14920	1	3.268E+00	5.425E-01	1.030E+01	3.406E-04
pp335	1014.16624	4003.54156	1	5.127E-01	5.604E-01	2.302E+00	2.479E-04
pp336	1578.82602	3920.50336	1	5.038E-01	4.545E-01	1.448E+00	2.697E-04
pp337	2027.23232	4169.61797	1	1.183E-01	1.302E-01	3.811E+00	2.339E-04
pp338	2060.44760	3870.68044	1	2.012E-01	1.844E-01	2.818E+00	2.912E-04
pp339	2459.03098	4153.01033	1	2.723E-01	1.050E-01	2.152E+00	2.973E-04
pp340	2741.36087	4285.87145	1	9.383E-01	2.104E-01	1.770E+00	4.276E-04
pp341	2824.39907	3920.50336	1	1.527E+00	1.850E-02	8.114E-01	3.018E-04
pp342	3289.41301	4153.01033	1	1.890E+00	2.891E-02	9.422E-01	3.719E-04
pp343	3339.23593	3687.99639	1	1.940E+00	2.528E-01	1.032E+00	3.296E-04
pp344	3040.29840	3953.71864	1	8.799E-01	2.219E-02	5.241E-01	2.570E-04
pp345	3007.08312	3671.38875	1	4.859E-01	3.609E-02	1.210E+00	2.836E-04
pp346	3306.02065	3189.76717	1	1.226E+00	7.440E-01	1.356E+00	3.592E-04
pp347	3073.51368	2841.00671	1	1.914E+00	7.612E-01	3.795E+00	3.292E-04
pp348	2326.16985	3372.45122	1	5.909E-01	1.529E-02	2.539E+00	4.339E-04
pp349	1794.72535	3040.29840	1	3.714E-01	2.994E-02	1.928E+00	3.034E-04
pp350	1479.18018	3422.27414	1	1.078E+00	2.403E-01	1.284E+00	5.105E-04
pp351	682.01343	3339.23593	1	2.699E+00	2.273E-01	3.648E+00	3.974E-04
pp352	1047.38152	3139.94425	1	2.555E+00	1.576E-01	2.309E+00	4.534E-04
pp353	1063.98916	2890.82964	1	2.338E+00	1.086E-01	2.754E+00	5.648E-04
pp354	266.82241	3173.15953	1	5.077E+00	8.624E-02	1.048E+01	2.681E-04
pp355	349.86061	2841.00671	1	4.996E+00	1.275E-02	9.859E+00	2.861E-04
pp356	980.95096	2608.49974	1	8.709E+00	1.640E-01	3.034E+00	5.156E-04
pp357	632.19050	2475.63862	1	6.633E+00	1.911E-02	2.714E+00	4.412E-04
pp358	615.58286	2193.30873	1	3.512E+00	5.326E-02	4.276E+00	3.959E-04
pp359	848.08983	1944.19412	1	2.466E+00	5.227E-02	2.568E+00	4.127E-04
pp360	383.07589	1728.29479	1	2.955E+00	4.607E-02	1.688E+00	3.461E-04
pp361	798.26691	1313.10377	1	7.260E+00	4.046E-02	1.132E+00	3.027E-04
pp362	665.40579	615.58286	1	6.450E+00	5.016E-02	6.720E-01	2.123E-04
pp363	-15.50748	831.48219	1	2.638E+00	1.015E-02	1.032E+00	2.630E-04
pp364	881.30511	682.01343	1	4.403E+00	2.766E-02	1.058E+00	1.792E-04
pp365	715.22871	167.17657	1	6.588E+00	7.234E-02	6.282E-01	1.983E-04
pp366	1761.51007	582.36758	1	2.497E+00	9.391E-02	9.804E-01	1.813E-04
pp367	2176.70109	366.46825	1	1.092E+01	1.597E-01	2.625E+00	2.136E-04
pp368	2359.38513	1047.38152	1	3.099E+00	1.771E-02	8.133E-01	2.125E-04
pp369	1661.86423	1512.39546	1	2.148E+00	6.145E-02	1.404E+00	2.688E-04
pp370	2475.63862	1994.01704	1	1.998E+00	1.083E-01	1.653E+00	2.917E-04
pp371	2492.24626	2209.91637	1	1.298E+00	1.453E-01	1.997E+00	3.997E-04
pp372	2176.70109	2542.06918	1	9.162E-01	2.035E-01	1.744E+00	3.164E-04
pp373	3422.27414	2425.81570	1	2.291E+00	1.245E-01	2.731E+00	2.791E-04
pp374	3671.38875	2525.46154	1	5.674E+00	4.648E-01	2.002E+00	2.598E-04
pp375	4269.26381	2940.65256	1	5.567E+00	8.202E-02	1.788E+00	2.958E-04
pp376	4601.41662	3704.60403	1	8.622E+00	4.408E-02	1.177E+00	3.704E-04
pp377	5365.36810	4119.79505	1	7.461E+00	2.704E-01	3.645E+00	4.176E-04
pp378	4800.70831	3887.28808	1	1.423E+01	3.397E-02	3.128E+00	3.679E-04
pp379	5315.54517	3571.74290	1	1.134E+01	1.989E-01	6.611E+00	2.998E-04
pp380	4734.27775	3173.15953	1	1.778E+01	2.841E-02	2.029E+00	2.266E-04
pp381	5631.09035	3106.72896	1	2.242E+01	6.854E-02	2.104E+01	1.828E-04
pp382	4900.35416	3422.27414	1	2.181E+01	8.808E-02	5.966E+00	2.274E-04
pp383	5116.25349	3472.09706	1	2.092E+01	3.694E-02	2.097E+00	2.326E-04
pp384	5398.58338	2874.22200	1	2.439E+01	4.603E-02	1.415E+01	1.969E-04
pp385	4568.20134	2442.42334	1	9.273E+00	2.397E-02	1.749E+00	1.890E-04
pp386	5249.11461	2641.71503	1	2.606E+01	2.537E-02	8.382E+00	1.528E-04
pp387	4900.35416	2724.75323	1	2.151E+01	1.067E-02	8.723E+00	1.261E-04
pp388	4701.06247	2077.05524	1	1.171E+01	2.595E-02	3.750E+00	1.923E-04
pp389	4219.44089	2027.23232	1	1.584E+01	8.333E-02	1.591E+00	2.643E-04
pp390	3787.64223	1445.96490	1	1.747E+01	5.570E-02	3.509E+00	2.175E-04
pp391	3903.89572	864.69747	1	2.053E+01	3.111E-02	1.017E+01	2.366E-04
pp392	3920.50336	1977.40940	1	2.537E+01	1.956E-01	3.293E+00	2.271E-04
pp393	4153.01033	2691.53795	1	8.946E+00	1.132E-01	1.342E+00	2.483E-04
pp394	3737.81931	3538.52762	1	1.959E+00	4.242E-01	6.868E-01	2.924E-04
pp395	5000.00000	2508.85390	1	2.543E+01	2.570E-02	3.007E+00	1.011E-04
pp396	4385.51730	3588.35054	1	7.165E+00	9.639E-02	1.967E+00	3.090E-04
pp397	4402.12494	3970.32628	1	8.303E+00	1.767E-02	8.765E-01	3.533E-04
pp398	3721.21167	980.95096	1	2.101E+01	2.270E-02	4.254E+00	2.571E-04
pp399	3272.80537	980.95096	1	1.757E+01	1.841E-02	5.177E+00	1.859E-04
pp400	2841.00671	1445.96490	1	9.338E+00	1.805E-02	2.425E+00	1.490E-04
pp401	2591.89210	1329.71141	1	3.959E+00	9.404E-03	1.837E+00	1.481E-04
pp402	2243.13165	1927.58648	1	1.043E+00	9.348E-02	1.060E+00	2.416E-04
pp403	1794.72535	1894.37120	1	2.045E+00	1.589E-01	9.304E-01	3.403E-04
pp404	914.52040	2126.87817	1	2.820E+00	4.481E-02	5.900E+00	4.926E-04
pp405	1047.38152	2176.70109	1	2.448E+00	7.358E-02	4.120E+00	5.332E-04
pp406	1412.74962	1994.01704	1	1.111E+00	2.548E-01	1.100E+00	2.868E-04
pp407	3073.51368	515.93702	1	6.110E+00	3.359E-02	2.779E+00	1.802E-04
pp408	2093.66288	665.40579	1	5.514E+00	1.236E-01	1.471E+00	1.995E-04
pp409	2093.66288	864.69747	1	3.104E+00	3.925E-02	7.865E-01	2.041E-04
pp410	2874.22200	715.22871	1	1.001E+01	3.409E-02	2.368E+00	1.284E-04
pp411	3754.42695	682.01343	1	1.237E+01	3.165E-02	4.232E+00	3.067E-04
pp412	3721.21167	-65.33040	1	1.115E+01	3.860E-01	4.713E+00	3.202E-04
pp413	3322.62829	333.25297	1	5.047E+00	2.878E-02	5.645E+00	2.961E-04
pp414	3222.98245	183.78421	1	3.326E+00	5.689E-02	7.324E+00	2.438E-04
pp415	4368.90966	216.99949	1	7.411E+00	4.001E-01	3.685E+00	2.261E-04
pp416	4534.98606	582.36758	1	2.571E+01	3.180E-01	5.368E+00	1.837E-04
pp417	4734.27775	914.52040	1	1.112E+01	2.786E-01	2.230E+00	1.501E-04
pp418	4916.96180	449.50646	1	1.601E+01	3.243E-01	3.200E+00	2.652E-04
pp419	5697.52091	283.43005	1	4.719E+01	9.493E-03	2.498E+00	2.776E-04
pp420	5448.40630	748.44399	1	3.552E+01	3.694E-01	1.369E+00	1.739E-04
pp421	5166.07641	980.95096	1	4.291E+01	3.435E-01	9.252E-01	1.583E-04
pp422	5481.62158	798.26691	1	3.392E+01	5.121E-01	1.807E+00	1.844E-04
pp423	5481.62158	1346.31905	1	3.445E+01	1.795E-01	1.606E+00	1.494E-04
pp424	4867.13888	1628.64895	1	1.184E+01	2.080E-01	2.830E+00	1.392E-04
pp425	5415.19102	2010.62468	1	3.736E+01	1.445E-01	4.565E+00	1.266E-04
pp426	5680.91327	1595.43366	1	4.087E+01	1.533E-01	2.632E+00	1.688E-04
pp427	5763.95147	1628.64895	1	4.148E+01	1.111E-01	3.362E+00	1.712E-04
pp428	5249.11461	1811.33299	1	5.169E+01	1.417E-01	2.204E+00	1.119E-04
pp429	4983.39236	2110.27052	1	2.254E+01	1.940E-01	3.101E+00	1.225E-04
pp430	5548.05214	2459.03098	1	1.760E+01	5.200E-02	4.220E+00	1.737E-04
pp431	6145.92721	2874.22200	1	1.015E+01	4.662E-02	2.807E+01	2.879E-04
pp432	6179.14249	3322.62829	1	3.701E+00	3.873E-02	2.709E+01	3.151E-04
pp433	6610.94115	3953.71864	1	5.739E+00	2.266E-01	6.063E+01	2.496E-04
pp434	6777.01755	4368.90966	1	5.097E+00	1.855E-01	3.020E+01	2.051E-04
pp435	6444.86474	4219.44089	1	1.966E+00	8.336E-01	3.544E+01	2.415E-04
pp436	6312.00361	3787.64223	1	5.579E+00	2.542E-01	1.671E+01	2.469E-04
pp437	6212.35777	3687.99639	1	5.778E+00	4.745E-01	2.427E+01	2.656E-04
pp438	7075.95508	3870.68044	1	3.826E+00	1.077E-01	3.547E+01	1.767E-04
pp439	7225.42385	4319.08673	1	2.380E+00	6.499E-02	3.470E+01	1.539E-04
pp440	7624.00723	4119.79505	1	5.659E+00	7.897E-02	5.212E+01	1.308E-04
pp441	8039.19824	4036.75684	1	7.083E+00	3.685E-01	7.523E+00	1.076E-04
pp442	8836.36499	3937.11100	1	1.527E+01	7.997E-01	4.957E+00	2.136E-04
pp443	8554.03510	3555.13526	1	6.844E+00	4.862E-01	3.325E+00	2.595E-04
pp444	8155.45173	3206.37481	1	6.899E+00	1.304E-01	9.825E+00	1.502E-04
pp445	7889.72948	2741.36087	1	4.285E+00	3.647E-02	1.538E+01	1.642E-04
pp446	8072.41352	2558.67682	1	3.767E+00	4.043E-02	2.658E+01	2.005E-04
pp447	7673.83015	1811.33299	1	1.794E+01	4.047E-02	4.882E+01	3.357E-04
pp448	7242.03149	2425.81570	1	1.507E+01	1.596E-01	2.260E+01	2.405E-04
pp449	7956.16004	3189.76717	1	1.053E+01	3.504E-01	1.193E+01	1.455E-04
pp450	7491.14610	3604.95818	1	4.625E+00	3.912E-02	2.715E+01	1.639E-04
pp451	7474.53846	3339.23593	1	5.545E+00	2.735E-02	2.402E+01	1.967E-04
pp452	7540.96902	3156.55189	1	2.783E+00	2.460E-02	9.121E+00	1.945E-04
pp453	7026.13216	3123.33661	1	3.812E+00	6.716E-02	3.182E+01	1.705E-04
pp454	6743.80227	2591.89210	1	5.771E+00	7.684E-02	2.190E+01	2.511E-04
pp455	7208.81621	2459.03098	1	1.356E+01	1.869E-01	3.327E+01	2.230E-04
pp456	6295.39597	2309.56221	1	1.092E+01	6.321E-02	4.410E+00	2.735E-04
pp457	6228.96541	1695.07951	1	5.125E+01	7.389E-02	5.803E+00	3.407E-04
pp458	6461.47238	1279.88849	1	2.787E+01	9.602E-02	4.941E+00	2.988E-04
pp459	5963.24316	499.32938	1	2.567E+01	3.136E-02	1.316E+00	3.044E-04
pp460	6361.82654	449.50646	1	1.710E+01	3.310E-02	1.030E+00	2.440E-04
pp461	6262.18069	964.34332	1	2.290E+01	1.677E-01	4.424E+00	3.145E-04
pp462	6627.54879	831.48219	1	5.994E+00	7.455E-02	2.855E+00	2.838E-04
pp463	7059.34744	914.52040	1	1.028E+01	3.235E-02	3.467E+00	4.455E-04
pp464	7225.42385	1246.67321	1	1.447E+01	2.826E-01	5.120E+00	3.622E-04
pp465	7358.28498	682.01343	1	1.217E+01	1.579E-02	3.193E+00	4.136E-04
pp466	7391.50026	300.03769	1	6.585E+00	2.301E-02	9.710E-01	4.463E-04
pp467	7756.86835	316.64533	1	8.212E+00	2.233E-02	3.242E+00	4.373E-04
pp468	7756.86835	1014.16624	1	6.397E+00	2.802E-02	1.243E+01	3.210E-04
pp469	7424.71554	2143.48581	1	1.192E+01	4.842E-01	6.559E+00	4.644E-04
pp470	8039.19824	2160.09345	1	7.156E+00	1.026E-01	7.187E+01	2.114E-04
pp471	6295.39597	2060.44760	1	1.260E+01	1.277E-02	4.060E+00	3.012E-04
pp472	6793.62519	200.39185	1	7.118E+00	3.270E-02	1.007E+00	3.391E-04
pp473	1379.53434	731.83635	1	3.667E+00	2.520E-02	7.495E-01	1.486E-04
pp474	1379.53434	1263.28085	1	1.656E+00	5.001E-02	6.405E-01	2.642E-04
pp475	2186.46859	4223.41441	1	2.060E-01	2.471E-01	2.372E+00	3.139E-04
pp476	2542.93410	4554.41810	1	1.495E+00	1.432E-01	1.260E+00	3.478E-04
pp477	3421.36699	4452.57081	1	5.167E+00	4.295E-02	1.142E+00	4.404E-04
pp478	4401.64717	4337.99261	1	1.063E+01	1.099E-02	2.446E+00	3.714E-04
pp479	4668.99630	4605.34175	1	2.658E+01	3.165E-02	2.630E+00	6.539E-04
pp480	5280.08005	4299.79987	1	7.642E+00	1.484E-01	2.027E+00	4.964E-04
pp481	5687.46921	3917.87253	1	3.879E+00	1.024E+00	6.369E+00	2.809E-04
pp482	5789.31651	3739.63977	1	5.325E+00	2.111E-01	1.052E+01	1.855E-04
pp483	6655.01848	4401.64717	1	5.142E+00	1.230E-01	3.249E+01	1.996E-04
pp484	6082.12747	4783.57451	1	6.589E+00	5.282E-01	7.615E+00	3.760E-04
pp485	5700.20013	5089.11638	1	1.895E+00	8.905E-02	9.678E-01	3.414E-04
pp486	5916.62562	5496.50554	1	6.271E+00	3.461E-02	3.392E+00	3.443E-04
pp487	5471.04372	5725.66195	1	1.893E+01	2.643E-02	1.796E+00	2.479E-04
pp488	5381.92734	5241.88732	1	3.813E+00	2.466E-02	1.378E+00	2.904E-04
pp489	4758.11268	5369.19643	1	4.414E+01	4.099E-02	9.197E-01	5.314E-04
pp490	4057.91256	5662.00739	1	2.400E+01	1.852E-01	1.989E+00	6.093E-04
pp491	3561.40701	5432.85099	1	1.578E+01	5.382E-02	6.991E-01	6.133E-04
pp492	4287.06896	5241.88732	1	2.015E+01	1.692E-02	1.410E+00	5.210E-04
pp493	4134.29803	5458.31281	1	2.396E+01	1.989E-02	1.540E+00	6.612E-04
pp494	3204.94150	5432.85099	1	5.857E+00	3.357E-01	8.641E-01	3.654E-04
pp495	2084.62130	5623.81466	1	1.251E+00	1.737E-02	3.981E-01	2.562E-04
pp496	1231.65023	5763.85468	1	1.675E+00	4.154E-01	2.308E-01	1.930E-04
pp497	1078.87930	5891.16380	1	2.724E+00	1.030E+00	2.905E-01	2.120E-04
pp498	7100.60038	4185.22167	1	1.791E+00	1.961E-01	5.116E+01	1.547E-04
pp499	6145.78202	4834.49815	1	1.055E+01	4.564E-01	6.995E+00	3.786E-04
pp500	6820.52033	5432.85099	1	2.737E+00	5.228E-02	4.410E+00	1.996E-04
pp501	6909.63671	4961.80727	1	2.342E+00	4.793E-02	2.224E+01	1.659E-04
pp502	6731.40395	4719.91995	1	4.620E+00	5.725E-02	2.888E+01	1.335E-04
pp503	7329.75678	4936.34544	1	8.327E+00	5.673E-02	3.987E+01	1.429E-04
pp504	7571.64410	5254.61823	1	3.954E+00	3.227E-02	8.303E+00	9.130E-05
pp505	7991.76417	5267.34914	1	4.349E+00	1.848E-02	1.475E+01	1.356E-04
pp506	7673.49139	4809.03633	1	4.043E+00	4.169E-02	3.495E+01	1.041E-04
pp507	8284.57514	4694.45813	1	1.327E+01	3.657E-01	1.298E+01	1.927E-04
pp508	8742.88795	5114.57820	1	6.028E+00	3.831E-01	4.418E+00	2.345E-04
pp509	8322.76787	5369.19643	1	5.674E+00	4.272E-02	5.765E+00	1.473E-04
pp510	8271.84422	5534.69828	1	6.733E+00	2.715E-02	5.016E+00	1.479E-04
pp511	8551.92427	4439.83990	1	1.486E+01	3.619E-01	4.744E+00	2.243E-04
pp512	8080.88055	4427.10899	1	5.828E+00	4.428E-01	2.738E+01	1.580E-04
pp513	7355.21861	4618.07266	1	3.497E+00	4.212E-02	2.701E+01	1.874E-04
pp514	7864.45506	4579.87993	1	4.124E+00	1.353E-01	7.614E+01	1.077E-04
pp515	6285.82205	4197.95258	1	3.087E+00	3.382E-01	2.805E+01	2.897E-04
pp516	5878.43289	4261.60714	1	2.031E+00	6.737E-01	1.617E+01	2.880E-04
pp517	5674.73830	4809.03633	1	1.130E+00	2.551E-01	1.262E+00	5.296E-04
pp518	1855.60165	7858.54396	1	2.283E+00	2.066E-01	1.878E+00	2.071E-04
pp519	2332.02564	7591.74652	1	1.635E+00	6.305E-02	1.972E+00	3.287E-04
pp520	2732.22179	7572.68956	1	1.796E+00	1.576E-02	2.160E+00	5.297E-04
pp521	2655.99396	8373.08187	1	1.720E+00	7.532E-02	9.790E-01	2.268E-04
pp522	3570.72802	8163.45531	1	7.582E+00	1.538E-01	1.237E+00	3.753E-04
