  1 2918      89.34897614     1.447450000E-02      88.84897614  trib
  1 2929      89.11705017     1.435107284E-02      88.61705017  trib
  1 2921      89.12804413     1.445905404E-02      88.62804413  trib
  1 2926      89.21537781     1.437735535E-02      88.71537781  trib
  1 2922      89.17655945     1.443262183E-02      88.67655945  trib
  1 2928      89.27370453     1.437990182E-02      88.77370453  trib
  1 2927      89.22554779     1.440623759E-02      88.72554779  trib
  1 2929      89.11705017     1.435107284E-02      88.61705017  trib
  1 2948      88.84173584     1.422038845E-02      88.34173584  trib
  1 2930      89.06112671     1.432522677E-02      88.56112671  trib
  1 2947      88.89721680     1.424652388E-02      88.39721680  trib
  1 2943      89.01013947     1.429894513E-02      88.51013947  trib
  1 2944      88.95871735     1.427271089E-02      88.45871735  trib
  1 2948      88.84173584     1.422038845E-02      88.34173584  trib
  1 2971      88.96420288     1.409117138E-02      88.46420288  trib
  1 2953      88.85750580     1.419461156E-02      88.35750580  trib
  1 2958      88.93949890     1.411663939E-02      88.43949890  trib
  1 2954      88.88145447     1.416857313E-02      88.38145447  trib
  1 2957      88.91268158     1.414258419E-02      88.41268158  trib
  1 2971      88.96420288     1.409117138E-02      88.46420288  trib
  1 2984      88.53314209     1.396086496E-02      88.03314209  trib
  1 2972      89.02203369     1.406539706E-02      88.52203369  trib
  1 2983      88.61707306     1.398598229E-02      88.11707306  trib
  1 2974      88.89952087     1.406298813E-02      88.39952087  trib
  1 2978      88.70965576     1.401161109E-02      88.20965576  trib
  1 2977      88.79860687     1.403727077E-02      88.29860687  trib
  1 2984      88.53314209     1.396086496E-02      88.03314209  trib
  1 3008      88.49993134     1.383454260E-02      87.99993134  trib
  1 2987      88.51068115     1.393521846E-02      88.01068115  trib
  1 3005      88.45278931     1.385858861E-02      87.95278931  trib
  1 2988      88.49143982     1.390963500E-02      87.99143982  trib
  1 3004      88.47212982     1.388409496E-02      87.97212982  trib
  1 3008      88.49993134     1.383454260E-02      87.99993134  trib
  1 3016      88.31338501     1.373011623E-02      87.81338501  trib
  1 3009      88.65008545     1.380972141E-02      88.15008545  trib
  1 3013      88.24088287     1.375478881E-02      87.74088287  trib
  1 3007      88.57695770     1.380426570E-02      88.07695770  trib
  1 3012      88.40661621     1.377950231E-02      87.90661621  trib
  1 3016      88.31338501     1.373011623E-02      87.81338501  trib
  1 3032      88.25861359     1.276086628E-02      87.75861359  trib
  1 3017      88.53892517     1.362634178E-02      88.03892517  trib
  1 3031      88.09890747     1.292939245E-02      87.59890747  trib
  1 3001      88.39733124     1.354658560E-02      87.89733124  trib
  1 3028      88.42524719     1.310626966E-02      87.92524719  trib
  1 3029      88.12102509     1.336377814E-02      87.62102509  trib
  1 3030      88.36991882     1.318342840E-02      87.86991882  trib
  1 3032      88.25861359     1.276086628E-02      87.75861359  trib
  1 2497      88.11518097     1.185801458E-02      87.61518097  trib
  1 3026      88.47016907     1.266475044E-02      87.97016907  trib
  1 3040      88.31459045     1.194564031E-02      87.81459045  trib
  1 3037      88.10694885     1.250462621E-02      87.60694885  trib
  1 3039      87.98637390     1.209860497E-02      87.48637390  trib
  1 3038      88.20810699     1.234652816E-02      87.70810699  trib
  1 3036      88.32836914     1.225353002E-02      87.82836914  trib
  1 2497      88.11518097     1.185801458E-02      87.61518097  trib
  1 2510      87.98574066     1.109878809E-02      87.48574066  trib
  1 2513      88.00934601     1.170416670E-02      87.50934601  trib
  1 2509      88.40969849     1.124467844E-02      87.90969849  trib
  1 2514      88.30551147     1.155231930E-02      87.80551147  trib
  1 2515      88.04326630     1.132328182E-02      87.54326630  trib
  1 2512      88.02616119     1.147212161E-02      87.52616119  trib
  1 2510      87.98574066     1.109878809E-02      87.48574066  trib
  1 2537      87.66908264     1.029797873E-02      87.16908264  trib
  1 2521      87.80211639     1.094590650E-02      87.30211639  trib
  1 2524      87.83576965     1.044748457E-02      87.33576965  trib
  1 2522      87.93521881     1.078926735E-02      87.43521881  trib
  1 2523      88.06157684     1.059915082E-02      87.56157684  trib
  1 2525      88.09647369     1.063488288E-02      87.59647369  trib
  1 2537      87.66908264     1.029797873E-02      87.16908264  trib
  1 2548      87.54245758     1.035039570E-02      87.04245758  trib
  1 2538      87.65438080     1.030183594E-02      87.15438080  trib
  1 2547      87.57325745     1.033815442E-02      87.07325745  trib
  1 2541      87.62480927     1.031392696E-02      87.12480927  trib
  1 2542      87.59920502     1.032603254E-02      87.09920502  trib
  1 2548      87.54245758     1.035039570E-02      87.04245758  trib
  1 2569      87.93149567     1.041080546E-02      87.43149567  trib
  1 2551      87.52877045     1.036247317E-02      87.02877045  trib
  1 2566      87.81334686     1.039880011E-02      87.31334686  trib
  1 2552      87.61884308     1.037456614E-02      87.11884308  trib
  1 2565      87.71546173     1.038668313E-02      87.21546173  trib
  1 2569      87.93149567     1.041080546E-02      87.43149567  trib
  1 2582      87.37967682     1.046770000E-02      86.87967682  trib
  1 2571      87.67417145     1.041237773E-02      87.17417145  trib
  1 2581      87.28063965     1.046093799E-02      86.78063965  trib
  1 2572      87.55956268     1.042449573E-02      87.05956268  trib
  1 2578      87.33186340     1.044877833E-02      86.83186340  trib
  1 2577      87.44569397     1.043663139E-02      86.94569397  trib
  1 2582      87.37967682     1.046770000E-02      86.87967682  trib
  1 2600      87.34889984     1.138680000E-02      86.84889984  trib
  1 2592      87.47370148     1.046770000E-02      86.97370148  trib
  1 2599      87.46025085     1.138680000E-02      86.96025085  trib
  1 2593      87.56431580     1.046770000E-02      87.06431580  trib
  1 2596      87.66797638     1.138680000E-02      87.16797638  trib
  1 2600      87.34889984     1.138680000E-02      86.84889984  trib
  1 2617      87.23015594     1.204029376E-02      86.73015594  trib
  1 2605      87.23394012     1.147943553E-02      86.73394012  trib
  1 2610      87.12398529     1.189756288E-02      86.62398529  trib
  1 2606      87.11841583     1.161715419E-02      86.61841583  trib
  1 2609      87.01667023     1.175652186E-02      86.51667023  trib
  1 2617      87.23015594     1.204029376E-02      86.73015594  trib
  1 2630      86.95930481     1.280197163E-02      86.45930481  trib
  1 2618      87.34841919     1.218296342E-02      86.84841919  trib
  1 2629      86.84636688     1.265077087E-02      86.34636688  trib
  1 2620      87.19529724     1.220779784E-02      86.69529724  trib
  1 2624      86.93322754     1.250135769E-02      86.43322754  trib
  1 2623      87.05381775     1.235371063E-02      86.55381775  trib
  1 2630      86.95930481     1.280197163E-02      86.45930481  trib
  1 3092      86.78874207     1.357460000E-02      86.28874207  trib
  1 2633      87.09291077     1.295397633E-02      86.59291077  trib
  1 3089      86.69227600     1.345258811E-02      86.19227600  trib
  1 3080      87.08844757     1.298290713E-02      86.58844757  trib
  1 3088      86.82700348     1.329417686E-02      86.32700348  trib
  1 3081      86.95906830     1.313761563E-02      86.45906830  trib
  1 3092      86.78874207     1.357460000E-02      86.28874207  trib
  1 3105      86.64228821     1.320777299E-02      86.14228821  trib
  1 3093      86.89029694     1.357460000E-02      86.39029694  trib
  1 3104      86.54386902     1.330820000E-02      86.04386902  trib
  1 3098      86.98741913     1.357460000E-02      86.48741913  trib
  1 3101      86.68838501     1.330820000E-02      86.18838501  trib
  1 3100      86.82968140     1.357460000E-02      86.32968140  trib
  1 3105      86.64228821     1.320777299E-02      86.14228821  trib
  1 3120      86.47900391     1.236347750E-02      85.97900391  trib
  1 3112      86.73769379     1.300130373E-02      86.23769379  trib
  1 3119      86.62375641     1.255981892E-02      86.12375641  trib
  1 3113      86.83784485     1.279805910E-02      86.33784485  trib
  1 3116      86.79100800     1.275927498E-02      86.29100800  trib
  1 3120      86.47900391     1.236347750E-02      85.97900391  trib
  1 3145      86.37895966     1.139263566E-02      85.87895966  trib
  1 3125      86.38088226     1.216993819E-02      85.88088226  trib
  1 3132      86.51440430     1.157403390E-02      86.01440430  trib
  1 3126      86.48143005     1.197920329E-02      85.98143005  trib
  1 3131      86.65035248     1.175831800E-02      86.15035248  trib
  1 3129      86.60608673     1.179145695E-02      86.10608673  trib
  1 3145      86.37895966     1.139263566E-02      85.87895966  trib
  1 3163      86.38815308     9.958548844E-03      85.88815308  trib
  1 3146      86.26003265     1.138640000E-02      85.76003265  trib
  1 3156      86.51942444     9.990728492E-03      86.01942444  trib
  1 3149      86.25946808     1.138640000E-02      85.75946808  trib
  1 3155      86.43636322     1.001480000E-02      85.93636322  trib
  1 3150      86.34911346     1.001480000E-02      85.84911346  trib
  1 3163      86.38815308     9.958548844E-03      85.88815308  trib
  1 3184      85.97940826     8.458377739E-03      85.47940826  trib
  1 3166      86.28792572     9.638728914E-03      85.78792572  trib
  1 3181      86.01469421     8.739584702E-03      85.51469421  trib
  1 3167      86.19991302     9.329175944E-03      85.69991302  trib
  1 3180      86.10900116     9.029574014E-03      85.60900116  trib
  1 3184      85.97940826     8.458377739E-03      85.47940826  trib
  1 3195      85.89282990     7.151015380E-03      85.39282990  trib
  1 3185      85.97369385     8.185571058E-03      85.47369385  trib
  1 3194      85.95401764     7.418812248E-03      85.45401764  trib
  1 3190      85.96764374     7.921563166E-03      85.46764374  trib
  1 3191      85.96141815     7.666067503E-03      85.46141815  trib
  1 3195      85.89282990     7.151015380E-03      85.39282990  trib
  1 3225      85.99452972     6.104000732E-03      85.49452972  trib
  1 3220      85.78411865     6.873525960E-03      85.28411865  trib
  1 3224      85.93639374     6.350424691E-03      85.43639374  trib
  1 3221      85.85834503     6.606795348E-03      85.35834503  trib
  1 3225      85.99452972     6.104000732E-03      85.49452972  trib
  1 3236      85.54716492     4.862556025E-03      85.04716492  trib
  1 3206      86.09227753     6.070625426E-03      85.59227753  trib
  1 3211      86.00368500     5.034979233E-03      85.50368500  trib
  1 3214      85.76104736     5.812011568E-03      85.26104736  trib
  1 3217      85.82223511     5.132547068E-03      85.32223511  trib
  1 3215      85.83549500     5.611863105E-03      85.33549500  trib
  1 3216      85.61785889     5.315597899E-03      85.11785889  trib
  1 3213      86.06681824     5.505183222E-03      85.56681824  trib
  1 3236      85.54716492     4.862556025E-03      85.04716492  trib
  1 2687      85.58670044     3.985807885E-03      85.08670044  trib
  1 3237      85.75383759     4.704149089E-03      85.25383759  trib
  1 2689      85.66537476     4.073024880E-03      85.16537476  trib
  1 3235      85.75299835     4.600174638E-03      85.25299835  trib
  1 2678      85.49839783     4.210180457E-03      84.99839783  trib
  1 3238      85.63348389     4.450316130E-03      85.13348389  trib
  1 2677      85.89208221     4.351952076E-03      85.39208221  trib
  1 2687      85.58670044     3.985807885E-03      85.08670044  trib
  1 2709      85.35066986     3.354144004E-03      84.85066986  trib
  1 2688      85.50791931     3.848782914E-03      85.00791931  trib
  1 2684      85.68371582     3.452793890E-03      85.18371582  trib
  1 2682      85.98100281     3.775199385E-03      85.48100281  trib
  1 2686      85.46174622     3.520092251E-03      84.96174622  trib
  1 2685      85.47966766     3.645414759E-03      84.97966766  trib
  1 2709      85.35066986     3.354144004E-03      84.85066986  trib
  1 2703      85.21954346     3.706472171E-03      84.71954346  trib
  1 2710      85.36672974     3.433455791E-03      84.86672974  trib
  1 2698      85.27600098     3.620852796E-03      84.77600098  trib
  1 2713      85.48509979     3.514640927E-03      84.98509979  trib
  1 2697      85.40013123     3.537211996E-03      84.90013123  trib
  1 2703      85.21954346     3.706472171E-03      84.71954346  trib
  1 2729      85.01241302     4.191926532E-03      84.51241302  trib
  1 2704      85.29264069     3.798452541E-03      84.79264069  trib
  1 2731      85.37181854     4.183729325E-03      84.87181854  trib
  1 2707      85.31747437     3.891309750E-03      84.81747437  trib
  1 2730      85.36208344     4.083890940E-03      84.86208344  trib
  1 2708      85.33985901     3.986437586E-03      84.83985901  trib
  1 2729      85.01241302     4.191926532E-03      84.51241302  trib
  1 2748      84.90248108     4.628107201E-03      84.40248108  trib
  1 2732      85.09963226     4.291110958E-03      84.59963226  trib
  1 2745      85.02469635     4.614664641E-03      84.52469635  trib
  1 2733      85.20551300     4.396360348E-03      84.70551300  trib
  1 2744      85.07384491     4.504189595E-03      84.57384491  trib
  1 1036      89.20024872     1.058377853E-02      88.70024872  trib
  1 1028      89.09767151     1.029659994E-02      88.59767151  trib
  1 1037      89.13773346     1.051732125E-02      88.63773346  trib
  1 1041      89.30284882     1.034102774E-02      88.80284882  trib
  1 1035      89.34814453     1.047213066E-02      88.84814453  trib
  1 1040      88.94460297     1.040637310E-02      88.44460297  trib
  1 1028      89.09767151     1.029659994E-02      88.59767151  trib
  1 1050      88.90097046     9.983180844E-03      88.40097046  trib
  1 1031      89.00456238     1.022698449E-02      88.50456238  trib
  1 1049      88.90486145     1.005578563E-02      88.40486145  trib
  1 1032      89.19697571     1.015313881E-02      88.69697571  trib
  1 1030      89.15467072     1.012892736E-02      88.65467072  trib
  1 1050      88.90097046     9.983180844E-03      88.40097046  trib
  1 1060      88.66432190     9.962602200E-03      88.16432190  trib
  1 1053      88.87533569     9.967627332E-03      88.37533569  trib
  1 1059      88.73322296     9.964278787E-03      88.23322296  trib
  1 1054      88.80366516     9.965952919E-03      88.30366516  trib
  1 1060      88.66432190     9.962602200E-03      88.16432190  trib
  1 1080      88.89749908     9.955898069E-03      88.39749908  trib
  1 1063      88.90224457     9.961063007E-03      88.40224457  trib
  1 1079      88.68834686     9.957331146E-03      88.18834686  trib
  1 1065      88.98019409     9.960460190E-03      88.48019409  trib
  1 1066      88.72453308     9.958894862E-03      88.22453308  trib
  1 1080      88.89749908     9.955898069E-03      88.39749908  trib
  1 1101      88.77751923     9.949001070E-03      88.27751923  trib
  1 1087      88.75408173     9.955057589E-03      88.25408173  trib
  1 1098      88.75673676     9.949891830E-03      88.25673676  trib
  1 1090      88.69688416     9.953632687E-03      88.19688416  trib
  1 1093      88.51177979     9.951328502E-03      88.01177979  trib
  1 1092      88.87142944     9.952750339E-03      88.37142944  trib
  1 1101      88.77751923     9.949001070E-03      88.27751923  trib
  1 1203      88.66567230     9.942961110E-03      88.16567230  trib
  1 1102      88.45587158     9.947596229E-03      87.95587158  trib
  1 1108      88.59467316     9.943869729E-03      88.09467316  trib
  1 1105      88.79930878     9.946196370E-03      88.29930878  trib
  1 1107      88.50132751     9.945275068E-03      88.00132751  trib
  1 1203      88.66567230     9.942961110E-03      88.16567230  trib
  1 1217      88.35835266     9.172080453E-03      87.85835266  trib
  1 1210      88.41123199     9.802125691E-03      87.91123199  trib
  1 1216      88.56638336     9.358862119E-03      88.06638336  trib
  1 1211      88.41719818     9.606496336E-03      87.91719818  trib
  1 1214      88.58060455     9.414774358E-03      88.08060455  trib
  1 1217      88.35835266     9.172080453E-03      87.85835266  trib
  1 1227      88.39045715     8.447860702E-03      87.89045715  trib
  1 1222      88.35260773     8.996137435E-03      87.85260773  trib
  1 1226      88.38011932     8.626802606E-03      87.88011932  trib
  1 1223      88.36630249     8.809533568E-03      87.86630249  trib
  1 1227      88.39045715     8.447860702E-03      87.89045715  trib
  1 1239      88.04065704     7.757051513E-03      87.54065704  trib
  1 1234      88.30893707     8.258431335E-03      87.80893707  trib
  1 1238      88.13732910     7.919817548E-03      87.63732910  trib
  1 1235      88.22876740     8.087353824E-03      87.72876740  trib
  1 1239      88.04065704     7.757051513E-03      87.54065704  trib
  1 1257      88.07058716     7.716207454E-03      87.57058716  trib
  1 1244      88.51267242     7.750238784E-03      88.01267242  trib
  1 1253      88.42263794     7.722943306E-03      87.92263794  trib
  1 1247      88.07194519     7.743376870E-03      87.57194519  trib
  1 1250      88.04279327     7.729729609E-03      87.54279327  trib
  1 1248      88.38167572     7.736578867E-03      87.88167572  trib
  1 1257      88.07058716     7.716207454E-03      87.57058716  trib
  1 1265      87.92478180     7.685875533E-03      87.42478180  trib
  1 1259      88.02757263     7.707263167E-03      87.52757263  trib
  1 1263      88.12450409     7.694794999E-03      87.62450409  trib
  1 1262      88.27678680     7.698329248E-03      87.77678680  trib
  1 1265      87.92478180     7.685875533E-03      87.42478180  trib
  1 1384      88.29434967     7.644932611E-03      87.79434967  trib
  1 1369      88.22489929     7.677865979E-03      87.72489929  trib
  1 1382      87.86414337     7.651412537E-03      87.36414337  trib
  1 1376      88.08245850     7.672648558E-03      87.58245850  trib
  1 1379      88.24560547     7.659423307E-03      87.74560547  trib
  1 1378      88.02307129     7.664627295E-03      87.52307129  trib
  1 1384      88.29434967     7.644932611E-03      87.79434967  trib
  1 1401      87.76239014     7.598494381E-03      87.26239014  trib
  1 1387      87.93321991     7.637535132E-03      87.43321991  trib
  1 1400      88.12203979     7.616381805E-03      87.62203979  trib
  1 1388      87.90824890     7.628613802E-03      87.40824890  trib
  1 1393      88.07864380     7.619702056E-03      87.57864380  trib
  1 1401      87.76239014     7.598494381E-03      87.26239014  trib
  1 1431      88.03483582     6.953695235E-03      87.53483582  trib
  1 1404      87.85140991     7.430068551E-03      87.35140991  trib
  1 1430      87.98225403     7.104339968E-03      87.48225403  trib
  1 1405      87.92095184     7.265376593E-03      87.42095184  trib
  1 1431      88.03483582     6.953695235E-03      87.53483582  trib
  1 1425      87.71547699     6.335566898E-03      87.21547699  trib
  1 1415      87.94287109     6.923287208E-03      87.44287109  trib
  1 1424      87.60007477     6.479099571E-03      87.10007477  trib
  1 1418      87.77522278     6.771940945E-03      87.27522278  trib
  1 1419      87.62200928     6.623898296E-03      87.12200928  trib
  1 1425      87.71547699     6.335566898E-03      87.21547699  trib
  1 1444      87.50585938     5.780428940E-03      87.00585938  trib
  1 1428      87.80493164     6.195863303E-03      87.30493164  trib
  1 1443      87.59600830     5.906377605E-03      87.09600830  trib
  1 1429      87.87754059     6.059247572E-03      87.37754059  trib
  1 1427      87.72649384     6.039553032E-03      87.22649384  trib
  1 1444      87.50585938     5.780428940E-03      87.00585938  trib
  1 1454      87.55094910     5.355063514E-03      87.05094910  trib
  1 1447      87.49858093     5.651685533E-03      86.99858093  trib
  1 1453      87.48895264     5.402736727E-03      86.98895264  trib
  1 1448      87.49311066     5.525808850E-03      86.99311066  trib
  1 1454      87.55094910     5.355063514E-03      87.05094910  trib
  1 1473      87.35189819     5.542919828E-03      86.85189819  trib
  1 1456      87.68618774     5.370051565E-03      87.18618774  trib
  1 1460      87.23372650     5.484690727E-03      86.73372650  trib
  1 1459      87.44259644     5.427066353E-03      86.94259644  trib
  1 1473      87.35189819     5.542919828E-03      86.85189819  trib
  1 1492      87.38317871     5.813516770E-03      86.88317871  trib
  1 1474      87.56316376     5.600307105E-03      87.06316376  trib
  1 1490      87.48377228     5.797143502E-03      86.98377228  trib
  1 1481      87.46709442     5.618817316E-03      86.96709442  trib
  1 1485      87.25391388     5.737079496E-03      86.75391388  trib
  1 1484      87.19042206     5.677640556E-03      86.69042206  trib
  1 1492      87.38317871     5.813516770E-03      86.88317871  trib
  1 1510      87.23470306     6.070979828E-03      86.73470306  trib
  1 1493      87.21559143     5.875523437E-03      86.71559143  trib
  1 1497      87.10993195     6.002720381E-03      86.60993195  trib
  1 1496      87.01791382     5.938781380E-03      86.51791382  trib
  1 1510      87.23470306     6.070979828E-03      86.73470306  trib
  1 1520      87.12251282     6.315152980E-03      86.62251282  trib
  1 1511      87.21799469     6.137662118E-03      86.71799469  trib
  1 1515      87.16538239     6.273222113E-03      86.66538239  trib
  1 1514      87.19071198     6.205070426E-03      86.69071198  trib
  1 1520      87.12251282     6.315152980E-03      86.62251282  trib
  1 1547      87.05761719     5.892380979E-03      86.55761719  trib
  1 1521      86.94769287     6.205008084E-03      86.44769287  trib
  1 1525      86.91736603     5.990440366E-03      86.41736603  trib
  1 1524      86.78276825     6.096779634E-03      86.28276825  trib
  1 1547      87.05761719     5.892380979E-03      86.55761719  trib
  1 1534      86.92029572     5.534823044E-03      86.42029572  trib
  1 1545      87.05513000     5.858277585E-03      86.55513000  trib
  1 1550      86.99007416     5.567040900E-03      86.49007416  trib
  1 1546      86.80690765     5.759545482E-03      86.30690765  trib
  1 1549      86.79204559     5.662475646E-03      86.29204559  trib
  1 1534      86.92029572     5.534823044E-03      86.42029572  trib
  1 1542      86.52817535     5.141103275E-03      86.02817535  trib
  1 1539      86.66794586     5.441556316E-03      86.16794586  trib
  1 1541      86.78847504     5.229270864E-03      86.28847504  trib
  1 1540      86.70662689     5.349805418E-03      86.20662689  trib
  1 1543      86.90538025     5.259605513E-03      86.40538025  trib
  1 1542      86.52817535     5.141103275E-03      86.02817535  trib
  1 1563      86.59162140     4.775369076E-03      86.09162140  trib
  1 1564      86.59259796     5.052452020E-03      86.09259796  trib
  1 1562      86.76445770     4.859957632E-03      86.26445770  trib
  1 1565      86.68310547     4.964411893E-03      86.18310547  trib
  1 1568      86.78376007     4.877906724E-03      86.28376007  trib
  1 1563      86.59162140     4.775369076E-03      86.09162140  trib
  1 1579      86.50765228     4.449700000E-03      86.00765228  trib
  1 1574      86.56633759     4.694536326E-03      86.06633759  trib
  1 1578      86.52288818     4.528905697E-03      86.02288818  trib
  1 1575      86.54528809     4.610976757E-03      86.04528809  trib
  1 1579      86.50765228     4.449700000E-03      86.00765228  trib
  1 1597      86.49817657     4.635579656E-03      85.99817657  trib
  1 1589      86.67023468     4.491583979E-03      86.17023468  trib
  1 1596      86.27587891     4.595610012E-03      85.77587891  trib
  1 1592      86.51689911     4.504817647E-03      86.01689911  trib
  1 1593      86.32843018     4.549986930E-03      85.82843018  trib
  1 1597      86.49817657     4.635579656E-03      85.99817657  trib
  1 1617      86.18573761     4.844190869E-03      85.68573761  trib
  1 1599      86.36013794     4.661860776E-03      85.86013794  trib
  1 1615      86.50600433     4.812153293E-03      86.00600433  trib
  1 1604      86.25942230     4.702371090E-03      85.75942230  trib
  1 1612      86.15574646     4.770699188E-03      85.65574646  trib
  1 1611      86.47255707     4.729599869E-03      85.97255707  trib
  1 1617      86.18573761     4.844190869E-03      85.68573761  trib
  1 1631      86.33850861     5.023596133E-03      85.83850861  trib
  1 1618      86.43575287     4.878125147E-03      85.93575287  trib
  1 1630      86.12330627     4.988645995E-03      85.62330627  trib
  1 1621      86.18585968     4.915885106E-03      85.68585968  trib
  1 1628      86.34644318     4.950327144E-03      85.84644318  trib
  1 1631      86.33850861     5.023596133E-03      85.83850861  trib
  1 1748      86.12784576     5.254530994E-03      85.62784576  trib
  1 1737      86.02960968     5.062773525E-03      85.52960968  trib
  1 1746      86.09858704     5.212595683E-03      85.59858704  trib
  1 1739      86.40016174     5.104758635E-03      85.90016174  trib
  1 1745      86.24851990     5.179743570E-03      85.74851990  trib
  1 1742      86.08754730     5.137139244E-03      85.58754730  trib
  1 1748      86.12784576     5.254530994E-03      85.62784576  trib
  1 1769      86.25950623     5.407968422E-03      85.75950623  trib
  1 1753      86.12291718     5.291330730E-03      85.62291718  trib
  1 1766      86.13503265     5.388804147E-03      85.63503265  trib
  1 1760      86.05541229     5.332303946E-03      85.55541229  trib
  1 1763      85.98744965     5.411221718E-03      85.48744965  trib
  1 1761      86.12748718     5.369642491E-03      85.62748718  trib
  1 1769      86.25950623     5.407968422E-03      85.75950623  trib
  1 1796      85.80576324     4.460264956E-03      85.30576324  trib
  1 1770      86.30300903     5.161362287E-03      85.80300903  trib
  1 1793      85.93222046     4.684712816E-03      85.43222046  trib
  1 1767      86.06529236     5.143072519E-03      85.56529236  trib
  1 1792      85.99727631     4.908544723E-03      85.49727631  trib
  1 1796      85.80576324     4.460264956E-03      85.30576324  trib
  1 1782      85.98588562     3.799040480E-03      85.48588562  trib
  1 1794      86.02994537     4.314776594E-03      85.52994537  trib
  1 1784      85.72969055     3.907180370E-03      85.22969055  trib
  1 1795      85.76696014     4.174573676E-03      85.26696014  trib
  1 1779      86.01010132     4.038403521E-03      85.51010132  trib
  1 1782      85.98588562     3.799040480E-03      85.48588562  trib
  1 1806      85.70838928     3.188639510E-03      85.20838928  trib
  1 1783      85.78897858     3.667576319E-03      85.28897858  trib
  1 1787      85.63243103     3.346269505E-03      85.13243103  trib
  1 1786      85.63480377     3.503244344E-03      85.13480377  trib
  1 1806      85.70838928     3.188639510E-03      85.20838928  trib
  1 1818      85.46082306     3.156380095E-03      84.96082306  trib
  1 1807      85.51714325     3.181184346E-03      85.01714325  trib
  1 1813      85.56238556     3.163778317E-03      85.06238556  trib
  1 1810      85.65015411     3.173745490E-03      85.15015411  trib
  1 1812      85.74568939     3.171194016E-03      85.24568939  trib
  1 1818      85.46082306     3.156380095E-03      84.96082306  trib
  1 1832      85.41863251     3.128517565E-03      84.91863251  trib
  1 1819      85.63792419     3.150159154E-03      85.13792419  trib
  1 1831      85.51228333     3.134868832E-03      85.01228333  trib
  1 1826      85.49089050     3.145693840E-03      84.99089050  trib
  1 1829      85.54278564     3.139319033E-03      85.04278564  trib
  1 1832      85.41863251     3.128517565E-03      84.91863251  trib
  1 2077      85.28012085     3.095976741E-03      84.78012085  trib
  1 1835      85.62293243     3.123449540E-03      85.12293243  trib
  1 1848      85.49201965     3.101098224E-03      84.99201965  trib
  1 1842      85.33376312     3.117696710E-03      84.83376312  trib
  1 1845      85.32962799     3.106818279E-03      84.82962799  trib
  1 1843      85.50656128     3.111956089E-03      85.00656128  trib
  1 2077      85.28012085     3.095976741E-03      84.78012085  trib
  1 2091      85.23211670     3.063213304E-03      84.73211670  trib
  1 2078      85.44244385     3.090321022E-03      84.94244385  trib
  1 2089      85.30310059     3.068780094E-03      84.80310059  trib
  1 2080      85.26119995     3.085153205E-03      84.76119995  trib
  1 2088      85.25527954     3.074379443E-03      84.75527954  trib
  1 2085      85.39897156     3.079532388E-03      84.89897156  trib
  1 2091      85.23211670     3.063213304E-03      84.73211670  trib
  1 2114      85.07020569     3.121222696E-03      84.57020569  trib
  1 2094      85.35296631     3.058592319E-03      84.85296631  trib
  1 2104      85.17659760     3.036056576E-03      84.67659760  trib
  1 2098      85.14219666     3.052598267E-03      84.64219666  trib
  1 2101      85.14942169     3.042021056E-03      84.64942169  trib
  1 2099      85.41950989     3.047991972E-03      84.91950989  trib
  1 2114      85.07020569     3.121222696E-03      84.57020569  main
  1 2120      85.00152588     3.515300467E-03      84.50152588  main
  1 2115      85.18247223     3.280758807E-03      84.68247223  main
  1 2117      85.00019836     3.344358999E-03      84.50019836  main
  1 2120      85.00152588     3.515300467E-03      84.50152588  main
  1 2737      85.32451630     4.119858902E-03      84.82451630  main
  1 2121      85.16510773     3.687829272E-03      84.66510773  main
  1 2736      84.96147156     3.968469832E-03      84.46147156  main
  1 2725      84.97257233     3.791082023E-03      84.47257233  main
  1 2737      85.32451630     4.119858902E-03      84.82451630  main
  1 2751      85.11299896     4.870381147E-03      84.61299896  main
  1 2739      84.93705750     4.292737551E-03      84.43705750  main
  1 2750      84.99680328     4.727283213E-03      84.49680328  main
  1 2742      85.53229523     4.441720556E-03      85.03229523  main
  1 2748      84.90248108     4.628107201E-03      84.40248108  main
  1 2751      85.11299896     4.870381147E-03      84.61299896  main
  1 2779      84.89052582     5.281925222E-03      84.39052582  main
  1 2758      84.90494537     4.985948128E-03      84.40494537  main
  1 2776      85.11736298     5.159131210E-03      84.61736298  main
  1 2760      85.05165863     5.104259748E-03      84.55165863  main
  1 2779      84.89052582     5.281925222E-03      84.39052582  main
  1 3264      85.16188812     5.717248508E-03      84.66188812  main
  1 2781      85.10980225     5.409612335E-03      84.60980225  main
  1 3262      84.86863708     5.594290012E-03      84.36863708  main
  1 2782      85.13858795     5.462245373E-03      84.63858795  main
  1 3264      85.16188812     5.717248508E-03      84.66188812  main
  1 3270      84.95479584     5.927717031E-03      84.45479584  main
  1 3267      85.17307281     5.807987195E-03      84.67307281  main
  1 3270      84.95479584     5.927717031E-03      84.45479584  main
  1 3276      84.74198914     6.381768340E-03      84.24198914  main
  1 3271      85.13034058     6.099482322E-03      84.63034058  main
  1 3279      85.68383026     6.271648321E-03      85.18383026  main
  1 3276      84.74198914     6.381768340E-03      84.24198914  main
  1 2792      84.84146881     6.857242931E-03      84.34146881  main
  1 3274      85.01107788     6.557391056E-03      84.51107788  main
  1 3275      85.06616974     6.673589090E-03      84.56616974  main
  1 2792      84.84146881     6.857242931E-03      84.34146881  main
  1 2786      84.96808624     7.702389504E-03      84.46808624  main
  1 2790      85.08685303     7.069007066E-03      84.58685303  main
  1 2785      85.06414032     7.598778131E-03      84.56414032  main
  1 2793      85.06549835     7.165397553E-03      84.56549835  main
  1 2787      84.75691986     7.378908202E-03      84.25691986  main
  1 2786      84.96808624     7.702389504E-03      84.46808624  main
  1 2799      84.69898987     8.525338395E-03      84.19898987  main
  1 2773      84.65396881     7.932865348E-03      84.15396881  main
  1 2802      85.05069733     8.272779183E-03      84.55069733  main
  1 2771      85.00704956     8.175047350E-03      84.50704956  main
  1 2799      84.69898987     8.525338395E-03      84.19898987  main
  1 2156      84.60462952     9.441547216E-03      84.10462952  main
  1 2797      84.88646698     8.787479989E-03      84.38646698  main
  1 2158      84.86491394     9.158548171E-03      84.36491394  main
  1 2157      85.28092957     9.059013031E-03      84.78092957  main
  1 2156      84.60462952     9.441547216E-03      84.10462952  main
  1 2141      84.76502228     1.045293655E-02      84.26502228  main
  1 2150      84.91580963     9.737640829E-03      84.41580963  main
  1 2151      85.00827789     1.013759840E-02      84.50827789  main
  1 2148      85.16352844     1.004399134E-02      84.66352844  main
  1 2141      84.76502228     1.045293655E-02      84.26502228  main
  1 2136      84.75897217     1.113358528E-02      84.25897217  main
  1 2139      84.56172943     1.078789417E-02      84.06172943  main
  1 2136      84.75897217     1.113358528E-02      84.25897217  main
  1 1886      84.56578827     1.272173663E-02      84.06578827  main
  1 2134      84.93353271     1.149883319E-02      84.43353271  main
  1 1889      84.64152527     1.232414617E-02      84.14152527  main
  1 2135      84.91958618     1.156382301E-02      84.41958618  main
  1 1891      84.76831818     1.193793361E-02      84.26831818  main
  1 1886      84.56578827     1.272173663E-02      84.06578827  main
  1 1877      84.50668335     1.410208011E-02      84.00668335  main
  1 1884      84.80839539     1.312570764E-02      84.30839539  main
  1 1879      84.68967438     1.365489743E-02      84.18967438  main
  1 1868      85.05914307     1.354251321E-02      84.55914307  main
  1 1877      84.50668335     1.410208011E-02      84.00668335  main
  1 1870      84.82701111     1.513500000E-02      84.32701111  main
  1 1871      85.07329559     1.447423013E-02      84.57329559  main
  1 1872      84.53472137     1.475421579E-02      84.03472137  main
  1 1870      84.82701111     1.513500000E-02      84.32701111  main
  1 1896      84.46315765     1.619043592E-02      83.96315765  main
  1 1873      84.57030487     1.541486811E-02      84.07030487  main
  1 1874      84.49620056     1.580892826E-02      83.99620056  main
  1 1896      84.46315765     1.619043592E-02      83.96315765  main
  1 1905      84.68131256     1.734277843E-02      84.18131256  main
  1 1897      84.71395111     1.655293888E-02      84.21395111  main
  1 1902      84.50605011     1.713189551E-02      84.00605011  main
  1 1899      84.48660278     1.675670777E-02      83.98660278  main
  1 1905      84.68131256     1.734277843E-02      84.18131256  main
  1 1920      84.26019287     1.875924571E-02      83.76019287  main
  1 1906      84.39450073     1.772953231E-02      83.89450073  main
  1 1913      84.56326294     1.836045943E-02      84.06326294  main
  1 1908      84.49186707     1.811063957E-02      83.99186707  main
  1 1920      84.26019287     1.875924571E-02      83.76019287  main
  1 1928      84.45742798     2.029397817E-02      83.95742798  main
  1 1922      84.37822723     1.922961009E-02      83.87822723  main
  1 1926      84.56307983     1.981389541E-02      84.06307983  main
  1 1925      84.53495026     1.971178371E-02      84.03495026  main
  1 1928      84.45742798     2.029397817E-02      83.95742798  main
  1 2171      84.30181885     2.133874805E-02      83.80181885  main
  1 2169      84.37610626     2.080980617E-02      83.87610626  main
  1 2171      84.30181885     2.133874805E-02      83.80181885  main
  1 2186      84.41754913     2.313320651E-02      83.91754913  main
  1 2174      84.32952881     2.188211180E-02      83.82952881  main
  1 2183      84.86466217     2.297299174E-02      84.36466217  main
  1 2176      84.59412384     2.242091899E-02      84.09412384  main
  1 2186      84.41754913     2.313320651E-02      83.91754913  main
  1 2194      84.39281464     2.508106138E-02      83.89281464  main
  1 2188      84.21095276     2.370685217E-02      83.71095276  main
  1 2192      84.30281067     2.454651260E-02      83.80281067  main
  1 2191      84.71315002     2.422313148E-02      84.21315002  main
  1 2194      84.39281464     2.508106138E-02      83.89281464  main
  1 2826      84.28476715     2.724543270E-02      83.78476715  main
  1 2201      84.35061646     2.554414438E-02      83.85061646  main
  1 2823      84.63369751     2.686141170E-02      84.13369751  main
  1 2820      84.47266388     2.592838207E-02      83.97266388  main
  1 2821      84.20997620     2.646334737E-02      83.70997620  main
  1 2826      84.28476715     2.724543270E-02      83.78476715  main
  1 2832      84.08177948     2.817882304E-02      83.58177948  main
  1 2827      84.17971039     2.770819843E-02      83.67971039  main
  1 2832      84.08177948     2.817882304E-02      83.58177948  main
  1 2835      84.06781769     2.971134155E-02      83.56781769  main
  1 2833      84.19373322     2.861178671E-02      83.69373322  main
  1 2834      84.07859802     2.925073077E-02      83.57859802  main
  1 2831      84.35355377     2.879725934E-02      83.85355377  main
  1 2835      84.06781769     2.971134155E-02      83.56781769  main
  1 2237      84.06877899     3.112807404E-02      83.56877899  main
  1 2210      84.26016998     3.006184777E-02      83.76016998  main
  1 2236      84.19748688     3.078718713E-02      83.69748688  main
  1 2238      84.04500580     3.039470045E-02      83.54500580  main
  1 2237      84.06877899     3.112807404E-02      83.56877899  main
  1 2219      83.88592529     3.279129404E-02      83.38592529  main
  1 2231      84.09290314     3.157998377E-02      83.59290314  main
  1 2232      84.06934357     3.227838461E-02      83.56934357  main
  1 2229      84.40489197     3.208180820E-02      83.90489197  main
  1 2219      83.88592529     3.279129404E-02      83.38592529  main
  1 2213      84.11485291     3.453954536E-02      83.61485291  main
  1 2217      84.17588806     3.330184719E-02      83.67588806  main
  1 2215      83.87438202     3.405416612E-02      83.37438202  main
  1 2218      84.07693481     3.353265374E-02      83.57693481  main
  1 2213      84.11485291     3.453954536E-02      83.61485291  main
  1 1945      83.77024078     3.580651389E-02      83.27024078  main
  1 2221      83.92701721     3.497552213E-02      83.42701721  main
  1 1944      84.25128174     3.530878464E-02      83.75128174  main
  1 1945      83.77024078     3.580651389E-02      83.27024078  main
  1 1956      83.78330231     3.610292954E-02      83.28330231  main
  1 1948      83.85047150     3.604154171E-02      83.35047150  main
  1 1949      83.81576538     3.607223397E-02      83.31576538  main
  1 1956      83.78330231     3.610292954E-02      83.28330231  main
  1 2247      83.65610504     3.620283457E-02      83.15610504  main
  1 1957      83.67632294     3.613438631E-02      83.17632294  main
  1 2246      83.85755920     3.617399630E-02      83.35755920  main
  1 1960      83.86862183     3.616319657E-02      83.36862183  main
  1 2247      83.65610504     3.620283457E-02      83.15610504  main
  1 2261      83.55397034     3.631531386E-02      83.05397034  main
  1 2252      83.73493958     3.622932859E-02      83.23493958  main
  1 2258      83.96514130     3.628993790E-02      83.46514130  main
  1 2254      83.77251434     3.624696688E-02      83.27251434  main
  1 2255      83.59729767     3.627226796E-02      83.09729767  main
  1 2261      83.55397034     3.631531386E-02      83.05397034  main
  1 2274      83.50661469     3.638585810E-02      83.00661469  main
  1 2262      83.61456299     3.634048204E-02      83.11456299  main
  1 2264      83.65650940     3.635844423E-02      83.15650940  main
  1 2274      83.50661469     3.638585810E-02      83.00661469  main
  1 2288      83.39716339     3.645455700E-02      82.89716339  main
  1 2275      83.57492065     3.641511914E-02      83.07492065  main
  1 2285      83.62260437     3.642525705E-02      83.12260437  main
  1 2288      83.39716339     3.645455700E-02      82.89716339  main
  1 2295      83.37290955     3.392549638E-02      82.87290955  main
  1 2289      83.37416077     3.568959744E-02      82.87416077  main
  1 2294      83.37348938     3.477727078E-02      82.87348938  main
  1 2295      83.37290955     3.392549638E-02      82.87290955  main
  1 2311      83.26395416     3.126379661E-02      82.76395416  main
  1 2298      83.48626709     3.309228242E-02      82.98626709  main
  1 2283      83.29083252     3.204196088E-02      82.79083252  main
  1 2282      83.40170288     3.284872943E-02      82.90170288  main
  1 2311      83.26395416     3.126379661E-02      82.76395416  main
  1 2314      83.29330444     2.881136406E-02      82.79330444  main
  1 2312      83.39842987     3.052582124E-02      82.89842987  main
  1 2313      83.16883850     2.950533090E-02      82.66883850  main
  1 2310      83.30380249     3.021863725E-02      82.80380249  main
  1 2314      83.29330444     2.881136406E-02      82.79330444  main
  1 2320      83.12659454     2.718996539E-02      82.62659454  main
  1 2308      83.32151031     2.851507481E-02      82.82151031  main
  1 2319      83.16933441     2.784464169E-02      82.66933441  main
  1 2320      83.12659454     2.718996539E-02      82.62659454  main
  1 2332      83.02519989     2.500027583E-02      82.52519989  main
  1 2323      83.22901154     2.650124078E-02      82.72901154  main
  1 2322      83.04640198     2.565916482E-02      82.54640198  main
  1 2321      83.17182159     2.630481309E-02      82.67182159  main
  1 2332      83.02519989     2.500027583E-02      82.52519989  main
  1 2336      83.00000000     2.373666601E-02      82.50000000  main
  1 2333      83.00665283     2.436028264E-02      82.50665283  main
  1 2336      83.00000000     2.373666601E-02      82.50000000  main
  1 2343      83.00000000     2.153539410E-02      82.50000000  main
  1 2337      83.00000000     2.300188707E-02      82.50000000  main
  1 2342      83.00000000     2.225656469E-02      82.50000000  main
  1 2343      83.00000000     2.153539410E-02      82.50000000  main
  1 2356      83.00000000     1.937892851E-02      82.50000000  main
  1 2345      83.05023193     2.130873400E-02      82.55023193  main
  1 2349      83.00000000     2.000195119E-02      82.50000000  main
  1 2348      83.00000000     2.064499970E-02      82.50000000  main
  1 2356      83.00000000     1.937892851E-02      82.50000000  main
  1 2366      83.00000000     1.721027606E-02      82.50000000  main
  1 2359      83.00000000     1.914067183E-02      82.50000000  main
  1 2365      83.02560425     1.774740408E-02      82.52560425  main
  1 2360      83.00000000     1.854695241E-02      82.50000000  main
  1 2363      83.00000000     1.797164286E-02      82.50000000  main
  1 2366      83.00000000     1.721027606E-02      82.50000000  main
  1 2372      83.00000000     1.612755641E-02      82.50000000  main
  1 2371      83.00000000     1.666012204E-02      82.50000000  main
  1 2372      83.00000000     1.612755641E-02      82.50000000  main
  1 2411      83.00000000     1.449355793E-02      82.50000000  main
  1 2375      83.00000000     1.555717817E-02      82.50000000  main
  1 2383      83.00000000     1.499119398E-02      82.50000000  main
  1 2382      83.00000000     1.550592228E-02      82.50000000  main
  1 2411      83.00000000     1.449355793E-02      82.50000000  main
  1 2397      83.00000000     1.282775260E-02      82.50000000  main
  1 2412      83.00000000     1.399638774E-02      82.50000000  main
  1 2396      83.00000000     1.334931424E-02      82.50000000  main
  1 2393      83.00000000     1.388284608E-02      82.50000000  main
  1 2397      83.00000000     1.282775260E-02      82.50000000  main
  1 2404      83.00000000     1.173099189E-02      82.50000000  main
  1 2405      83.00000000     1.236552464E-02      82.50000000  main
  1 2403      83.00000000     1.216949680E-02      82.50000000  main
  1 2404      83.00000000     1.173099189E-02      82.50000000  main
  1 2424      83.00000000     1.034182216E-02      82.50000000  main
  1 2407      83.00000000     1.130910271E-02      82.50000000  main
  1 2402      83.00000000     1.072702161E-02      82.50000000  main
  1 2408      83.00000000     1.090299679E-02      82.50000000  main
  1 2424      83.00000000     1.034182216E-02      82.50000000  main
  1 2427      83.00000000     9.115317273E-03      82.50000000  main
  1 2425      83.00000000     9.939551946E-03      82.50000000  main
  1 2426      83.00000000     9.467082967E-03      82.50000000  main
  1 2423      83.00000000     9.841402063E-03      82.50000000  main
  1 2427      83.00000000     9.115317273E-03      82.50000000  main
  1 2436      83.00000000     8.085711718E-03      82.50000000  main
  1 2432      83.00000000     8.758202242E-03      82.50000000  main
  1 2433      83.00000000     8.415078775E-03      82.50000000  main
  1 2436      83.00000000     8.085711718E-03      82.50000000  main
  1 2447      83.00000000     7.465045260E-03      82.50000000  main
  1 2437      83.00000000     7.769184603E-03      82.50000000  main
  1 2447      83.00000000     7.465045260E-03      82.50000000  main
  1 2448      83.00000000     7.177142439E-03      82.50000000  main
