  9.94897382574E-02
  9.95486985368E-02
  9.97372889366E-02
  9.98106486630E-02
  9.98399292930E-02
  9.98668712810E-02
  9.97960325959E-02
  9.96023713868E-02
  9.93959490246E-02
  9.90510572486E-02
  9.88431229964E-02
  9.89441660280E-02
  9.93632179690E-02
  9.97247759485E-02
  9.98916992608E-02
  9.97059427775E-02
  9.97223055832E-02
  9.93603652335E-02
  9.79242452864E-02
  9.62379381226E-02
  9.51300786547E-02
  9.41622162405E-02
  9.36250031775E-02
  9.33850222506E-02
  9.33087626122E-02
  9.41814878071E-02
  9.51318577596E-02
  9.61073178007E-02
  9.63564359467E-02
  9.59196710426E-02
  9.63077704986E-02
  9.67004239380E-02
  9.90741077323E-02
  0.10217408604    
  0.11300130492    
  0.12330968833    
  0.14800212747    
  0.15769950700    
  0.16239173275    
  0.16832139901    
  0.17325258770    
  0.16692423984    
  0.16439047744    
  0.16416577366    
  0.16474232702    
  0.16551280915    
  0.16518400537    
  0.16939565737    
  0.16597676060    
  0.16652360586    
  0.16879934094    
  0.16696281852    
  0.16777810084    
  0.17258230930    
  0.17587940098    
  0.17313950722    
  0.17193576782    
  0.17249134702    
  0.17245532796    
  0.17299335411    
  0.17302658771    
  0.17351391227    
  0.17422041393    
  0.17470128348    
  0.17791620989    
  0.17519825480    
  0.16225521242    
  0.16274744495    
  9.94661714973E-02
  9.95085357023E-02
  9.97286468368E-02
  9.98379142118E-02
  9.98786116190E-02
  9.98700572705E-02
  9.99075959200E-02
  9.97370054177E-02
  9.93939978267E-02
  9.89892651768E-02
  9.85775342535E-02
  9.87977941519E-02
  9.92521289209E-02
  9.96875113869E-02
  0.10008915550    
  0.10032495968    
  0.10048273130    
  9.99972179288E-02
  9.81687115766E-02
  9.61887365050E-02
  9.44424174111E-02
  9.38503478559E-02
  9.37755403072E-02
  9.29463451254E-02
  9.29820423990E-02
  9.36352754995E-02
  9.53871270506E-02
  9.56381938244E-02
  9.55939736596E-02
  9.55287931670E-02
  9.55972129870E-02
  9.61815162584E-02
  9.75038557566E-02
  0.10062909198    
  0.11149847877    
  0.12990730148    
  0.17782467505    
  0.18798311303    
  0.18513998217    
  0.22408262719    
  0.20845089586    
  0.18420774332    
  0.18466809009    
  0.18991439551    
  0.18565091582    
  0.18578951516    
  0.18668920783    
  0.18638468632    
  0.17843512249    
  0.17493797426    
  0.17999493047    
  0.19558474862    
  0.18886488847    
  0.18690844569    
  0.19081075165    
  0.18736034468    
  0.19473097011    
  0.19243434326    
  0.19365012386    
  9.94732717303E-02
  9.95219137168E-02
  9.96992390724E-02
  9.98135214356E-02
  9.98612896185E-02
  9.98546833180E-02
  9.98051615790E-02
  9.96391276406E-02
  9.93558356473E-02
  9.90053229687E-02
  9.87942598403E-02
  9.88509670351E-02
  9.89873511617E-02
  9.94295458380E-02
  0.10010287588    
  0.10071440319    
  0.10050783072    
  9.96499307265E-02
  9.83976235509E-02
  9.70714660722E-02
  9.49433311124E-02
  9.36314942278E-02
  9.27150924039E-02
  9.21427682554E-02
  9.19136354878E-02
  9.22794652321E-02
  9.30881911833E-02
  9.36725821328E-02
  9.43228835535E-02
  9.46975981973E-02
  9.44601465271E-02
  9.44158669874E-02
  9.69854768622E-02
  9.94075866048E-02
  0.10398374545    
  0.12218449675    
  0.18771455198    
  0.24497689501    
  0.22212124373    
  0.20925266653    
  0.21909507439    
  0.20774526903    
  0.21065644993    
  0.21125355520    
  0.20234155849    
  0.20196354670    
  0.19522263136    
  0.19898861501    
  0.19730726905    
  0.19939907237    
  0.19763829175    
  0.18871371541    
  0.19895564698    
  0.19731696613    
  0.20142229978    
  0.19639339891    
  0.19958068228    
  0.19728812903    
  0.19471960081    
  0.19203367413    
  9.93878448699E-02
  9.93941483102E-02
  9.96049868852E-02
  9.97702861936E-02
  9.98669103562E-02
  9.98375563127E-02
  9.97833716228E-02
  9.96024368104E-02
  9.93484508374E-02
  9.90322476769E-02
  9.88146103587E-02
  9.86638685862E-02
  9.85340169182E-02
  9.88520718570E-02
  9.98559547394E-02
  0.10126956123    
  0.10036920270    
  9.93524818025E-02
  9.87014692995E-02
  9.66849172297E-02
  9.46244104998E-02
  9.31528532038E-02
  9.21284122085E-02
  9.08555912290E-02
  9.01347212049E-02
  8.96762762595E-02
  8.89640225576E-02
  9.07984025947E-02
  9.24574345745E-02
  9.28869454550E-02
  9.28050633844E-02
  9.31226223364E-02
  9.54098782945E-02
  9.90045222509E-02
  0.10172651129    
  0.11622231329    
  0.16113908939    
  0.18734096536    
  0.19254659459    
  0.19445723157    
  0.19201387721    
  0.19102270052    
  0.18902880109    
  0.18522230956    
  0.18793916939    
  0.18715623205    
  0.18688136358    
  0.18127796764    
  0.17661043560    
  0.18303025116    
  0.17990488658    
  0.18018669277    
  0.17794310762    
  0.17754999062    
  0.17626905751    
  0.17687323408    
  0.17609866244    
  0.17789923624    
  0.17327572716    
  0.18935947785    
  9.93548822195E-02
  9.93238626259E-02
  9.95510006453E-02
  9.97456780366E-02
  9.98403701904E-02
  9.98242703104E-02
  9.97397622458E-02
  9.95985644974E-02
  9.93803970355E-02
  9.90569386447E-02
  9.87468311542E-02
  9.85738075599E-02
  9.82651952788E-02
  9.84988764132E-02
  9.92319982339E-02
  9.96141601014E-02
  9.93059345899E-02
  9.85836354691E-02
  9.76829955069E-02
  9.59423737300E-02
  9.36660174418E-02
  9.26553116796E-02
  9.18823642969E-02
  9.03858774036E-02
  8.82172137422E-02
  8.68337143830E-02
  8.66495529864E-02
  8.89785600909E-02
  9.04663724283E-02
  9.13606855262E-02
  9.12237522476E-02
  9.14218360082E-02
  9.42035058308E-02
  9.88322390675E-02
  0.10571019816    
  0.12686909579    
  0.17180641940    
  0.17308903824    
  0.17223038437    
  0.17676707568    
  0.17085853444    
  0.16972577652    
  0.17162847084    
  0.16975910439    
  0.17138001209    
  0.17350413658    
  0.17072979120    
  0.17279075400    
  0.17290299748    
  0.17056600124    
  0.17013883426    
  0.16866276597    
  0.16786587270    
  0.16810243633    
  0.16864848880    
  0.16736562159    
  0.16572931903    
  0.16689926149    
  0.16535146431    
  9.93626290065E-02
  9.93951939097E-02
  9.95447710311E-02
  9.97494126030E-02
  9.98162635055E-02
  9.98098324956E-02
  9.97384113212E-02
  9.96468824676E-02
  9.94929256153E-02
  9.92571864217E-02
  9.90107540350E-02
  9.86336025189E-02
  9.80303934318E-02
  9.84697687650E-02
  9.87829292053E-02
  9.86647774892E-02
  9.82470860758E-02
  9.76499848221E-02
  9.67546824468E-02
  9.52980174869E-02
  9.32369014682E-02
  9.26794409311E-02
  9.28297775227E-02
  9.12104753919E-02
  8.67349694526E-02
  8.37462124941E-02
  8.60421571028E-02
  8.81826361448E-02
  8.95521103019E-02
  9.13255483653E-02
  9.16748530945E-02
  9.18010815719E-02
  9.37546303843E-02
  9.85232400967E-02
  0.10658946207    
  0.12745363625    
  0.15808289405    
  0.17062992984    
  0.16766202299    
  0.16552384233    
  0.16471506854    
  0.16520368580    
  0.16533427257    
  0.16711783185    
  0.16411181656    
  0.16933420291    
  0.16800309594    
  0.16492840582    
  0.16891347493    
  0.16513519330    
  0.16602978373    
  0.16659410015    
  0.16316903991    
  0.16147418891    
  0.16135968937    
  0.16221328356    
  0.16250796747    
  0.16211889650    
  0.16016234509    
  0.16195979960    
  0.16380029634    
  9.93509020576E-02
  9.93804038521E-02
  9.95319748706E-02
  9.96915903323E-02
  9.97824904944E-02
  9.98058624485E-02
  9.97702081993E-02
  9.97216605998E-02
  9.96301927158E-02
  9.95306112170E-02
  9.94879591627E-02
  9.90657630289E-02
  9.86997027404E-02
  9.86717568693E-02
  9.86780636659E-02
  9.84481641674E-02
  9.78049100044E-02
  9.74953875339E-02
  9.63113798183E-02
  9.54869491453E-02
  9.48595163605E-02
  9.44257779773E-02
  9.45931271844E-02
  9.48121159879E-02
  8.87275447214E-02
  8.30848408448E-02
  8.71545415438E-02
  8.93405074267E-02
  8.98557911997E-02
  9.15332101961E-02
  9.17534674224E-02
  9.10705165293E-02
  9.19662512815E-02
  9.49371437489E-02
  0.10336178936    
  0.12031464690    
  0.14810780746    
  0.17408868428    
  0.16780716321    
  0.16497255194    
  0.16709576180    
  0.16242506827    
  0.16265315644    
  0.15502955959    
  0.16166787783    
  0.15238334251    
  0.15486325344    
  0.15217601628    
  0.15441230353    
  0.15171663416    
  0.15360567937    
  0.15097971107    
  0.15157025337    
  0.15089273916    
  0.14908096468    
  0.15001282912    
  0.15325526521    
  0.14765865090    
  0.15206979894    
  0.14812857172    
  0.14828542818    
  9.92806529932E-02
  9.93504272964E-02
  9.95417918078E-02
  9.97029626948E-02
  9.98030014076E-02
  9.98476598220E-02
  9.98272528722E-02
  9.98235746431E-02
  9.98135988727E-02
  9.97300706536E-02
  9.96335825462E-02
  9.94883708451E-02
  9.92865142794E-02
  9.90280634256E-02
  9.88326617816E-02
  9.87689770271E-02
  9.86033913507E-02
  9.83908922829E-02
  9.73609594600E-02
  9.67697385571E-02
  9.63472107830E-02
  9.62257301407E-02
  9.59480872944E-02
  9.42442323096E-02
  9.27013924334E-02
  9.07730267312E-02
  9.20385394977E-02
  9.27515369200E-02
  9.23548617950E-02
  9.19271563799E-02
  9.03592928455E-02
  8.92683924356E-02
  8.96747636294E-02
  9.01206712499E-02
  0.10021313467    
  0.10958390309    
  0.12577587461    
  0.14369995590    
  0.14336898372    
  0.13518262483    
  0.13915259666    
  0.14744803563    
  0.14746457799    
  0.14404919959    
  0.14685864090    
  0.14183093249    
  0.14532465133    
  0.14115486282    
  0.14145813267    
  0.14075562098    
  0.14418486043    
  0.14312587979    
  0.14075235111    
  0.13932702520    
  0.13881889664    
  0.13756046515    
  0.14021124711    
  0.14020997477    
  0.13972261872    
  0.13865765312    
  9.91627256530E-02
  9.92949711217E-02
  9.95737141185E-02
  9.97666015285E-02
  9.98197163211E-02
  9.98625108169E-02
  9.98726880750E-02
  9.99190339791E-02
  9.98898369740E-02
  9.98820850562E-02
  9.97580612767E-02
  9.96910882223E-02
  9.96097992792E-02
  9.95174515287E-02
  9.94925625688E-02
  9.92903770720E-02
  9.91653576140E-02
  9.92457449990E-02
  9.85748788565E-02
  9.79582441531E-02
  9.81305279179E-02
  9.81013665767E-02
  9.72543470379E-02
  9.66222358057E-02
  9.59378805676E-02
  9.55159657313E-02
  9.61942139888E-02
  9.56252164655E-02
  9.46855212279E-02
  9.31844788139E-02
  8.95311069971E-02
  8.71609423245E-02
  8.94470181334E-02
  9.17272684873E-02
  9.75124012798E-02
  0.10070926017    
  0.11322240690    
  0.12696639590    
  0.13074927759    
  0.12604468076    
  0.12943666512    
  0.13933286694    
  0.13673036449    
  0.13764375961    
  0.13559985027    
  0.13776487844    
  0.13882670550    
  0.13704509571    
  0.13813188090    
  0.13649419353    
  0.13737727752    
  0.13523764308    
  0.13607766709    
  0.13348662737    
  0.13832708969    
  0.13459793719    
  0.13375701581    
  0.13616827075    
  0.13489685616    
  0.13741972411    
  0.13609987614    
  0.13661485472    
  0.13761354320    
  0.13492336254    
  0.13694025474    
  9.90373722237E-02
  9.92328384524E-02
  9.95319602909E-02
  9.97330868099E-02
  9.98261287603E-02
  9.98571897717E-02
  9.98659264256E-02
  9.98832215985E-02
  9.98905125345E-02
  9.98946398209E-02
  9.98620426463E-02
  9.97992180985E-02
  9.97404887719E-02
  9.97376481033E-02
  9.96529688675E-02
  9.95303100562E-02
  9.94863884674E-02
  9.92789191005E-02
  9.91056802064E-02
  9.89993859381E-02
  9.91084049448E-02
  9.88539576447E-02
  9.86285904064E-02
  9.82999285651E-02
  9.77144375416E-02
  9.83861466261E-02
  9.79655168209E-02
  9.72947857601E-02
  9.66513339712E-02
  9.45750595782E-02
  9.09705883036E-02
  8.94300201431E-02
  8.98511606130E-02
  9.13644246864E-02
  9.53437329347E-02
  0.10301328148    
  0.11425156834    
  0.12977552500    
  0.13287311681    
  0.13009208251    
  0.12667229258    
  0.13365888008    
  0.13308980599    
  0.13344711269    
  0.13235867651    
  0.13432865663    
  0.13533489405    
  0.13384197508    
  0.13486141275    
  0.13738143363    
  0.13692633548    
  0.13382763870    
  0.13318250711    
  0.13289343423    
  0.12450805454    
  0.13347914262    
  0.13270963542    
  0.13263011543    
  0.13352649006    
  0.13694131457    
  0.13708608363    
  9.91037113886E-02
  9.92716698075E-02
  9.95338464637E-02
  9.97095292386E-02
  9.98192258380E-02
  9.98379300285E-02
  9.98371825301E-02
  9.98551173444E-02
  9.98880616761E-02
  9.98692382675E-02
  9.98487300677E-02
  9.98302680006E-02
  9.97713424981E-02
  9.97325874479E-02
  9.97057066690E-02
  9.96971693948E-02
  9.96423291547E-02
  9.96094465418E-02
  9.95862881939E-02
  9.95420153513E-02
  9.96039561078E-02
  9.95480412310E-02
  9.93290922927E-02
  9.91791781654E-02
  9.91724622755E-02
  9.92785429898E-02
  9.92212367099E-02
  9.84388423160E-02
  9.75015040157E-02
  9.49877823551E-02
  9.19665120907E-02
  9.07162284068E-02
  9.08341786107E-02
  9.17129716522E-02
  9.71728530007E-02
  0.10386262336    
  0.10922014758    
  0.12150415674    
  0.12425562979    
  0.12213802331    
  0.12532686918    
  0.12470928654    
  0.13195510070    
  0.12545878768    
  0.13666719027    
  0.13804539324    
  0.13733195855    
  0.13575781239    
  0.13593535397    
  0.13519943191    
  0.13479731973    
  0.13510709516    
  0.13551573694    
  0.13174213349    
  0.13454306440    
  0.13388363359    
  0.13615782482    
  0.13488019588    
  0.13587739120    
  0.13581683957    
  0.13675630489    
  0.13686428673    
  0.13773682431    
  0.13754416602    
  0.14291661922    
  9.90496410941E-02
  9.92647025784E-02
  9.94411050104E-02
  9.96940258159E-02
  9.99962837075E-02
  9.98758379608E-02
  9.99457288871E-02
  9.99778958095E-02
  0.10005370781    
  9.98896390877E-02
  9.98192927711E-02
  9.97991935702E-02
  9.97797832820E-02
  9.97448291545E-02
  9.97393329245E-02
  9.97321121739E-02
  9.97155106499E-02
  9.97315317040E-02
  9.97763395031E-02
  9.96624508192E-02
  9.96840732424E-02
  9.96517367293E-02
  9.96169241876E-02
  9.96345904209E-02
  9.97675007919E-02
  9.96830151764E-02
  9.94368944683E-02
  9.87212704377E-02
  9.75548666526E-02
  9.57963586297E-02
  9.37994240034E-02
  9.18254763367E-02
  9.14296760348E-02
  9.56133400613E-02
  0.10033560588    
  0.10354180273    
  0.12729727972    
  0.13079786206    
  0.13382253646    
  0.14357804950    
  0.13744601501    
  0.13228939774    
  0.13597126032    
  0.13541939938    
  0.13394612209    
  0.13744543720    
  0.13839270783    
  0.13741679819    
  0.13745831112    
  0.13252853674    
  0.13584746061    
  0.13472754907    
  0.13463047387    
  0.13507255060    
  0.13494621692    
  0.13990538335    
  0.13547217189    
  0.13606340029    
  0.13593340117    
  0.13651437803    
  0.13270055465    
  9.88969892443E-02
  9.88704572039E-02
  9.92563284355E-02
  9.98090206971E-02
  0.10044533423    
  0.10066882164    
  0.10045672033    
  0.10029347096    
  0.10021315434    
  0.10001389021    
  9.98343918693E-02
  9.97508215348E-02
  9.97745995936E-02
  9.97733221778E-02
  9.97636933297E-02
  9.97332557937E-02
  9.97619198644E-02
  9.97913168499E-02
  9.97870639213E-02
  9.97484928651E-02
  9.97195773200E-02
  9.97496671803E-02
  9.97888729742E-02
  9.98269773182E-02
  9.98080297931E-02
  9.97750361955E-02
  9.95709710286E-02
  9.89899451760E-02
  9.81858648627E-02
  9.69405613844E-02
  9.57597906620E-02
  9.46507259334E-02
  9.49207083221E-02
  9.76424843794E-02
  0.10382829707    
  0.11767096021    
  0.14010826602    
  0.14543986072    
  0.14145797729    
  0.14009619557    
  0.14336959726    
  0.14053459146    
  0.14861947716    
  0.14300808060    
  0.14061907102    
  0.14283441935    
  0.14237454915    
  0.14953479341    
  0.15054689268    
  0.14905570695    
  0.13804390219    
  0.13591550417    
  0.13651249512    
  0.13887805398    
  0.13938402388    
  0.13973652578    
  0.14020181382    
  0.13718814106    
  0.14069349184    
  0.14110076109    
  0.14878351617    
  0.14807389475    
  9.89283298857E-02
  9.88574281273E-02
  9.90807823328E-02
  0.10018120591    
  0.10109057206    
  0.10213367024    
  0.10156265649    
  0.10094429985    
  0.10059060955    
  0.10012311216    
  9.99310186141E-02
  9.97979406917E-02
  9.98032635995E-02
  9.98203295941E-02
  9.98097721655E-02
  9.97942150509E-02
  9.98083337828E-02
  9.98208423397E-02
  9.98044714394E-02
  9.97736705153E-02
  9.97707790286E-02
  9.98292734891E-02
  9.98779166474E-02
  9.98590702442E-02
  9.98442519562E-02
  9.98169456569E-02
  9.97779216598E-02
  9.94359255068E-02
  9.88503408182E-02
  9.75103232095E-02
  9.72229730743E-02
  9.64537628242E-02
  9.75203042861E-02
  0.10163361989    
  0.10688303109    
  0.13079766375    
  0.14612499691    
  0.15075740615    
  0.16258843626    
  0.15872504292    
  0.14920055888    
  0.14902893615    
  0.14947836403    
  0.15012583833    
  0.14909064357    
  0.14836707587    
  0.14863213438    
  0.14893283582    
  0.14717392557    
  0.15036149655    
  0.15097609500    
  0.15012006741    
  0.15080721819    
  0.14912095601    
  0.14965417634    
  0.15166927567    
  0.15258374446    
  0.15389997094    
  0.15232920653    
  0.15426537948    
  0.15511719359    
  0.15778058545    
  0.14995179026    
  0.15070391604    
  0.14847577275    
  0.15068704239    
  0.14988264278    
  0.15009650516    
  9.89108030923E-02
  9.92318461367E-02
  9.96804525178E-02
  0.10108812389    
  0.10278566801    
  0.10477568056    
  0.10628206357    
  0.10353424510    
  0.10216774624    
  0.10127568448    
  0.10005097978    
  9.97463702895E-02
  9.98073507857E-02
  9.98516168876E-02
  9.98421617675E-02
  9.98447551855E-02
  9.98513048010E-02
  9.98645494962E-02
  9.98305256783E-02
  9.97905510501E-02
  9.97914791093E-02
  9.98396626726E-02
  9.98658898347E-02
  9.98861827925E-02
  9.98473426829E-02
  9.98094284120E-02
  9.97589223777E-02
  9.94190964564E-02
  9.86563892066E-02
  9.73063243199E-02
  9.63638352446E-02
  9.69602418880E-02
  9.92084451693E-02
  0.10414228175    
  0.11817086133    
  0.14562469682    
  0.16903037202    
  0.16571805378    
  0.15943608199    
  0.16479057037    
  0.16189964164    
  0.16313052466    
  0.16347023794    
  0.16075658791    
  0.16634248947    
  0.16405778790    
  0.16263486244    
  0.16377337524    
  0.16291438276    
  0.15719652952    
  0.15391227646    
  0.15831552371    
  0.15415182619    
  0.15308883581    
  0.15849830189    
  0.15628020406    
  0.15830342502    
  0.15616946346    
  0.15422971092    
  0.15839659140    
  0.16163046009    
  0.15995136895    
  0.16137565335    
  0.16007924461    
  0.16124724521    
  0.16399789085    
  9.89182859708E-02
  9.90764471894E-02
  0.10070956477    
  0.10175674372    
  0.10588978868    
  0.10637385886    
  0.10724236456    
  0.10801137551    
  0.10815121795    
  0.10773529497    
  0.10701205251    
  0.10750202216    
  0.10650248679    
  0.10556627699    
  0.10453061869    
  0.10552186535    
  0.10470419277    
  0.10332134125    
  0.10271286836    
  0.10019928478    
  9.96932826492E-02
  9.98111678944E-02
  9.98656426378E-02
  9.98255312541E-02
  9.99248388988E-02
  9.98811348233E-02
  9.98988530166E-02
  0.10000577596    
  9.99665192985E-02
  9.98976747704E-02
  9.99398166024E-02
  9.99500838092E-02
  9.99866146464E-02
  9.98992833552E-02
  9.99154787557E-02
  9.99277539101E-02
  9.94269086181E-02
  9.87857070846E-02
  9.74313333310E-02
  9.62789633855E-02
  9.71780324334E-02
  9.82411612372E-02
  0.10343642814    
  0.12575952428    
  0.14859873282    
  0.16243512272    
  0.15841257804    
  0.17985439592    
  0.16592783043    
  0.16594930228    
  0.16856437088    
  0.16637938378    
  0.16525964544    
  0.16604316604    
  0.16596179890    
  0.16614795202    
  0.16181291660    
  0.16721225866    
  0.16612623936    
  0.16732792417    
  0.16682953904    
  0.16508827204    
  0.17385537288    
  0.17184853526    
  0.17817920786    
  0.17524242713    
  0.17205709584    
  0.17610028723    
  0.17246116335    
  0.16803920592    
  0.16606022146    
  0.16868876886    
  0.16913933122    
  0.16925071761    
  9.95006482844E-02
  0.10018078784    
  0.10188469925    
  0.10519768319    
  0.10855138220    
  0.11047975609    
  0.11079930419    
  0.11496849674    
  0.10993944279    
  0.10981272182    
  0.11141794658    
  0.11095334098    
  0.10934198012    
  0.10839775636    
  0.11033904619    
  0.10952160653    
  0.11049741411    
  0.11009338208    
  0.10909347030    
  0.10859696679    
  0.10954432743    
  0.10914712773    
  0.11374162652    
  0.11234407187    
  0.11180925906    
  0.11302863944    
  0.11200842202    
  0.11559433115    
  0.11303087399    
  0.11096735560    
  0.11043432655    
  0.11125167788    
  0.11047049896    
  0.10949899258    
  0.11109652563    
  0.10965984989    
  0.10790732717    
  0.10749277667    
  0.10823246428    
  0.10783695575    
  0.10862977322    
  0.10783831539    
  0.10766921342    
  0.10750208327    
  0.10774462347    
  0.10754436693    
  0.10702088039    
  0.10649362321    
  0.10740039423    
  0.10719304305    
  0.10740407814    
  0.10725601584    
  0.10691817808    
  0.10667564378    
  0.10709122276    
  0.10690815449    
  0.10820683848    
  0.10773755180    
  0.10849090484    
  0.10781327873    
  0.10731611629    
  0.10701423875    
  0.10739865628    
  0.10661509925    
  0.10612799929    
  0.10577491993    
  0.10643878465    
  0.10620389394    
  0.10644962983    
  0.10600593883    
  0.10547831237    
  0.10517794265    
  0.10445749227    
  0.10469776851    
  0.10410303488    
  0.10625384844    
  0.10579076117    
  0.10604157884    
  0.10555063873    
  0.10535547578    
  0.10487578440    
  0.10509884804    
  0.10472066331    
  0.10546380572    
  0.10467883984    
  0.10455392042    
  0.10416693301    
  0.10432727098    
  0.10435644294    
  0.10401174801    
  0.10447405734    
  0.10420954806    
  0.10450898122    
  0.10412211033    
  0.10399594944    
  0.10340218754    
  0.10391875823    
  0.10322772876    
  0.10348736782    
  0.10222828687    
  0.10267684414    
  0.10204133516    
  0.10260915614    
  0.10196838041    
  0.10164614367    
  0.10083444939    
  0.10092241265    
  0.10025621579    
  0.10169496833    
  0.10117977431    
  0.10049943629    
  0.10020892997    
  9.96234453649E-02
  9.92225758386E-02
  9.98715674499E-02
  9.94694520757E-02
  9.89013829782E-02
  9.85177681687E-02
  9.99592052199E-02
  9.94543713698E-02
  9.84564807726E-02
  9.82798879203E-02
  9.96935967876E-02
  9.99416902788E-02
  0.10010921452    
  0.10023882780    
  0.10012681018    
  0.10044797056    
  0.10031484953    
  0.10012760435    
  9.99967314291E-02
  0.10040025593    
  0.10019220221    
  0.10005619764    
  0.10047400608    
  0.10054232033    
  0.10082405628    
  0.10004627057    
  0.10001564248    
  9.94294373724E-02
  9.88388663638E-02
  9.80696949665E-02
  9.60626798416E-02
  9.78763660982E-02
  0.10614155316    
  0.12779135771    
  0.15909523589    
  0.19055879754    
  0.19311508785    
  0.17615130172    
  0.17978942596    
  0.14825892732    
  0.16444837164    
  0.16863534930    
  0.15884624149    
  0.16395909723    
  0.16690632796    
  0.15910456147    
  0.16395753110    
  0.17846996343    
  0.17607394945    
  0.17613357537    
  0.17844563603    
  0.17521140556    
  0.17798385651    
  0.17484409811    
  0.17309844208    
  0.17125990217    
  0.17648026594    
  0.17023112924    
  0.16935397370    
  0.16740032104    
  0.16488660904    
  0.16364170957    
  0.16747773224    
  0.16784123502    
  9.97456312367E-02
  0.10065916112    
  0.10320401907    
  0.10764281753    
  0.11103742724    
  0.11310763285    
  0.10997965199    
  0.10986215530    
  0.10835497245    
  0.10767140802    
  0.10598549940    
  0.10641005532    
  0.10487755734    
  0.10478858483    
  0.10424137795    
  0.10384466793    
  0.10282347638    
  0.10341437607    
  0.10284665916    
  0.10395402894    
  0.10246623751    
  0.10370889682    
  0.10225339953    
  0.10272552848    
  0.10213856882    
  0.10235960614    
  0.10232856662    
  0.10172296097    
  0.10148355165    
  0.10198042374    
  0.10169648277    
  0.10262956578    
  0.10244794553    
  0.10111547259    
  0.10065336535    
  0.10123079344    
  0.10064560704    
  0.10014465001    
  9.95996873083E-02
  9.99969100096E-02
  9.93142825680E-02
  0.10111899197    
  9.95701859898E-02
  0.10219734160    
  0.10009919321    
  9.91098964993E-02
  9.87799912878E-02
  9.86673581063E-02
  9.82919342113E-02
  9.85931786326E-02
  9.84516296139E-02
  9.81768063950E-02
  9.80612170667E-02
  9.81986164690E-02
  9.77412705900E-02
  9.83062581608E-02
  9.81407350448E-02
  9.79147903366E-02
  9.77390613678E-02
  9.76240243204E-02
  9.75866749479E-02
  9.73840110848E-02
  9.73340727138E-02
  9.71037871241E-02
  9.71824619247E-02
  9.69550524817E-02
  9.68451419309E-02
  9.65860805377E-02
  9.78234436314E-02
  9.68636466435E-02
  9.65296066095E-02
  9.62355092294E-02
  9.62504798657E-02
  9.59074162965E-02
  9.64580591624E-02
  9.59895229134E-02
  9.56119882438E-02
  9.57703625622E-02
  9.53549252041E-02
  9.72202074386E-02
  9.68284986808E-02
  9.63767392133E-02
  9.59025588365E-02
  9.63674312831E-02
  9.56084851308E-02
  9.51595747492E-02
  9.48696089389E-02
  9.42890456240E-02
  9.51708768253E-02
  9.78633810901E-02
  9.92012925804E-02
  9.71773327749E-02
  9.89634065191E-02
  0.10020208097    
  0.10076275921    
  0.10051301829    
  0.10209464319    
  0.10120438864    
  0.10138941412    
  0.10228462369    
  0.10226422026    
  0.10173415746    
  0.10240693273    
  0.10258791443    
  0.10414353110    
  0.10285947640    
  0.10249444578    
  0.10487419670    
  0.10512063616    
  0.10195923608    
  0.10199142354    
  0.10415747542    
  0.10412628433    
  0.10615025959    
  0.10637555362    
  0.10413148475    
  0.10410314871    
  0.10630476141    
  0.10591628926    
  0.10247695526    
  0.10250793595    
  0.10422725217    
  0.10439609223    
  0.10580808722    
  0.10575828804    
  0.10500334054    
  0.10151682920    
  0.10180033553    
  0.10126837511    
  0.10091633680    
  0.10078891190    
  0.10119408811    
  0.10331684869    
  0.10359103527    
  0.10171406918    
  0.10110546919    
  0.10306081984    
  0.10708723042    
  0.10076910104    
  9.92043842746E-02
  9.96850961681E-02
  0.10625517082    
  0.12551324629    
  0.13842666481    
  0.12796123604    
  0.15003120379    
  0.14720981443    
  0.15350053203    
  0.16033882182    
  0.16330254319    
  0.15881619589    
  0.16095739156    
  0.15547394527    
  0.15797695910    
  0.15795518630    
  0.15896879449    
  0.15132559769    
  0.15350677885    
  0.15331150370    
  0.15499758732    
  0.15493402197    
  0.15745326043    
  0.15530596536    
  0.15757723375    
  0.15635565039    
  0.15769758404    
  0.15579018414    
  0.15817003477    
  0.15637604604    
  0.15926058986    
  9.88020419386E-02
  9.93343964513E-02
  0.10188933877    
  0.10442817669    
  0.10552411330    
  0.10598718542    
  0.10378623179    
  0.10153500067    
  9.97672429886E-02
  9.72897751542E-02
  9.61417489798E-02
  9.55843880123E-02
  9.51407052620E-02
  9.54973878955E-02
  9.50704000228E-02
  9.59938483493E-02
  9.52839732006E-02
  9.66830979312E-02
  9.61736085605E-02
  9.46833695454E-02
  9.41909719240E-02
  9.45549918172E-02
  9.39658917711E-02
  9.32170465630E-02
  9.45583335832E-02
  9.39917406906E-02
  9.47484932892E-02
  9.42839598004E-02
  9.33356504023E-02
  9.26205604891E-02
  9.37997854952E-02
  9.34396308893E-02
  9.33634167973E-02
  9.49254596914E-02
  9.26470668655E-02
  9.36203737659E-02
  9.35429968751E-02
  9.41592638391E-02
  9.51672547980E-02
  9.51560692905E-02
  9.47559808565E-02
  9.63875471429E-02
  9.65030880179E-02
  9.44595746029E-02
  9.48997331110E-02
  9.53050730667E-02
  9.56619115202E-02
  9.55244265768E-02
  9.61908364434E-02
  9.61369166326E-02
  9.66631694904E-02
  9.67670669171E-02
  9.75578948761E-02
  9.63565435727E-02
  9.76329827837E-02
  9.62005720841E-02
  9.69447515043E-02
  9.64567186042E-02
  9.71315028962E-02
  9.75866496644E-02
  9.81491143833E-02
  9.77892662069E-02
  9.83790299063E-02
  9.87188223358E-02
  9.98867789392E-02
  9.87227304789E-02
  9.92532674501E-02
  9.89022685746E-02
  9.94502034025E-02
  9.97450912589E-02
  0.10014440267    
  9.98569504260E-02
  0.10027328209    
  9.68312789277E-02
  9.74656867711E-02
  9.72704263377E-02
  9.78393270436E-02
  9.84395743363E-02
  9.86040054666E-02
  9.93778108424E-02
  9.97672267413E-02
  0.10036334854    
  0.10018080712    
  0.10119473545    
  0.10059622621    
  0.10231512891    
  0.10049329382    
  0.10109567553    
  0.10063225867    
  0.10122569143    
  0.10217277984    
  0.10232371115    
  0.10265810491    
  0.10224330122    
  0.10263089528    
  0.10299795355    
  0.10230515767    
  0.10264291929    
  0.10210667218    
  0.10237801468    
  0.10320081855    
  0.10315361756    
  0.10279787883    
  0.10281700122    
  0.10094154367    
  0.10306911500    
  0.10160080375    
  0.10220899976    
  0.10268007305    
  0.10314346266    
  0.10340735195    
  0.10357200661    
  0.10298526212    
  0.10301741726    
  0.10331747136    
  0.10341606694    
  0.10339017793    
  0.10348099104    
  0.10338279942    
  0.10292788661    
  0.10321677570    
  0.10415355961    
  0.10411101174    
  0.10340037988    
  0.10354222378    
  0.10361331539    
  0.10376974023    
  0.10367882990    
  0.10420473100    
  0.10434475200    
  0.10518920646    
  0.10517287004    
  0.10551994093    
  0.10506163086    
  0.10471746722    
  0.10545142444    
  0.10594950937    
  0.10506997669    
  0.10546921065    
  0.10524513103    
  0.10565220486    
  0.10639630716    
  0.10712120600    
  0.10373033835    
  0.10522990090    
  0.10603604721    
  0.10665076494    
  0.10600678401    
  0.10581581245    
  0.10699206279    
  0.10662869291    
  0.10521073201    
  0.10638808807    
  0.10605341515    
  0.10655821703    
  0.10765451968    
  0.10678167010    
  0.10666137736    
  0.10737361634    
  0.10772722837    
  0.10819843164    
  0.10745050508    
  0.10753451417    
  0.10754126784    
  0.10775657846    
  0.10712619172    
  0.10747815825    
  0.10778143273    
  0.10831848427    
  0.10859957441    
  0.10852814066    
  0.10623445554    
  0.10664393894    
  0.10746615313    
  0.10723395002    
  0.10749216714    
  0.10761357113    
  0.10816898746    
  0.10707984291    
  0.10757426667    
  0.10781176599    
  0.10817239204    
  0.10824884370    
  0.10874297424    
  0.10858794735    
  0.10885997693    
  0.10922268984    
  0.10963195502    
  0.10816750961    
  0.10797949479    
  0.10840595071    
  0.10826568479    
  0.10820018009    
  0.10846978618    
  0.10844534249    
  0.10873879370    
  0.10875109992    
  0.10882785130    
  0.10915960600    
  0.11003762495    
  0.10918786721    
  0.10937961365    
  0.10798722461    
  0.10786952670    
  0.10811938598    
  0.10862036628    
  0.10892071302    
  0.10900395307    
  0.10903505114    
  0.10967609668    
  0.10943259079    
  0.10903571746    
  0.10907224565    
  0.10917060984    
  0.10897094103    
  0.10813692703    
  0.10771578229    
  0.10909820256    
  0.10837899702    
  0.10726302261    
  0.10706096939    
  0.10795613086    
  0.10761320954    
  0.10870400188    
  0.10818378283    
  0.10979329817    
  0.10868263608    
  0.10878076060    
  0.10761612104    
  0.10763314339    
  0.10686992012    
  0.10676531580    
  0.10742001548    
  0.10732395476    
  0.10701968278    
  0.10783871917    
  0.10782013737    
  0.10818714044    
  0.10822855906    
  0.10783598943    
  0.10799991502    
  0.10829805002    
  0.10840252664    
  0.10717323825    
  0.10735955441    
  0.10809272149    
  0.10821439545    
  0.10862292082    
  0.10877260232    
  0.10871680145    
  0.10863613484    
  0.10898605229    
  0.10927727723    
  0.10968275287    
  0.10909358755    
  0.10926604533    
  0.10955010929    
  0.10974362813    
  0.10945154075    
  0.10960557775    
  0.10991094858    
  0.11004979551    
  0.11073722315    
  0.11079297870    
  0.11096577525    
  0.11133188475    
  0.11154285838    
  0.10878146758    
  0.10655098930    
  0.11004840619    
  0.10991178261    
  0.11098557763    
  0.11104099530    
  0.11161460155    
  0.11180881741    
  0.11130563489    
  0.10936920548    
  0.10586124385    
  0.10637386307    
  0.10949857035    
  0.11193821664    
  0.10538896164    
  0.10343208413    
  0.10986782029    
  0.10779152507    
  0.10398288115    
  0.10201062650    
  0.10558942562    
  0.10710495682    
  0.10866643625    
  0.11233252799    
  0.11171472493    
  0.11217507140    
  0.11421706490    
  0.11467237927    
  0.10929149191    
  0.10963806643    
  0.11293414933    
  0.11416763526    
  0.11647166670    
  0.11735313031    
  0.11612224549    
  0.11251281311    
  0.11181452872    
  0.12371186848    
  0.13690279458    
  0.12233871866    
  0.11688876822    
  0.11415044035    
  0.11448808415    
  0.12877305821    
  0.14812191450    
  0.13784838562    
  0.15251758371    
  0.15454150314    
  0.15657971356    
  0.15647604843    
  0.16069221072    
  0.15790898410    
  0.16087351238    
  0.16019130475    
  0.16305973694    
  0.16710253718    
  0.15758084850    
  0.16626536462    
  0.16816011364    
  0.16638986451    
  0.16808980108    
  0.16573657876    
  0.16593122373    
  0.16490575923    
  0.16880086347    
  0.16827232826    
  0.16984247142    
  9.88145428026E-02
  9.86062781737E-02
  9.98592889056E-02
  0.10236155141    
  0.10327044314    
  0.10459038933    
  0.10237827001    
  0.10087265079    
  0.10041334465    
  9.93643517302E-02
  9.82808624976E-02
  9.90330992239E-02
  0.10027706570    
  0.10072798699    
  0.10039175903    
  0.10188920120    
  0.10257110233    
  0.10436305666    
  0.10330461986    
  0.10489594832    
  0.10547131914    
  0.10480958550    
  0.10633399236    
  0.10849762780    
  0.10834532410    
  0.11177304848    
  0.10903850670    
  0.10960637516    
  0.11232891596    
  0.11105482649    
  0.10969068060    
  0.10931138977    
  0.11041534809    
  0.11092153778    
  0.10728131002    
  0.10426733130    
  0.10880814564    
  0.10659713311    
  0.10947589680    
  0.11148578465    
  0.11225177681    
  0.11232991490    
  0.11360030705    
  0.11124387307    
  0.11503714782    
  0.11242022056    
  0.11246500752    
  0.11308621488    
  0.11324655734    
  0.11246986745    
  0.11237945155    
  0.11327562564    
  0.11322075857    
  0.11444316107    
  0.11417277684    
  0.11413081831    
  0.11526074578    
  0.11520386965    
  0.11251981232    
  0.11223378856    
  0.11396097508    
  0.11376300968    
  0.11496951255    
  0.11469710144    
  0.11380723549    
  0.11629990845    
  0.11696472890    
  0.11765800502    
  0.11813347573    
  0.11581478872    
  0.11540959396    
  0.11657020775    
  0.11596322157    
  0.11498663381    
  0.11478973376    
  0.11547195495    
  0.11513321638    
  0.11684643925    
  0.11573646763    
  0.11538449798    
  0.11570705310    
  0.11537160073    
  0.11215290065    
  0.11298253671    
  0.11377918054    
  0.11361889603    
  0.11395664584    
  0.11421166006    
  0.11434740919    
  0.11389251912    
  0.11410838950    
  0.11425509604    
  0.11445529604    
  0.11474375235    
  0.11486208712    
  0.11456109169    
  0.11460558309    
  0.11498737446    
  0.11502865181    
  0.11464477205    
  0.11463156604    
  0.11505048591    
  0.11501584708    
  0.11482336202    
  0.11499250871    
  0.11509630086    
  0.11530868808    
  0.11522929063    
  0.11545903183    
  0.11538075467    
  0.11577865680    
  0.11604629776    
  0.11675806440    
  0.11315459390    
  0.11218541510    
  0.11436009239    
  0.11402943442    
  0.11490228577    
  0.11477314450    
  0.11373877205    
  0.11340017482    
  0.11451039930    
  0.11426576659    
  0.11133473505    
  0.11057645187    
  0.11305726095    
  0.11271114027    
  0.11399676201    
  0.11377441238    
  0.11278422148    
  0.11593129793    
  0.11566178664    
  0.11725919556    
  0.11751113037    
  0.11494835650    
  0.11477067365    
  0.11595756397    
  0.11580298315    
  0.11453574304    
  0.11428567294    
  0.11563460302    
  0.11544847474    
  0.11741945451    
  0.11674020807    
  0.11663749678    
  0.11789415185    
  0.11775034813    
  0.11032220751    
  0.10836187300    
  0.11448808664    
  0.11374256309    
  0.11653058608    
  0.11638846052    
  0.11776766381    
  0.11780810345    
  0.11611214489    
  0.11576137599    
  0.11766781544    
  0.11735753528    
  0.11273199786    
  0.11144736973    
  0.11572689250    
  0.11414777780    
  0.10618575537    
  0.10516535484    
  0.11009981813    
  0.10665262808    
  0.10767548599    
  0.11188925011    
  0.10908068604    
  0.11245142224    
  0.11515967131    
  0.11565485611    
  0.11494382345    
  0.11586639817    
  0.11633296049    
  0.11572800768    
  0.11647758982    
  0.11569427971    
  0.11595987838    
  0.11636730527    
  0.11682854908    
  0.11638962925    
  0.11678106199    
  0.11741434505    
  0.11794631703    
  0.11684477475    
  0.11745658684    
  0.11714046626    
  0.11807117599    
  0.11909693247    
  0.11476533265    
  0.11578622921    
  0.11677064394    
  0.11602323566    
  0.11689271348    
  0.11479214421    
  0.11585304469    
  0.11663843276    
  0.11575531646    
  0.11718695919    
  0.11824939597    
  0.12075730363    
  0.11788431276    
  0.12113600316    
  0.11833506731    
  0.11897038688    
  0.11985137897    
  0.12074785740    
  0.11956458109    
  0.12014190683    
  0.12133559889    
  0.12202070610    
  0.12218855087    
  0.12305597490    
  0.12401453678    
  0.12494770887    
  0.12649915210    
  0.12227303800    
  0.12306890393    
  0.12547794922    
  0.12634932843    
  0.12799124627    
  0.12896075334    
  0.12884055965    
  0.12481592894    
  0.12890877060    
  0.12534333373    
  0.13196458513    
  0.13057998969    
  0.13219858246    
  0.13343767846    
  0.13496974241    
  0.13436660542    
  0.13612521701    
  0.13836562946    
  0.13858001769    
  0.14194610389    
  0.14024608460    
  0.12731408048    
  0.13244248198    
  0.13641728052    
  0.14224026005    
  0.13824498207    
  0.14702116189    
  0.14988632585    
  0.15626706034    
  0.15602094086    
  0.16511956290    
  0.16391807726    
  0.17217799046    
  0.17074898500    
  0.17522583436    
  0.17525873743    
  0.18113279848    
  0.18059468830    
  0.18584896548    
  0.18653246808    
  0.19188055041    
  0.16052964007    
  0.18977049099    
  0.18486488364    
  0.20439698725    
  0.19320315079    
  0.20254260986    
  0.19959754472    
  0.20974608926    
  0.21469936116    
  0.22962708248    
  0.22324685628    
  0.24089091404    
  0.23147363353    
  0.26295217475    
  0.26796333515    
  0.32557672501    
  0.21285063195    
  0.19264554583    
  0.35036498647    
  0.29808846069    
  0.16281496983    
  0.15949997058    
  0.21841199246    
  0.19949018629    
  0.25162142854    
  0.22142807771    
  0.18810941840    
  0.18225915504    
  0.20065853249    
  0.18688834100    
  0.14919039181    
  0.13691944058    
  0.17022324736    
  0.15813987918    
  0.17295915211    
  0.16066780647    
  0.14988859879    
  0.14549061087    
  0.15304637560    
  0.14897347392    
  0.13317663361    
  0.13423301514    
  0.14265471215    
  0.14354167769    
  0.14805966795    
  0.14856205509    
  0.15128065468    
  0.13545120464    
  0.13849463688    
  0.14928873350    
  0.14635801983    
  0.14910847608    
  0.15019401703    
  0.15287144862    
  0.14974445045    
  0.17161342816    
  0.15412528705    
  0.16371824384    
  0.15669802903    
  0.16495436588    
  0.18980012518    
  0.21437441534    
  0.17789952595    
  0.19880624350    
  0.18055626739    
  0.17455307471    
  0.17681775308    
  0.18263935684    
  0.18058764348    
  0.21166769629    
  0.19740768801    
  0.21116882625    
  0.21952908050    
  0.21322733067    
  0.21326778319    
  0.20231040537    
  0.21191358273    
  0.19802420823    
  9.81362466945E-02
  9.90634060585E-02
  0.10009453083    
  0.10361127009    
  0.10685953941    
  0.10669047637    
  0.10405347230    
  0.10425677585    
  0.10395522796    
  0.10424162330    
  0.10264232978    
  0.10260284071    
  0.10609873475    
  0.10570126845    
  0.10487579382    
  0.10683992238    
  0.10879791779    
  0.11225912013    
  0.10743702735    
  0.10994237662    
  0.11331511591    
  0.11562306214    
  0.11349276472    
  0.11622307559    
  0.11958663320    
  0.12311594523    
  0.11966204837    
  0.11748406108    
  0.11936252447    
  0.12156301537    
  0.11770988196    
  0.11636268312    
  0.11517594422    
  0.11549155135    
  0.11460884304    
  0.11807369125    
  0.11224280607    
  0.11498978354    
  0.11706555177    
  0.11438623072    
  0.11764540041    
  0.12009203303    
  0.11933154915    
  0.11946153186    
  0.12064888830    
  0.12109509609    
  0.12035312362    
  0.12156640137    
  0.11991820285    
  0.11931495949    
  0.11918400487    
  0.12105412239    
  0.12108736871    
  0.12206735213    
  0.12359203934    
  0.11867427284    
  0.11784366794    
  0.12058449112    
  0.11958374110    
  0.11697352133    
  0.12259285006    
  0.12120422256    
  0.12426152369    
  0.12235026819    
  0.11960948481    
  0.11815088703    
  0.12055388802    
  0.11898267040    
  0.12289502573    
  0.12302562376    
  0.12091701249    
  0.11944214074    
  0.12081486389    
  0.11956075804    
  0.12147811351    
  0.12040216397    
  0.11937498410    
  0.11985568234    
  0.11908397113    
  0.11468336775    
  0.11273135413    
  0.11671164256    
  0.11481629468    
  0.11207649542    
  0.11782951392    
  0.11626016907    
  0.11845303296    
  0.11766990242    
  0.11826794546    
  0.11756005366    
  0.11702633028    
  0.11652207714    
  0.11697383184    
  0.11650709016    
  0.11537114802    
  0.11416490947    
  0.11606091015    
  0.11477159881    
  0.11148511848    
  0.11294480840    
  0.11295616807    
  0.11290661019    
  0.11278386627    
  0.11254930622    
  0.11126702131    
  0.11478873419    
  0.11605623691    
  0.11657998342    
  0.11711936216    
  0.11733478735    
  0.11254480957    
  0.11281729087    
  0.11312954198    
  0.11260407923    
  0.11384330328    
  0.11855063604    
  0.12105191187    
  0.11214899789    
  0.11823656630    
  0.11175080472    
  0.11145814289    
  0.11157690736    
  0.11067676466    
  0.11157007783    
  0.11146617414    
  0.11033363793    
  0.10954804897    
  0.11114350134    
  0.11010108654    
  0.11093729132    
  0.10997379015    
  0.10923016972    
  0.10860029569    
  0.11607681061    
  0.10867760831    
  0.11570579152    
  0.12583982004    
  0.13193351450    
  0.12318403090    
  0.12859860859    
  0.13917109207    
  0.14384380237    
  0.13708479255    
  0.14000701154    
  0.14140711184    
  0.13412315277    
  0.13636179360    
  0.13116690113    
  0.13302202756    
  0.13599045691    
  0.12091231541    
  0.12322981333    
  0.11717323637    
  0.12031874621    
  0.12837739445    
  0.13007368398    
  0.12610119633    
  0.12745000892    
  0.13195375179    
  0.13272461856    
  0.12877342616    
  0.13058140383    
  0.12328197927    
  0.12631886319    
  0.12751204617    
  0.12399258329    
  0.12554056063    
  0.13807715896    
  0.14239424602    
  0.13251536532    
  0.13593992114    
  0.12983788588    
  0.12927388037    
  0.12671371739    
  0.12732221842    
  0.13303527202    
  0.14043962289    
  0.14098495113    
  0.13172555774    
  0.13497850490    
  0.13583937321    
  0.13083828556    
  0.13253372438    
  0.15694794297    
  0.16504819034    
  0.17147785611    
  0.16522814998    
  0.17211161104    
  0.15513114225    
  0.16378729597    
  0.17028891923    
  0.16101839852    
  0.16679630890    
  0.17993926552    
  0.18660076818    
  0.18139406639    
  0.18880228183    
  0.19497382487    
  0.17938221724    
  0.19231794989    
  0.14752133938    
  0.15620070693    
  0.14325387188    
  0.14782239246    
  0.16088144076    
  0.16374634741    
  0.15684827192    
  0.16083158923    
  0.13859762369    
  0.14316909419    
  0.13379523701    
  0.13871626528    
  0.15384921808    
  0.17065173690    
  0.18253261851    
  0.16081029032    
  0.17195319998    
  0.21038722537    
  0.22956336765    
  0.24855921597    
  0.23171226005    
  0.25149323618    
  0.20932468112    
  0.23826140694    
  0.27214351149    
  0.30340858768    
  0.27759300248    
  0.31171793569    
  0.37911070283    
  0.27668153364    
  0.31093115778    
  0.27016416313    
  0.30181848314    
  0.35716551877    
  0.41844224950    
  0.34350506240    
  0.39622778167    
  0.20304844281    
  0.26433222173    
  0.32355104882    
  0.23024633690    
  0.26231944915    
  0.52684045533    
  0.61657291337    
  0.50206674183    
  0.60990690646    
  0.46132365443    
  0.53105601773    
  0.62401265823    
  0.46117063952    
  0.34277989623    
  0.46514397851    
  0.37559052603    
  0.32847597247    
  0.36245829501    
  0.32190584596    
  0.40546093356    
  0.44552806932    
  0.35175935471    
  0.37565665199    
  0.46548118951    
  0.45366861053    
  0.38683371048    
  0.38079062764    
  0.29261510511    
  0.30276067083    
  0.41876118769    
  0.37713960672    
  0.36189592367    
  0.33557140675    
  0.33838380831    
  0.30619116866    
  0.31092838809    
  0.28692875010    
  0.28794221488    
  0.26016702577    
  0.27620251391    
  0.24074920509    
  0.22517079854    
  0.24551463152    
  0.22933337518    
  0.29421966003    
  0.26841442867    
  0.28924816758    
  0.26532009941    
  0.24746004237    
  0.23173742094    
  0.24515844674    
  0.23142013112    
  0.21260135483    
  0.20317214332    
  0.21680578332    
  0.20549946282    
  0.19385881948    
  0.18472276601    
  0.19523935599    
  0.18512755567    
  0.21289115523    
  0.19050263574    
  0.26227939925    
  0.23396053965    
  0.23551811421    
  0.21834880017    
  0.20332055523    
  0.17708266969    
  0.16930774926    
  0.17617673069    
  0.16887059272    
  0.16293973063    
  0.15804652800    
  0.16274476486    
  0.15714536931    
  0.16977561157    
  0.15684787558    
  0.15419237011    
  0.15166479358    
  0.15300511286    
  0.15084088725    
  0.14923585794    
  0.14845192366    
  0.14876671789    
  0.14777572468    
  0.14838930120    
  0.14579117279    
  0.14554372081    
  0.13504238223    
  0.14831446271    
  0.14719023318    
  0.14749236457    
  0.14581790566    
  0.14927779914    
  0.14590422432    
  0.14386508549    
  0.14149671103    
  0.14182575622    
  0.14559923290    
  0.14739255576    
  0.14298002473    
  0.14429759202    
  0.15588393296    
  0.16101827914    
  0.14958721034    
  0.15176144840    
  0.14582017657    
  0.14726224147    
  0.15338570947    
  0.15339622214    
  0.14824834077    
  0.14869709219    
  0.13711568166    
  0.13906608403    
  0.13064839676    
  0.13172916101    
  0.14031352458    
  0.14373770732    
  0.14435597222    
  0.13918648065    
  0.13979820832    
  0.13284549146    
  0.13329429355    
  0.15508586145    
  0.15216532326    
  0.15255870198    
  0.15163607251    
  0.14887673114    
  0.14866685512    
  0.15104086362    
  0.15063970332    
  0.14867400017    
  0.14905566196    
  0.15082770937    
  0.15386096056    
  0.15578595822    
  0.15394087497    
  0.15676440777    
  0.15016814783    
  0.15006720454    
  0.14867939294    
  0.15000003444    
  0.15419912792    
  0.15540657726    
  0.15095817422    
  0.15297294056    
  0.14465765739    
  0.14502447207    
  0.14031271641    
  0.14109319503    
  0.14458533706    
  0.13439457669    
  0.13813934867    
  0.14684544097    
  0.15050723229    
  0.14326010445    
  0.14896966335    
  0.15717258199    
  0.15893229749    
  0.15841774574    
  0.16038831623    
  0.16271831477    
  0.16522607882    
  0.16333050659    
  0.16563554923    
  0.15741902467    
  0.16330472074    
  0.16886287601    
  0.17406589357    
  0.16683196575    
  0.16948611147    
  0.18467627749    
  0.19367979382    
  0.17764581608    
  0.17936632248    
  0.16864781707    
  0.16831763024    
  0.15547248928    
  0.16273647555    
  0.16792291660    
  0.16252137950    
  0.16530387696    
  0.19522434586    
  0.19548103464    
  0.17799873937    
  0.19184231165    
  0.19476719034    
  0.17642793088    
  0.17673293149    
  0.17064710077    
  0.17207929296    
  0.17096433691    
  0.17150711218    
  0.16749346153    
  0.16888794715    
  0.16517709532    
  0.16676704295    
  0.16140173879    
  0.16441095449    
  9.69725566510E-02
  9.78352616748E-02
  0.10169308055    
  0.10808135953    
  0.11342162441    
  0.11111840915    
  0.11166749890    
  0.11467665827    
  0.11894553342    
  0.11227846695    
  0.11134665900    
  0.11855186327    
  0.11744128186    
  0.10968980563    
  0.10809618724    
  0.11416509115    
  0.11069268818    
  0.10734656784    
  0.10763016423    
  0.10898406706    
  0.10907062986    
  0.10857190521    
  0.11000939077    
  0.10960031756    
  0.11068197543    
  0.11023249264    
  0.11129416801    
  0.11161912911    
  0.11356065296    
  0.11227436197    
  0.11368488172    
  0.11486694311    
  0.11352855287    
  0.11459794362    
  0.10963468273    
  0.10979163619    
  0.11250698177    
  0.11273736198    
  0.10964359364    
  0.11031547979    
  0.11290946413    
  0.11395350006    
  0.11560613894    
  0.11499221838    
  0.11474135589    
  0.11626141382    
  0.11571049280    
  0.11634880776    
  0.11755728323    
  0.11564249103    
  0.11625307792    
  0.11673447389    
  0.11600514685    
  0.11605861588    
  0.11558220623    
  0.11464785792    
  0.11474242800    
  0.11536499131    
  0.11536327646    
  0.11517844066    
  0.11606795321    
  0.11569622317    
  0.11656911099    
  0.11535088140    
  0.11597076478    
  0.11270576812    
  0.11549455641    
  0.11659632465    
  0.11986342888    
  0.11676310070    
  0.11692070722    
  0.12073334985    
  0.11964111856    
  0.11745111324    
  0.11914963548    
  0.11774265552    
  0.11924945254    
  0.12132508301    
  0.12397056175    
  0.12107450073    
  0.12274631941    
  0.11758359651    
  0.11961207806    
  0.12370926373    
  0.12214523063    
  0.12286729184    
  0.12187392570    
  0.12099308557    
  0.12027318223    
  0.12090897192    
  0.12020387724    
  0.12020021268    
  0.11955742821    
  0.11767223147    
  0.11787269145    
  0.11975934324    
  0.12008530156    
  0.11896787061    
  0.12053918245    
  0.12153966478    
  0.12312742478    
  0.12049142549    
  0.12038840345    
  0.12040579275    
  0.12044068443    
  0.12054585049    
  0.12083269514    
  0.12064453375    
  0.12102912217    
  0.11987901665    
  0.12050521527    
  0.12191502066    
  0.12312458076    
  0.12226322003    
  0.12331583700    
  0.12396274548    
  0.12510275885    
  0.12436376464    
  0.12580535677    
  0.12281938468    
  0.12531151397    
  0.12301529275    
  0.12566862577    
  0.12588478238    
  0.12935593137    
  0.13242843537    
  0.12667702059    
  0.12863485578    
  0.12755128117    
  0.12974875154    
  0.13067047303    
  0.13285028873    
  0.13207740178    
  0.13459081253    
  0.12966326966    
  0.13326066494    
  0.13616618966    
  0.13407926489    
  0.13742857638    
  0.13738504788    
  0.14262409801    
  0.13917516545    
  0.14208470003    
  0.14094689575    
  0.14421405091    
  0.14487129101    
  0.14757598755    
  0.14692106000    
  0.14947727375    
  0.13852989731    
  0.14001750590    
  0.14796500598    
  0.15466196754    
  0.15055147206    
  0.15391746794    
  0.15218227658    
  0.15557189299    
  0.15806056275    
  0.16300015370    
  0.15970047189    
  0.16478358107    
  0.16219574520    
  0.16316704986    
  0.16904949267    
  0.17606261830    
  0.17055572177    
  0.17631832339    
  0.17747068800    
  0.17225988186    
  0.17801302097    
  0.17517010989    
  0.13424879298    
  0.13319200822    
  0.15665593157    
  0.15096329909    
  0.16786435302    
  0.16092373599    
  0.14700141970    
  0.14464443712    
  0.15596408024    
  0.15230088963    
  0.13446210027    
  0.13646962581    
  0.14356612648    
  0.14234804223    
  0.15207403827    
  0.14943193463    
  0.14546131835    
  0.13835842558    
  0.13045409022    
  0.14648575194    
  0.13999305016    
  0.12048716470    
  0.11380530002    
  0.12747159644    
  0.11868804660    
  0.11573101774    
  0.11870248551    
  0.12015544235    
  0.11995295470    
  0.12132737278    
  0.12084897320    
  0.12152993210    
  0.12137753143    
  0.12189800018    
  0.12183340995    
  0.12247851193    
  0.12195658774    
  0.12254117850    
  0.12340981127    
  0.12270814819    
  0.12390742748    
  0.12472111243    
  0.12392844457    
  0.12491196453    
  0.12336449666    
  0.12303384357    
  0.12407680839    
  0.12365630261    
  0.12246925761    
  0.12173685569    
  0.12273211256    
  0.12162699573    
  0.12502611369    
  0.12428843065    
  0.12598406988    
  0.12463018426    
  0.12203286551    
  0.12155733524    
  0.12095265784    
  0.12092980833    
  0.12032279080    
  0.11981044036    
  0.11987615845    
  0.11928984486    
  0.12000592340    
  0.11865475329    
  0.11926658287    
  0.11862359821    
  0.11862785663    
  0.11802238801    
  0.11808407680    
  0.11750417497    
  0.11748442173    
  0.11694587035    
  0.12084446452    
  0.12006838149    
  0.12057960536    
  0.11958141273    
  0.11934106114    
  0.11867357186    
  0.11873084643    
  0.11799419917    
  0.11916563302    
  0.11706190008    
  0.11735516475    
  0.11633038836    
  0.11578775832    
  0.11500632090    
  0.11739178596    
  0.11672684132    
  0.11624746114    
  0.11635658125    
  0.11586995926    
  0.11693632854    
  0.11643266647    
  0.11636300233    
  0.11584576232    
  0.11591754188    
  0.11543311582    
  0.11534175923    
  0.11490038896    
  0.11578193270    
  0.11531687346    
  0.11537820123    
  0.11491489416    
  0.11477562343    
  0.11432436424    
  0.11442425318    
  0.11391691929    
  0.11493749926    
  0.11448850558    
  0.11441377199    
  0.11410468481    
  0.11403974488    
  0.11360555405    
  0.11369421875    
  0.11325425423    
  0.11534128402    
  0.11437501451    
  0.11427215931    
  0.11326234080    
  0.11346184855    
  0.11305957587    
  0.11277569466    
  0.11258047321    
  0.11226309644    
  0.11235675358    
  0.11162367347    
  0.11328427637    
  0.11279796338    
  0.11284233941    
  0.11212084520    
  0.11213233627    
  0.11032191709    
  0.11184721139    
  0.11134945190    
  0.11099743724    
  0.11111552137    
  0.11076709700    
  0.11256081035    
  0.11228767864    
  0.11201114690    
  0.11181005018    
  0.11162739106    
  0.11155422459    
  0.11141535939    
  0.11100926401    
  0.11090700254    
  0.11107679758    
  0.11159624971    
  0.11098320009    
  0.11060587530    
  0.11102122865    
  0.11049107335    
  0.11141329082    
  0.11120042693    
  0.11122480300    
  0.11114697634    
  0.11077832994    
  0.11028752996    
  0.11044635790    
  0.10984107538    
  0.11088853496    
  0.10998125061    
  0.10973598499    
  0.10975349516    
  0.10964414001    
  0.10971626169    
  0.10930175088    
  0.11045317205    
  0.11045894846    
  0.11062424850    
  0.11183334426    
  0.11024195690    
  0.10976879216    
  0.10967180995    
  0.10898216717    
  0.10929837393    
  0.11504963612    
  0.11950756155    
  0.12184497480    
  0.11565176496    
  0.11847611419    
  0.11048912140    
  0.11240974708    
  0.12428433865    
  0.12538820324    
  0.12240232102    
  0.12291043391    
  0.12758592984    
  0.12934908354    
  0.12399091302    
  0.12755171585    
  0.11967950213    
  0.12181136113    
  0.12940017578    
  0.12800240988    
  0.12677339304    
  0.12580353857    
  0.12617671658    
  0.12594931910    
  0.12429556096    
  0.12431080620    
  0.12581580707    
  0.12541501815    
  0.11454027152    
  0.11786611221    
  0.13114248708    
  0.14122069255    
  0.12866463687    
  0.13313460603    
  0.15164940899    
  0.12024297751    
  0.13062940777    
  0.17052743462    
  0.19088960382    
  0.13988332306    
  0.14658867371    
  0.20459370138    
  0.20044324082    
  0.14442622537    
  0.14688999895    
  0.18406769874    
  0.16051852698    
  0.14716565419    
  0.13531144631    
  0.11469713692    
  0.12194625530    
  0.12297331490    
  0.11299152326    
  0.11711454795    
  0.12485187867    
  0.14269534081    
  0.12358548874    
  0.13257825139    
  0.15354978461    
  0.15626266372    
  0.16015048156    
  0.15198396118    
  0.15320915653    
  0.13986250108    
  0.14725862213    
  0.14970303047    
  0.14261001820    
  0.14666574624    
  0.15837346976    
  0.16124896897    
  0.15899063167    
  0.15771686890    
  0.15680698846    
  0.15652783336    
  0.15498047169    
  0.15721905618    
  0.15345872893    
  0.15569385824    
  0.15156132163    
  0.15368419551    
  0.14975073370    
  0.15194942340    
  0.14748715326    
  0.15071120506    
  9.80897493888E-02
  9.83892113158E-02
  0.10290116428    
  0.11719070727    
  0.11851247584    
  0.11790315751    
  0.12497951381    
  0.12028701305    
  0.11881077804    
  0.12096222871    
  0.11894966426    
  0.11858636800    
  0.11786454218    
  0.11965829664    
  0.11965730866    
  0.11787921287    
  0.12024401507    
  0.11937882305    
  0.12061239571    
  0.11910774109    
  0.11998774778    
  0.11898577869    
  0.11975465112    
  0.12011237403    
  0.11961673832    
  0.12013239933    
  0.11954720291    
  0.11881143173    
  0.11957909870    
  0.11949741086    
  0.11912884691    
  0.11941242295    
  0.11906228406    
  0.11998518276    
  0.12157806278    
  0.11997322304    
  0.12131637037    
  0.11891174417    
  0.12008112337    
  0.12250829879    
  0.12382107838    
  0.12307098039    
  0.12592557110    
  0.12362486663    
  0.12142667202    
  0.12783595966    
  0.12515077785    
  0.12277307024    
  0.12434626648    
  0.12256221487    
  0.12406121167    
  0.12618368255    
  0.12812111655    
  0.12579461302    
  0.12760759312    
  0.12211347427    
  0.12452676588    
  0.13019226602    
  0.13138131531    
  0.12934043068    
  0.12982101922    
  0.12835506776    
  0.12521459934    
  0.12759365346    
  0.12467202888    
  0.12575794802    
  0.12334440546    
  0.11849294420    
  0.11562453275    
  0.12047319391    
  0.11641864706    
  0.11323003260    
  0.11141744445    
  0.11357696202    
  0.11156476944    
  0.12226564596    
  0.11972704506    
  0.12173542432    
  0.11926986843    
  0.11744351133    
  0.11547893852    
  0.11696840897    
  0.11496370496    
  0.11885479335    
  0.11472267329    
  0.11390171158    
  0.11245082500    
  0.11325405182    
  0.11210655622    
  0.11158118212    
  0.11072062687    
  0.11131152535    
  0.11053605121    
  0.11214406216    
  0.11069276911    
  0.11026459912    
  0.10990530422    
  0.11054181355    
  0.11011111664    
  0.10983696072    
  0.11009384200    
  0.11011392175    
  0.11009702461    
  0.11042159733    
  0.11005278388    
  0.11014915451    
  0.11083509178    
  0.11055743560    
  0.10985592623    
  0.10963400700    
  0.11039153188    
  0.11044202363    
  0.10960508220    
  0.11017639303    
  0.10713591528    
  0.10756726586    
  0.11057095358    
  0.11034519768    
  0.11037751570    
  0.11057819314    
  0.11046700682    
  0.11054702485    
  0.11034498825    
  0.11038244877    
  0.10943619773    
  0.10962730605    
  0.11053020898    
  0.11105772360    
  0.11149889725    
  0.11096280917    
  0.11128874363    
  0.11056580035    
  0.11052756366    
  0.11044851710    
  0.11054106817    
  0.11074818363    
  0.11047267013    
  0.11062128668    
  0.11061717062    
  0.11157484496    
  0.11225549856    
  0.11124352918    
  0.11177235695    
  0.11302408677    
  0.11381880382    
  0.11234211664    
  0.11289928717    
  0.11072152433    
  0.11132889601    
  0.11032279054    
  0.10982872770    
  0.10927213571    
  0.10895418850    
  0.10912938291    
  0.11412530796    
  0.11419825916    
  0.11170587635    
  0.11176026861    
  0.11268469080    
  0.10856139631    
  0.10751274990    
  0.11421486847    
  0.11566219665    
  0.10825591864    
  0.10989318726    
  0.11754282557    
  0.12220031014    
  0.11243408848    
  0.11613756876    
  0.12944494679    
  0.13594211361    
  0.12696914518    
  0.13304546904    
  0.14484881902    
  0.14956745704    
  0.14037004562    
  0.14559601421    
  0.12223974025    
  0.13150596005    
  0.15411956421    
  0.16162033957    
  0.15031996161    
  0.15712420196    
  0.17068895046    
  0.17599913632    
  0.17553233161    
  0.17400418124    
  0.17520461089    
  0.16552714658    
  0.17317342892    
  0.14247834071    
  0.15980530470    
  0.17365046569    
  0.17120397596    
  0.17515885098    
  0.17415298738    
  0.16847863855    
  0.16556405372    
  0.17229291565    
  0.16936842317    
  0.17806422101    
  0.17703989499    
  0.16256402449    
  0.15955309855    
  0.16619294188    
  0.16284776965    
  0.15742714257    
  0.15458994693    
  0.16000803891    
  0.15683756851    
  0.16971313556    
  0.16123459535    
  0.18874295370    
  0.16690005406    
  0.15371477459    
  0.15392346912    
  0.15456837636    
  0.15453400013    
  0.15529080444    
  0.15655493831    
  0.15496479657    
  0.15776159338    
  0.15552109508    
  0.15564108097    
  0.15655227220    
  0.15549347268    
  0.15637739666    
  0.15306906157    
  0.15206421914    
  0.15461578719    
  0.15262402740    
  0.15470610932    
  0.15335833170    
  0.15369130404    
  0.15528268652    
  0.15456956616    
  0.15648766089    
  0.15669936079    
  0.15501627429    
  0.15426114124    
  0.15109746019    
  0.15287216132    
  0.15494833946    
  0.14966164867    
  0.15142622880    
  0.15498719147    
  0.15660773114    
  0.15735653069    
  0.15983882315    
  0.15884862234    
  0.16207312952    
  0.16219796365    
  0.16409739674    
  0.16607852650    
  0.16963769730    
  0.15512185321    
  0.14883366755    
  0.16461799523    
  0.16250797068    
  0.17130434800    
  0.16888001339    
  0.15785736463    
  0.16101268490    
  0.17136048346    
  0.15605614126    
  0.16271569419    
  0.17850397131    
  0.17518881364    
  0.17989631723    
  0.17587239425    
  0.16667585997    
  0.15855296846    
  0.16640916005    
  0.15800726477    
  0.16518958530    
  0.15560745655    
  0.14014543541    
  0.13358211962    
  0.14629839705    
  0.13759176649    
  0.12995915093    
  0.12850260077    
  0.13203615256    
  0.12872110365    
  0.15164249083    
  0.14546427932    
  0.15101214931    
  0.14521372371    
  0.14059412296    
  0.13648914666    
  0.13998865183    
  0.13598824019    
  0.14441272277    
  0.13544184267    
  0.13340436965    
  0.13086125708    
  0.13273591070    
  0.13008609032    
  0.12877748073    
  0.12691601348    
  0.12790529865    
  0.12582423965    
  0.12921870543    
  0.12496057297    
  0.12513252979    
  0.12222443983    
  0.12507641645    
  0.12282405926    
  0.12195024658    
  0.12278364154    
  0.12183459896    
  0.12152145670    
  0.12145688492    
  0.12171096856    
  0.12130706336    
  0.12138453236    
  0.12130112486    
  0.12120142167    
  0.12091560789    
  0.12062550685    
  0.12097090411    
  0.12085947406    
  0.12046296341    
  0.12018040029    
  0.12536994128    
  0.12362477632    
  0.12426908125    
  0.12280649097    
  0.12243327145    
  0.12145913771    
  0.12163657991    
  0.12065891517    
  0.12208576407    
  0.11988579174    
  0.11989168467    
  0.11880303706    
  0.11831072426    
  0.11614892376    
  0.12211961828    
  0.12267368065    
  0.12158668616    
  0.12188744957    
  0.12333575021    
  0.12415987477    
  0.12219518705    
  0.12231679941    
  0.12035373135    
  0.11999478786    
  0.12305537057    
  0.11990652891    
  0.11840210965    
  0.11582988859    
  0.11658550638    
  0.11166761844    
  0.11429849350    
  0.11229765642    
  0.10723307529    
  0.10763863492    
  0.11123374719    
  0.11093499135    
  0.11030294896    
  0.10928996533    
  0.10869039023    
  0.10759935601    
  0.10667938270    
  0.11035676961    
  0.11025485720    
  0.10960312851    
  0.10946838439    
  0.11021967546    
  0.11027561964    
  0.10937911161    
  0.10933239805    
  0.10824369759    
  0.10833586746    
  0.10824891297    
  0.10735026354    
  0.10708153000    
  0.11044558756    
  0.11041380523    
  0.10932683398    
  0.10914379961    
  0.10881943609    
  0.10811273168    
  0.10793056390    
  0.10693727273    
  0.10677931997    
  0.10702264310    
  0.10637167169    
  0.10553035902    
  0.10461729918    
  0.10344671762    
  0.10518190733    
  0.10502183582    
  0.10303869809    
  0.10345552587    
  0.10683000536    
  0.10516015554    
  0.10411195698    
  0.10313733201    
  0.10402290485    
  0.10463136157    
  0.10891195909    
  0.11148558173    
  0.11921297767    
  0.11810678086    
  0.10893085972    
  0.10944407685    
  0.12294170686    
  0.12599413584    
  0.13991810632    
  0.14545963515    
  0.13815712694    
  0.14174700288    
  0.13557139943    
  0.14406387415    
  0.14654020369    
  0.15174724252    
  0.15266633580    
  0.14840027469    
  0.14860090833    
  0.14831273784    
  0.15241447472    
  0.14200350658    
  0.14346919803    
  0.14703237116    
  0.14874697988    
  0.15028110173    
  0.15132497905    
  0.10010354600    
  9.95613098790E-02
  0.10051387574    
  0.11305915117    
  0.12231253577    
  0.11691809431    
  0.11030947724    
  0.11078699209    
  0.11760378385    
  0.11737154317    
  0.11186560999    
  0.11313069651    
  0.11903410468    
  0.11835233665    
  0.11441121199    
  0.11220055814    
  0.11307517076    
  0.11055517913    
  0.10905279921    
  0.10611331586    
  0.10439397818    
  0.10882897323    
  0.10348182948    
  0.10490720365    
  0.10762834048    
  0.10613968263    
  0.10502215478    
  0.10397555239    
  0.10378951264    
  0.10404528905    
  0.10619147225    
  0.10932725266    
  0.11792178965    
  0.13890765970    
  0.14306845945    
  0.14128503204    
  0.12859820796    
  0.12644617519    
  0.14247501473    
  0.13982311857    
  0.12201670030    
  0.11806355472    
  0.12970623079    
  0.12086781572    
  0.11615255695    
  0.11326475196    
  0.11712369053    
  0.11355875936    
  0.11098347032    
  0.10966047636    
  0.10761188629    
  0.10188950710    
  0.10340420931    
  0.10265952770    
  0.10209052873    
  0.10173400171    
  0.10154501872    
  0.10127899902    
  0.10030498319    
  0.10115412014    
  0.10237864615    
  0.10043558468    
  0.10257126117    
  0.10007170663    
  0.10499766155    
  0.10924909512    
  0.12366271453    
  0.13913150593    
  0.14810704912    
  0.15281400905    
  0.14596003743    
  0.14821605097    
  0.13767728263    
  0.14444906187    
  0.14736477637    
  0.14381342197    
  0.14734384875    
  0.15178730737    
  0.15041637402    
  0.14921465383    
  0.14842226357    
  0.14848916424    
  0.14873865826    
  0.14912836534    
  0.14957593078    
  9.78914812555E-02
  9.73746181751E-02
  9.51289170901E-02
  9.80688556924E-02
  0.10073707313    
  0.10482948434    
  0.10868913096    
  0.10316611976    
  0.10199392108    
  0.10202249036    
  0.10061269360    
  0.10026791440    
  0.10108699511    
  0.10320155830    
  0.10574414944    
  0.10903667992    
  0.11095089450    
  0.10463597960    
  0.10438807299    
  0.10394111160    
  0.10309316934    
  0.10164470745    
  0.10003939646    
  0.10030076337    
  0.10024774997    
  0.10006403816    
  9.99657290053E-02
  0.10020186911    
  9.99533973227E-02
  0.10053921037    
  0.10100632614    
  0.10379045328    
  0.10663922899    
  0.12187296060    
  0.13725668941    
  0.14362586350    
  0.14753109872    
  0.14346915105    
  0.14723923004    
  0.13904894071    
  0.14386099353    
  0.14677589332    
  0.14412033520    
  0.14638067663    
  0.14990067294    
  0.15011976260    
  0.14996923246    
  0.14944853587    
  0.14871742160    
  0.14811422280    
  0.14810205729    
  0.14682817518    
  9.52356845560E-02
  9.36867280566E-02
  8.73574796733E-02
  8.98842319662E-02
  9.37865154510E-02
  9.73877329786E-02
  9.99789821768E-02
  9.99284199250E-02
  0.10067202887    
  0.10041251554    
  0.10025491395    
  0.10019187429    
  0.10007274898    
  9.99241354263E-02
  0.10101679693    
  0.10040269524    
  0.10206190205    
  0.10009491511    
  0.10016660806    
  0.10083034764    
  0.10033423333    
  0.10012753912    
  0.10007331546    
  9.99705673141E-02
  9.99836415471E-02
  9.99670224158E-02
  0.10004086613    
  9.99849220244E-02
  9.99238899240E-02
  0.10007478184    
  0.10130248465    
  0.10446529635    
  0.11067848132    
  0.12897909004    
  0.14461628239    
  0.14528054360    
  0.14641919844    
  0.14654103461    
  0.14615250985    
  0.14666116951    
  0.14779534042    
  0.14671658688    
  0.14688251874    
  0.14729112867    
  0.14614584957    
  0.15616511092    
  0.15001260433    
  0.14771722284    
  0.14622252794    
  0.14781970910    
  0.14607385009    
  0.15008421346    
  0.14746184186    
  0.14560975628    
  0.14660255183    
  0.14556194385    
  0.14647866741    
  9.34117584256E-02
  8.99835844967E-02
  7.93406262648E-02
  8.34160025047E-02
  8.95086393470E-02
  9.44258062112E-02
  9.75058837267E-02
  9.93781934164E-02
  9.99258969455E-02
  0.10014547964    
  0.10018744182    
  0.10015240055    
  9.99797483798E-02
  9.98852940337E-02
  9.97555854133E-02
  9.98346720067E-02
  9.92484420222E-02
  9.97487179043E-02
  9.97381200630E-02
  9.97711518196E-02
  9.99440884006E-02
  9.99522461260E-02
  0.10001621637    
  0.10000588750    
  0.10000543694    
  9.99621300846E-02
  9.99135678752E-02
  9.98827850299E-02
  9.98567239373E-02
  9.99742941511E-02
  0.10113279922    
  0.10423504813    
  0.11513845235    
  0.12732215663    
  0.13709724783    
  0.12459987479    
  0.13150064249    
  0.14502833967    
  0.14738260806    
  0.14603749243    
  0.14450061610    
  0.14452377391    
  0.14321342992    
  0.14453323716    
  0.14109557273    
  0.13663317427    
  0.13926795362    
  0.13496345901    
  0.13595434936    
  0.14030729928    
  0.13998330897    
  0.13848843612    
  0.13830230836    
  0.13946575090    
  0.13794479287    
  0.13687906174    
  0.13701013032    
  0.13635543974    
  0.13636235327    
  9.29141087185E-02
  9.15011438404E-02
  8.75741578787E-02
  8.53446263480E-02
  8.71589647850E-02
  9.57841793753E-02
  9.77816990724E-02
  9.93018369034E-02
  9.98464975589E-02
  0.10004592673    
  0.10005190833    
  9.99165086488E-02
  9.98040297377E-02
  9.99059695066E-02
  9.99854820028E-02
  9.99817860772E-02
  9.98641915290E-02
  0.10002044678    
  9.99153951216E-02
  9.99300220874E-02
  0.10000208860    
  0.10005642313    
  0.10001334317    
  0.10003585108    
  0.10002712825    
  9.99870000726E-02
  9.99084835909E-02
  9.98065787911E-02
  9.97283399512E-02
  9.99138388664E-02
  0.10091010532    
  0.10363748211    
  0.11629863735    
  0.12311604670    
  0.12580082235    
  0.12195742950    
  0.12267544631    
  0.13054060934    
  0.13211668159    
  0.13066509120    
  0.13210562956    
  0.13379197149    
  0.13299990456    
  0.13401120862    
  0.13303318541    
  0.13268420796    
  0.12831881437    
  0.13149998945    
  0.13171531508    
  0.13088648661    
  0.13104829959    
  0.12748289493    
  0.13039111421    
  0.13049642270    
  0.12954333282    
  0.13208735522    
  9.28389846468E-02
  9.27224017846E-02
  9.26883510405E-02
  9.27397598751E-02
  9.54966158336E-02
  9.68398006007E-02
  9.83983973910E-02
  9.95633532503E-02
  9.98512723107E-02
  0.10008433497    
  9.98952385382E-02
  9.96536450140E-02
  9.94951735925E-02
  9.95388668033E-02
  0.10027821218    
  0.10110143753    
  0.10126440602    
  0.10159823427    
  0.10203574614    
  0.10085409318    
  0.10049075119    
  0.10007779001    
  0.10012048226    
  0.10010490241    
  0.10007210070    
  0.10001939376    
  9.99265461211E-02
  9.98133352174E-02
  9.97185983991E-02
  0.10054980078    
  0.10250638134    
  0.10632706731    
  0.11484770066    
  0.11936173295    
  0.12189762233    
  0.12492484616    
  0.12358069735    
  0.12413650154    
  0.11968926830    
  0.12229276021    
  0.12335810337    
  0.12500001059    
  0.12331421612    
  0.12503409245    
  0.12096321549    
  0.12261120577    
  0.12351048544    
  0.12224703947    
  0.12286472087    
  0.12659197127    
  0.12820517357    
  0.12608753007    
  0.12742687267    
  0.12861188566    
  0.12757740379    
  0.12625116933    
  0.12654749387    
  0.12568865197    
  0.12657723474    
  0.12583312705    
  0.12576304249    
  9.31563157881E-02
  9.38679733139E-02
  9.46661214498E-02
  9.60494178833E-02
  9.73989867057E-02
  9.80772479967E-02
  9.87857757756E-02
  9.94433618456E-02
  9.97565211730E-02
  9.97588883493E-02
  9.94384079920E-02
  9.87741674005E-02
  9.80373254671E-02
  9.84325790812E-02
  0.10059774904    
  0.10405053171    
  0.10643396274    
  0.10837380907    
  0.10828441618    
  0.10339420041    
  0.10106668332    
  0.10047122334    
  0.10035289531    
  0.10022906282    
  0.10012874571    
  0.10007308440    
  9.99794772969E-02
  9.99265954404E-02
  9.98459079227E-02
  0.10105525587    
  0.10284537010    
  0.10652021002    
  0.11382038452    
  0.11626246198    
  0.12022018060    
  0.11842629487    
  0.11684082068    
  0.12110820577    
  0.11696094926    
  0.11759913615    
  0.12101815658    
  0.12063383957    
  0.12210262741    
  0.12144671803    
  0.12041616673    
  0.12022492451    
  0.12194891730    
  0.12263622169    
  0.12327292698    
  0.12249993318    
  0.11879397881    
  0.11753236234    
  0.11782889221    
  0.11761526819    
  0.11790257907    
  0.11762899370    
  0.11771652916    
  0.11799632240    
  0.11783934165    
  0.11811130756    
  0.12327144073    
  0.11818269904    
  9.48197694046E-02
  9.54326839654E-02
  9.66394518188E-02
  9.74967370649E-02
  9.83108789117E-02
  9.89515906469E-02
  9.93109679493E-02
  9.97669354688E-02
  9.98189394189E-02
  9.95921593609E-02
  9.89914167083E-02
  9.74254562050E-02
  9.52312919655E-02
  9.67162259500E-02
  0.10254423336    
  0.10828256191    
  0.11840327223    
  0.12764750043    
  0.12207023816    
  0.11227313128    
  0.10389364399    
  0.10162243769    
  0.10050110365    
  0.10039037625    
  0.10024192638    
  0.10022852522    
  0.10034541097    
  0.10037876273    
  0.10011364843    
  0.10036838610    
  0.10345135439    
  0.10803655489    
  0.11528700500    
  0.11806825312    
  0.11807190947    
  0.11776786405    
  0.11801761508    
  0.11624276396    
  0.11650870350    
  0.11823284394    
  0.11846262268    
  0.11637986478    
  0.11623915040    
  0.11721665647    
  0.11671735009    
  0.11622788619    
  0.11658159065    
  0.11645675388    
  0.11782420839    
  0.11794252436    
  0.11788888130    
  0.11811332420    
  0.11798749009    
  0.11816394619    
  0.11810139519    
  0.11831331620    
  0.11835611415    
  0.11972061638    
  0.11629968859    
  0.11633755084    
  9.48674510424E-02
  9.53471566552E-02
  9.77396386674E-02
  9.87751491457E-02
  9.89443187822E-02
  9.91962869584E-02
  9.97053468495E-02
  0.10009181636    
  0.10000905189    
  9.97227769803E-02
  9.89401523291E-02
  9.73676815606E-02
  9.59059275781E-02
  9.91029821372E-02
  0.10687830506    
  0.12086505340    
  0.16310391287    
  0.17108947294    
  0.15610732151    
  0.12355949874    
  0.10553337472    
  0.10231985912    
  0.10062537307    
  0.10045694707    
  0.10035151054    
  0.10047013337    
  0.10100117649    
  0.10116231129    
  0.10075375220    
  0.10116253311    
  0.10380577755    
  0.10934009806    
  0.11519420029    
  0.10802840971    
  0.11308727084    
  0.11941570353    
  0.11957468728    
  0.12180420243    
  0.12044207292    
  0.11850614749    
  0.11773052364    
  0.11876871337    
  0.11805537450    
  0.11690745485    
  0.11710151216    
  0.11890248388    
  0.11812205899    
  0.11798265664    
  0.11787990177    
  0.11814579579    
  0.11798671949    
  0.11463669695    
  0.11573593102    
  0.11546673586    
  0.11420013609    
  0.11427153136    
  0.11721673987    
  0.11632208762    
  0.11513183107    
  9.56134631580E-02
  9.58026190352E-02
  9.72517946466E-02
  9.83546583536E-02
  9.85379522062E-02
  9.90503187993E-02
  9.98403990386E-02
  0.10047917460    
  0.10012066556    
  9.98791481548E-02
  9.91982745659E-02
  9.82199972086E-02
  9.87112886757E-02
  9.94579394604E-02
  0.10914848461    
  0.12983378943    
  0.18535210885    
  0.19357397247    
  0.15888642239    
  0.13098103082    
  0.11022551091    
  0.10323162025    
  0.10109829074    
  0.10057184059    
  0.10050947577    
  0.10099502770    
  0.10178574827    
  0.10189400611    
  0.10091491179    
  0.10023507480    
  0.10014995878    
  0.10494467244    
  0.10878143869    
  0.10213467003    
  0.10464511537    
  0.10580171006    
  0.10318492965    
  0.10415827474    
  0.11177932727    
  0.11301244932    
  0.11299056723    
  0.11178164438    
  0.10977106879    
  0.11069113273    
  0.10972651472    
  0.10680156882    
  0.10708851729    
  0.10605950007    
  0.10652770077    
  0.10731601592    
  0.10529176242    
  0.10575213978    
  0.10453470765    
  0.10503136955    
  9.60459705070E-02
  9.62208040577E-02
  9.71415456003E-02
  9.77378728039E-02
  9.79668305989E-02
  9.84243656413E-02
  9.92132590278E-02
  9.98007326474E-02
  9.99553966809E-02
  9.99003472608E-02
  9.96826540869E-02
  9.97636561472E-02
  0.10026102128    
  0.10320435217    
  0.11187014511    
  0.13281966043    
  0.18306294699    
  0.18485400764    
  0.14753415805    
  0.13115083576    
  0.11334405068    
  0.10429540711    
  0.10050272699    
  0.10036801926    
  0.10060449650    
  0.10129116301    
  0.10254000017    
  0.10248122468    
  0.10051945269    
  9.83114788507E-02
  9.73690883843E-02
  0.10006449056    
  0.10206146915    
  0.10288448419    
  0.10103419487    
  0.10186988079    
  0.10228456470    
  0.10136493253    
  0.10174650230    
  9.82140771933E-02
  9.94165340057E-02
  0.10085624254    
  0.10110569264    
  0.10015220051    
  0.10059048733    
  9.90475315194E-02
  9.97233676105E-02
  0.10008354870    
  9.87721617763E-02
  9.91193449419E-02
  0.10384897922    
  0.10321699417    
  0.10262303420    
  0.10205417141    
  9.60869812529E-02
  9.63412952382E-02
  9.73233695163E-02
  9.79662964371E-02
  9.76110629460E-02
  9.70774874334E-02
  9.85472404359E-02
  9.94117340296E-02
  9.97917153104E-02
  9.99466818537E-02
  0.10003915974    
  0.10025162347    
  0.10096884389    
  0.10268295338    
  0.10955152614    
  0.12023621434    
  0.13323725648    
  0.13513492316    
  0.12743588981    
  0.11948968850    
  0.11050399866    
  0.10352037394    
  0.10078539823    
  0.10050864904    
  0.10060199658    
  0.10113629696    
  0.10219173588    
  0.10294010452    
  9.92575923012E-02
  9.59414697035E-02
  9.45969866571E-02
  9.53688918252E-02
  9.34759097249E-02
  9.36643734804E-02
  9.64704386307E-02
  9.75933994435E-02
  9.82739450160E-02
  9.85926351934E-02
  9.78156349783E-02
  9.81020643277E-02
  9.69716073213E-02
  9.73974500334E-02
  9.69510082356E-02
  9.49978430509E-02
  9.55203663115E-02
  9.38042618132E-02
  9.42241763860E-02
  9.56415363544E-02
  9.59856766548E-02
  9.56984925594E-02
  9.53840725340E-02
  9.57147708032E-02
  9.44691211456E-02
  9.48087578797E-02
  9.54075821614E-02
  9.56773585628E-02
  9.59538346243E-02
  9.62699573926E-02
  9.73364013085E-02
  9.79792243841E-02
  9.77763247381E-02
  9.74331231168E-02
  9.87237214373E-02
  9.93805840951E-02
  9.97020482202E-02
  9.99663195031E-02
  0.10013287893    
  0.10034300657    
  0.10089479048    
  0.10215748299    
  0.10546618071    
  0.10958379305    
  0.11150354781    
  0.11274550158    
  0.11240587483    
  0.10984871625    
  0.10487955119    
  0.10215629463    
  0.10061438332    
  0.10021797738    
  0.10035546949    
  0.10067592814    
  0.10107422820    
  0.10052584889    
  9.81980339538E-02
  9.48882357899E-02
  9.27205949807E-02
  9.20915898470E-02
  9.20281367505E-02
  9.01148031108E-02
  9.27942525487E-02
  9.32662622851E-02
  9.16442649806E-02
  9.22865962528E-02
  9.40231548957E-02
  9.43921006694E-02
  9.35654442041E-02
  9.39715165431E-02
  9.30869573409E-02
  9.35534832571E-02
  9.26312414039E-02
  9.15799332866E-02
  9.03245581167E-02
  9.12314698606E-02
  8.90765862423E-02
  9.04701958494E-02
  9.22012159694E-02
  9.13007356704E-02
  9.06658361976E-02
  9.10621737180E-02
  9.04512524791E-02
  9.06727618332E-02
  9.04254853623E-02
  9.05694772526E-02
  9.62417542263E-02
  9.68801032954E-02
  9.77957940699E-02
  9.82628151848E-02
  9.84184778413E-02
  9.85880266126E-02
  9.91024760420E-02
  9.95055204278E-02
  9.98115118629E-02
  9.99925020798E-02
  0.10012310283    
  0.10027302358    
  0.10062349857    
  0.10106882222    
  0.10156023371    
  0.10225626481    
  0.10651904735    
  0.10607581775    
  0.10427367527    
  0.10295341389    
  0.10152063205    
  0.10055520149    
  0.10028297325    
  0.10017934872    
  0.10016170620    
  0.10031524453    
  0.10065290563    
  9.98637846925E-02
  9.80486829329E-02
  9.46569820203E-02
  9.20019494807E-02
  9.00968426076E-02
  9.25151329009E-02
  9.12270867495E-02
  8.93677873123E-02
  8.98688378210E-02
  8.99852359977E-02
  9.02908710902E-02
  9.04142110669E-02
  9.05438493633E-02
  9.03461719359E-02
  9.04997304682E-02
  9.06970769977E-02
  9.05753973714E-02
  9.07385298101E-02
  9.09660642755E-02
  9.09929337820E-02
  9.09127906931E-02
  9.09825424072E-02
  9.08403293253E-02
  9.10049516436E-02
  9.66754906403E-02
  9.72247952443E-02
  9.83054794227E-02
  9.87396026325E-02
  9.88305711954E-02
  9.90934589327E-02
  9.94195944734E-02
  9.97145321340E-02
  9.99692113530E-02
  0.10004062258    
  0.10012162388    
  0.10017767174    
  0.10033540105    
  0.10053659136    
  0.10056782165    
  0.10112590285    
  0.10222281897    
  0.10227234260    
  0.10157034483    
  0.10123878027    
  0.10061278751    
  0.10020309060    
  0.10010414616    
  0.10007329851    
  0.10005849668    
  0.10011477139    
  0.10015361791    
  9.95888033202E-02
  9.74971715847E-02
  9.45878030184E-02
  9.27559769929E-02
  9.17824578205E-02
  9.29055611220E-02
  9.19920188868E-02
  9.13402985826E-02
  9.12459832562E-02
  9.12870360444E-02
  9.13857899685E-02
  9.14179021777E-02
  9.15055379107E-02
  9.13667228245E-02
  9.13272539057E-02
  9.15485627723E-02
  9.15054206189E-02
  9.11458945108E-02
  9.14164110337E-02
  9.16184280480E-02
  9.15886571595E-02
  9.16138660319E-02
  9.15863688200E-02
  9.16154698175E-02
  9.15341192084E-02
  9.15504473030E-02
  9.15870937298E-02
  9.14821315903E-02
  9.15307903926E-02
  9.68667276600E-02
  9.68857664632E-02
  9.81544349034E-02
  9.88157098531E-02
  9.91642798579E-02
  9.94075851630E-02
  9.95481815691E-02
  9.97416806865E-02
  9.99938102642E-02
  0.10009854924    
  0.10011671920    
  0.10016100513    
  0.10021497114    
  0.10025436555    
  0.10039066530    
  0.10052842588    
  0.10063918577    
  0.10073345605    
  0.10062922227    
  0.10027560533    
  0.10015667967    
  0.10011185504    
  0.10002561628    
  0.10001118242    
  0.10000476630    
  9.98813682764E-02
  9.98421614463E-02
  9.93522302025E-02
  9.72512976105E-02
  9.49485158299E-02
  9.28674020299E-02
  9.16110357218E-02
  9.28968346003E-02
  9.12580421446E-02
  9.13862877721E-02
  9.13838716263E-02
  9.14502213160E-02
  9.12602102865E-02
  9.12949684588E-02
  9.10003771252E-02
  9.11196635306E-02
  9.11923551193E-02
  9.10620523226E-02
  9.10689765739E-02
  9.05574403846E-02
  9.09138252535E-02
  9.10040349213E-02
  9.08654630588E-02
  9.09952505499E-02
  9.07482991572E-02
  9.09506148368E-02
  9.10617513605E-02
  9.11513339841E-02
  9.12001808580E-02
  9.72814342714E-02
  9.75764959069E-02
  9.84511722239E-02
  9.89456176808E-02
  9.91691730902E-02
  9.93971300526E-02
  9.95361216090E-02
  9.97323858899E-02
  9.99589926438E-02
  0.10008544448    
  0.10011450311    
  0.10016317729    
  0.10015651700    
  0.10019809153    
  0.10026956891    
  0.10034568904    
  0.10036073937    
  0.10029820331    
  0.10049771593    
  0.10034164219    
  0.10015576170    
  0.10005007962    
  0.10001584974    
  0.10000124013    
  0.10000432728    
  9.99232342531E-02
  9.94691497948E-02
  9.87495972833E-02
  9.71885843595E-02
  9.48865813322E-02
  9.32310991364E-02
  9.21475729098E-02
  9.34639253291E-02
  9.28225370552E-02
  9.14518008356E-02
  9.14153304396E-02
  9.11781693627E-02
  9.12929870583E-02
  9.13601179862E-02
  9.18996452493E-02
  9.15045938209E-02
  9.15465042556E-02
  9.17037679763E-02
  9.20137445921E-02
  9.11660789281E-02
  9.12561519486E-02
  9.22270356728E-02
  9.13333162538E-02
  9.22505506980E-02
