   4.8847467224    
   4.8918001957    
   4.9040019610    
   4.9108888690    
   4.9236302279    
   4.9417864669    
   5.0018487243    
   5.0518288120    
   5.1003331437    
   5.1756265842    
   5.2371386722    
   5.2248259961    
   5.1671154360    
   5.1413681188    
   5.1109516088    
   5.0177020884    
   4.9579559596    
   4.8648431834    
   4.7412526100    
   4.5716749039    
   4.4842646240    
   4.3972396859    
   4.3943336501    
   4.4822584384    
   4.5917591188    
   4.7529263713    
   4.8914819764    
   5.0353684879    
   5.0552891102    
   5.0802401776    
   5.0336104628    
   5.0727084423    
   5.0477957805    
   4.9200674810    
   5.2982980670    
   5.6460240849    
   8.1957620761    
   9.3086863653    
   9.8701475937    
   10.410025483    
   10.601496590    
   10.193161146    
   10.110284673    
   10.137360171    
   10.191995073    
   10.228011143    
   10.252517539    
   10.455785101    
   10.291796919    
   10.340556296    
   10.471243088    
   10.400545860    
   10.408976762    
   10.605010336    
   10.868293899    
   10.686986446    
   10.639248792    
   10.685966887    
   10.712207099    
   10.755258894    
   10.729408668    
   10.795416194    
   10.784599036    
   10.818001888    
   10.868478361    
   10.885522841    
   10.022010062    
   10.082957404    
   4.8808415181    
   4.8853067919    
   4.8947330901    
   4.9042126326    
   4.9157134966    
   4.9397571609    
   4.9703571274    
   5.0326843035    
   5.0999315305    
   5.1967485583    
   5.2983458456    
   5.2317331676    
   5.1751800926    
   5.1380409722    
   5.0846414411    
   5.0064063231    
   4.9761211457    
   4.9233261676    
   4.7380104634    
   4.5750995319    
   4.4154899184    
   4.3302907642    
   4.3282368573    
   4.4255209297    
   4.5557332547    
   4.7406618142    
   4.9277198148    
   5.0191597435    
   5.0895565227    
   5.1100898701    
   5.0847226462    
   5.0607401042    
   4.8318323652    
   4.4109637747    
   5.1066196357    
   6.5914053426    
   11.586988672    
   12.898350903    
   12.283038239    
   17.572879435    
   14.906494783    
   12.072562689    
   12.010538292    
   12.800148712    
   12.170117081    
   12.155849335    
   12.414581733    
   12.241392944    
   10.944629735    
   10.899426994    
   11.656307462    
   13.037552126    
   12.677337801    
   12.315933997    
   12.912705360    
   12.475366772    
   13.053288730    
   13.108405604    
   12.767083175    
   4.8609817705    
   4.8661127678    
   4.8756039167    
   4.8896467188    
   4.9070640940    
   4.9278495708    
   4.9583848061    
   5.0112609955    
   5.0857114645    
   5.1875802794    
   5.2192033559    
   5.1962206120    
   5.1731580743    
   5.1393950431    
   5.0873155284    
   5.0226050078    
   4.9440448111    
   4.8693832292    
   4.7622420635    
   4.6664955568    
   4.4073984048    
   4.2538533402    
   4.2158812605    
   4.3648078138    
   4.5337477855    
   4.7366974234    
   4.9119133830    
   5.0447935521    
   5.1444587955    
   5.1518104236    
   5.0889980817    
   5.0155957385    
   4.7324562202    
   4.2477232410    
   4.8899987357    
   6.6742389156    
   13.222768932    
   20.586713765    
   17.110142793    
   15.003101380    
   16.547149347    
   14.775025296    
   15.654813524    
   15.286531790    
   14.032131305    
   13.982186657    
   13.073893516    
   13.663700923    
   13.504020176    
   13.702661011    
   13.531271178    
   12.890434851    
   13.631170133    
   13.473861289    
   13.459067062    
   13.338311861    
   13.204944140    
   13.405903423    
   13.054805631    
   12.689003378    
   4.8433678936    
   4.8435044599    
   4.8535961047    
   4.8706150889    
   4.8974775585    
   4.9081915174    
   4.9257534649    
   4.9718620632    
   5.0426687775    
   5.1269585118    
   5.1629233994    
   5.1614602960    
   5.1710839831    
   5.1500840831    
   5.0738096936    
   5.0134178181    
   4.9119332521    
   4.8094510356    
   4.7314835102    
   4.4909956282    
   4.2558211391    
   4.1652508085    
   4.1782463500    
   4.3175096013    
   4.5139357917    
   4.7381698592    
   4.9610562415    
   5.1010002339    
   5.2308903435    
   5.1662322224    
   5.0760847164    
   4.9927825142    
   4.8479193172    
   4.8588691892    
   5.0312354966    
   6.2476151236    
   9.7167247789    
   12.269933010    
   12.706160559    
   12.535499326    
   12.651548642    
   12.063716999    
   12.242084466    
   11.566637362    
   12.062221089    
   11.863195140    
   11.750971877    
   11.207311942    
   10.539072785    
   11.114009176    
   11.039653829    
   11.048176239    
   10.843075287    
   10.695074646    
   10.402322854    
   10.605105086    
   10.566588482    
   10.331880580    
   10.219913331    
   12.324638094    
   4.8230284366    
   4.8204335423    
   4.8269318458    
   4.8384989664    
   4.8589123288    
   4.8747366700    
   4.8948269274    
   4.9235366772    
   4.9747356778    
   5.0698845820    
   5.1300259434    
   5.1038078028    
   5.1160898769    
   5.0960027195    
   5.0200112554    
   4.9798127555    
   4.8662296472    
   4.6788234982    
   4.5121314778    
   4.2748295921    
   4.0105971163    
   3.9640016200    
   4.1125554651    
   4.2739171942    
   4.4863170790    
   4.7696797652    
   4.9933033150    
   5.1180120847    
   5.2401768746    
   5.1682944303    
   5.0511004037    
   4.9583967671    
   4.8862037194    
   5.0259440794    
   5.3396683130    
   6.5913670784    
   9.2661256547    
   9.7872946623    
   9.9975614482    
   9.9604717733    
   9.9210743664    
   9.7870688165    
   9.8314305552    
   9.6163550262    
   9.6318187462    
   9.9014036075    
   9.7170467547    
   9.7585730624    
   9.4026199349    
   9.6092774993    
   9.5843625000    
   9.6271768135    
   9.4607618059    
   9.3965491608    
   9.3111496675    
   9.3450170521    
   9.2858391227    
   9.1765419457    
   9.1828754193    
   4.8100157269    
   4.8013305128    
   4.8010034086    
   4.8019366283    
   4.8171761109    
   4.8358793837    
   4.8598595072    
   4.8759645311    
   4.9093780639    
   4.9745702120    
   5.0020841489    
   5.0030264536    
   5.0304677151    
   4.9748971834    
   4.9222851309    
   4.8938727269    
   4.7713343102    
   4.5288134772    
   4.2691340600    
   4.0512524657    
   3.8228704788    
   3.8396798706    
   4.1012791679    
   4.2892158714    
   4.5050240743    
   4.8118899389    
   4.9808937978    
   5.1329122386    
   5.2167625334    
   5.1545441494    
   5.0722308868    
   5.0174746325    
   5.0276245791    
   5.1778520901    
   5.4869228972    
   6.5512117624    
   8.1288859197    
   8.9695789247    
   9.0937794323    
   9.0772401591    
   9.0253386961    
   8.9860323675    
   8.9936538014    
   8.9152292411    
   8.8442423699    
   8.6567376616    
   8.7798886298    
   8.7150095106    
   8.6823869531    
   8.6054239989    
   9.1458030196    
   9.0552513422    
   8.8470763952    
   8.7366846354    
   8.6734560286    
   8.6139095195    
   8.5607633167    
   8.5568906154    
   8.5032893292    
   8.5001979818    
   8.4459594338    
   4.7972586448    
   4.7833950322    
   4.7764185151    
   4.7748798720    
   4.7812796179    
   4.7922028426    
   4.8132941231    
   4.8407615677    
   4.8675222297    
   4.8817496325    
   4.8592321000    
   4.8654471465    
   4.8663727920    
   4.8416613278    
   4.7995264211    
   4.7513419490    
   4.6719962176    
   4.4485040209    
   4.0699232693    
   3.9446902116    
   3.9839869112    
   4.0164109362    
   4.2013746366    
   4.3994645096    
   4.6083348189    
   4.8726372309    
   5.0031112119    
   5.1448976175    
   5.2247421168    
   5.1499888139    
   5.1071334079    
   5.0953028077    
   5.1086441272    
   5.2063872474    
   5.4664084492    
   6.1814392720    
   7.3604462318    
   8.5277143978    
   8.5067138761    
   8.4310428825    
   8.3759647579    
   8.2892783822    
   7.9641277830    
   7.6174967964    
   8.4413140704    
   8.6463977398    
   8.3777304873    
   7.5915778517    
   7.6660285795    
   7.5557343321    
   7.5597062133    
   7.5094198013    
   7.5386317689    
   7.4964408949    
   7.4091121956    
   7.4467795356    
   7.3905687412    
   7.3165260167    
   7.4407751888    
   7.3775973212    
   7.3745747857    
   4.7937318632    
   4.7858113821    
   4.7581624987    
   4.7402827127    
   4.7358791537    
   4.7429552842    
   4.7712259850    
   4.8031393658    
   4.8352374574    
   4.8092848878    
   4.7800409200    
   4.7441829739    
   4.7160473778    
   4.7097279317    
   4.6964254994    
   4.6481015655    
   4.6041253830    
   4.4910341519    
   4.2164376804    
   4.1070839703    
   4.0922267194    
   4.1281186177    
   4.2425797851    
   4.4060875281    
   4.6327076706    
   4.8313192792    
   4.9961394288    
   5.1262616316    
   5.1599833426    
   5.1494546781    
   5.1582516543    
   5.1411688203    
   5.1242166164    
   5.1560796298    
   5.3957121510    
   5.6971424848    
   6.2929270414    
   7.0721120808    
   7.0934617498    
   6.6925477925    
   6.9049383455    
   7.3221931549    
   7.3255694378    
   7.1473810741    
   7.2912792978    
   7.0547026186    
   7.2035409228    
   7.0132961030    
   7.0312312521    
   6.9884243333    
   7.1499007560    
   7.1041481207    
   6.9701619598    
   6.9595668352    
   6.8973831068    
   6.8741354376    
   7.0130323897    
   7.0054539796    
   6.9788847763    
   6.9300219210    
   4.7959305060    
   4.7782675841    
   4.7304700803    
   4.7021546921    
   4.7001822921    
   4.7021637715    
   4.7172480505    
   4.7364885310    
   4.7603341213    
   4.7509533341    
   4.7184255607    
   4.6717706102    
   4.6257998679    
   4.5997868006    
   4.5979500867    
   4.5709470923    
   4.5253090993    
   4.4622404793    
   4.3627876319    
   4.2411713371    
   4.2072146705    
   4.2341433103    
   4.3429884857    
   4.5229033062    
   4.6716283943    
   4.8379223570    
   5.0110816148    
   5.0932984805    
   5.1050549768    
   5.1010805520    
   5.1646744076    
   5.2042749749    
   5.1320583340    
   5.1329128209    
   5.2545060485    
   5.1814227170    
   5.6662259907    
   6.2796090664    
   6.4711768529    
   6.2475917749    
   6.4161246664    
   6.9164453375    
   6.8132905081    
   6.8360489606    
   6.7611097676    
   6.8889872883    
   6.9416027182    
   6.8557615971    
   6.9093963685    
   6.8301436566    
   6.8756732964    
   6.7776163778    
   6.8211650388    
   6.6047370184    
   6.8825147767    
   6.6647495907    
   6.6281046445    
   6.8168854140    
   6.7723103211    
   6.8791178365    
   6.8234509284    
   6.8478174460    
   6.8974394065    
   6.6840112395    
   6.8716275954    
   4.7913902131    
   4.7624283011    
   4.7116793149    
   4.6842496422    
   4.6750038988    
   4.6614515959    
   4.6549561066    
   4.6553391195    
   4.6725932711    
   4.6753938881    
   4.6535053031    
   4.6192961696    
   4.5699910769    
   4.5310780863    
   4.5279363178    
   4.4899584126    
   4.4282123626    
   4.4349369033    
   4.4206452099    
   4.4023448918    
   4.4176932172    
   4.3995807176    
   4.4886004234    
   4.5915920090    
   4.7282617356    
   4.8865394210    
   4.9871973712    
   5.1348341362    
   5.2266691264    
   5.1376556241    
   5.1112041856    
   5.1163074083    
   5.1050762435    
   5.1067564626    
   5.1803340580    
   5.3358710516    
   5.7815085268    
   6.4272837567    
   6.5872938237    
   6.4615017198    
   6.3355876840    
   6.6317380084    
   6.6078728168    
   6.6342755783    
   6.5826001611    
   6.6609251698    
   6.7070490213    
   6.6426949345    
   6.6892918762    
   6.8999761947    
   6.8835738077    
   6.6478583013    
   6.6590862960    
   6.6497892304    
   6.2465898498    
   6.6396680977    
   6.6452072447    
   6.6453189934    
   6.6498433662    
   6.8882440953    
   6.8989601982    
   4.7696099302    
   4.7432174412    
   4.6876698122    
   4.6656131736    
   4.6568867847    
   4.6266458376    
   4.5950276116    
   4.5603575814    
   4.5988086201    
   4.5895756904    
   4.5665649719    
   4.5363614217    
   4.5178861847    
   4.4912335234    
   4.4979132154    
   4.4697727702    
   4.4802758519    
   4.5118477561    
   4.4842476180    
   4.5152889215    
   4.5825179382    
   4.6030577729    
   4.5608174049    
   4.6352016986    
   4.7709042672    
   4.8819867010    
   4.9390320806    
   5.1829663067    
   5.8591503687    
   5.3910503482    
   5.0527663090    
   5.0379975121    
   5.0461614541    
   5.0872357137    
   5.1815368963    
   5.3799579767    
   5.6355365709    
   6.1433546845    
   6.2617850675    
   6.2114256918    
   6.3314369252    
   6.2685533342    
   6.5880850851    
   6.3115930485    
   6.8586783609    
   6.9136541071    
   6.9143702206    
   6.8424516543    
   6.8554735701    
   6.8197717016    
   6.8044525178    
   6.8183934593    
   6.8339313694    
   6.6553650782    
   6.7980210201    
   6.7762500593    
   6.8812490181    
   6.8114357218    
   6.8583437296    
   6.8592860711    
   6.9035362733    
   6.9125207062    
   6.9536892516    
   6.9500534330    
   7.2157420437    
   4.7596912324    
   4.7474319359    
   4.6991861957    
   4.6771710256    
   4.6854700044    
   4.6238196311    
   4.6090331245    
   4.5840072665    
   4.6029113159    
   4.5556767155    
   4.5096800842    
   4.4923463007    
   4.4821883772    
   4.4165974139    
   4.5129269997    
   4.5663877558    
   4.5846381165    
   4.6010627769    
   4.6040865888    
   4.5528546300    
   4.5721489947    
   4.6177943486    
   4.6636628764    
   4.7241054711    
   4.8116287143    
   4.8580491021    
   4.8868676608    
   4.9452395211    
   5.3044875551    
   5.2197827259    
   5.0295890441    
   4.9664599656    
   4.9793883237    
   5.0973996152    
   5.2324844216    
   5.3503589346    
   6.4980035820    
   6.6659941227    
   6.7928341712    
   7.2686722016    
   7.0031786419    
   6.7046970615    
   6.8882773546    
   6.8580068233    
   6.7923234357    
   6.9531657070    
   6.9973554550    
   6.9590312136    
   6.9676958819    
   6.7613287826    
   6.9002249010    
   6.8329878365    
   6.8318518959    
   6.8537317442    
   6.8514706563    
   7.1182329324    
   6.8769770910    
   6.9047858100    
   6.9032118116    
   6.9307420228    
   6.7753367565    
   4.7806937277    
   4.7625384308    
   4.7127510296    
   4.6961590330    
   4.7615308574    
   4.7805710367    
   4.7444803931    
   4.6769317522    
   4.6221161025    
   4.5684225906    
   4.5022780308    
   4.4887398759    
   4.5298166751    
   4.5347698105    
   4.6095632807    
   4.7524088381    
   4.6848277329    
   4.6992890189    
   4.6499019108    
   4.6206507357    
   4.5829145755    
   4.6749991288    
   4.7508994114    
   4.7758182444    
   4.7990389240    
   4.8311630256    
   4.8466405606    
   4.8548280639    
   4.9284918598    
   4.9425816198    
   4.8928144313    
   4.9257447902    
   4.9845782674    
   5.1315846467    
   5.4295763803    
   6.1106565029    
   7.1784028062    
   7.4100970534    
   7.1590415901    
   7.1499072764    
   7.2545765706    
   7.1894503696    
   7.6280982036    
   7.3277922097    
   7.2095475343    
   7.6555437445    
   7.2735929695    
   7.6385816323    
   7.6983058637    
   7.6290534470    
   7.0354607966    
   6.9208300737    
   6.9541584404    
   7.0931380300    
   7.1007571844    
   7.1232433577    
   7.1455554248    
   6.9916687416    
   7.1755789462    
   7.1948626096    
   7.5934823702    
   7.5717167578    
   4.8109624756    
   4.7968933904    
   4.7579542284    
   4.7918985214    
   4.8826208792    
   5.0339259503    
   4.9989928272    
   4.8490569433    
   4.7082266186    
   4.6023963344    
   4.5601545782    
   4.5699348214    
   4.6226738872    
   4.6739763184    
   4.7186367506    
   4.6674250369    
   4.5972186836    
   4.7594099514    
   4.7077582045    
   4.7047246240    
   4.7180966399    
   4.7774471729    
   4.8457584108    
   4.8142978566    
   4.7877254115    
   4.7907243511    
   4.8094002135    
   4.7835244451    
   4.7516189041    
   4.7852409593    
   4.7490835356    
   4.9025140326    
   5.0637517032    
   5.3299943721    
   5.6152656595    
   6.8575738031    
   7.5924634279    
   7.8257125141    
   8.5042526912    
   8.3015501190    
   7.6930616176    
   7.6643233230    
   7.8175427352    
   7.7413692783    
   7.6597671162    
   7.6150073097    
   7.6255033807    
   7.6576103205    
   7.5655821422    
   7.7457332243    
   7.7713431454    
   7.7438536247    
   7.7727130671    
   7.6736006266    
   7.7088644489    
   7.8862255607    
   7.8197864998    
   8.0033910701    
   7.8733534863    
   7.8341258807    
   7.9081964760    
   7.8438989834    
   7.7444085959    
   7.7762842092    
   7.7028094184    
   7.7830915854    
   7.7772771483    
   7.7938186659    
   4.8697824343    
   4.8603265505    
   1.0835476117    
  0.94877097426    
   5.1251364114    
   5.4673570646    
   5.8573830067    
   5.3276178873    
   5.0590403626    
   4.8618670576    
   4.6550109341    
   4.6519906214    
   4.6990960360    
   4.7524744534    
   4.7748810696    
   4.8130347823    
   4.5650730789    
   4.8193863359    
   4.7206532138    
   4.6374082631    
   4.7319762156    
   4.8250228859    
   5.1224222231    
   4.8388589943    
   4.8009397814    
   4.7579272131    
   4.7602822498    
   4.7467016451    
   4.7229902661    
   4.7280112607    
   4.7570828331    
   4.9509898020    
   5.2259625767    
   5.5423086321    
   6.2528779928    
   7.6714670549    
   8.8662919689    
   8.6464889568    
   8.3657577680    
   8.6016732366    
   8.4102949474    
   8.5406937041    
   8.5223350124    
   8.4547817077    
   8.4919899315    
   8.4495830057    
   8.5156750781    
   8.5788522489    
   8.5040495113    
   8.1260885839    
   7.9703505775    
   7.9735865529    
   8.0893498873    
   7.9913586002    
   8.3220955674    
   8.2073104768    
   8.3189823830    
   8.2083534326    
   8.1005842269    
   8.1039835372    
   8.3076136312    
   8.2022064992    
   8.2919108282    
   8.3953315077    
   8.4698963715    
   8.4567266937    
   4.8991226880    
   4.9189133993    
  0.99711674588    
  0.83609471927    
  0.86865649125    
   5.5387127931    
   5.7604372869    
   5.6140525786    
   5.7141145700    
   5.9713721159    
   5.8955384683    
   5.7526714030    
   5.6943004758    
   5.6314933159    
   5.4730482370    
   5.5859155780    
   5.5128705501    
   5.3874276078    
   5.1598846220    
   4.7203791111    
   4.6416855657    
   4.6861187405    
   4.7358728879    
   4.7567084898    
   4.8520357165    
   4.7605948397    
   4.8793866224    
   4.8730911405    
   4.7611328859    
   4.8036029203    
   4.8618366343    
   5.0633094990    
   4.8682575080    
   4.8370144716    
   4.7759489988    
   4.7552382798    
   4.7152059998    
   4.7016563972    
   4.7405402497    
   4.7895689743    
   5.0131529618    
   5.3198056495    
   5.6779650965    
   6.7023708664    
   7.8357751900    
   8.5369537664    
   8.3342935917    
   9.3901030656    
   8.6465154204    
   8.6894462609    
   8.7747289558    
   8.7369840941    
   8.5876551871    
   8.5733316971    
   8.5614882293    
   8.6101893255    
   8.3843869862    
   8.6451674534    
   8.6088618009    
   8.6271529621    
   8.6419014453    
   8.5508366860    
   9.0199292527    
   8.8562020037    
   9.2772882100    
   8.9398832173    
   8.8508662943    
   8.9754769628    
   8.8635535858    
   8.6557634383    
   8.6584440594    
   8.7915834053    
   8.8082890097    
   8.8078646130    
   4.9872346570    
   4.9664123576    
   4.9591057691    
  0.96614073004    
  0.90459971596    
  0.94598570902    
   1.0090657679    
   1.0115285789    
  0.94863034822    
   5.6965044121    
  0.97892828598    
  0.99389425482    
   1.0018927440    
   1.0102494069    
   1.0097600486    
   1.0252723588    
   1.0239054043    
   1.0156746730    
   1.0159704098    
   1.0140704204    
   1.0272832980    
   1.0080523478    
   1.0053560255    
   1.0136597980    
   1.0270885898    
   1.0349688253    
   1.0473357270    
   1.0558036593    
   1.0769146717    
   1.0405329565    
   1.0305903370    
   1.0378748557    
   1.0477535048    
   1.0224818230    
   1.0737437303    
   5.4128505839    
  0.96019053920    
  0.94371747913    
  0.97108386200    
  0.94064592202    
  0.96554134140    
  0.94975005123    
  0.95023680332    
  0.94823252158    
  0.94760909789    
  0.95701415509    
  0.95261130220    
  0.94831429811    
  0.95862092693    
  0.96984839834    
  0.96729405597    
  0.97844319763    
  0.95426090084    
  0.89468318833    
  0.96258105822    
  0.90165763270    
  0.96109690024    
  0.96716537106    
   5.4124876780    
   5.4424775941    
   5.5545994926    
  0.90852188506    
   5.4967342741    
   5.4967506906    
   5.6203945218    
   5.6287799765    
  0.82319143581    
  0.82722998497    
  0.82730510485    
  0.83114427245    
  0.71188365768    
   5.5819176507    
   5.5022444152    
   5.5044908549    
   5.4561846681    
  0.83193117236    
  0.83551954565    
   5.5269446813    
  0.83828790291    
  0.70823190994    
  0.69529426869    
  0.82063523643    
  0.68996675074    
   5.4500144568    
  0.80769873659    
  0.68102394819    
   5.4358740914    
  0.67447621111    
  0.65758306327    
  0.63474181364    
  0.66985203603    
  0.65175652387    
  0.77186944806    
  0.64830597055    
  0.63218314066    
  0.61124189419    
  0.62761105965    
  0.60535607584    
   5.4087609284    
   5.3244126385    
   5.4338389794    
   5.4100007208    
  0.57303459154    
  0.56505229952    
   5.3571578745    
   5.2893826698    
  0.50389421406    
  0.45645217972    
   5.1553108236    
   4.9989711594    
   5.1700166026    
   5.0939302850    
  0.44967923975    
  0.56031990714    
   5.0150001142    
   4.9351853853    
  0.69761282497    
   4.9232153404    
   4.8330737478    
   4.6959173576    
   4.8166599245    
   4.6901404001    
   4.5395728768    
   4.6651107187    
   4.7569810496    
   4.7691011919    
   4.8778328533    
   4.9438353984    
   4.9037993991    
   4.9106836309    
   4.9047739405    
   4.9196444051    
   4.8796125989    
   4.9661760058    
   5.4095469337    
   4.8947882239    
   4.8520828171    
   4.8023537193    
   4.7318048929    
   4.7174499462    
   4.7853621577    
   4.8875810685    
   5.0546291357    
   5.2444414159    
   5.6365496283    
   6.7259535948    
   8.3478062604    
   9.8818645773    
   10.000986511    
   9.1329660987    
   9.3577492148    
   7.6550093189    
   8.4308838310    
   8.5695769988    
   7.9369165276    
   8.1454213566    
   8.1567730956    
   7.9276770452    
   7.9447725767    
   9.3194077117    
   8.9675336226    
   8.8007542467    
   8.9075327636    
   8.7472823609    
   9.2106209032    
   8.9990811479    
   9.0558524780    
   8.9217129379    
   8.9183562549    
   8.7792948240    
   8.6680336519    
   8.5600822103    
   8.3782791758    
   8.3549906687    
   8.1569870883    
   7.9319175535    
   4.9200874149    
   4.8834083125    
   4.8976341274    
   5.0020018265    
   5.0188920545    
   5.2130580400    
   5.2679060178    
   5.0709073403    
   5.1183072609    
   5.3063101677    
   5.3473847836    
   5.1344775856    
   5.1827074253    
   5.3559221426    
  0.76060255734    
  0.62599499746    
  0.60280241672    
  0.71780135418    
  0.60393332319    
   5.4066581414    
   5.4810866138    
   5.2418787760    
   5.3461639437    
  0.57796974093    
  0.55160909015    
  0.57851806893    
  0.55141584505    
  0.56493085386    
  0.52933892624    
  0.56239201917    
  0.52527438185    
  0.66330884653    
  0.64545035775    
  0.49261823897    
  0.45677697562    
  0.48617878609    
  0.49363053206    
  0.42359001952    
  0.42185938308    
  0.44066398705    
  0.39154902857    
  0.53343352358    
  0.42878627878    
   5.4471275195    
   5.2682746943    
  0.39992698803    
  0.41454751656    
  0.35265887343    
  0.36295200125    
  0.45851831811    
  0.52619157839    
  0.42509417972    
  0.50564508653    
  0.36693772122    
  0.48329503412    
  0.60960194456    
  0.70531889275    
  0.59837594547    
  0.70207323841    
  0.87014911845    
  0.60993426507    
  0.71905154579    
  0.64668246928    
  0.75819946960    
  0.83915887434    
  0.96938719148    
  0.88284112954    
   1.0193826704    
  0.64758994492    
  0.79911228683    
  0.94746173802    
   1.0900102892    
   1.0321294740    
   1.1810794085    
  0.99278332367    
   1.1347514971    
   1.2911009769    
   1.2520770242    
   1.4168730226    
   1.1413230944    
   4.7684552107    
   1.2231201432    
   1.5362143629    
   4.6926585801    
   1.3880218121    
   1.7531030182    
   1.6413138511    
   2.0637982165    
   2.3836303744    
   4.6674406358    
   4.6709188970    
   2.8075433425    
   3.0994882936    
   4.7242529511    
   4.7688541511    
   3.3742775057    
   3.6865247508    
   4.8148301560    
   4.8684609761    
   3.9862485959    
   4.5790970736    
   4.9144568332    
   4.8312813149    
   4.7938480634    
   4.9621566870    
   4.8789981952    
   5.0428176315    
   5.0641744503    
   5.2501854397    
   5.1823371242    
   5.2400806732    
   5.3123352532    
   5.3500040484    
   5.4211631783    
   5.4462336694    
   5.3697103389    
   5.3727998955    
   5.4543530899    
   5.4571028469    
   5.2123776621    
   5.2482879346    
   5.3677841735    
   5.3682798279    
   5.4623215295    
   5.4816282892    
   5.4709688866    
   5.4231895646    
   5.2435987003    
   5.1181346220    
   5.1491402349    
   5.2776211969    
   5.6401567433    
   4.9447061698    
   6.9404339109    
   7.8168241890    
   4.8385965337    
   4.8372121886    
   4.8612917143    
   7.5741153688    
   7.3018452649    
   7.0407548014    
   6.7166799164    
   6.3202556616    
   6.8622473112    
   6.6335088276    
   6.9210660313    
   7.1932870050    
   7.5909886722    
   7.7425836926    
   7.7614325610    
   7.5840767168    
   7.6023530335    
   7.2218219563    
   7.3051602233    
   7.3028700091    
   7.1794978122    
   6.9637607350    
   6.9874252293    
   6.8212315136    
   6.8337999871    
   7.0533592007    
   7.0632448354    
   6.9828813843    
   6.9920800479    
   7.0868626328    
   7.0118455391    
   6.8911870575    
   6.8983146986    
   6.8012653297    
   6.8653999732    
   4.6602739542    
   4.6231498182    
   4.6593793755    
   4.7327788807    
   4.7574548514    
   4.8537952190    
   4.8802934386    
   5.0126474987    
   4.9694032685    
   1.1063941778    
   1.2316922795    
   1.3796640034    
   1.5530992153    
   1.5120931263    
   1.6925797739    
   1.5080452149    
   1.7956964749    
   4.6935048002    
   2.0132581774    
   1.7545535277    
   2.0037873932    
   1.9235468381    
   2.1748637049    
   2.4928019494    
   2.0666277201    
   2.3242900034    
   2.1916754109    
   2.4395926427    
   2.6146036310    
   2.9438145892    
   2.7036902656    
   2.9656963950    
   2.8791230586    
   2.9995174983    
   3.1540686992    
   3.1756504326    
   3.1510621524    
   3.2336870430    
   3.2503770008    
   2.4487791391    
   2.8826203494    
   2.6234294209    
   2.9499001778    
   3.1419986953    
   3.2504448280    
   3.1441440033    
   3.2607430649    
   3.3161925433    
   3.4572378150    
   3.4413813974    
   3.5168654191    
   3.3496794980    
   3.5588149286    
   3.0983925942    
   3.1889813392    
   3.2486764819    
   3.3707830793    
   3.4247473249    
   3.4645152142    
   3.4137573060    
   3.4565869766    
   3.5040423963    
   3.5430363866    
   3.3981033725    
   3.4913212373    
   3.4985114498    
   3.5388636518    
   3.5811022960    
   3.6177605369    
   3.5770525868    
   3.6126070112    
   3.6525295895    
   3.6849819827    
   3.5046758608    
   3.5473441092    
   3.5732597826    
   3.6216749748    
   3.6465976374    
   3.6966666768    
   3.7993302214    
   3.7204875485    
   3.7870269254    
   3.8834061352    
   3.9590405959    
   3.5831131064    
   3.6591996757    
   3.6472959454    
   3.6830788664    
   3.7165617833    
   3.7531393196    
   3.7126422135    
   3.7350822187    
   3.7747620211    
   3.7926729760    
   3.7614925817    
   3.9153285800    
   3.7618552605    
   3.8271357868    
   3.8093012659    
   3.8772437555    
   3.9207590826    
   4.0177176445    
   3.9759111470    
   4.0743595938    
   3.8529636918    
   3.9118443662    
   4.0342987341    
   4.1145599960    
   3.9924225802    
   4.1460109482    
   4.2113130485    
   4.3451955347    
   4.1029027939    
   4.5080480276    
   4.1143369533    
   4.2099974354    
   4.1715361556    
   4.2673584307    
   4.5637742390    
   4.6604451318    
   4.7881006412    
   4.7421078943    
   4.8625998212    
   4.2415921268    
   4.3350624680    
   4.3234313465    
   4.4129715489    
   4.5865320390    
   4.6918233178    
   4.6620646173    
   4.7647286018    
   4.5045101520    
   4.8553164953    
   4.7882236452    
   4.8736332680    
   4.8600172175    
   4.9470302602    
   4.9409429497    
   5.0091063237    
   5.0222192341    
   5.0874482649    
   5.0383847832    
   5.1936382267    
   4.8795563974    
   4.9965591789    
   4.9803287317    
   5.1098766669    
   5.1049931188    
   5.1662398360    
   5.2281067622    
   5.3339622642    
   5.0550409543    
   5.1169603050    
   5.1531461229    
   5.1963986988    
   5.1748494950    
   5.2582851922    
   5.2582978996    
   5.3510774961    
   5.3233857900    
   5.4693878347    
   5.3164000739    
   5.3717562938    
   5.4028129788    
   5.4565791103    
   5.4250928530    
   5.4800493536    
   5.5120386182    
   5.5623071557    
   5.5782972218    
   5.6684177899    
   5.2507281989    
   5.3445652180    
   5.4372828555    
   5.4413142005    
   5.4886920809    
   5.5202565375    
   5.5686262514    
   5.4334906244    
   5.5169135627    
   5.5362772310    
   5.5821790425    
   5.6176242195    
   5.6671224657    
   5.6223946818    
   5.6586843899    
   5.7144845236    
   5.7544228743    
   5.5308039369    
   5.5811515669    
   5.6116171537    
   5.6601122476    
   5.6308882395    
   5.6780738051    
   5.7118529150    
   5.7558511703    
   5.7620921770    
   5.8450196868    
   5.7508687268    
   5.8600397143    
   5.9073018826    
   5.9450878208    
   5.5514897691    
   5.5238107296    
   5.5223650498    
   5.5802508303    
   5.5704987530    
   5.6660525716    
   5.6553044563    
   5.7526391104    
   5.7224607634    
   5.6358717892    
   5.6155915645    
   5.6863089185    
   5.6540410315    
   5.5193450051    
   5.5169943318    
   5.5612989357    
   5.5551108668    
   5.5167169412    
   5.5212650401    
   5.5556826844    
   5.5588743562    
   5.6080438511    
   5.6033456228    
   5.8291159809    
   5.7173429649    
   5.8445677050    
   5.7320090417    
   5.6418561024    
   5.5246287474    
   5.5350866830    
   5.5643862735    
   5.5786409203    
   5.5876524699    
   5.6003792181    
   5.6189862390    
   5.6358037670    
   5.6558442731    
   5.6431972027    
   5.6759846156    
   5.6859857188    
   5.7248830235    
   5.6375267413    
   5.7018243823    
   5.7074491405    
   5.7447072507    
   5.7630238214    
   5.8037188751    
   5.8351304999    
   5.6981133595    
   5.7791891426    
   5.7615216040    
   5.8721876392    
   5.8210691188    
   5.8623705743    
   5.8758418185    
   5.9265636146    
   5.9082780499    
   5.9563897437    
   5.9761053127    
   6.0231111718    
   5.9927918645    
   6.0435020056    
   6.1176118387    
   6.1463716065    
   6.1940639904    
   5.8828128842    
   5.8766371957    
   6.0502364126    
   6.1131664464    
   6.1568043525    
   6.1894467064    
   6.2355801938    
   6.2696517643    
   6.2635599256    
   6.2049049661    
   5.7979509577    
   5.6832850579    
   6.1636503272    
   6.1117658398    
   5.5370276400    
   5.4163872602    
   5.8713432401    
   5.6928804851    
   5.4765741791    
   5.5478508732    
   5.9622648009    
   6.2562780451    
   6.4863844288    
   6.3576417702    
   6.4688896387    
   6.5310186582    
   6.4829407294    
   6.5399055048    
   6.6130774711    
   6.7594270207    
   6.5958663488    
   6.6424421746    
   6.6180744518    
   6.6837035380    
   6.7417789079    
   7.4484712523    
   9.5710987110    
   10.690207335    
   9.9531500138    
   8.7889336833    
   8.2434443466    
   7.1064407741    
   6.3375737847    
   6.4622734741    
   6.8326386694    
   6.5569234837    
   6.9112226913    
   6.5852009789    
   6.6501734484    
   7.0832019931    
   6.5168333351    
   6.7642328750    
   6.7796338104    
   6.6775236683    
   6.5919376407    
   6.5078697690    
   7.2025201226    
   6.8396453636    
   6.8651446792    
   6.8605067299    
   6.8840997907    
   7.3070262131    
   6.8832152351    
   6.9046029605    
   6.9069986873    
   6.9260696998    
   6.8876229619    
   4.5043090578    
   4.3996508219    
   4.3479538231    
   4.4771816572    
   4.4865231660    
   4.4195182577    
   4.5270992322    
   4.6134424693    
   4.6901281069    
   4.7200882796    
   3.1164931621    
   3.6226775417    
   4.8216249154    
   4.8458523620    
   4.8853372697    
   4.9391453146    
   4.9367333709    
   5.0344695778    
   4.9811026839    
   5.0066172166    
   5.0697626028    
   5.0347339008    
   5.1343192767    
   5.4666641557    
   5.1051249695    
   5.1499037569    
   5.7230327678    
   5.9387716460    
   6.3774690801    
   6.5587345236    
   6.0681722479    
   6.1062515764    
   6.5996784730    
   6.5576642308    
   5.8783613792    
   5.6588988945    
   6.4528716283    
   6.4058028373    
   5.9942491551    
   6.1778001834    
   6.2955354491    
   6.3529512512    
   6.4863935807    
   6.5085477579    
   6.7222747046    
   6.3214222069    
   6.3577549923    
   6.4156773215    
   6.4532168877    
   6.3835816169    
   6.3995901036    
   6.4799766480    
   6.4931317991    
   6.5932206774    
   6.5851804216    
   6.5964928349    
   6.7004663623    
   6.7089789620    
   6.4547917413    
   6.4350620748    
   6.6007341065    
   6.5897421683    
   6.7058047722    
   6.6864671820    
   6.6011451269    
   6.8279874006    
   6.9025245033    
   7.0406760525    
   7.1371648766    
   6.8164500892    
   6.7862081844    
   6.9283264420    
   6.8859938603    
   6.7491928795    
   6.7077158584    
   6.8397211302    
   6.7868114018    
   7.0526477557    
   6.9263538672    
   6.8704281310    
   7.0154917937    
   6.9564713824    
   6.3997343964    
   6.3601932123    
   6.5348350348    
   6.4525351458    
   6.4146008292    
   6.5018839905    
   6.4569821751    
   6.3122677559    
   6.2237770965    
   6.3765705513    
   6.3276033863    
   6.4087338897    
   6.3562644508    
   6.2764767889    
   6.2222851797    
   6.2968926883    
   6.2380708784    
   6.6574123115    
   6.6077561747    
   6.7318406194    
   6.6732615336    
   6.5555531314    
   6.5005567906    
   6.6118066154    
   6.5472643060    
   6.8140429550    
   6.6728901404    
   6.4332885795    
   6.2984695787    
   6.5083206180    
   6.3376906766    
   6.0941215890    
   5.9835299295    
   6.1626247928    
   6.1090861648    
   6.1812472239    
   6.1283646094    
   6.0570389874    
   6.0116403992    
   6.0792195081    
   6.0373297308    
   5.9012538026    
   5.8401455778    
   5.9732953999    
   5.9431337847    
   6.0028709821    
   5.9746282819    
   5.9240040329    
   6.1709181574    
   6.0812950189    
   6.1848784331    
   6.0921558921    
   6.0245221579    
   6.0038881269    
   6.0442449706    
   6.0296250592    
   5.9869031606    
   5.9740338993    
   6.0186286707    
   6.0112708033    
   6.0641942511    
   6.0490551731    
   6.0522028111    
   6.0835750369    
   6.0889680935    
   5.8294587213    
   5.7950627923    
   5.9868885484    
   5.9749205859    
   6.0525588429    
   6.0528981369    
   6.0946951170    
   6.0993608722    
   6.0518852777    
   6.0486116772    
   6.1017754773    
   6.1004671354    
   5.9648641444    
   5.9494913902    
   6.0673104036    
   6.0438978246    
   5.7792991641    
   5.8571812410    
   5.9715625888    
   5.9569307605    
   5.9998297618    
   6.1986419735    
   6.0205872584    
   6.1302375352    
   6.3755314956    
   6.4278042643    
   6.3247386232    
   6.3925294925    
   6.4225593352    
   6.3706206512    
   6.4030904336    
   6.4710234579    
   6.4999669960    
   6.4653355961    
   6.4971527494    
   6.5321095104    
   6.5749777559    
   6.5329836708    
   6.5795215959    
   6.4542251782    
   6.4895928468    
   6.4378451619    
   6.4772684387    
   6.5552128128    
   6.2880381167    
   6.3447396406    
   6.3788087317    
   6.3149762312    
   6.3500601849    
   6.2044601577    
   6.2810067615    
   6.3157423677    
   6.2413434769    
   6.2800330576    
   6.4255173909    
   6.5508198635    
   6.3759343067    
   6.5008834296    
   6.6133379329    
   6.6594669867    
   6.6234461536    
   6.6712627142    
   6.7033188896    
   6.7509225086    
   6.7278098093    
   6.8182884431    
   6.6897359877    
   6.7809949356    
   6.8450494240    
   6.7944067972    
   6.8676615218    
   6.8894097260    
   7.0428034095    
   6.9185595918    
   6.9997750818    
   6.9509261713    
   7.0426866006    
   7.1793107126    
   6.6843072391    
   6.8417686299    
   6.6565635597    
   6.8414831057    
   6.9761315753    
   7.0771314282    
   6.9940341046    
   7.1029212304    
   7.2728973025    
   7.0041472940    
   7.1199423672    
   7.0057770223    
   7.1283859524    
   7.3209503357    
   7.5523472403    
   8.5315344801    
   7.8194134370    
   8.9005566236    
   9.8659990699    
   11.387644179    
   9.8758794082    
   10.750283716    
   10.090481199    
   11.060515451    
   11.663209255    
   12.552865000    
   11.751404944    
   12.263576860    
   11.967323761    
   12.526956579    
   12.761984139    
   13.223868287    
   13.075058580    
   13.585025387    
   12.816793269    
   12.606117937    
   13.272797862    
   13.631730752    
   13.622649458    
   13.934343299    
   14.025868195    
   14.367721127    
   14.143397266    
   14.223244323    
   14.589982390    
   14.662925254    
   13.704213790    
   13.531068863    
   14.409618231    
   14.220893510    
   12.247504536    
   11.929909525    
   13.525649209    
   13.149886269    
   12.079837059    
   12.700531628    
   13.057298142    
   13.441718557    
   13.426311494    
   13.681767660    
   13.964327074    
   14.373562939    
   13.898583240    
   13.794632022    
   11.267226491    
   9.1374379934    
   13.108909132    
   11.511863029    
   12.926086308    
   11.630533204    
   10.129381026    
   8.9362395158    
   10.301472809    
   9.0452506211    
   7.5385852729    
   6.5253343842    
   7.8879166434    
   6.9995450908    
   7.8978454317    
   6.8814641896    
   5.9022471489    
   6.1746122796    
   6.3059452464    
   5.8018912546    
   6.1321046668    
   6.3352393582    
   6.0953956075    
   6.3348990240    
   6.6150421737    
   6.9707692147    
   6.5398134084    
   6.7390807081    
   6.5630812149    
   6.7732591179    
   6.9284039145    
   7.1730369949    
   6.9666868852    
   7.2316765032    
   7.3131599509    
   6.9309533880    
   6.9478646482    
   7.2756554424    
   6.9693932440    
   7.3361611953    
   7.2899380822    
   7.4914158591    
   7.3760018169    
   7.5089107481    
   7.5294130054    
   7.4281219358    
   7.5527634041    
   7.5789473573    
   4.2990599411    
   4.2792250939    
   4.2582397958    
   2.2506481043    
   4.3601842288    
   4.2434141222    
   4.4402598884    
   2.2586377696    
   2.5343819144    
   4.8444045893    
   4.8784284341    
   4.9136729276    
   5.0200189546    
   5.0948021923    
   5.0222834280    
   5.0988019017    
   5.1560072900    
   5.2261128564    
   5.1347877183    
   5.1589342218    
   5.2743785270    
   5.3057239846    
   5.1963137963    
   5.2452662888    
   5.3553570129    
   5.3822980397    
   5.3476770392    
   8.1632473792    
   7.6601953429    
   7.6264155618    
   7.4829826012    
   7.2239059613    
   7.1266032215    
   7.4433954991    
   7.3548912334    
   8.1430051583    
   8.0344350769    
   7.0039225817    
   6.5753810197    
   7.5563757320    
   7.0326796228    
   6.0940233815    
   6.1130710406    
   6.1411061600    
   6.2057817445    
   6.2328438985    
   6.5855951484    
   6.4107802811    
   6.1656599079    
   6.1531556494    
   6.1540477221    
   6.2057520926    
   6.2099250209    
   6.2585380700    
   6.2882562347    
   6.1473332727    
   6.1354041389    
   6.2018318268    
   6.1830024895    
   6.1254101799    
   6.2578149671    
   6.2267309235    
   6.3067780128    
   6.2564958231    
   6.1875412694    
   6.1531542965    
   6.2088524979    
   6.1693584313    
   6.3473108966    
   6.2881320487    
   6.2238575662    
   6.1839375217    
   6.2251352581    
   6.1847268030    
   6.2706811701    
   6.2178976458    
   6.1780502291    
   6.2062183366    
   6.1659023303    
   6.0786325478    
   6.0466816572    
   6.1123770774    
   6.0644988998    
   5.9906705946    
   6.1313624558    
   6.0672376038    
   6.1404270268    
   6.1057261376    
   6.1274730516    
   6.0920112603    
   6.0747542021    
   6.0628669702    
   6.0673888433    
   6.0470394748    
   6.0308711572    
   5.9749266263    
   6.0212749332    
   5.9879241158    
   5.9922672992    
   6.0312044210    
   5.9441547405    
   5.9594389141    
   5.9648657730    
   5.9125147045    
   5.9182211286    
   6.1486424756    
   6.2008019684    
   6.2361986326    
   6.1517901231    
   6.1799195626    
   6.0720967539    
   6.1020152291    
   6.1162961663    
   6.0587615546    
   6.0528420652    
   6.2826012301    
   6.4289584454    
   6.1744907371    
   6.3499228965    
   5.9875703688    
   6.0293626294    
   6.0078013585    
   6.0106879469    
   6.0315069288    
   6.0491486992    
   6.0199321132    
   6.0472163022    
   5.9861427972    
   5.9925780368    
   5.9625639015    
   5.9713887303    
   6.0091736524    
   6.1262928131    
   6.2851615496    
   6.0909847496    
   6.2158387120    
   6.6068672389    
   6.8105569775    
   6.5422546644    
   6.7520825612    
   6.9954339589    
   7.1251171051    
   6.9738473946    
   7.1019584167    
   7.3161792622    
   6.9440751175    
   7.0702128453    
   6.9089432953    
   7.0342772587    
   7.2717128193    
   6.4702535536    
   6.6768843919    
   6.3887822104    
   6.5835013473    
   6.8695411999    
   7.0046944156    
   6.8263653645    
   6.9630754577    
   7.1381283177    
   7.2889240661    
   7.0951666044    
   7.2454396255    
   6.8282524327    
   7.0474942802    
   7.1981626972    
   6.9967394546    
   7.1377701074    
   7.8212129837    
   8.9326367704    
   7.4996809026    
   7.8637894251    
   7.3450745357    
   7.5015340105    
   7.2977387840    
   7.4547732527    
   7.7301888947    
   8.3703047823    
   9.1639365534    
   8.1248151082    
   8.7974229534    
   9.2802332566    
   8.7368486113    
   9.2044327362    
   10.234602220    
   10.996849420    
   11.567831304    
   11.097157243    
   11.713916753    
   10.305720590    
   11.169382838    
   11.831984566    
   11.206379191    
   11.909516220    
   12.170176858    
   12.800505116    
   12.373645059    
   13.074574447    
   13.909709038    
   13.021532437    
   14.716389698    
   9.9892090694    
   10.583889465    
   9.9303000315    
   10.538364029    
   11.238234132    
   11.934275756    
   11.199075110    
   11.897784906    
   9.8595354256    
   10.468889534    
   9.7159348113    
   10.381037503    
   11.421157789    
   13.189060945    
   15.233394974    
   12.940717055    
   14.830869003    
   14.974589134    
   15.111699609    
   15.168672862    
   15.717144627    
   15.746092482    
   16.277820527    
   16.793215667    
   15.127619852    
   14.978262375    
   15.631467050    
   15.410147581    
   14.817710569    
   16.154712133    
   15.823303657    
   16.652849075    
   16.179450670    
   15.455936129    
   15.082086219    
   15.709659830    
   15.268817483    
   18.850656675    
   16.776540266    
   15.603527101    
   16.308268829    
   15.267363116    
   14.495488723    
   14.085513247    
   14.956352809    
   14.663781241    
   14.905808509    
   14.783007769    
   14.338782673    
   13.798455278    
   13.627665076    
   13.957263693    
   13.738392803    
   13.662513077    
   13.743542983    
   13.648968614    
   14.959611890    
   14.834887222    
   14.917223856    
   14.531538310    
   14.527127292    
   14.267344697    
   14.494199643    
   14.225568692    
   14.479469875    
   14.190668914    
   14.051418494    
   13.849690877    
   14.000867897    
   13.787571638    
   13.756566188    
   13.599575130    
   13.636960623    
   13.516611559    
   13.710321069    
   13.487403466    
   13.563622359    
   13.667801400    
   13.707675458    
   13.651843192    
   13.652786099    
   13.553477636    
   13.624629541    
   13.644280803    
   13.574759608    
   13.605498174    
   13.580966805    
   13.536430273    
   13.495228064    
   13.728225260    
   13.697391544    
   13.634743213    
   13.570873551    
   13.575450172    
   13.367155904    
   13.435634101    
   13.245038014    
   13.460995407    
   13.211055507    
   13.584072167    
   13.367361160    
   13.363219344    
   13.203875152    
   13.091967671    
   12.994298795    
   12.511843344    
   12.908736310    
   12.475513659    
   11.949997380    
   11.347876535    
   11.967188207    
   11.392455657    
   12.699809245    
   11.786470486    
   10.715917457    
   10.080102047    
   10.783274450    
   10.160472339    
   9.4531974073    
   8.8432228133    
   9.5400951440    
   8.9330689741    
   10.616852604    
   9.4029762888    
   12.700888842    
   10.351323501    
   8.2549394436    
   7.6931977708    
   8.3462993940    
   7.7855544728    
   6.9439315004    
   8.4671441169    
   7.9168608745    
   8.6112570243    
   8.0793982223    
   7.4026293577    
   6.9266698823    
   7.5870507983    
   7.1416223470    
   5.9858245048    
   5.3890370636    
   6.4996801150    
   6.1457793275    
   6.7531369753    
   6.4396441341    
   5.9094890510    
   5.8212255158    
   6.2221479099    
   6.1086893160    
   8.5957976698    
   7.6894965260    
   8.9255969026    
   8.1260369217    
   7.0005589471    
   6.5195860170    
   6.3902072956    
   6.8005011855    
   6.6591005088    
   7.5150063402    
   7.1096844556    
   5.6260573570    
   5.8919976124    
   5.8427665282    
   5.8895976503    
   6.0811861581    
   6.0751368943    
   5.9837247915    
   6.0868323054    
   6.1349705122    
   6.2130606898    
   6.1453674784    
   6.3085794181    
   6.4271561351    
   6.3527076498    
   6.4674894125    
   6.1956783438    
   6.3056611300    
   6.3023553938    
   6.3962666913    
   6.4146201354    
   6.5220884494    
   6.4924406975    
   6.5897716890    
   6.3300082903    
   6.2790751887    
   6.5767862537    
   6.4886369663    
   6.4161712894    
   6.8981053709    
   6.7643358148    
   6.5256511978    
   6.6713998980    
   6.7930152634    
   6.8761429593    
   6.5418840254    
   6.6527362819    
   6.5790557308    
   6.6873919243    
   6.7594834517    
   6.8617932992    
   6.7922691717    
   6.8933180329    
   6.7071636899    
   6.9060518597    
   6.9593523078    
   7.0519780424    
   6.9901441341    
   7.0824240321    
   7.2299361242    
   7.3294207193    
   7.2646341892    
   7.3638889978    
   7.0944864584    
   7.3743409852    
   6.9994672931    
   7.1953824509    
   7.4719840851    
   7.3259979542    
   7.5947640800    
   7.4257865000    
   7.5187636735    
   7.4597802396    
   7.5520582907    
   7.6081074366    
   7.4975685671    
   7.5890465393    
   7.5397383824    
   7.6302077514    
   7.5868472150    
   7.6760149666    
   7.6394209392    
   7.7269122669    
   7.6979560604    
   7.7833225075    
   7.7629231964    
   7.8456074989    
   4.1664204856    
   2.6990039119    
   4.3349729887    
   2.9002511332    
   3.1047659228    
   4.3086544750    
   4.2309917621    
   4.4125760080    
   4.1942380286    
   4.1956608100    
   4.2876725141    
   4.1567943459    
   4.2972026843    
   4.4336928641    
   2.8781632008    
   4.4735251721    
   4.4863821632    
   3.2239845611    
   3.3493452988    
   4.6201110873    
   3.6118186436    
   3.6614046451    
   4.0416740734    
   3.7472981663    
   3.9241617516    
   3.8435203281    
   4.0105133276    
   4.1066078105    
   4.3336521172    
   4.1918005391    
   4.3303745565    
   4.4704266878    
   4.3660686142    
   4.4819244261    
   5.1019489950    
   5.1421118227    
   4.4865164466    
   4.7804453827    
   5.1741453558    
   5.2025577340    
   5.1525465396    
   5.5773109460    
   4.6006928517    
   4.7947775760    
   4.9663897868    
   4.8451684810    
   5.0086254796    
   4.6039736338    
   4.7364150943    
   4.6386485167    
   4.7690888581    
   4.8857767222    
   5.0481776852    
   4.9163083595    
   5.0760523282    
   5.1421157738    
   5.4083033476    
   5.1943746362    
   5.4702565476    
   5.6024043904    
   5.8060054319    
   5.6627882224    
   5.8681834115    
   5.3397280401    
   5.8258153997    
   5.2359583895    
   5.2621932415    
   5.9925698437    
   6.4267331836    
   5.2891027639    
   5.3096340305    
   6.7479193840    
   6.9514731906    
   6.0229448911    
   6.2545006007    
   6.0830115803    
   6.3103059731    
   6.5021363200    
   6.7672053622    
   6.5472656842    
   6.7755088228    
   6.2332537393    
   6.6429903494    
   6.9096997324    
   6.9888147560    
   6.9353425378    
   7.0404168579    
   7.0765149103    
   7.1735006022    
   7.1383684965    
   7.2413658655    
   5.4436874600    
   5.4733063052    
   5.3419149886    
   5.3728902059    
   7.1662042326    
   7.3046516380    
   5.4075755463    
   5.4646247209    
   7.4350973350    
   5.5561191428    
   7.2622502368    
   7.3698012981    
   7.3305499516    
   7.4375956274    
   7.4348626851    
   7.4936164689    
   7.5035284259    
   7.5627570857    
   5.5225709985    
   5.5783198552    
   7.5605068660    
   7.6361011325    
   7.6313764524    
   7.7050806980    
   7.7221657911    
   7.8834887663    
   7.7974387459    
   7.9670039521    
   5.6343693874    
   7.9696182223    
   5.5028947011    
   5.5403049009    
   5.6156595049    
   5.6764176263    
   5.6558691077    
   8.0310198084    
   8.7434726623    
   8.6628656935    
   8.8866433476    
   8.9906246133    
   9.2719533111    
   9.1419938810    
   9.4343289412    
   8.9351507512    
   9.2641527027    
   9.5626336331    
   9.3734008043    
   9.6541086021    
   9.8672736369    
   10.711066076    
   9.9058959467    
   10.300532877    
   9.9982028606    
   10.393575696    
   10.753221840    
   11.256409886    
   10.846627318    
   11.355487118    
   10.912176043    
   11.889944300    
   11.787278030    
   13.001172478    
   11.843937087    
   12.449722644    
   11.933147530    
   12.534239700    
   13.135305275    
   13.914892299    
   13.202554168    
   13.946286855    
   14.264739747    
   14.407510515    
   14.804853133    
   15.820544880    
   14.750262991    
   15.488842805    
   15.954339908    
   15.096887866    
   15.573073125    
   15.036391080    
   11.281353117    
   5.4739331454    
   13.408029676    
   12.331048682    
   14.016830980    
   12.806748286    
   11.311926425    
   10.459127629    
   11.701136555    
   10.769396577    
   5.4324803930    
   5.3413139239    
   10.008986018    
   9.8069930795    
   10.304898499    
   10.081518606    
   9.7149750723    
   5.2314478555    
   5.1859662595    
   9.5074209831    
   9.6270064255    
   5.1051359944    
   9.0750526125    
   10.246122682    
   10.633128538    
   8.4406484206    
   7.6942083290    
   9.6332230704    
   8.4260163216    
   7.9312722273    
   8.7187270364    
   8.1440365649    
   7.0617669849    
   6.6731048240    
   6.5415851971    
   6.8092894553    
   6.6270900085    
   7.5208454100    
   7.1859058311    
   7.6742869670    
   7.3587740750    
   7.1934387146    
   7.4061099557    
   7.2303299388    
   6.9523982598    
   6.8341804637    
   7.0018782187    
   6.8762186616    
   6.7275733578    
   6.6274876464    
   6.7612538599    
   6.6532218330    
   7.0425207879    
   6.9073522950    
   7.0711110054    
   6.9309322150    
   6.7341984662    
   6.4351497435    
   6.3384932409    
   6.4725649107    
   6.3700768030    
   6.3125235631    
   6.3736236198    
   6.3133386573    
   6.2508848701    
   6.1669225750    
   6.2618459291    
   6.2104402146    
   6.2501131237    
   6.1924770197    
   6.1588665808    
   6.1108631459    
   6.1356364649    
   6.0835630367    
   6.5374129238    
   6.4575252858    
   6.5554832176    
   6.4643787075    
   6.3791630035    
   6.3072186551    
   6.3809121570    
   6.2998013087    
   6.5215991018    
   6.3320973195    
   6.1972010404    
   6.0659022312    
   6.1630003740    
   6.0028635851    
   6.0865861822    
   6.0547564277    
   6.0267470687    
   6.0301480423    
   6.0019362027    
   6.0673447035    
   6.0289632380    
   6.0373171200    
   5.9975191014    
   6.0013637798    
   5.9733004613    
   5.9688337673    
   5.9413279879    
   6.0018300804    
   5.9811560639    
   5.9770779441    
   5.9563986427    
   5.9635579106    
   5.9486440805    
   5.9386917028    
   5.9234838337    
   5.9489656083    
   5.9287521689    
   5.9183155763    
   5.8988447059    
   5.9113451505    
   5.8961734332    
   5.8821487101    
   5.8672989586    
   5.9631279491    
   5.9009000265    
   5.8769989529    
   5.8245672913    
   5.8599066872    
   5.8518693936    
   5.8375769468    
   5.8214341681    
   5.8078281352    
   5.7969063423    
   5.7717525444    
   5.8913659680    
   5.8738246489    
   5.8623871428    
   5.8217090577    
   5.8636769136    
   5.8698345341    
   5.8087196757    
   5.8242815760    
   5.8596403409    
   5.7931610120    
   5.8218727981    
   5.8241892472    
   5.8118374470    
   5.7946007231    
   5.7818663337    
   5.7636834313    
   5.7658395738    
   5.7525715666    
   5.7384946084    
   5.7270922862    
   5.7062729190    
   5.7499408088    
   5.7603906299    
   5.7823624769    
   5.7264004870    
   5.7418005349    
   5.7061858994    
   5.6980371858    
   5.6748779372    
   5.6649902911    
   5.6917737058    
   5.7017959298    
   5.6573169106    
   5.6646991985    
   5.9345157644    
   5.9455564762    
   5.9015611580    
   5.9126334501    
   5.9587419100    
   5.8649880898    
   5.8750879150    
   5.8255465383    
   5.8339369988    
   5.8786600358    
   6.0340038847    
   5.7656550403    
   5.7818537244    
   5.6802257683    
   5.6783843445    
   5.7809471620    
   6.2983480524    
   6.7175301732    
   6.9863187926    
   6.5559196839    
   6.8673652045    
   5.9784434663    
   6.4591186198    
   7.2527688419    
   7.4148010579    
   7.1896960303    
   7.3772903949    
   7.5907498706    
   7.7873943079    
   7.5631453785    
   7.7728881524    
   7.1985499252    
   7.6195715027    
   8.0220630223    
   8.3243747267    
   8.0185577017    
   8.3137472332    
   8.7015866528    
   9.1355405679    
   8.6636582540    
   9.0636450523    
   8.1167604448    
   8.7544795758    
   7.2140011150    
   8.2098778312    
   9.8112533734    
   11.107509629    
   9.5377560395    
   10.720353936    
   12.622129923    
   9.6635450066    
   11.301029945    
   14.651121249    
   14.233467860    
   4.8783212720    
   4.8510930211    
   13.330093442    
   13.229438076    
   4.8280494715    
   4.8503032559    
   12.785147335    
   12.454183646    
   12.016279854    
   11.708314815    
   10.969626031    
   8.9636290431    
   7.9455160876    
   9.3321030094    
   8.5959371534    
   7.3230835965    
   7.2122819700    
   7.9333005576    
   7.8227334179    
   7.3529294163    
   7.5655540650    
   7.7476445468    
   7.7705911640    
   7.9345842604    
   7.9717052370    
   8.0188434585    
   8.1551406920    
   8.2992451127    
   8.4037341354    
   7.8347248705    
   7.9140609844    
   7.9136498174    
   7.9888712629    
   7.9998186431    
   8.0700824502    
   8.0931395552    
   8.1575674997    
   8.1932864106    
   8.2510304191    
   8.2997409216    
   8.3500068580    
   8.4118545331    
   8.4538983172    
   8.5289000278    
   8.5619756590    
   3.9033265558    
   2.8557054910    
   3.3523455910    
   3.9427778272    
   3.8572499568    
   3.6520652265    
   4.4030655943    
   4.0061887983    
   3.8330647392    
   4.1413981334    
   3.9376467643    
   4.4323722157    
   4.4604654113    
   3.5592696971    
   3.4561173032    
   4.4660702325    
   4.4372758307    
   4.5078213821    
   4.5353290277    
   3.6893823452    
   3.6243289845    
   3.7454052908    
   3.6753878495    
   3.5659251798    
   3.5141845058    
   3.6129711559    
   3.5580078727    
   3.7690267400    
   3.6350209800    
   3.4689106457    
   3.4297449387    
   3.5101679061    
   3.4689712956    
   3.3962289809    
   3.3769735879    
   3.4338501735    
   3.4140857137    
   3.5329526412    
   3.4579869876    
   4.4154654681    
   4.4159340811    
   4.5464907567    
   3.2376292918    
   4.4591238535    
   4.5009637697    
   3.2113790560    
   3.2131382735    
   3.3505877902    
   3.3284031189    
   3.3864520130    
   3.3627981706    
   3.3111440092    
   3.2987484095    
   3.3440400021    
   3.3298638678    
   3.4121850020    
   3.3667257575    
   3.2910309702    
   3.2818246636    
   3.3191291053    
   3.3047426988    
   3.2765988388    
   3.2702683864    
   3.3470190348    
   3.3620166115    
   3.3726649670    
   3.4265938695    
   4.5303041626    
   4.5755360234    
   3.2080104887    
   3.3475768999    
   4.5918407141    
   4.6254667836    
   3.4045572943    
   3.4716580361    
   3.3432818823    
   3.3643171301    
   3.3803749682    
   3.4011027428    
   3.3873954896    
   3.4131084205    
   3.4240297556    
   3.4491684700    
   3.4519659834    
   3.4926350808    
   3.4413835704    
   3.4719092997    
   3.4765175865    
   3.5060527668    
   3.5046606315    
   3.5396234212    
   3.5377554502    
   3.5716180587    
   3.5425095403    
   3.6014680821    
   4.6881056984    
   4.7854159281    
   3.5483144027    
   3.6347272574    
   4.8744152172    
   4.9614436900    
   3.7319661880    
   4.9923885953    
   3.8729934770    
   3.8268138689    
   3.9018972486    
   3.5768084906    
   3.6162587370    
   3.6076564016    
   3.6459116256    
   3.6580588206    
   3.7023379881    
   3.6864630539    
   3.7294305102    
   3.6691517527    
   3.7457423270    
   3.7492740987    
   3.7990932139    
   3.7749761328    
   3.8233063207    
   3.8520713733    
   3.9156637189    
   3.8746718226    
   3.9381612637    
   3.8319921032    
   3.9312824226    
   5.0456033238    
   4.0230158653    
   4.1054010924    
   4.0549456766    
   4.1344758063    
   3.9404846223    
   4.0128979519    
   3.9705607976    
   4.0444079256    
   4.0845156143    
   4.1590748735    
   4.1123662732    
   4.1816959596    
   4.1943400271    
   4.2907556012    
   4.2217809056    
   4.3162601955    
   4.3954582316    
   4.5092865679    
   4.4186627068    
   5.2833902486    
   4.2982960155    
   5.2875063950    
   4.0480730940    
   4.1839495671    
   4.0925158148    
   5.2903096183    
   5.3262647428    
   4.7403466916    
   5.3491034114    
   5.3325154101    
   5.3664802329    
   5.3881120355    
   5.3810386687    
   5.4639702679    
   5.4566963250    
   5.4968505551    
   5.5192091239    
   5.5559809401    
   5.5563796137    
   5.6974203310    
   5.5391889742    
   5.6092539243    
   5.8979420694    
   9.5922537413    
   5.8813137373    
   6.0669248078    
   10.257869161    
   11.095977229    
   6.2585693618    
   6.2890339039    
   5.7804612114    
   5.9887476240    
   12.153036630    
   13.274668810    
   6.2456285333    
   6.2497926760    
   14.297367980    
   14.836580414    
   14.616389691    
   14.271795978    
   14.098902144    
   6.3214984236    
   6.4554741703    
   6.1214643261    
   6.4376109803    
   14.122694270    
   13.587485575    
   13.762442818    
   13.348678836    
   13.069371159    
   12.560254915    
   12.918459017    
   12.424172632    
   13.017446240    
   12.282266932    
   12.013561251    
   11.515318104    
   11.928671865    
   11.465112436    
   11.066333341    
   10.844633139    
   11.057668125    
   10.884149532    
   11.482981442    
   11.036220429    
   7.1419367117    
   11.036640724    
   10.594705389    
   10.409728563    
   10.628034840    
   10.461747705    
   10.186459899    
   10.621790022    
   10.479379368    
   10.580889239    
   10.674010732    
   10.346246022    
   10.332696759    
   10.405703612    
   10.392370583    
   10.136069367    
   9.9700264442    
   10.217140343    
   10.249995239    
   10.269627540    
   10.300815315    
   10.150534235    
   10.130270887    
   10.196706150    
   10.165099725    
   10.821707841    
   10.420636893    
   6.2972089068    
   6.1731536003    
   10.387260540    
   10.319428582    
   6.0659498295    
   5.9642305448    
   9.8166132851    
   9.8533264323    
   9.9952311203    
   10.020693059    
   10.035656398    
   10.150656022    
   9.9509800492    
   9.9856430792    
   10.005823819    
   10.017523101    
   10.004412975    
   10.229852075    
   10.036736965    
   10.058184733    
   10.060644482    
   10.066646807    
   10.296550767    
   10.137278036    
   9.9966243329    
   5.8612107848    
   10.052604494    
   10.057962947    
   10.045062014    
   10.032058610    
   9.9981251197    
   10.170719481    
   10.315771661    
   10.106401445    
   10.229410248    
   9.9291733594    
   10.032323668    
   10.616982854    
   11.064371995    
   10.689391479    
   11.085400419    
   11.685838576    
   11.853017208    
   11.317439725    
   11.246306318    
   10.476398143    
   10.646158062    
   10.362522533    
   10.498637002    
   10.606684811    
   10.741956010    
   10.405666960    
   10.509107036    
   10.217057798    
   10.106479702    
   10.844017974    
   10.879971170    
   10.564157291    
   10.568965907    
   10.820737025    
   10.631753292    
   10.555059228    
   10.376650924    
   10.230421519    
   10.040499557    
   10.682348706    
   9.7529401180    
   10.543871388    
   9.9589731113    
   9.5614931517    
   9.8655640832    
   9.5007026231    
   8.8726748719    
   8.3738322538    
   8.0986016598    
   8.3970502055    
   8.1201870312    
   9.0325175783    
   8.6917327666    
   8.9554870805    
   8.6360530901    
   8.3871709286    
   8.1151037326    
   8.3466000910    
   8.0852092708    
   10.375723635    
   10.070800943    
   10.165005306    
   9.8664176994    
   9.7476575800    
   9.4153982895    
   9.5804178019    
   9.3299244753    
   9.6984115251    
   9.2440243280    
   8.6453485809    
   8.1502629352    
   8.4622870216    
   8.0392195551    
   7.8523327002    
   7.6316006282    
   7.8722921966    
   7.6575928691    
   7.4379296589    
   7.2571621804    
   7.4562560542    
   7.2737312791    
   7.7626119936    
   7.3653356886    
   7.0274220892    
   6.7572842464    
   7.0451083559    
   6.7553596239    
   7.5241961077    
   6.8574818700    
   6.4174059949    
   6.0420217347    
   6.3884793021    
   6.0262624090    
   5.7786711751    
   5.7470106210    
   5.7217629725    
   5.7185143464    
   5.6855931332    
   5.7791215166    
   5.6486267378    
   5.7154856608    
   5.7016982507    
   5.6937703206    
   5.6784250187    
   5.6864043830    
   5.6566772809    
   5.6631963481    
   5.6281338120    
   5.6546481149    
   5.6424112335    
   5.6001075539    
   5.6217702230    
   5.5714800697    
   5.6448479717    
   5.6337846322    
   5.6158102488    
   5.6037536167    
   5.6024014350    
   5.5873001967    
   5.5743954867    
   5.5594216619    
   5.5460361676    
   5.5392389599    
   5.6123748592    
   5.5836208918    
   5.5629386064    
   5.5374459121    
   5.5111725325    
   5.4844408103    
   5.4589345987    
   5.4362512250    
   5.5575393151    
   5.4829302877    
   5.4880878437    
   5.3735203494    
   5.6472779658    
   7.1262635128    
   9.0897297873    
   4.8241560080    
   4.8202678703    
   4.8780334797    
   10.468473998    
   9.5184480243    
   8.7168566439    
   8.6150148671    
   8.5988664528    
   8.6737630653    
   8.9122485645    
   8.9600837832    
   9.1592059421    
   9.2374205452    
   9.1790556243    
   9.5440335096    
   9.4383174666    
   8.6500981222    
   8.5006935907    
   8.7745083907    
   8.6182981080    
   8.9008698869    
   8.8960114503    
   9.0239289708    
   9.1398340743    
   9.2308767734    
   9.2830584917    
   3.4835147858    
   3.5869507844    
   3.8370080052    
   4.1961275635    
   4.5008422220    
   4.0686243950    
   4.6864389134    
   4.7906954036    
   3.8726372730    
   4.7916191089    
   4.8917075859    
   5.0242217399    
   4.8854021836    
   4.8660729710    
   5.0527603433    
   3.4103201761    
   3.5876764345    
   3.6614223793    
   3.3527881703    
   3.3212348405    
   3.7750413472    
   5.2407787923    
   5.1332671138    
   5.1781363377    
   5.3029010095    
   5.3995581044    
   5.2549982778    
   5.2980926791    
   5.3217689410    
   5.3159254364    
   5.2906238967    
   5.3997141354    
   5.6495384544    
   6.1200733248    
   6.2395675140    
   6.1098261649    
   6.0517141414    
   6.1274930684    
   5.8364792614    
   5.5902678291    
   5.7511300098    
   5.5002745997    
   9.9849811762    
   9.4925834232    
   5.3333309511    
   5.2194577388    
   8.4609183473    
   7.9004985876    
   5.1650006324    
   5.1097437897    
   6.9893881399    
   6.1044684250    
   5.5115823474    
   5.4542336793    
   5.3920892785    
   5.2839726889    
   5.4001827563    
   5.6448984544    
   6.0127513533    
   4.8808170286    
   4.8531304262    
   4.8452428551    
   4.8463558504    
   4.7891813868    
   5.0355564682    
   5.2533829031    
   9.3530192170    
   9.4670672608    
   9.4945326841    
   9.4642411704    
   9.3786044763    
   9.3639877231    
   6.0611539759    
   6.1950988698    
   6.3035024287    
   6.3484176972    
   6.4921574993    
   9.3585262598    
   9.3482051826    
   9.3208307106    
   9.2850978553    
   9.2441366568    
   6.4283694118    
   6.5294626930    
   6.6390498104    
   3.0912383725    
   3.0577148972    
   3.2401859499    
   3.9737786715    
   4.7803344970    
   5.1949805075    
   4.2997439985    
   4.3828238163    
   5.1658202802    
   5.1554266450    
   5.0683262729    
   4.9754282934    
   4.9583047182    
   5.0352830462    
   5.1294352627    
   5.1875261761    
   5.4254848126    
   5.3348158683    
   5.1719783806    
   5.1197980845    
   7.0726961371    
   5.9710868480    
   5.2150041443    
   5.4270295672    
   5.5125477033    
   4.9020427953    
   4.8229865063    
   4.8258735877    
   4.8104827568    
   4.8808715200    
   4.9432967783    
   5.1442917847    
   5.3603793325    
   5.9274169384    
   6.3325332257    
   6.5090826540    
   6.6802830290    
   6.6566617955    
   6.8232354811    
   6.6642898901    
   6.7947977716    
   6.9059279461    
   6.9269119162    
   6.9814819442    
   6.7500331114    
   6.8460998108    
   6.9153795149    
   6.9549602866    
   6.9723909437    
   6.9847880801    
   6.9948425528    
   6.9994509868    
   2.6022652501    
   2.5855486916    
   2.7685868811    
   3.5616176534    
   4.5824198021    
   5.2547976191    
   5.2593575919    
   5.1634494126    
   5.1384818745    
   5.0896459719    
   5.0375715973    
   4.9977794646    
   4.9168677645    
   4.8265624625    
   4.8553333849    
   4.8265730600    
   4.9795865598    
   4.9977969507    
   5.0212098495    
   5.0207924563    
   4.9929744617    
   6.1149583999    
   5.6582464764    
   5.4910849042    
   4.9324968826    
   4.9036123694    
   4.8598952584    
   4.8490423405    
   4.8715962738    
   4.9277667779    
   5.0262990101    
   5.2359254030    
   5.6025796411    
   6.4924308534    
   7.1491304392    
   7.0941739476    
   7.0511572943    
   7.0394784201    
   7.1041497150    
   7.0706470980    
   7.2808003463    
   7.1589916402    
   7.1026881543    
   7.2103203960    
   7.1552713486    
   7.8934252187    
   7.4385559544    
   7.2499830218    
   7.1762205890    
   7.2913735813    
   7.1817227652    
   7.4416603485    
   7.2829123289    
   7.1670198950    
   7.2437229936    
   7.1304419100    
   7.0198533886    
   2.4385448890    
   2.4683108453    
   2.5069063477    
   3.3390757083    
   4.4661420100    
   5.2145884251    
   5.3206754031    
   5.2142961102    
   5.1319235029    
   5.0731252059    
   5.0363264218    
   5.0354117461    
   4.9673589722    
   4.9203833152    
   4.8611810363    
   4.8523147497    
   4.8583244753    
   4.9350695139    
   4.9650042097    
   4.9614748130    
   4.9614820508    
   6.1869665932    
   4.9468738998    
   4.9368320888    
   4.9105907917    
   4.8980169317    
   4.8835931055    
   4.8729931796    
   4.9310457889    
   4.9889707699    
   5.0810406314    
   5.3362342578    
   5.7482726147    
   6.2926078643    
   6.8421367230    
   6.2161903602    
   6.5047108444    
   7.2324397127    
   7.2835112869    
   7.1775196888    
   7.0739271931    
   7.1505984884    
   7.0959796758    
   7.0605491986    
   6.9669789854    
   6.7789513458    
   6.8287517009    
   6.6146110284    
   6.7768528514    
   6.9393104593    
   6.9121615281    
   6.9170192696    
   6.9045941071    
   6.9634161482    
   6.8830003163    
   6.8290917726    
   6.8228187578    
   6.7629668135    
   6.6885792966    
   2.3870045907    
   2.3386533481    
   2.6577043688    
   3.5293119934    
   4.6792273918    
   5.2333497901    
   5.1951101340    
   5.1887570323    
   5.1059054414    
   5.0344255875    
   4.9970300825    
   4.9912441810    
   4.9851165963    
   4.9769377100    
   4.9563875530    
   4.9220402633    
   4.9187386938    
   4.9382532728    
   4.9535397163    
   4.9547004519    
   4.9468083743    
   4.9386341719    
   4.9198385055    
   4.9256711067    
   4.9135847676    
   4.9182046151    
   4.9206386011    
   4.9454622788    
   4.9960953181    
   5.0659690308    
   5.1414163182    
   5.2184007429    
   5.7089546065    
   6.0639927230    
   6.2192148273    
   5.9148610919    
   6.0436429170    
   6.4391520167    
   6.5028076150    
   6.3259920832    
   6.3874959143    
   6.5851541323    
   6.5432444054    
   6.5133360635    
   6.4295674082    
   6.3997898293    
   6.2311359169    
   6.3383886233    
   6.3410950644    
   6.2936638882    
   6.3029275797    
   6.1629119555    
   6.2549656932    
   6.2613898365    
   6.2078748987    
   6.3535818485    
   2.3326722637    
   2.1759945690    
   2.7998114576    
   3.6272342693    
   4.5223515764    
   4.8560198290    
   5.0723880462    
   5.1252453918    
   5.0566864688    
   4.9786839836    
   4.9375179936    
   4.9414646939    
   5.0026169995    
   5.0132661623    
   5.0191089744    
   5.0047827479    
   4.9853530883    
   4.9875326940    
   4.9906603906    
   4.9649334492    
   4.9537585623    
   4.9246337835    
   4.9279889457    
   4.9301764472    
   4.9201865296    
   4.9409389544    
   4.9622477645    
   4.9871197385    
   5.0298945543    
   5.0874053380    
   5.1581754539    
   5.2804377472    
   5.5841108193    
   5.7885237524    
   5.9130037244    
   6.0214615823    
   5.9327782017    
   5.9637630595    
   5.7442172724    
   5.8599745488    
   5.9159443751    
   5.9523474692    
   5.8979664262    
   5.9371306266    
   5.7905407613    
   5.8572672105    
   5.8954633356    
   5.8328916602    
   5.8574693360    
   6.1007708205    
   6.1336121919    
   6.0673125718    
   6.0914201872    
   6.1588872421    
   6.1145796227    
   6.0276405086    
   6.0534130695    
   5.9994279360    
   6.0382129367    
   5.9887470523    
   5.9667990281    
   2.5590898716    
   2.5837926280    
   2.8752898280    
   3.6317423694    
   4.3267325566    
   4.6700457590    
   4.9108803309    
   5.0141924828    
   5.0395584182    
   4.9735116914    
   4.9150594204    
   4.9304928033    
   4.9936107672    
   5.0574041083    
   5.0967885266    
   5.0738777522    
   5.0653053718    
   5.0896491823    
   5.1000742850    
   5.0223110507    
   4.9738641597    
   4.9532404475    
   4.9454390318    
   4.9496323041    
   4.9532598421    
   4.9640039186    
   4.9893647089    
   5.0139821094    
   5.0432504103    
   5.0857061952    
   5.1199110395    
   5.1813800988    
   5.4213816832    
   5.4888172493    
   5.5469822229    
   5.4667084597    
   5.5151896768    
   5.7702675766    
   5.5000459373    
   5.5195584426    
   5.7786686567    
   5.7619239044    
   5.8070295339    
   5.7872038398    
   5.7672041617    
   5.7462461398    
   5.7908895832    
   5.8199176006    
   5.8224644351    
   5.8044222993    
   5.5372281284    
   5.5053090324    
   5.5139183943    
   5.5000656716    
   5.5080723610    
   5.4283924970    
   5.4952373764    
   5.5027547479    
   5.4905256327    
   5.4977294373    
   5.8123054142    
   5.5161425424    
   2.7743323970    
   2.8424310047    
   3.0399785068    
   3.6740253563    
   4.2084512856    
   4.6384872232    
   4.8302872677    
   5.0016859170    
   5.0591678630    
   4.9690298133    
   4.9190878309    
   4.9330269342    
   4.9645709812    
   5.0702888558    
   5.0716201597    
   5.0732798376    
   5.1068997613    
   5.1636017009    
   5.3223819601    
   5.2102006468    
   5.0578363918    
   4.9942450189    
   4.9647636500    
   4.9768468250    
   4.9900232211    
   4.9942743455    
   5.0012830087    
   5.0117283472    
   5.0534395288    
   5.0400671106    
   5.0754637478    
   5.1453288753    
   5.3470769579    
   5.4352541919    
   5.4306642897    
   5.3994532297    
   5.4082757263    
   5.3039480700    
   5.3461435194    
   5.3929711554    
   5.3996371918    
   5.3459635056    
   5.3449706069    
   5.3329051140    
   5.3296851421    
   5.3384499160    
   5.3274791671    
   5.3211491153    
   5.4254036808    
   5.4233330218    
   5.4181344272    
   5.4205077387    
   5.4857422684    
   5.4808177395    
   5.4130544609    
   5.4173829191    
   5.4093336815    
   5.5010986228    
   5.3590829476    
   5.3507411067    
   2.8144787589    
   2.9251007768    
   3.3688481865    
   4.0512470377    
   4.2807150674    
   4.5442738954    
   4.7788110350    
   4.9710781731    
   5.0227388183    
   4.9531441715    
   4.9310690736    
   4.9293502879    
   4.9451267773    
   5.0028505703    
   4.9394086308    
   4.7963495677    
   4.8428626076    
   5.1384297615    
   5.7754087280    
   5.4805041008    
   5.1257867199    
   5.0312231691    
   4.9908601528    
   5.0016747256    
   5.0175301711    
   5.0248833784    
   5.0105726823    
   4.9896045718    
   4.9812372474    
   5.0037063740    
   5.0595707177    
   5.1530722151    
   5.2439621215    
   5.1297026444    
   5.2094128317    
   5.3195031794    
   5.3440290805    
   5.3376054630    
   5.3442968867    
   5.3327950860    
   5.3315904450    
   5.3338731156    
   5.3297422708    
   5.3251890040    
   5.3218784528    
   5.3233930150    
   5.3253544380    
   5.3148271606    
   5.3178490879    
   5.2870019113    
   5.3013172559    
   5.2472367886    
   5.2686747784    
   5.2694678271    
   5.2477518611    
   5.2529428983    
   5.3014821481    
   5.2845791629    
   5.2697249777    
   2.9896445321    
   2.9839900140    
   3.3501647393    
   3.7784556832    
   4.0973726831    
   4.4633727971    
   4.7576917444    
   4.9227742560    
   4.9186832429    
   4.9248024177    
   4.9475159794    
   4.9313075695    
   4.9746550368    
   5.0454764242    
   4.9113287572    
   4.6396653357    
   4.6041086616    
   4.9138718250    
   5.4623959791    
   5.4983842542    
   5.2108238942    
   5.0613289429    
   5.0228481064    
   5.0291829035    
   5.0475284478    
   5.0574413663    
   5.0313108185    
   4.9390106684    
   4.8896587467    
   4.9437848395    
   4.9902167207    
   5.0839981428    
   5.1486515346    
   5.0430190784    
   5.0886965301    
   5.1081833678    
   5.0684596102    
   5.0777359720    
   5.2098303983    
   5.2292040515    
   5.2357144802    
   5.2156078908    
   5.1833222145    
   5.2011568814    
   5.1883432836    
   5.1403812808    
   5.1476506516    
   5.1150671297    
   5.1222735555    
   5.1534035420    
   5.1048742474    
   5.1155316916    
   5.0946617975    
   5.1063323493    
   3.1551510115    
   3.0555112261    
   3.3337545869    
   3.6633613862    
   3.9775419723    
   4.4046776133    
   4.7520212741    
   4.8674499726    
   4.8782258399    
   4.9246951936    
   4.9920527343    
   5.0252829795    
   5.0595384163    
   5.0816824612    
   4.9882296220    
   4.7994879642    
   4.5173592468    
   4.7167114921    
   5.2324130499    
   5.5821981393    
   5.2612840185    
   5.0937746091    
   5.0208200544    
   5.0402402241    
   5.0681225969    
   5.0703836940    
   5.0245489081    
   4.8747605322    
   4.8088518534    
   4.9100100652    
   4.9628720615    
   5.0164667767    
   5.0465706500    
   5.0598005830    
   5.0336811838    
   5.0458816145    
   5.0543331571    
   5.0404381973    
   5.0486098957    
   4.9858884551    
   5.0007978341    
   5.0357049650    
   5.0451255608    
   5.0296121955    
   5.0328173592    
   5.0080603456    
   5.0214275221    
   5.0354689569    
   5.0130329188    
   5.0231106444    
   5.0857419655    
   5.0778767628    
   5.0708316844    
   5.0643954468    
   3.2312149879    
   3.1987403922    
   3.3948573595    
   3.7049217362    
   4.0430129793    
   4.3477285334    
   4.6856053866    
   4.8515048952    
   4.9122633816    
   4.9832667302    
   5.0612285298    
   5.0934954349    
   5.1344354032    
   5.1739067852    
   5.0945533735    
   4.9844486008    
   4.8712091772    
   4.9553015289    
   5.1864727572    
   5.2676447424    
   5.1935819765    
   5.0811964713    
   5.0408492713    
   5.0521630671    
   5.0601362581    
   5.0475541523    
   4.9671647662    
   4.8510329369    
   4.8726816491    
   4.9225861583    
   4.9595467198    
   4.9652412832    
   4.9496197688    
   4.9480500722    
   4.9695997720    
   4.9800499633    
   5.0079215291    
   5.0180895288    
   5.0010557610    
   5.0117747068    
   4.9734550460    
   4.9915258016    
   4.9860314829    
   4.9561025238    
   4.9606528047    
   4.9426027855    
   4.9455318794    
   4.9579624393    
   4.9622048325    
   4.9604850699    
   4.9501742277    
   4.9590127147    
   4.9453618799    
   4.9458250174    
   4.9543524136    
   4.9476044753    
   3.3800078629    
   3.2911776155    
   3.5393613631    
   3.8320066727    
   4.0963968855    
   4.4020128740    
   4.7274616228    
   4.8728993959    
   4.9871974391    
   5.0899836656    
   5.1233637627    
   5.1591974206    
   5.2036537134    
   5.2191366227    
   5.1666465948    
   5.1177379567    
   5.0758907211    
   5.0937661437    
   5.1453086904    
   5.1457997339    
   5.1068853223    
   5.0707097559    
   5.0534411272    
   5.0731763512    
   5.0677980249    
   5.0385754958    
   4.9603923325    
   4.8954623462    
   4.8936794749    
   4.9189607868    
   4.9251526895    
   4.9248885332    
   4.9110849217    
   4.9006713528    
   4.9315673658    
   4.9340181237    
   4.9173963878    
   4.9223724116    
   4.9392133536    
   4.9411841584    
   4.9341492010    
   4.9364833116    
   4.9295018442    
   4.9323504370    
   4.9243347953    
   4.9277099473    
   4.9033842945    
   4.9090620155    
   4.8888072073    
   4.8992595986    
   4.9193367978    
   4.9232888730    
   4.9137328214    
   4.8933968991    
   4.8888002621    
   4.8911857252    
   4.8868990043    
   4.8894292009    
   3.7181070286    
   3.5693502257    
   3.6947555989    
   3.8804588616    
   4.1443546325    
   4.4096789498    
   4.6914198995    
   4.9096305207    
   5.0596452538    
   5.1261434265    
   5.1606911999    
   5.1937784258    
   5.2341402854    
   5.2569380541    
   5.2356879887    
   5.2319702447    
   5.1604336437    
   5.1515752661    
   5.1380697360    
   5.1156062979    
   5.0696951100    
   5.0398467953    
   5.0485491700    
   5.0633727775    
   5.0670723884    
   5.0297468317    
   4.9335176923    
   4.8910910870    
   4.8841355814    
   4.9210324385    
   4.9082859340    
   4.8937907183    
   4.9138481972    
   4.9006910289    
   4.8889118258    
   4.8842236873    
   4.8865703338    
   4.8851917699    
   4.8859212108    
   4.8950720087    
   4.8853069453    
   4.8908167342    
   4.8913486614    
   4.8931669657    
   4.8919707103    
   4.8957507521    
   4.8905032470    
   4.8920151014    
   4.8926682894    
   4.8893303136    
   4.8895775398    
   3.7666221040    
   3.6839110668    
   3.7298412919    
   3.9104585704    
   4.1524723324    
   4.3989589297    
   4.7062674990    
   4.9483261410    
   5.0997765563    
   5.1604535567    
   5.1976421709    
   5.2169818126    
   5.2197324124    
   5.2491927547    
   5.2616294819    
   5.2550392065    
   5.2235582871    
   5.1864824580    
   5.1560678694    
   5.1033861109    
   5.0730865092    
   5.0515461784    
   5.0540205302    
   5.0623663302    
   5.0599770982    
   5.0300950425    
   4.9466074583    
   4.8826251279    
   4.9036339292    
   4.9471953185    
   4.9191094531    
   4.9025551063    
   4.9174854962    
   4.8982763665    
   4.8940624375    
   4.8915058829    
   4.8903639676    
   4.8914007443    
   4.8901924142    
   4.8932521055    
   4.8906334619    
   4.8890713215    
   4.8901056836    
   4.8887784752    
   4.8896002857    
   4.8893390036    
   4.8907775876    
   4.8888872147    
   4.8877119106    
   4.8872707577    
   4.8861945953    
   4.8864656287    
   4.8852492299    
   4.8843279446    
   4.8828228819    
   4.8821267193    
   3.7043404432    
   3.6402809559    
   3.8212819967    
   3.9980978559    
   4.2118974871    
   4.4141662477    
   4.6761077435    
   4.9130445526    
   5.1032382334    
   5.2345463364    
   5.2233331392    
   5.2388520903    
   5.2304657745    
   5.2591353813    
   5.2498547647    
   5.2511496464    
   5.2587188251    
   5.1813581172    
   5.1443508033    
   5.0972632419    
   5.0766568760    
   5.0660677017    
   5.0672377388    
   5.0639217350    
   5.0567125924    
   5.0422212693    
   4.9539093393    
   4.8918394900    
   4.9082694272    
   4.9368766138    
   4.9110552251    
   4.8870644281    
   4.9053813042    
   4.8753359871    
   4.8804599782    
   4.8800028936    
   4.8796228579    
   4.8768304346    
   4.8768847937    
   4.8721146885    
   4.8733998679    
   4.8740392941    
   4.8702062862    
   4.8712735324    
   4.8624749466    
   4.8670821827    
   4.8659147457    
   4.8631777352    
   4.8645478002    
   4.8616038362    
   4.8629906218    
   4.8642750373    
   4.8644176301    
   4.8650573895    
   3.8021556507    
   3.8183001419    
   3.9582280707    
   4.0723088460    
   4.2161283106    
   4.4288667432    
   4.6021518454    
   4.8379054172    
   5.1054321714    
   5.2072523765    
   5.2190334514    
   5.2250120268    
   5.2223779432    
   5.2324532296    
   5.2196108843    
   5.2157233838    
   5.2043761734    
   5.1589801319    
   5.1387564002    
   5.1079751743    
   5.0867294397    
   5.0698410895    
   5.0701537976    
   5.0538843812    
   5.0379773296    
   5.0047464463    
   4.9523348563    
   4.9101380511    
   4.9166651699    
   4.9150125615    
   4.9005702132    
   4.8804996712    
   4.8966349945    
   4.8881213222    
   4.8685260224    
   4.8667024549    
   4.8683683520    
   4.8709135554    
   4.8704895915    
   4.8760777233    
   4.8725627745    
   4.8727216935    
   4.8750034388    
   4.8809534001    
   4.8772086717    
   4.8863232907    
   4.8906112990    
   4.8886508016    
   4.8973559851    
