   4.7486889817    
   4.7586687601    
   4.7604412026    
   4.7611254412    
   4.7617758495    
   4.8033927232    
   4.8834924247    
   5.0043866099    
   5.0705583086    
   5.1651739810    
   5.2482620736    
   5.2160700543    
   5.0178179773    
   4.9517095687    
   4.7877161299    
   4.3826915832    
   4.1077590751    
   3.8574264738    
   3.4474721063    
   3.0172389331    
   2.9017772215    
   2.7921487975    
   2.8161515354    
   3.0996184337    
   3.2947977515    
   3.9901877247    
   4.4642708521    
   5.1838102494    
   5.2505955664    
   5.1232867884    
   4.8441453996    
   4.6578665545    
   4.3840543010    
   4.3571390862    
   4.8520751678    
   5.3795994479    
   6.2230419796    
   6.5527534338    
   6.7124574811    
   6.7546843850    
   6.8277550496    
   6.7609514677    
   6.8721549304    
   6.8990665978    
   6.9162836903    
   6.9074027123    
   6.9327370341    
   6.8330268113    
   6.9244915286    
   6.9399895415    
   6.9147646152    
   6.9560204888    
   6.8347484520    
   6.8175497564    
   6.8929645075    
   6.9454173005    
   6.8451335487    
   6.8572313687    
   6.8643805124    
   6.8757973667    
   6.8684789028    
   6.8864403252    
   6.8640100123    
   6.8716204462    
   6.9111629813    
   6.8906533515    
   6.8476427842    
   6.8650237188    
   4.7415156179    
   4.7478773327    
   4.7371961585    
   4.7316036446    
   4.7356499978    
   4.7846824418    
   4.8667022475    
   4.9974488437    
   5.0690132042    
   5.1952320546    
   5.3619201565    
   5.2014459402    
   5.0404893842    
   5.0082323070    
   4.8052495902    
   4.4421470070    
   4.1787731633    
   3.8916707599    
   3.3715469730    
   2.9437058068    
   2.7238274848    
   2.6363486776    
   2.8055904487    
   2.9852995321    
   3.2865076701    
   3.8598542978    
   4.6326158608    
   5.0779907105    
   5.3722350988    
   5.3051532041    
   5.0004755509    
   4.6781804883    
   4.1279736038    
   3.8252714441    
   4.5884372796    
   5.5746701644    
   7.2171217197    
   7.5106814209    
   7.3504137111    
   8.6288786023    
   7.9679928538    
   7.5227082054    
   7.5341706026    
   7.6959576151    
   7.5741936256    
   7.5764429413    
   7.6103268102    
   7.6000581843    
   6.9344858810    
   7.0061383653    
   7.5287950376    
   7.8681596621    
   7.6771274214    
   7.6211346527    
   7.7374403427    
   7.6396247313    
   7.9576015315    
   7.7886071707    
   7.8281645404    
   4.6862675779    
   4.6918811036    
   4.6887643245    
   4.6936437715    
   4.7112212522    
   4.7419305266    
   4.7971576976    
   4.8939126070    
   5.0059708180    
   5.1568886475    
   5.1732394234    
   5.0854038333    
   5.0048438549    
   4.9251123725    
   4.7398582162    
   4.4579936375    
   4.1304627065    
   3.7158814367    
   3.2903451230    
   2.9811405932    
   2.6358941734    
   2.4177569633    
   2.3703036152    
   2.6962792912    
   3.0228430375    
   3.6093149280    
   4.4980193146    
   5.2085033055    
   5.6127869474    
   5.5955988518    
   5.2674923794    
   4.8144080356    
   4.2364240699    
   3.8187958213    
   4.5784617337    
   5.6310575462    
   7.7159207408    
   9.2782555699    
   8.4860826683    
   8.0013720804    
   8.4181818816    
   7.9727287627    
   8.3427820597    
   8.1852260325    
   7.8235951959    
   7.8802484477    
   7.6166035656    
   7.6620497027    
   7.8330259565    
   7.6809507063    
   7.8458208938    
   7.8032569705    
   7.6737707474    
   7.8394757813    
   7.9662647816    
   7.8152710221    
   7.9160069535    
   7.8518062407    
   7.7785081477    
   7.7005295401    
   4.6556225336    
   4.6518664299    
   4.6399792539    
   4.6437954489    
   4.6807408246    
   4.6711948417    
   4.6882044429    
   4.7750049667    
   4.8853358064    
   5.0049288365    
   5.0310625631    
   4.9608655238    
   4.9286029131    
   4.8468610840    
   4.6111925019    
   4.4886702435    
   4.0463527028    
   3.5583648179    
   3.1876130855    
   2.7618484988    
   2.3698956026    
   2.2199272202    
   2.2189372212    
   2.4545856201    
   2.7965701300    
   3.4363922087    
   4.9535876708    
   5.8156980508    
   6.2984972147    
   6.1874206524    
   5.8174051644    
   5.4066647750    
   4.9643490685    
   4.8317335936    
   5.0844614602    
   5.7950953412    
   7.0461611771    
   7.6239850716    
   7.5991215192    
   7.7932797796    
   7.7096713776    
   7.6920397150    
   7.6207910184    
   7.3738462696    
   7.5991827261    
   7.5606688686    
   7.5599422267    
   7.3013026012    
   7.2896767187    
   7.4664452847    
   7.2855397829    
   7.2701277296    
   7.3762377984    
   7.1826674199    
   7.3460934960    
   7.3504949495    
   7.2964404673    
   7.2628113888    
   7.2068466299    
   7.6215261647    
   4.6186775274    
   4.6043371024    
   4.5733553219    
   4.5535686443    
   4.5584022006    
   4.5578819616    
   4.6016357372    
   4.6644803075    
   4.7492021967    
   4.8695191337    
   4.9171425070    
   4.7915142656    
   4.7456635509    
   4.6606355378    
   4.4403454597    
   4.2876146982    
   3.9129661628    
   3.3592811921    
   2.9221564902    
   2.4976720851    
   2.0320957041    
   1.9490156231    
   2.1624939564    
   2.1967660140    
   2.5749193237    
   4.1193959773    
   5.7048915674    
   6.4317411511    
   7.1277418272    
   6.9598334019    
   6.7140631135    
   6.3152036283    
   5.7476679385    
   5.6073779955    
   5.7624336449    
   6.3066843495    
   7.3885456438    
   7.1515991512    
   7.1858660339    
   7.2143821123    
   7.1266307308    
   7.0902808011    
   7.0437596550    
   7.0779640009    
   7.1597039232    
   7.1172461991    
   7.1151609459    
   7.0730190290    
   7.1106994208    
   7.0760389691    
   7.0691103578    
   7.0291304769    
   6.9821456624    
   6.9826193848    
   6.9427822055    
   6.9319460053    
   6.8925805652    
   6.8792053536    
   6.8444816197    
   4.5752619680    
   4.5445386687    
   4.5065743136    
   4.4546002153    
   4.4426502892    
   4.4532938210    
   4.5054254009    
   4.5561695119    
   4.6208590627    
   4.6743256826    
   4.6522776464    
   4.5594194187    
   4.5097090639    
   4.3693793628    
   4.2095905164    
   4.0512689888    
   3.7071585242    
   3.1655013800    
   2.6679828757    
   2.2388302107    
   1.8142738001    
   1.8043506989    
   2.1537834262    
   2.0801772790    
   2.4287437359    
   5.5688759630    
   6.6534486784    
   7.2669648683    
   7.9539220179    
   7.8243026573    
   7.5138797491    
   6.8324000586    
   6.3593677135    
   6.1734605979    
   6.1016990294    
   6.3202864285    
   6.6699304480    
   6.8255760355    
   6.8198205439    
   6.7963995420    
   6.7762398363    
   6.7406288768    
   6.7383902898    
   6.6900092476    
   6.6444490857    
   6.5254324848    
   6.5342830483    
   6.5017105756    
   6.4107927891    
   6.3973975086    
   6.7931613232    
   6.7024220226    
   6.6579390587    
   6.5885722421    
   6.5414344469    
   6.4540736923    
   6.4260676817    
   6.4083361904    
   6.3983367491    
   6.3633540363    
   6.4639194760    
   4.5475852477    
   4.5084649375    
   4.4470446412    
   4.3849251320    
   4.3543075332    
   4.3476181735    
   4.3802240296    
   4.4549385263    
   4.4960749932    
   4.4759223893    
   4.3940459018    
   4.2922022512    
   4.2026360619    
   4.1014267737    
   3.9568512084    
   3.7830022711    
   3.5409898862    
   3.1211938494    
   2.4753566711    
   2.1831822552    
   2.0918284617    
   2.0805437715    
   2.2292497148    
   2.4791691734    
   3.7199635665    
   7.5622084634    
   7.4002642092    
   7.7032802859    
   8.2248161477    
   7.8651651565    
   7.6441664288    
   7.1807339732    
   6.8802014812    
   6.7305873324    
   6.2258850830    
   6.0402762653    
   6.0544344917    
   6.1818969356    
   6.3091520183    
   6.2966948060    
   6.1943215933    
   6.1808669945    
   5.9700570876    
   5.9480150409    
   6.3193245665    
   6.1249746190    
   6.1099648968    
   6.0958112776    
   6.0774552543    
   6.0666231553    
   6.0452574429    
   6.0376905552    
   6.0264664047    
   6.0007402351    
   5.9680582462    
   5.9752718841    
   5.9671639000    
   5.8854638654    
   5.9425974006    
   5.8771800719    
   5.8857160595    
   4.5527630543    
   4.5178117121    
   4.3970103124    
   4.3003119371    
   4.2280548927    
   4.2084787719    
   4.2668112440    
   4.3491232142    
   4.4380907344    
   4.3136117490    
   4.1865560261    
   4.0404480706    
   3.9090554800    
   3.8427611146    
   3.7751306556    
   3.6244555971    
   3.5353258389    
   3.3194876533    
   2.7003954430    
   2.4321544378    
   2.2867114546    
   2.3006525055    
   2.3752199143    
   2.8506485537    
   3.8235051584    
   5.3688029304    
   6.4916844210    
   7.2036133603    
   6.6040979257    
   6.8144591282    
   7.1402240390    
   7.1610766236    
   7.0210585400    
   7.0269400300    
   6.1123496700    
   5.6539129030    
   5.6398345795    
   5.7756124266    
   5.8154857054    
   5.6178961311    
   5.6896712518    
   5.8410908598    
   5.8588816940    
   5.8530780626    
   5.8404291110    
   5.8620335992    
   5.7966509532    
   5.8339404907    
   5.8404667096    
   5.8106617830    
   5.7894058517    
   5.7660008662    
   5.7071839209    
   5.7424483777    
   5.6721629358    
   5.7016887685    
   5.7675961334    
   5.7502616669    
   5.7315370968    
   5.7120170491    
   4.5703052579    
   4.5051919066    
   4.3231609941    
   4.1933482279    
   4.1365970313    
   4.0991571766    
   4.1150822917    
   4.1614091455    
   4.2161320911    
   4.1578116731    
   4.0149956314    
   3.8573248030    
   3.6970712098    
   3.6038653448    
   3.6014262048    
   3.4647743854    
   3.3310055970    
   3.1739200774    
   2.9329554222    
   2.6254640498    
   2.4850715163    
   2.5357112173    
   2.6928265088    
   3.1490252886    
   3.6117625340    
   4.5572362328    
   5.7331274228    
   6.0865552351    
   5.9411073434    
   5.9761106855    
   6.6945344403    
   7.2242793419    
   6.4617818255    
   5.9614759800    
   5.6020090312    
   5.1099556464    
   5.2279950029    
   5.4022251280    
   5.4398726901    
   5.3368634804    
   5.3855151307    
   5.6043374921    
   5.5972174176    
   5.5422812377    
   5.5657706425    
   5.6938627871    
   5.7075362938    
   5.6769569936    
   5.6909531845    
   5.6611859075    
   5.6752232951    
   5.6460877906    
   5.6601476825    
   5.3712626581    
   5.5409251447    
   5.3966758598    
   5.3555726468    
   5.5725917172    
   5.6467122857    
   5.5252394340    
   5.5721554583    
   5.5104803727    
   5.5254574493    
   5.3643887374    
   5.5126082394    
   4.5655505154    
   4.4657613898    
   4.2736418528    
   4.1328608136    
   4.0549849722    
   3.9800904857    
   3.9174270731    
   3.9028211871    
   3.9361797904    
   3.9356544792    
   3.8380049820    
   3.6997645481    
   3.5280967482    
   3.4074752044    
   3.3557883390    
   3.2078551736    
   3.0342670676    
   3.0701747768    
   2.9990830124    
   2.9528417294    
   2.9342201407    
   2.8153818406    
   2.9653189383    
   3.2568720806    
   3.8109641312    
   4.4634151265    
   5.1389781831    
   5.4602057059    
   5.4565579101    
   5.4873082755    
   5.8239688679    
   6.0341497793    
   5.6697848864    
   5.2262541534    
   5.0005922019    
   4.9562710528    
   5.1205390871    
   5.2927558318    
   5.3472713572    
   5.2530133069    
   5.2341498874    
   5.3746822218    
   5.3622558692    
   5.3616204300    
   5.3445551320    
   5.3516534713    
   5.3623902734    
   5.3406512020    
   5.3516613508    
   5.5162690399    
   5.5064374759    
   5.3328917173    
   5.3272660901    
   5.3192269809    
   5.2173047976    
   5.3201937716    
   5.3126189050    
   5.3073481337    
   5.3123495414    
   5.3706123905    
   5.3681056830    
   4.4825568463    
   4.4087343520    
   4.2128245938    
   4.0639279526    
   3.9617154112    
   3.8481915011    
   3.7234491989    
   3.6106913625    
   3.6700898374    
   3.6519485377    
   3.5776259249    
   3.4571807202    
   3.3576623363    
   3.2411067944    
   3.1977740738    
   3.0925576586    
   3.0930735919    
   3.1582953268    
   3.1031567698    
   3.1474549054    
   3.3064213902    
   3.2981737870    
   3.0788665152    
   3.2949867437    
   3.8647050199    
   4.3338042015    
   4.7820405872    
   5.0205674761    
   5.3977222387    
   5.1381376588    
   5.0551177880    
   5.0788071084    
   4.9559392855    
   4.7580979157    
   4.6792792986    
   4.8614333824    
   5.0654827457    
   5.1770210810    
   5.1821701330    
   5.1560819003    
   5.1734429047    
   5.2111577154    
   5.2884806261    
   5.1828127277    
   5.3467464337    
   5.3722470125    
   5.3666840805    
   5.3799929453    
   5.3403692233    
   5.3670078998    
   5.3551576388    
   5.3308085760    
   5.3415368542    
   5.2618317550    
   5.3394181868    
   5.2887939870    
   5.3159600882    
   5.3215077707    
   5.3337554271    
   5.3256029777    
   5.3375363185    
   5.3305027487    
   5.3421271882    
   5.3325613625    
   5.3957734599    
   4.4313498124    
   4.4513514474    
   4.2009006738    
   4.0128221649    
   3.8435273383    
   3.7100887396    
   3.6048675932    
   3.5095702598    
   3.4949312088    
   3.4520158230    
   3.3706341827    
   3.3028970740    
   3.2278645771    
   3.0177321877    
   3.1392550544    
   3.1496698333    
   3.2137647473    
   3.2929729198    
   3.3890953854    
   3.2038109829    
   3.1821012425    
   3.3001161890    
   3.4152204369    
   3.5903065978    
   3.8879090195    
   4.0811779334    
   4.2348911001    
   4.2328833242    
   4.4639057612    
   4.4421748244    
   4.3988529316    
   4.4983026099    
   4.6124018104    
   4.5408479703    
   4.6229449764    
   4.8857391907    
   5.1415376559    
   5.1937043653    
   5.2361551445    
   5.2494066225    
   5.2694252662    
   5.2811689542    
   5.3081798305    
   5.2578125017    
   5.3012890297    
   5.3288917214    
   5.3414723282    
   5.3262354563    
   5.3246365468    
   5.2526586425    
   5.2426294738    
   5.2940901321    
   5.3088802790    
   5.2970979172    
   5.3119045118    
   5.2658518778    
   5.3011345538    
   5.3102040816    
   5.3062821308    
   5.3152074063    
   5.2530761259    
   4.4051043111    
   4.3887437838    
   4.1449692563    
   3.9345551851    
   3.7287184406    
   3.6095272103    
   3.5418741394    
   3.4620153208    
   3.3655896498    
   3.3062880485    
   3.2435444215    
   3.2608535259    
   3.3342644624    
   3.2890412137    
   3.2970075338    
   3.1507277086    
   3.3725133527    
   3.5112595018    
   3.4386106331    
   3.3063582692    
   3.1340730178    
   3.4528899030    
   3.7112058760    
   3.7479420785    
   3.7917360416    
   3.8619730577    
   3.9131044513    
   3.7595485880    
   3.6605220431    
   3.6766957957    
   3.6704161652    
   4.2720469238    
   4.9676291894    
   4.8490100074    
   4.9597154809    
   5.2118853134    
   5.3451297885    
   5.2862890621    
   5.2975625105    
   5.3067636881    
   5.3298944550    
   5.3230054571    
   5.3927452211    
   5.3506628099    
   5.3399452146    
   5.3728096629    
   5.3646175513    
   5.4502085665    
   5.4650462631    
   5.4110552975    
   5.3063650375    
   5.2962601834    
   5.3037050320    
   5.3164674897    
   5.3234347258    
   5.3277096737    
   5.3339813525    
   5.3124321601    
   5.3404752946    
   5.3458212050    
   5.4393371879    
   5.3955886798    
   4.2105639156    
   4.1685945327    
   4.0374080805    
   3.8289889405    
   3.5554536883    
   3.4527985684    
   3.4794733211    
   3.4007058241    
   3.2554004413    
   3.1944245302    
   3.2659906424    
   3.4227113105    
   3.5879506431    
   3.6904829344    
   3.6453274189    
   3.5692239130    
   3.6525349453    
   3.6882755374    
   3.5482490979    
   3.4067581152    
   3.4059598490    
   3.6906027777    
   3.9528776942    
   3.7733959728    
   3.6729185585    
   3.6555715566    
   3.7126929221    
   3.3904238561    
   3.0606113406    
   3.1826681705    
   3.1086320616    
   4.1620286744    
   5.3257070221    
   5.5536025341    
   5.6367156883    
   5.6535161825    
   5.5774422739    
   5.5532174999    
   5.7613845102    
   5.6948711672    
   5.5124080549    
   5.5089032600    
   5.5565360727    
   5.5472393164    
   5.5087699453    
   5.5007269548    
   5.5031364933    
   5.5450970329    
   5.5291266986    
   5.5635954518    
   5.5641440957    
   5.5799346490    
   5.5797838029    
   5.5476224347    
   5.5634528790    
   5.6004722876    
   5.5560117713    
   5.7180643997    
   5.7081244556    
   5.6143668901    
   5.7533342322    
   5.6492926729    
   5.5951965801    
   5.5945818509    
   5.6100546642    
   5.6085820574    
   5.6874753071    
   5.7020538445    
   4.1352645504    
   4.0595373312    
   3.9217332409    
   3.7643963035    
   3.5499833278    
   3.3028753498    
   3.0551600305    
   3.1858030437    
   3.1640969599    
   3.1844219502    
   3.3508266012    
   3.6377169156    
   3.7910377658    
   3.9266963489    
   3.8866094357    
   3.9022140140    
   3.9910012254    
   3.9642722468    
   3.7625808431    
   3.3535127058    
   3.5060589643    
   3.7452137519    
   3.8337646724    
   3.7727790686    
   3.6421082782    
   3.4132238305    
   3.3569357905    
   3.2002705107    
   3.0301808364    
   3.0967865418    
   3.2621124730    
   4.2693162642    
   5.4628271983    
   6.3064666987    
   6.3119971969    
   6.0253768734    
   5.8980810712    
   5.8148986948    
   5.7394528446    
   5.8541612809    
   5.8582099548    
   5.9483589384    
   5.9436001259    
   5.8851408848    
   5.9882992450    
   5.9697116116    
   5.9661467547    
   5.9838561964    
   5.9785021418    
   5.8122556436    
   5.7993521886    
   5.6611260517    
   5.8142549370    
   5.8098965167    
   5.8388181917    
   5.8327744144    
   5.8528985075    
   5.8459834454    
   5.8278598369    
   5.9224605228    
   5.9352827162    
   5.9353790016    
   5.9499533036    
   5.9479514326    
   5.9631915749    
   5.9748751349    
   3.9999880874    
   3.9653021803    
   3.8137360822    
   3.8355403484    
   3.6405368669    
   3.3381255813    
   3.1682343206    
   3.3344025762    
   3.2098127643    
   3.0132858224    
   3.0014467696    
   3.0893157506    
   3.0682262337    
   3.0876895912    
   3.0929059872    
   3.0667917580    
   3.0844641344    
   3.1294028271    
   3.2378215301    
   3.3652735591    
   3.5823071950    
   3.6985023417    
   3.7591521509    
   3.7300607683    
   4.0492609116    
   4.1630500248    
   4.1826560332    
   3.9818042027    
   3.7710367797    
   3.8089255719    
   3.8840098506    
   3.8686987243    
   3.8524160179    
   3.7393701213    
   3.4031424748    
   3.2260766917    
   2.9937199152    
   2.8955339135    
   3.0928688685    
   3.4928185881    
   4.7390359781    
   6.1949616938    
   7.0293317243    
   6.6487348798    
   6.3204339627    
   6.2288475461    
   6.3669961674    
   6.2351711429    
   6.0883549381    
   6.0690655060    
   6.1725416284    
   6.1681013813    
   6.0538135911    
   5.9987404954    
   5.9906763169    
   6.0446552531    
   6.0295763130    
   6.1164736466    
   6.0689320560    
   6.1309908235    
   6.1263718758    
   6.1067978483    
   6.1933823998    
   6.1509287975    
   6.2442134391    
   6.1666748745    
   6.1636185657    
   6.1752637617    
   6.1722837774    
   6.1422322307    
   6.1411182106    
   6.1522925023    
   6.1614459756    
   6.1699595795    
   3.9790828244    
   3.8732945444    
   3.6266593013    
   3.7554540375    
   4.0459350815    
   3.6422876252    
   3.7851573697    
   3.5756429220    
   3.3709161298    
   3.2807610176    
   3.3594372349    
   3.2728240502    
   3.2193394556    
   3.1774931603    
   3.2239059543    
   3.1965609814    
   3.2151272365    
   3.1847311300    
   3.1657686750    
   3.1557650347    
   3.1536540065    
   3.1300989461    
   3.3797581310    
   3.2989749159    
   3.2578795314    
   3.2962944606    
   3.2451392836    
   3.3664238029    
   3.2475917344    
   3.2129935965    
   3.1813041761    
   3.2070156342    
   3.1707680524    
   3.1348926979    
   3.1668623105    
   3.1085203926    
   3.1312306459    
   3.0749369695    
   3.1513738423    
   3.1162666826    
   3.1239673426    
   3.1123584592    
   3.0916009528    
   3.0576483032    
   3.0878320113    
   3.0549325999    
   3.0501640158    
   3.0396061992    
   3.0369762942    
   3.0211598694    
   3.0299665927    
   3.0198507464    
   3.0157264854    
   3.0112267256    
   3.0090385618    
   3.0091275239    
   3.1082175523    
   3.0559122925    
   3.0672022731    
   3.0253744623    
   3.0184270441    
   3.0044483598    
   2.9974127111    
   2.9930326806    
   3.0244394401    
   3.0308211770    
   3.0150087308    
   3.0152712670    
   3.0103317670    
   3.0230096507    
   3.0344721091    
   3.0498795754    
   3.0885453851    
   3.0690316300    
   3.0977749523    
   3.0096731849    
   3.0197938192    
   3.0097693916    
   3.0223308430    
   3.0305956585    
   3.0559953537    
   3.0372541359    
   3.0549879645    
   3.0145945133    
   3.0492891032    
   3.0676676879    
   3.0886394275    
   3.0746038057    
   3.0641859265    
   3.0819852535    
   3.0525275492    
   3.0609940572    
   3.0440045153    
   3.0536847951    
   3.0686548609    
   3.0686719137    
   3.0607420924    
   3.0621606456    
   3.1343799583    
   3.1969902492    
   3.0814220290    
   3.1470313292    
   3.0716736314    
   3.1331360920    
   3.1920927509    
   3.2587695458    
   3.2082525011    
   3.2685414737    
   3.3239590887    
   3.3930503715    
   3.3130831790    
   3.3504827467    
   3.3234045671    
   3.3574238526    
   3.3737322464    
   3.3778784515    
   3.3679120846    
   3.3720418037    
   3.3697757414    
   3.3435259395    
   3.3664792234    
   3.3243120113    
   3.2267280536    
   3.5482827855    
   3.6854699673    
   3.7990214145    
   3.8837570282    
   4.2025316232    
   4.2415066173    
   4.1605618825    
   4.1030919790    
   4.1423099182    
   4.1168924732    
   4.0037285872    
   3.9926302783    
   3.9243367716    
   3.6293891548    
   3.3131013002    
   2.9844404399    
   2.8147619639    
   3.0977674577    
   4.0540720000    
   5.7648149470    
   7.0178446694    
   7.3917643530    
   6.7433845341    
   6.4011858331    
   6.2521339116    
   6.2188342308    
   6.3084209053    
   6.2835541522    
   6.4306819823    
   6.3411664570    
   6.3154192475    
   6.3523187401    
   6.3181999903    
   6.3013390622    
   6.3586895437    
   6.3075265715    
   6.2342778377    
   6.1839127892    
   6.2350678070    
   6.2402871017    
   6.2439925856    
   6.2817704918    
   6.2838551187    
   6.3017004074    
   6.2993798342    
   6.2509194414    
   6.2337274531    
   6.3114513995    
   6.3153076570    
   6.3284119147    
   6.3304063783    
   6.2939926257    
   6.2738449894    
   3.7710742225    
   3.5893177801    
   3.2513505450    
   3.0610159558    
   3.2343829994    
   3.1948665547    
   3.0493138216    
   2.9974030423    
   2.9000254885    
   2.9866901919    
   2.9785267605    
   2.8947511538    
   2.9318414817    
   2.9944083753    
   3.0343567906    
   3.0514002630    
   3.0353456576    
   3.0320636827    
   3.0262663889    
   3.0102329852    
   3.0126480672    
   2.9646596744    
   2.9854148395    
   3.0495684239    
   3.0789630698    
   3.0500449834    
   3.0632072963    
   3.1186994579    
   3.1423675605    
   3.0974841013    
   3.1224478843    
   3.0325284091    
   3.0662614771    
   3.1733683977    
   3.2108307022    
   3.1573289974    
   3.1992618759    
   3.2499761554    
   3.2911003656    
   3.2461667982    
   3.2953022113    
   3.1484114827    
   3.2490339569    
   3.0273512482    
   3.1526800656    
   3.3285038980    
   3.3504980416    
   3.3426941168    
   3.3653780888    
   3.3587070901    
   3.3608580606    
   3.3641190192    
   3.3606282386    
   3.3417087210    
   3.3486171265    
   3.3656058266    
   3.3653779790    
   3.3623984172    
   3.3611173446    
   3.3655252909    
   3.3551431876    
   3.3541054586    
   3.3372304795    
   3.3437577859    
   3.3559551935    
   3.3577466535    
   3.3446260248    
   3.3474717066    
   3.2699759166    
   3.3196243382    
   3.3341325910    
   3.3382266270    
   3.3242439513    
   3.3278735202    
   3.2884460858    
   3.3095147339    
   3.3188422262    
   3.2963246721    
   3.3049552596    
   3.3658206801    
   3.3633933145    
   3.3594489868    
   3.3619399768    
   3.3532839905    
   3.3412205601    
   3.3468487843    
   3.3203785792    
   3.3320930805    
   3.3617323926    
   3.3342204017    
   3.4112877383    
   3.4156091000    
   3.4970018362    
   3.5433672351    
   3.6672482386    
   3.6520300833    
   3.8123688846    
   3.7418311208    
   3.8277074120    
   3.8811942427    
   3.9771296580    
   3.9219182656    
   3.9600920633    
   4.0714474246    
   4.0619283907    
   4.0054901687    
   4.1533653798    
   4.0864963104    
   4.2153653836    
   4.3760044972    
   4.4410570858    
   4.3593004056    
   4.4290058290    
   4.3421586315    
   4.4267364038    
   4.4684287948    
   4.4802920572    
   4.4766653680    
   4.4974751956    
   4.4215517998    
   4.3986230355    
   4.4839019443    
   4.4880930030    
   4.5111918843    
   4.5153560381    
   4.4936943708    
   4.3918004288    
   4.4522764708    
   4.4835533137    
   4.4727206814    
   4.3370983904    
   4.1963330258    
   4.0160550157    
   3.7937867843    
   3.5586112997    
   3.4503426552    
   3.1694228877    
   3.3942348547    
   4.8868441259    
   6.6923729587    
   7.3169257046    
   6.8645722646    
   6.6274003397    
   6.4693523224    
   6.2919023022    
   6.2789553377    
   6.4021812912    
   6.3841754808    
   6.3473313842    
   6.3298446831    
   6.3476162024    
   6.3379119947    
   6.3476256346    
   6.3438675970    
   6.3501323855    
   6.3271030540    
   6.3238352468    
   6.3252571749    
   6.2740366064    
   6.2894275581    
   6.3328458853    
   6.3212398634    
   6.3198669232    
   6.3107677475    
   6.3330563653    
   6.3152207249    
   6.3061780221    
   6.2968287501    
   6.2921095161    
   6.2791728311    
   3.3228037185    
   3.2483398549    
   2.9623366908    
   2.8971015348    
   2.9870926949    
   2.7344125864    
   2.8460861777    
   2.9488425812    
   3.0652688285    
   3.2091069530    
   3.2649238517    
   3.2852674430    
   3.2950013254    
   3.2811729854    
   3.2917293369    
   3.2488769268    
   3.2769293482    
   3.1661520095    
   3.2496567681    
   3.3036753332    
   3.3115435408    
   3.2987688113    
   3.3053388217    
   3.3168473229    
   3.2943613299    
   3.3017211333    
   3.2918269594    
   3.3011155738    
   3.3079080119    
   3.3108823182    
   3.3110315372    
   3.3199081761    
   3.3371897868    
   3.3779269254    
   3.3226451866    
   3.3459758349    
   3.3340550041    
   3.3542523721    
   3.3860880548    
   3.2978163705    
   3.3274694395    
   3.3086856215    
   3.3510341115    
   3.3459303382    
   3.3651888991    
   3.3572463157    
   3.3766642691    
   3.3864178849    
   3.4114260476    
   3.3970905774    
   3.4244224062    
   3.3868464664    
   3.4357612338    
   3.4285492859    
   3.4746350536    
   3.4331739094    
   3.4579946559    
   3.4433499519    
   3.4693774480    
   3.4835411987    
   3.5158847037    
   3.4943003522    
   3.5222219553    
   3.5275471680    
   3.5950482513    
   3.5288453278    
   3.5643568971    
   3.5410353561    
   3.5737330866    
   3.5997900901    
   3.6130388928    
   3.5947420015    
   3.6200506737    
   3.4399953703    
   3.4807774991    
   3.4511103033    
   3.4928194238    
   3.5216828556    
   3.4819171006    
   3.5386578232    
   3.5734512810    
   3.6190101434    
   3.5876101343    
   3.6440066621    
   3.6698551770    
   3.8536194630    
   3.6455059910    
   3.6816827732    
   3.6506793408    
   3.7358478539    
   3.8266696454    
   3.8409633934    
   3.8193624894    
   3.8261699787    
   3.9083489765    
   3.9789759751    
   3.8375441632    
   3.9001316791    
   3.8011411977    
   3.8509779314    
   4.0052894694    
   3.9963084573    
   3.9291179005    
   3.9435847637    
   3.7024067030    
   3.8153594499    
   3.7174928712    
   3.7822173459    
   3.8322199850    
   3.9177947406    
   3.8601577506    
   3.8938750581    
   3.9819960832    
   3.9902110400    
   4.0123488483    
   3.9992066887    
   3.9819711235    
   3.9896197904    
   3.9910559883    
   4.0294980751    
   4.1119238943    
   4.0236150106    
   4.0861922823    
   3.9614905180    
   3.9752651292    
   3.9409196057    
   3.9574207358    
   3.9873872604    
   3.9732982895    
   3.9535461708    
   3.9441116653    
   3.8864413326    
   3.9103886176    
   3.9767656133    
   4.0079617330    
   3.9578203379    
   3.9632870438    
   4.0111791933    
   4.0246509864    
   3.9936290086    
   3.9911217550    
   3.9467655519    
   3.9446503666    
   4.2902157957    
   4.2244673779    
   4.1899191383    
   4.1639389675    
   4.0853929046    
   4.0852485630    
   4.0529890472    
   4.0763396234    
   4.0871879013    
   4.1750025706    
   3.9984954239    
   4.0111722118    
   4.0375973542    
   4.0058347671    
   4.0056909986    
   4.0200723345    
   3.9443274495    
   3.9379480350    
   4.0280761557    
   4.0233277541    
   4.0126133856    
   4.0240114081    
   4.0577994768    
   4.0696487326    
   4.0531381401    
   4.0288025624    
   3.9775702845    
   3.9855999891    
   4.0997408624    
   4.1325949065    
   4.0928614842    
   4.1163621872    
   4.1347038218    
   4.1075022491    
   4.1370674334    
   4.1776469267    
   4.2443741261    
   4.1548389499    
   4.1787006778    
   4.1455835410    
   4.1754235853    
   4.2125813108    
   4.2448088860    
   4.1983306124    
   4.2263158970    
   4.0548524396    
   4.0915424536    
   4.0314258494    
   4.0771638894    
   4.1082772750    
   4.1254436677    
   4.0947687083    
   4.1192020336    
   4.0192108118    
   4.0877740006    
   4.1623383834    
   4.1933192249    
   4.1573472161    
   4.2326325959    
   4.3300206561    
   4.4020343659    
   4.4451585593    
   4.3964295540    
   4.4461730549    
   4.2858627851    
   4.3350609768    
   4.2679178097    
   4.3216568908    
   4.3862452581    
   4.4348687005    
   4.3763804967    
   4.4257853063    
   4.4795839421    
   4.4942694246    
   4.4880890342    
   4.4990949557    
   4.5024764215    
   4.5167459007    
   4.5141980612    
   4.5244208637    
   4.4832920656    
   4.5312988549    
   4.2813727556    
   4.4014487779    
   4.3261729952    
   4.4430265841    
   4.5477954984    
   4.5233826677    
   4.5285966042    
   4.5329091668    
   4.5397262987    
   4.5406592620    
   4.5433085752    
   4.5553957304    
   4.5608982136    
   4.5713945332    
   4.5625647402    
   4.5753208945    
   4.5821850409    
   4.5897474158    
   4.5538225173    
   4.5547060088    
   4.5802720287    
   4.5841007504    
   4.5989948321    
   4.6044454047    
   4.5988681468    
   4.5976203921    
   4.6156201380    
   4.6418947610    
   4.6557406650    
   4.6184136484    
   4.6255235790    
   4.6415597468    
   4.6503241355    
   4.6320248389    
   4.6451299800    
   4.6651950062    
   4.6713989914    
   4.7211606482    
   4.7177736409    
   4.7255556948    
   4.7517145876    
   4.7612757271    
   4.5827055114    
   4.6231793440    
   4.6675164261    
   4.6855960864    
   4.7274995638    
   4.7365071285    
   4.7673224912    
   4.7811003751    
   4.7725338712    
   4.7651000291    
   4.6629510833    
   4.6706085409    
   4.8051196018    
   4.8087692684    
   4.6665372547    
   4.6597638682    
   4.7999770144    
   4.7885805260    
   4.7090683360    
   4.5691111250    
   4.3727049812    
   4.1722100763    
   4.0358713963    
   4.2414592095    
   4.1103345522    
   4.0353424332    
   4.1444882507    
   4.0579471179    
   3.8905840061    
   3.7185525983    
   3.9476517865    
   3.8438958999    
   3.9448566311    
   3.8550786400    
   3.6883052506    
   3.5418977476    
   3.2527569155    
   2.9050174479    
   3.7223664698    
   5.3764600844    
   6.9339113472    
   7.1659823119    
   6.4492912263    
   6.1242605108    
   6.1718338176    
   6.1860639875    
   6.0945398603    
   6.2316397819    
   6.2549316445    
   6.1959298145    
   6.2029279648    
   6.2703184973    
   6.2577136643    
   6.2427052175    
   6.2113710582    
   6.1509579884    
   6.1615042952    
   6.1210085541    
   6.1240094419    
   6.1403707888    
   6.1466060433    
   6.0575368657    
   6.0739846785    
   6.0912649008    
   6.0543409454    
   6.0655620962    
   6.1260116835    
   2.8920139290    
   2.8073824410    
   2.6385659694    
   2.6331185215    
   2.8093125214    
   2.6279427602    
   2.8556643054    
   3.0035803246    
   2.9591875050    
   3.1773279184    
   3.3564024603    
   3.4544052163    
   3.4135454807    
   3.5128882731    
   3.5513830953    
   3.6621308757    
   3.6251835691    
   3.7453235400    
   3.7676398096    
   3.8363929797    
   3.8164345991    
   3.8097935228    
   3.8440371447    
   3.8707516337    
   3.7901993600    
   3.7838117520    
   3.8885292464    
   3.8620337193    
   3.8153054264    
   3.8097013166    
   3.9892687132    
   4.2514092255    
   3.9977030246    
   4.3341776117    
   4.4777435783    
   4.6568985911    
   4.5859756291    
   4.7024194384    
   4.6967441243    
   4.7782626308    
   4.8064222620    
   4.8496136465    
   4.8919256120    
   4.9018353108    
   5.0288230720    
   4.8091843358    
   4.8202653460    
   4.8491072656    
   4.8576214435    
   4.8296064710    
   4.8388656268    
   4.8659398353    
   4.8751038692    
   4.9119482113    
   4.9033434403    
   4.9122820970    
   4.9462637553    
   4.9549497891    
   4.8736452625    
   4.8925393666    
   4.9211108596    
   4.9342458784    
   4.9641470324    
   4.9775765650    
   4.9647849871    
   4.9992950719    
   5.0166296114    
   5.1197547724    
   5.1111469628    
   5.0038393082    
   5.0139976667    
   5.0485517667    
   5.0568116809    
   5.0255103254    
   5.0332430993    
   5.0680756428    
   5.0774732348    
   5.1414626490    
   5.1169888131    
   5.1260480017    
   5.1685700619    
   5.1737769576    
   4.9006071665    
   4.9104213642    
   4.9804863471    
   4.9614749810    
   4.9657993927    
   5.0061913131    
   5.0038531484    
   4.9085693894    
   4.9118955823    
   4.9678550974    
   4.9692881511    
   5.0146580712    
   5.0138934749    
   4.9707127587    
   4.9783537610    
   5.0151661514    
   5.0183211311    
   5.0422484951    
   5.0474952573    
   5.0882997608    
   5.0934191702    
   5.0566724025    
   5.0599962713    
   5.0975547562    
   5.1035107033    
   5.1583633525    
   5.1653711292    
   5.0802089750    
   5.0833521258    
   5.1711373485    
   5.1734930310    
   4.9083651745    
   4.9052007703    
   4.9769355098    
   4.9726004985    
   5.0164489476    
   5.0140551252    
   4.9700102080    
   4.9629501535    
   5.0079343773    
   5.0038216246    
   4.8997300755    
   4.8969638356    
   4.9588369676    
   4.9541027728    
   4.9985092733    
   4.9911477218    
   4.9649935353    
   5.0816107358    
   5.0652762457    
   5.1689447440    
   5.1556765363    
   5.0348987979    
   5.0286206215    
   5.0741780307    
   5.0637014896    
   5.0156921120    
   5.0060620074    
   5.0524301839    
   5.0386187410    
   5.1291767692    
   5.0855219430    
   5.0732689569    
   5.1255037903    
   5.1046362295    
   4.9099840597    
   4.8584286459    
   5.0061531247    
   4.9740387884    
   5.0551885097    
   5.0404724961    
   5.0884915166    
   5.0687514118    
   5.0195298729    
   5.0034841423    
   5.0479948558    
   5.0288113212    
   4.9393442370    
   4.9023397341    
   4.9884979426    
   4.9413517134    
   4.7728423668    
   4.6824224352    
   4.8580981075    
   4.7817297520    
   4.5642356451    
   4.4498107259    
   4.6603020848    
   4.5444483295    
   4.3391656161    
   4.2705563488    
   4.3885123886    
   4.3233239910    
   4.2831870479    
   4.3473166174    
   4.3074148543    
   4.2025277260    
   4.1600903272    
   4.2230431422    
   4.1841040863    
   4.1199323521    
   4.0555482932    
   4.1336212483    
   4.0808431800    
   4.2453690374    
   4.2055532316    
   4.2695541822    
   4.2243833556    
   4.1399667035    
   4.4404620767    
   4.3796003325    
   4.3515583884    
   4.4087216436    
   4.3754952577    
   4.5206638179    
   4.4353378497    
   4.4071884227    
   4.5103565076    
   4.4980900771    
   4.2879385878    
   4.1850579558    
   4.3713031989    
   4.2465444879    
   3.9978190057    
   3.9416906621    
   4.0143424653    
   3.9633563936    
   3.8937077157    
   3.8497858288    
   3.9075645794    
   3.8624014262    
   4.0056076814    
   3.9210055065    
   3.8754838547    
   3.9421110124    
   3.8869886585    
   3.7491702737    
   3.6669864619    
   3.7881288650    
   3.7407639850    
   3.8083642627    
   3.7549807775    
   3.6658669416    
   4.0413992849    
   3.9384248744    
   4.1101624697    
   3.9749555070    
   3.8244428413    
   3.7539869591    
   3.8306932607    
   3.7858246667    
   3.7028005934    
   3.8570109484    
   3.8074983448    
   3.8771952187    
   3.8211270662    
   3.7496152957    
   3.5318099443    
   3.3543808574    
   3.5865270128    
   3.3733987509    
   3.0388846883    
   2.6132833469    
   3.1147378067    
   2.9419208381    
   3.1372365831    
   2.9755220044    
   2.7417996077    
   2.5386467224    
   2.8262765602    
   2.7171627017    
   2.8476849041    
   2.7456806153    
   2.6139368596    
   2.5345668250    
   2.6323007174    
   2.5416785645    
   2.1236495880    
   2.6588424889    
   2.3901067931    
   2.3990954383    
   2.4609925072    
   2.4161566091    
   2.4614817865    
   2.4118674716    
   2.4244323227    
   2.4466568451    
   2.4142246480    
   2.4318320608    
   2.5515103337    
   2.7768877924    
   2.5310066854    
   2.7496454698    
   3.2912116059    
   4.1027879175    
   3.2274588038    
   4.0420160014    
   5.1247982135    
   6.6859814373    
   4.8676396906    
   5.5484390728    
   4.7624959201    
   5.3956250566    
   6.3957630291    
   7.3216976946    
   6.0728487396    
   6.7067714469    
   7.2917897672    
   7.4641456718    
   7.3882367723    
   7.2256923882    
   6.8968559674    
   6.8762793301    
   7.1528333488    
   7.1099962517    
   6.8715850671    
   6.8710942535    
   7.3546378160    
   6.9768381421    
   7.1146247792    
   7.0697357598    
   6.8528071809    
   6.9232467047    
   6.9706669582    
   6.6864915574    
   6.3909951353    
   6.6310059377    
   6.4199283702    
   6.2666338326    
   6.3191452228    
   6.1991743588    
   6.1818903967    
   5.9483557777    
   6.1152923007    
   6.0473603087    
   6.1294425540    
   5.9893173025    
   5.9033878278    
   5.8145583957    
   5.9580104007    
   5.7638302610    
   5.9243005720    
   5.9967830936    
   5.9387623907    
   5.9134486321    
   5.9205013960    
   5.8237660025    
   5.9131961280    
   5.8254775115    
   5.7973791022    
   5.8184445066    
   5.8183070614    
   5.7408642200    
   5.8229243627    
   5.7306805619    
   2.4676053287    
   2.4079823519    
   2.2870840363    
   2.3506366667    
   2.4962443236    
   2.5599899669    
   2.9638710493    
   3.0304902787    
   3.0323720517    
   3.3570643838    
   3.5221499773    
   3.6377503531    
   3.7258759294    
   3.9155263118    
   3.7469813288    
   3.8078641639    
   3.9117777211    
   3.8686461226    
   3.8278374842    
   3.7503474072    
   3.8101003958    
   3.6957640551    
   3.6788459687    
   3.6778469215    
   3.5855577853    
   3.5657710284    
   3.9437321822    
   4.5566776680    
   5.1709527926    
   5.5879625184    
   5.3454590086    
   5.2673342468    
   5.2512811550    
   5.4088579481    
   5.3956248286    
   5.6870908417    
   5.5686397444    
   5.3031044809    
   5.2989263882    
   5.5267826681    
   5.4736192168    
   5.3130611862    
   5.2043859390    
   5.1651294039    
   5.2688491426    
   5.2243090015    
   5.4221081007    
   5.3220018671    
   5.1273558851    
   5.0767551789    
   5.0589114187    
   5.1073340720    
   5.0882414350    
   5.1782443186    
   5.1373529882    
   5.0367367573    
   5.0129803957    
   5.0641112881    
   5.0366256402    
   4.9845445340    
   5.0903089489    
   5.0590106894    
   5.1132590536    
   5.0777198919    
   5.0254262582    
   4.9940328943    
   5.0410550705    
   5.0070025030    
   5.2093326640    
   5.1108937883    
   5.0514818842    
   5.0163466060    
   5.0589391447    
   5.0239129094    
   5.1224556470    
   5.0627565972    
   5.0278075273    
   5.0652435315    
   5.0270292183    
   4.9294604845    
   4.8810366887    
   4.9526258232    
   4.8993939517    
   4.8145826062    
   4.9683834998    
   4.9132742065    
   4.9909578161    
   4.9612616745    
   4.9938845311    
   4.9620370169    
   4.9324307600    
   4.9044275044    
   4.9321189186    
   4.9038895125    
   4.8621555434    
   4.8106095174    
   4.8626618266    
   4.8078347043    
   4.7100530529    
   4.6285455753    
   4.7191688772    
   4.6679316132    
   4.6140633858    
   4.6542335036    
   4.6327815943    
   4.5747798143    
   4.5494740312    
   4.5097270333    
   4.5070320862    
   4.5084223966    
   4.6541599157    
   4.6660713750    
   4.6712186929    
   4.6631778188    
   4.6813696052    
   4.4526668799    
   4.2809364751    
   4.6599839841    
   4.4136821794    
   4.6402351951    
   4.6451607318    
   4.6481522327    
   4.6325997211    
   4.6485247704    
   4.6502791132    
   4.6293493673    
   4.6229001704    
   4.6387408568    
   4.6225022379    
   4.6320564435    
   4.6015563638    
   4.6095689882    
   4.6165094917    
   4.4404702392    
   4.6112380259    
   4.4286318597    
   4.1439996692    
   4.0176343446    
   4.1903335658    
   4.0556474771    
   3.9000849078    
   3.8378258987    
   3.9295847576    
   3.8780254006    
   3.8019107822    
   3.9511129846    
   3.9067545960    
   3.9840611113    
   3.9282868470    
   3.8499483697    
   4.2451346230    
   4.1057149091    
   4.2547193633    
   4.1030810151    
   3.9995645721    
   3.9584726157    
   4.0177980791    
   3.9709247245    
   3.8837132131    
   3.8523638054    
   3.9234413344    
   3.8434705654    
   4.0176362653    
   3.9268286182    
   3.8899510356    
   3.9581932581    
   3.9063298547    
   3.6807184217    
   3.4450039677    
   3.8030482590    
   3.7273155184    
   3.8148667150    
   3.8553989285    
   3.8725575416    
   3.8542407185    
   3.7593477935    
   3.5853669754    
   3.4615264712    
   3.8547437562    
   3.5905682724    
   3.4693415638    
   3.6086522225    
   3.4504472535    
   3.1727973733    
   3.0469283576    
   2.9583345209    
   3.0496949172    
   2.9583364435    
   3.1972793199    
   3.0452824003    
   2.9345784319    
   3.0379137508    
   2.9061619311    
   2.8785113445    
   2.7723889022    
   2.8795164079    
   2.7657978208    
   2.5556562488    
   2.7316527909    
   2.4289462503    
   3.2364637080    
   3.1341226780    
   3.2698950363    
   3.1417891513    
   3.0108785401    
   2.8784233258    
   3.0173524028    
   2.8568442330    
   3.3312471560    
   3.1895188574    
   3.3336927181    
   3.2140857771    
   2.9659085311    
   2.6430447657    
   2.3067954071    
   2.6374065348    
   2.3230170262    
   2.3745696832    
   2.3663019513    
   2.3909877044    
   2.2970015789    
   2.3241243014    
   2.1872119775    
   2.1577716030    
   2.4392424822    
   2.5197484894    
   2.3787512112    
   2.4633851965    
   2.6589009065    
   2.3023761495    
   2.3959255539    
   2.2211793430    
   2.3275975113    
   2.5052390971    
   2.6336602786    
   2.4429078058    
   2.5699318888    
   1.8158191042    
   2.1844430360    
   2.4251049486    
   2.1695438308    
   2.3570815294    
   2.9413986937    
   3.3070878858    
   2.7763155942    
   2.9437690734    
   2.7110254074    
   2.8676496204    
   3.1719427705    
   3.6928050874    
   4.1256980465    
   3.5436399790    
   3.9014323028    
   4.1359932811    
   3.8127840082    
   4.0495246346    
   2.6437890806    
   2.7890419568    
   2.5810069029    
   2.7105976048    
   2.9453766345    
   3.1174530038    
   2.8534365524    
   3.0149300846    
   2.5438368434    
   2.7787246336    
   3.3027610116    
   3.4981030669    
   3.1911601682    
   3.3940354420    
   3.7135071796    
   3.9524400343    
   3.6038583408    
   3.8387392244    
   3.1002182420    
   3.5166368996    
   4.6389833003    
   5.1219622491    
   5.4143891077    
   5.0459022435    
   5.3273347771    
   4.3890697230    
   4.6657248730    
   4.3063914757    
   4.5885505018    
   4.9728555556    
   5.3120746965    
   4.8713453698    
   5.2052603123    
   5.6986716010    
   6.0720484410    
   5.6558118497    
   5.9499879644    
   6.2847195412    
   6.4450785503    
   6.1401310239    
   6.2826286418    
   5.7188442701    
   6.0459502589    
   4.2954609683    
   4.9130109391    
   4.0261263377    
   4.6792729040    
   5.8769176092    
   6.5390983447    
   6.6009657166    
   6.3669269253    
   6.4098804680    
   6.6218959607    
   6.6156103418    
   6.4242349334    
   6.4420151422    
   6.1734704099    
   6.1864463812    
   6.6044015931    
   6.6472776127    
   6.4554809887    
   6.4976680958    
   6.6522387879    
   6.6441985000    
   6.5025365917    
   6.5132297516    
   6.2061122861    
   6.2710154531    
   5.9007045694    
   5.8550446743    
   6.6617462788    
   6.7184495455    
   6.5324710085    
   6.5949534915    
   6.7059219610    
   6.3914261253    
   6.4476165703    
   6.2778960238    
   6.2980913636    
   6.4784274357    
   6.5157189019    
   6.3310641945    
   6.3606765565    
   6.8122281844    
   6.8314548935    
   6.5528326211    
   6.5760752433    
   6.3869342993    
   6.4020729471    
   6.5754827057    
   6.5304657735    
   6.3969788375    
   6.3641404658    
   6.0562675916    
   6.1049693979    
   5.7597363103    
   5.8287376609    
   6.1424107252    
   6.2332004300    
   6.2100275944    
   6.0802679787    
   6.0640800327    
   5.8650740245    
   5.8688429309    
   6.5937608178    
   6.3970808071    
   6.4585314312    
   6.3875922698    
   6.3175451218    
   6.2566710431    
   6.3037114447    
   6.2258526062    
   6.1930838353    
   6.1318291145    
   6.2038571588    
   6.1591916307    
   6.0776254816    
   6.0882086267    
   6.0811064599    
   6.1592884841    
   6.0797863735    
   6.0597830392    
   6.0105294366    
   6.0510765639    
   5.9875404399    
   5.9590958498    
   5.9333166667    
   6.1765004527    
   6.1337401419    
   6.0421863910    
   6.0132638871    
   6.0137050840    
   5.8492964513    
   5.8097463853    
   5.9189410515    
   5.8480818306    
   5.7695841383    
   5.7292053228    
   6.0734682336    
   6.0381771394    
   5.9889460004    
   5.9588003229    
   5.9528072437    
   5.9104821947    
   5.9457495874    
   5.8995631406    
   5.9173403520    
   5.8579639151    
   5.8841328884    
   5.9078003459    
   5.8665519878    
   5.8482942093    
   5.8674869201    
   5.7413458424    
   5.7993833744    
   5.7881197796    
   5.8009765301    
   5.8033576186    
   5.7090217343    
   5.7334438550    
   5.6815946618    
   5.6442147269    
   5.6353610068    
   5.7346414357    
   5.7294630895    
   5.6465748440    
   5.7225912951    
   5.7257813747    
   5.7715749342    
   5.7670092474    
   5.7365550444    
   5.7516724855    
   5.7239609528    
   5.7196783498    
   5.6643590576    
   5.6447693507    
   5.6300268949    
   5.6398673167    
   5.6098784752    
   5.5663067091    
   2.2159845849    
   2.1131442095    
   1.9446292637    
   2.0274421017    
   2.4054090834    
   2.6375817350    
   2.9517979311    
   2.8181065762    
   2.8582613686    
   3.0602422929    
   3.0742120500    
   3.0421450474    
   3.1705227478    
   3.1057976018    
   3.0935819816    
   3.2072380135    
   3.1337202932    
   3.1625806645    
   3.3528875548    
   3.2702223791    
   3.5663923028    
   3.5243926718    
   3.7221823340    
   3.6489682868    
   3.7500183557    
   3.7828555788    
   3.8848244000    
   3.8266785259    
   3.8826078677    
   3.9428123067    
   3.9491305386    
   3.9642079988    
   4.0041161809    
   4.0220419667    
   3.7959840731    
   3.8907654795    
   3.8740942503    
   3.9470078250    
   3.9861808465    
   4.0499287382    
   4.0114085203    
   4.0516047938    
   3.9352110825    
   3.9674943034    
   3.9989696964    
   3.9964900050    
   4.0276996658    
   3.9826742954    
   4.0028273479    
   4.0385340518    
   4.0581970488    
   4.0343928664    
   4.0612532103    
   4.0809864155    
   4.1023254205    
   4.0265317643    
   4.0477950509    
   4.0526388448    
   4.0685016281    
   4.0657961156    
   4.0710113851    
   4.0798044306    
   4.0808159997    
   4.1079132655    
   4.1211890628    
   4.0265541484    
   3.9874541457    
   4.0499878474    
   4.0190799823    
   3.9214687066    
   3.8644013368    
   3.9661544498    
   3.8840117510    
   4.0702328149    
   4.0624549413    
   4.0854964753    
   4.0764346858    
   4.0527324876    
   4.0421371266    
   4.0641926943    
   4.0468932679    
   4.1099865500    
   4.0710117568    
   4.0110673946    
   3.9699301901    
   4.0170851490    
   3.9778918367    
   3.9289492742    
   3.8780549018    
   3.9361262925    
   3.8935900919    
   4.0072225809    
   3.9189321824    
   3.8158529813    
   3.7601400175    
   3.8192829448    
   3.7480148380    
   3.6847426769    
   3.6494449297    
   3.6867011134    
   3.6297699906    
   3.8448525262    
   3.8043064181    
   3.8578639695    
   3.8064855784    
   3.7643706456    
   3.6848682021    
   3.7638392651    
   3.6839300576    
   3.8326530805    
   3.6911448276    
   3.6911177547    
   3.6499435224    
   3.6843961267    
   3.6402260877    
   3.6185795602    
   3.5947208471    
   3.6067906858    
   3.5791085008    
   3.6387308225    
   3.5666748371    
   3.5960570083    
   3.5629571666    
   3.5772590876    
   3.5531132155    
   3.5892967052    
   3.5677564968    
   3.5490673123    
   3.5452083801    
   3.5233700100    
   3.5324345359    
   3.5249109433    
   3.5035802717    
   3.4931461714    
   3.4897228307    
   3.4673438881    
   3.4522474859    
   3.4250839868    
   3.4034494654    
   3.5192910759    
   3.5724716617    
   3.4502595661    
   3.4655173252    
   3.3954469548    
   3.4084730178    
   3.4998604701    
   3.5503946165    
   3.4474755527    
   3.5070892421    
   3.7694950317    
   4.1075900447    
   3.6854948215    
   3.8469293576    
   3.6162761608    
   3.6972167891    
   3.5862045793    
   3.6925721133    
   3.8098107355    
   3.9015273471    
   3.7966438078    
   3.9134833568    
   4.0433273965    
   4.3518418075    
   3.9972329922    
   4.0977407091    
   4.0377936391    
   4.1842218585    
   4.2791125791    
   4.5540006596    
   4.3988628383    
   4.6787102529    
   4.5926484741    
   5.1170569799    
   4.7564134144    
   5.1376117617    
   5.0276198119    
   5.5003947416    
   5.4556185084    
   5.7595957650    
   5.8743093230    
   6.2644848442    
   5.8536295830    
   6.3108276542    
   6.1350857329    
   6.3272881352    
   6.7273185386    
   6.8532864895    
   6.9546681054    
   6.6767549054    
   6.4248914495    
   7.2865559030    
   7.1068967008    
   6.0399256932    
   5.7960699605    
   6.5023301340    
   6.0532856896    
   5.6999934661    
   5.6234170914    
   5.9285584941    
   5.7639628694    
   5.7406348486    
   5.8482795916    
   5.8068737937    
   5.5605801324    
   5.4513730118    
   5.3659685638    
   5.5210360237    
   5.4393397184    
   5.7066119220    
   5.6636780702    
   5.7708726503    
   5.7455327126    
   5.7324412416    
   5.7760693192    
   5.7677767129    
   5.6029274910    
   5.5650326863    
   5.6557740296    
   5.6133415704    
   5.5125216541    
   5.4634285430    
   5.5517414925    
   5.4876037859    
   5.7099298997    
   5.6585278082    
   5.7642880971    
   5.6977307403    
   5.5613885255    
   5.2959459033    
   5.2150852110    
   5.3350497088    
   5.2565655018    
   5.2108366254    
   5.2753822169    
   5.2277878867    
   5.1374546551    
   5.0505854775    
   5.1695625732    
   5.1191292780    
   5.1763019034    
   5.1241528036    
   5.0728140142    
   5.0335098084    
   5.0752584551    
   5.0338113052    
   5.3959526674    
   5.3417943267    
   5.4264711571    
   5.3579907136    
   5.2886559637    
   5.2370200439    
   5.3000358381    
   5.2445371528    
   5.4164265924    
   5.2780112571    
   5.1598995051    
   5.0566286192    
   5.1628761681    
   5.0577063453    
   4.9767129642    
   4.9297350163    
   4.8998524502    
   4.9259325136    
   4.8944228989    
   4.9955759516    
   4.9557945668    
   4.9927280886    
   4.9544888236    
   4.9211879614    
   4.8880737438    
   4.9180291903    
   4.8799477081    
   4.8685095804    
   4.8407349823    
   4.8609182336    
   4.8320148027    
   4.8129238897    
   4.7816957159    
   4.8037478202    
   4.7764788105    
   4.8528205981    
   4.8227337177    
   4.8437618961    
   4.8139415054    
   4.7936581428    
   4.7634769602    
   4.7838178538    
   4.7515038141    
   4.9685948834    
   4.8881828470    
   4.9568178957    
   4.8715736094    
   4.8187908226    
   4.7732522689    
   4.7371986046    
   4.7610463715    
   4.7296018875    
   4.7972479118    
   4.7249094313    
   4.7397354711    
   4.6663608573    
   4.7164306853    
   4.6507613366    
   4.6235158895    
   4.6087343828    
   4.5978563359    
   4.5692379993    
   4.5567787855    
   4.5593093878    
   4.5417111020    
   4.7087931480    
   4.6810691724    
   4.6986579726    
   4.6692332307    
   4.6323337778    
   4.6832346604    
   4.6518400664    
   4.6670215973    
   4.6338553909    
   4.5907241710    
   4.5656518166    
   4.5415819452    
   4.5226235680    
   4.5289118947    
   4.5045966372    
   4.5562997571    
   4.5328129952    
   4.5348539185    
   4.5108582043    
   4.5105361983    
   4.4856735274    
   4.4886233512    
   4.4683630369    
   4.6261273694    
   4.5939144998    
   4.5606062752    
   4.5615480342    
   4.5915065747    
   4.5472351028    
   4.5382710804    
   4.5255782450    
   4.4878523749    
   4.4708176517    
   4.3993895888    
   4.4808414679    
   4.4309341479    
   4.4428171214    
   4.3772887158    
   4.2796910529    
   4.1629637935    
   4.0397977069    
   3.9480160951    
   4.0475644484    
   3.9195133295    
   4.1196930624    
   3.9605961480    
   3.8795843649    
   3.8457815483    
   3.8721129063    
   3.8464587996    
   3.7841543898    
   3.7127724212    
   3.7914166989    
   3.6735877570    
   3.8505713552    
   3.6985103515    
   3.7251247806    
   3.6883637828    
   3.6595797048    
   3.6238174473    
   3.6062934630    
   3.5281664414    
   3.5547300615    
   3.5132693645    
   3.5040366364    
   3.3861543770    
   3.7985446441    
   3.4922598565    
   3.2769976283    
   3.0244946500    
   3.2409570117    
   2.9961465815    
   2.6282803923    
   3.2154590866    
   2.8326014295    
   2.3221404613    
   2.3120679923    
   2.5823695108    
   2.4915241411    
   2.3698789551    
   2.9183968833    
   2.3541112229    
   2.7482106592    
   3.8852919367    
   4.7772457441    
   3.4874820958    
   4.1354795408    
   4.7208227665    
   5.3939797366    
   5.5192343894    
   4.9752001040    
   5.1741103428    
   5.5497429596    
   5.5415439387    
   5.2908955671    
   5.3219986453    
   5.5150345205    
   5.5371931319    
   5.5841082464    
   5.4679454745    
   5.4732455908    
   5.3331024289    
   5.3743449446    
   5.3834672000    
   5.3004614996    
   5.3228586186    
   5.5767083795    
   5.5440639247    
   5.4795632992    
   5.4998720442    
   5.4533639761    
   5.4829471718    
   5.4263958119    
   5.4237354321    
   5.3982208929    
   5.3969619357    
   5.3724880867    
   5.3731758987    
   5.3498811416    
   5.3511338138    
   5.2594935247    
   5.3298113008    
   1.9469174481    
   1.9020460176    
   1.8363938312    
   1.9755002971    
   2.3539360285    
   2.6350984184    
   2.3356505111    
   2.6374844943    
   2.8023412197    
   2.7167424060    
   2.9072779944    
   2.7519725716    
   2.9271040074    
   2.8469268339    
   2.9725677308    
   3.0444279170    
   3.1139671303    
   3.1447866158    
   3.3095469066    
   2.8632312383    
   2.9536533771    
   2.9206718011    
   3.0161043450    
   3.0148619480    
   3.0947911546    
   3.0769678721    
   3.1892037377    
   3.1005737330    
   3.2284179438    
   3.1938627856    
   3.2481782500    
   3.2526116336    
   3.3033800105    
   3.2742987143    
   3.3828025186    
   3.3420997473    
   3.4501428480    
   3.3915640652    
   3.5559200821    
   3.1328471044    
   3.1650622509    
   3.3040981081    
   3.2652869810    
   3.2044013740    
   3.2637770874    
   3.2452616713    
   3.3130821384    
   3.3845733976    
   3.3682937386    
   3.4470260703    
   3.4349621529    
   3.3444064086    
   3.3098715932    
   3.4157485824    
   3.3906834909    
   3.5675100716    
   3.5570993920    
   3.2788565603    
   3.2798048771    
   3.3722005170    
   3.3793149755    
   3.3487871763    
   3.4206442140    
   3.4359407837    
   3.5060846564    
   3.5682250436    
   3.6479854775    
   3.3140065516    
   3.3620965579    
   3.4200500443    
   3.5326533566    
   3.3892665572    
   3.4288808940    
   3.6155206415    
   3.6962834953    
   3.4906262098    
   3.5864751658    
   3.6082286222    
   3.6827578237    
   3.6588217378    
   3.7262702637    
   3.7612558507    
   3.8374323913    
   3.8158623653    
   3.9634409194    
   3.7823822538    
   3.8508864038    
   3.9118311581    
   3.9555360709    
   3.8876784346    
   3.9052693017    
   3.9802389307    
   4.0482514358    
   4.0896511520    
   4.1505463821    
   3.5180212786    
   3.6547245203    
   3.7816960614    
   3.8663706360    
   3.7722235080    
   3.8641665297    
   3.9862567847    
   4.0141809534    
   4.0505812314    
   4.1206353862    
   4.1502388487    
   3.9664296112    
   4.0229509920    
   4.1636549008    
   4.2169992127    
   4.1086562518    
   4.1582199708    
   4.2640222161    
   4.2923966504    
   4.3957631934    
   4.5623411004    
   4.2032443955    
   4.2617367842    
   4.3302866966    
   4.3612006755    
   4.2927746318    
   4.3159858891    
   4.4029129137    
   4.4156872831    
   4.5768995903    
   4.6018522229    
   3.9411594846    
   3.9686227957    
   3.9959473077    
   4.0403656735    
   4.0655306213    
   4.0818216131    
   4.0957980336    
   4.1735116281    
   4.1936766959    
   4.1197553424    
   4.1558630508    
   4.2088849852    
   4.2201637309    
   4.0340025170    
   4.0533335852    
   4.1014454929    
   4.1187266411    
   4.0702550416    
   4.0847226231    
   4.1341969535    
   4.1485821362    
   4.2162303796    
   4.2412288026    
   4.3801708504    
   4.4129932898    
   4.5819709992    
   4.5620260942    
   4.4929545194    
   4.1348814044    
   4.1670453991    
   4.2619105815    
   4.2914559381    
   4.2510106440    
   4.4756817509    
   4.4925278373    
   4.1770530531    
   3.9901899928    
   4.3411903679    
   4.0631746729    
   3.7366010012    
   3.5371917750    
   3.7233281380    
   3.4200744054    
   3.4203900280    
   3.3393309131    
   3.3373337702    
   3.2456873857    
   3.2963481771    
   3.3926411635    
   3.2018576942    
   3.2769423771    
   3.1274780037    
   3.0059168283    
   3.5864839285    
   3.8558868502    
   3.4693028177    
   3.7886100593    
   4.2261380822    
   4.5473949971    
   4.8462951263    
   4.6852133616    
   5.0278842646    
   4.3037528731    
   5.0583384484    
   3.2623700540    
   4.4498965715    
   5.1624842992    
   5.4674604334    
   5.3937498246    
   5.7498476331    
   5.7391950767    
   5.9639024784    
   6.0609540768    
   6.3038005210    
   6.0268939921    
   6.8172920012    
   6.1391977959    
   6.2855247471    
   6.4740184212    
   6.5888125833    
   6.4657611096    
   6.5719003944    
   6.6818858257    
   6.7658093494    
   7.0817743197    
   7.1463126373    
   7.7955374666    
   7.7070680136    
   6.7507605861    
   7.0214811423    
   6.8609294776    
   7.1262787917    
   7.5080420179    
   7.1241462276    
   7.2380393765    
   7.3624152195    
   7.4285427124    
   7.5604394425    
   7.8959487020    
   7.6968634497    
   8.0611094137    
   7.5226940673    
   7.5971933240    
   7.7901235210    
   7.6764395787    
   7.9654442265    
   7.9200799767    
   7.8256264353    
   7.9868620194    
   8.0795785708    
   8.2556750339    
   7.6922348190    
   8.1226534090    
   7.9437904579    
   8.3101808969    
   8.1920309158    
   8.5422689646    
   8.6755346693    
   8.9729193332    
   7.9762184765    
   8.1192979059    
   8.1577244454    
   8.4158917269    
   8.4585231993    
   8.6731422324    
   8.5615137786    
   8.6654869900    
   8.9509795628    
   9.1310254355    
   8.0475444296    
   7.7465702564    
   8.7174980034    
   8.5848920064    
   9.1918601729    
   9.0257792556    
   8.3767889140    
   8.9545216600    
   9.5264031196    
   9.2239503564    
   9.4888396723    
   9.7404155377    
   9.5148373544    
   10.015287657    
   9.7181212620    
   9.0062872615    
   8.5510910500    
   9.1432659179    
   8.6428383231    
   9.4586514328    
   8.7440657685    
   7.2754016283    
   6.8477057393    
   7.7165544450    
   7.1535679529    
   6.4831345917    
   6.2961778893    
   6.7247112254    
   6.4781437649    
   8.1414545473    
   7.7751966264    
   8.2164672653    
   7.8592421255    
   7.4681038064    
   7.2111362854    
   7.5515949067    
   7.2930255759    
   8.0176970271    
   7.4520412936    
   7.0024066103    
   6.8243291507    
   7.0751089616    
   6.8915728488    
   6.6820186407    
   6.5251912575    
   6.7378574924    
   6.5883340801    
   7.0401403780    
   6.7115912532    
   6.1689360506    
   6.0303174758    
   6.2727134666    
   6.1231505619    
   6.0657952106    
   6.1665769590    
   6.1009819154    
   5.9163053193    
   5.8562752982    
   5.8438666958    
   5.8905128626    
   5.8615629108    
   6.0043131103    
   5.9483554350    
   6.0300710697    
   5.9695973790    
   5.9095551588    
   5.8744248102    
   5.9244270703    
   5.8830239684    
   6.4038156731    
   6.2877899772    
   6.4590572163    
   6.3141343480    
   6.2045618658    
   6.1310769538    
   6.2209607504    
   6.1393120251    
   6.4473388531    
   6.2043009745    
   6.0111970513    
   5.9107428854    
   6.0742765527    
   5.8788874210    
   5.8237400725    
   5.8067922384    
   5.8358000845    
   5.8125262738    
   5.7867653592    
   5.7776312109    
   5.7832897858    
   5.7525499394    
   5.8265909907    
   5.7567328290    
   5.7151791818    
   5.5648896657    
   5.6449052830    
   5.5186836487    
   5.7620611846    
   5.5013189808    
   5.3344638215    
   5.0966207850    
   5.2818435393    
   5.0569763681    
   4.8880032897    
   4.7725212397    
   4.6971208594    
   4.7482384133    
   4.6659257928    
   4.8640290950    
   4.6766609137    
   4.6507567526    
   4.6161405805    
   4.6344820554    
   4.5985968795    
   4.5806494401    
   4.5468361215    
   4.5626117087    
   4.5290766433    
   4.5875561557    
   4.5391723722    
   4.5087353001    
   4.5190839169    
   4.4856306789    
   4.5176142954    
   4.4916112241    
   4.5016363606    
   4.4796478068    
   4.4586227900    
   4.4827166833    
   4.4620698236    
   4.4603400359    
   4.4408549416    
   4.4245614644    
   4.5507411454    
   4.4655905803    
   4.5231479865    
   4.4170329167    
   4.4153789024    
   4.3856228800    
   4.3627115406    
   4.3607074774    
   4.3721020141    
   4.2472537534    
   4.3317329359    
   4.2169949240    
   4.0602087295    
   3.7165098913    
   3.2267000735    
   2.9510450139    
   2.9772649631    
   3.5406700944    
   4.2381808231    
   4.8125723652    
   5.0732933426    
   5.1278649849    
   5.1907653883    
   5.2023041305    
   5.1240133521    
   5.1275623210    
   5.0596423066    
   5.0969794421    
   5.1020610132    
   5.0762741836    
   5.0947513260    
   5.2196401608    
   5.2434251047    
   5.2002583040    
   5.2382998762    
   5.1356091783    
   5.1236979636    
   5.1379344149    
   5.1263772181    
   5.1171236090    
   5.1108365686    
   1.5895933939    
   1.6783576116    
   1.8070427106    
   2.1981585559    
   2.5563579534    
   3.0341610655    
   3.0623211627    
   3.6373000377    
   3.4741114477    
   3.7803367317    
   4.1602088276    
   4.5306864931    
   3.9567848484    
   4.0222586659    
   4.5692346380    
   4.6787150730    
   4.2437006279    
   4.4523992699    
   4.7812756230    
   4.9207757122    
   4.8644516604    
   4.8137233543    
   5.0588316078    
   4.9491988113    
   4.7570737763    
   4.7922560093    
   4.9124205797    
   4.8964543251    
   4.6929278851    
   4.2459133217    
   3.5296123329    
   2.5778621280    
   2.0095680130    
   5.1491383629    
   8.3597218699    
   9.6615066325    
   7.6199224148    
   10.023543221    
   9.0993821017    
   8.3353785101    
   8.1750974399    
   7.2386076133    
   7.4350019155    
   6.8192739474    
   6.7275837257    
   6.3863748907    
   6.3414150159    
   5.8825151765    
   6.0648150968    
   5.7683919181    
   5.4258990471    
   5.0300284451    
   4.7430105781    
   4.4747708686    
   4.3737818253    
   4.5018377199    
   4.4100449196    
   4.2791174096    
   4.1421455440    
   3.7045343442    
   3.5007347696    
   3.6721088971    
   3.4855241158    
   3.2474059796    
   4.0595590368    
   4.6316361893    
   4.8906893823    
   5.0098977143    
   5.0459487816    
   5.0964583760    
   5.0250761243    
   5.0343893472    
   4.9715885363    
   5.0088706705    
   5.0223102942    
   4.9963058288    
   5.0129177801    
   5.1071418410    
   5.0720112337    
   5.0545048503    
   5.0359098941    
   5.0317179724    
   5.0281188997    
   5.0250233089    
   5.0222773542    
   1.3304077706    
   1.3141518468    
   1.4572525957    
   2.4310617809    
   4.4876510461    
   6.2092993978    
   5.5716940431    
   5.4021483609    
   5.2286975115    
   5.0010080711    
   4.8116457545    
   4.3765208472    
   3.7124762054    
   2.8882937599    
   2.5025877268    
   3.0738827492    
   5.1592273379    
   5.8659996197    
   5.7226899167    
   5.5951435325    
   5.1540408985    
   4.8541550604    
   4.5976613236    
   4.4031045988    
   4.2319913688    
   4.0110809650    
   3.6307071018    
   3.5773236908    
   3.5365410331    
   3.7474333486    
   3.8460624399    
   4.2092592758    
   4.6285972767    
   4.8256657724    
   4.9493045571    
   4.9866750106    
   5.0052363972    
   4.9774116500    
   4.9970757765    
   4.9324315116    
   4.9662112809    
   4.9849268226    
   4.9528599637    
   4.9671598221    
   5.0189179063    
   5.0164260563    
   5.0129657850    
   5.0085592234    
   5.0037551847    
   4.9939504130    
   4.9912262097    
   4.9711275454    
   1.0244709186    
  0.96677387747    
   1.0885025044    
   2.3106484109    
   5.4474095260    
   8.7911726089    
   7.7053344236    
   6.3682963002    
   5.6549385850    
   5.1884849570    
   4.8719524585    
   4.5311916174    
   4.0720520707    
   3.5347794965    
   3.1419967808    
   2.9724608990    
   3.8542415693    
   4.6533420726    
   4.9829339135    
   5.0211824648    
   4.8061154922    
   4.6288806878    
   4.4785932033    
   4.3105908453    
   4.2559153041    
   4.0802904371    
   3.8317925554    
   3.7478794167    
   3.8157147743    
   4.0040040440    
   4.1812162050    
   4.4223700088    
   4.6787004654    
   4.8536169890    
   4.9328015837    
   4.9500210695    
   4.9585746910    
   4.9622763366    
   4.9556362278    
   4.9583136259    
   4.9506152004    
   4.9537121334    
   4.9550881166    
   4.9521717255    
   4.9519069448    
   4.9516523532    
   4.9514351328    
   4.9505887208    
   4.9492462192    
   4.9485038204    
   4.9463575480    
   4.9474706453    
   4.9455607285    
   4.9429852212    
   4.9416398876    
   4.9301767685    
   4.9649838368    
   1.0018281043    
  0.94450589121    
  0.79562723206    
   2.3097352015    
   6.6054688372    
   10.873409345    
   9.5075581921    
   7.1348194491    
   6.0328087240    
   5.4376707462    
   4.9952649151    
   4.7428653292    
   4.5054830365    
   4.3208754791    
   3.8494175143    
   3.6950704877    
   3.8056376994    
   4.3450230095    
   4.6606538503    
   4.7146055027    
   4.6578857152    
   4.5216153348    
   4.4087026236    
   4.3464685137    
   4.2227194119    
   4.1128148244    
   3.9739616637    
   3.9304812229    
   4.1638246499    
   4.4281528034    
   4.5750949492    
   4.6943382906    
   4.7798612595    
   4.8527036106    
   4.8944381853    
   4.8602007959    
   4.8909606188    
   4.9223756684    
   4.9300244447    
   4.9285755171    
   4.9248867638    
   4.9223057133    
   4.9149943435    
   4.9417915180    
   4.9258196629    
   4.8826542063    
   4.9145006376    
   4.9007334054    
   4.9064652858    
   4.9198673820    
   4.9208230460    
   4.9151783826    
   4.9163063002    
   4.9211569936    
   4.9168830979    
   4.9110644976    
   4.9128474273    
   4.9095736713    
   4.9025224750    
   1.0292535697    
  0.97517715181    
  0.99553633814    
   3.1203050681    
   9.6628769233    
   10.117662091    
   7.9738494331    
   6.9682216315    
   6.0052583052    
   5.4547913156    
   5.1239501551    
   4.9406655125    
   4.8923215627    
   4.8969237461    
   4.6929604684    
   4.3198057895    
   4.2161649854    
   4.2801833307    
   4.5430627456    
   4.5724799833    
   4.4959246981    
   4.4181999648    
   4.3064399367    
   4.3339381238    
   4.2673837085    
   4.2675324937    
   4.2300233677    
   4.3200502979    
   4.5161657219    
   4.6936737239    
   4.7931610381    
   4.8052596163    
   4.8449521644    
   4.8523548232    
   4.8656877255    
   4.8624362803    
   4.8592846725    
   4.8728087652    
   4.8752712187    
   4.8540703522    
   4.8584283898    
   4.9027003020    
   4.8793699537    
   4.8888708062    
   4.8848083068    
   4.8601553531    
   4.8401415184    
   4.8579576291    
   4.8680324728    
   4.8557696973    
   4.8664190170    
   4.8376306342    
   4.8541038323    
   4.8646274961    
   4.8518008388    
   4.8691325847    
   1.0724766826    
  0.97673112755    
   1.3455802326    
   2.5544283369    
   4.3847285871    
   6.0114988932    
   6.4702517634    
   6.1766582174    
   5.6045895913    
   5.3733455324    
   5.0653109050    
   4.9711766199    
   5.2386592232    
   5.3399389720    
   5.3373051951    
   5.0410115302    
   4.6597463808    
   4.3595652632    
   4.3582003988    
   4.3844330877    
   4.3973267749    
   4.3692104924    
   4.3509107281    
   4.3729526418    
   4.3235027986    
   4.4186867277    
   4.4736737544    
   4.5270248036    
   4.6355851648    
   4.7780783127    
   4.8155095299    
   4.8558964873    
   4.8514556130    
   4.8467973950    
   4.8509685096    
   4.8297568918    
   4.8354383935    
   4.8177555167    
   4.8448393746    
   4.8103695553    
   4.8107043454    
   4.8203114540    
   4.8101784608    
   4.8205414070    
   4.8256726615    
   4.8045767323    
   4.8069290965    
   4.8052147869    
   4.8019166601    
   4.8350827864    
   4.8472044672    
   4.8347346877    
   4.8322686405    
   4.8358377170    
   4.8249076196    
   4.8340081709    
   4.8222458293    
   4.8207219558    
   4.8229496103    
   4.8219988265    
   4.8129256366    
   1.2783656429    
   1.2716347477    
   1.4797294973    
   2.2961843516    
   3.5162367143    
   4.4383908371    
   5.1008451304    
   5.2169507769    
   5.1875926896    
   4.9413688424    
   4.7042574730    
   4.8012856960    
   5.2505127925    
   6.0908225702    
   6.3951149493    
   6.0301153365    
   5.3993569365    
   4.4898063229    
   4.2089701940    
   4.2099454405    
   4.3393074965    
   4.3958778539    
   4.3979457517    
   4.4801560524    
   4.5384504157    
   4.6352612785    
   4.6382971736    
   4.6554797017    
   4.6991745144    
   4.7602915588    
   4.7904679361    
   4.8797580628    
   4.8529284781    
   4.8506577296    
   4.8250826489    
   4.8541988230    
   4.8525279445    
   4.8617385702    
   4.8530726074    
   4.8541117887    
   4.8562059355    
   4.8224111863    
   4.8639227100    
   4.8575565841    
   4.8103819576    
   4.8004138482    
   4.8642246132    
   4.8657768298    
   4.8676861221    
   4.8662306841    
   4.8564476655    
   4.8548100220    
   4.8555430993    
   4.8556923274    
   4.8565251636    
   4.8669972276    
   4.8568523050    
   4.8577451785    
   4.8583593885    
   4.8592548741    
   4.8684215545    
   4.8572855094    
   1.5365512267    
   1.5434172578    
   1.6200836172    
   2.3252496215    
   3.0876792750    
   3.8996042376    
   4.4061896354    
   4.7046412662    
   4.7438624011    
   4.5533009460    
   4.4044574529    
   4.4773489664    
   4.6465917737    
   6.7119949152    
   7.5313762501    
   7.4607597407    
   6.4101809051    
   4.8831370093    
   3.8796950768    
   3.8845267193    
   4.1224875848    
   4.3260509311    
   4.4681547425    
   4.6260662301    
   4.7884666479    
   4.8535709408    
   4.7927209491    
   4.7194891826    
   4.7238520185    
   4.6803887668    
   4.6997327907    
   4.8010379477    
   4.8650512377    
   4.8595324627    
   4.8654547100    
   4.8716300724    
   4.8738365779    
   4.8499972340    
   4.8279429829    
   4.8808248650    
   4.8807459700    
   4.8184031296    
   4.8112428035    
   4.8365521091    
   4.8256776110    
   4.8144368914    
   4.8179095731    
   4.8192855957    
   4.8682500097    
   4.8699826170    
   4.8708342994    
   4.8720765346    
   4.8602656509    
   4.8625891876    
   4.8736974954    
   4.8746386958    
   4.8770534879    
   4.8700141467    
   4.8031645227    
   4.8071581335    
   1.6400306530    
   1.7370900759    
   2.0526511953    
   2.8607787263    
   3.1780026036    
   3.7166377330    
   4.2908144730    
   4.6336376486    
   4.6394743378    
   4.4983408859    
   4.3525364607    
   4.2975880192    
   4.6742652459    
   6.9026803822    
   9.2318242120    
   10.873682575    
   8.1855119689    
   5.2628291561    
   3.3460339860    
   3.3833543116    
   3.9297553244    
   4.3167151688    
   4.5984668150    
   4.8144549796    
   5.0390562659    
   5.1578392082    
   5.0394013157    
   4.6799081256    
   4.4161961458    
   4.4284067327    
   4.5245993957    
   4.7252238294    
   4.8245483518    
   4.5969144975    
   4.7070818347    
   4.8994916337    
   4.8852325995    
   4.9232844563    
   4.8891353804    
   4.8601197162    
   4.8416878680    
   4.8741506233    
   4.8458713023    
   4.8235793585    
   4.8262927336    
   4.8747361358    
   4.8450660395    
   4.8360837903    
   4.8385822183    
   4.8159837414    
   4.8322013121    
   4.7602546757    
   4.7836582739    
   4.7770077739    
   4.7486269369    
   4.7328988581    
   4.8166397330    
   4.7807214592    
   4.7528773691    
   1.8002944803    
   1.7896250400    
   2.0463091776    
   2.3995999337    
   2.8268505279    
   3.6508911381    
   4.5254260284    
   4.9652235094    
   4.9317309025    
   4.8117341205    
   4.6378940799    
   4.1873508545    
   5.4395194193    
   8.5394762898    
   11.213959231    
   13.304171231    
   9.2311190060    
   5.7774862055    
   3.9025144811    
   3.4593248266    
   3.8872538208    
   4.3369283491    
   4.7100517420    
   5.0699309487    
   5.4112447335    
   5.7558415848    
   5.7160357808    
   4.5160868616    
   3.8207975116    
   4.0769135793    
   4.3287025462    
   4.5160693072    
   4.5638471169    
   4.4439525434    
   4.4943752109    
   4.5004830090    
   4.4442851788    
   4.4377449290    
   4.6932830073    
   4.7035267683    
   4.7025702294    
   4.6736053590    
   4.6236118810    
   4.6466588562    
   4.6224065633    
   4.6095330151    
   4.6213153667    
   4.5267634230    
   4.5181536594    
   4.6310256131    
   4.5102096579    
   4.5288295597    
   4.4926286176    
   4.5157059240    
   1.9680667971    
   1.8335152215    
   1.9913612880    
   2.2013528003    
   2.5991870650    
   3.6837635560    
   5.1764620773    
   5.4002908982    
   5.3893023783    
   5.3338050797    
   5.2525599069    
   5.3984318723    
   6.3124942846    
   8.4149117462    
   11.122741681    
   11.862482136    
   8.8794895932    
   6.0890785163    
   4.3421972702    
   3.2517611720    
   3.9721754135    
   4.4431534475    
   4.9158436445    
   5.2163431059    
   5.6822697918    
   6.1955441819    
   6.3370782303    
   4.5209310111    
   3.3939383554    
   3.8581968305    
   4.1815025171    
   4.3519708530    
   4.3889282312    
   4.4043750093    
   4.3596220875    
   4.3806131021    
   4.4033569503    
   4.3762105370    
   4.3982259031    
   4.2684939791    
   4.3382360286    
   4.3742428820    
   4.4190302486    
   4.3897966886    
   4.4842492581    
   4.4121740681    
   4.4608022268    
   4.5082880604    
   4.4930672894    
   4.5198323353    
   4.4782207322    
   4.4667325955    
   4.4579272335    
   4.4516085449    
   2.0912729595    
   1.9915585288    
   1.9989225572    
   2.1340746606    
   2.6525865651    
   3.4243295661    
   4.9363755247    
   5.4641078271    
   5.6090966305    
   5.7453456661    
   5.8445801226    
   5.8232887095    
   6.7255468080    
   8.1217197871    
   10.562116275    
   11.805734626    
   9.0818824310    
   6.5980261951    
   4.6321395945    
   4.2689109628    
   4.3827133239    
   4.6796246519    
   4.9682735215    
   5.3152740824    
   5.6347845164    
   6.0263597152    
   5.7561277628    
   4.8840199011    
   3.9871434435    
   3.9178464567    
   4.0535214840    
   4.2072237061    
   4.1205219884    
   4.2738145924    
   4.2912298848    
   4.4109412303    
   4.4939227073    
   4.5212248814    
   4.4947510408    
   4.5223341609    
   4.4068333057    
   4.4689039478    
   4.4743905343    
   4.3375427726    
   4.3397465477    
   4.3903616793    
   4.3990468560    
   4.4444773530    
   4.4811023905    
   4.4297513234    
   4.3791819998    
   4.3872753660    
   4.4148189095    
   4.4197070807    
   4.4313226979    
   4.4735963667    
   2.3460651143    
   2.1408274503    
   2.1774727864    
   2.2296387894    
   2.7203839045    
   3.4587502079    
   4.6451109241    
   5.2488061034    
   5.6320689503    
   5.9551688817    
   5.9681661238    
   6.0070548962    
   6.7955925287    
   7.7020267252    
   8.5595940766    
   9.0181978759    
   8.6782276437    
   7.0537147112    
   5.5493469958    
   4.9974369928    
   4.8812346392    
   4.9051588007    
   5.1167364273    
   5.4315262054    
   5.5398963989    
   5.6566577673    
   5.3843793822    
   4.8075123380    
   4.2594949269    
   4.1861486155    
   4.2634594749    
   4.4005309787    
   4.4064024480    
   4.5522931938    
   4.4453363709    
   4.4402171965    
   4.5132338674    
   4.5311893349    
   4.4358204392    
   4.4382120225    
   4.4591523197    
   4.4585907563    
   4.4889649285    
   4.4803784036    
   4.5149574433    
   4.4624141517    
   4.5892621180    
   4.5955388651    
   4.6700613504    
   4.6482723037    
   4.5410308619    
   4.4866969126    
   4.5306715377    
   4.5093098479    
   4.5538622452    
   4.5920624302    
   4.5800477887    
   4.6074615578    
   2.8405986637    
   2.4641553541    
   2.4172874912    
   2.4787551812    
   2.8172456798    
   3.3657074978    
   4.2541813116    
   5.0830090552    
   5.6898946671    
   5.9409937015    
   6.0303987385    
   6.1482074880    
   6.7515198032    
   7.3404117894    
   7.6940140165    
   8.1595149502    
   7.8700803221    
   7.0529990235    
   6.1089803344    
   5.4743993920    
   5.1715910785    
   5.0757391214    
   5.1934246157    
   5.3370896919    
   5.3844729692    
   5.3273443980    
   5.1014474786    
   4.7782135340    
   4.5128760733    
   4.4758139820    
   4.5150790900    
   4.6262493429    
   4.5837079661    
   4.6394012218    
   4.6910278292    
   4.6555912678    
   4.6639619943    
   4.6232554703    
   4.5906891653    
   4.6189002947    
   4.6471894614    
   4.6504863369    
   4.6512875203    
   4.6631350759    
   4.6605777720    
   4.6614747621    
   4.6595956829    
   4.6508847957    
   4.6430122172    
   4.6430772763    
   4.6435720051    
   2.8345686545    
   2.6248104602    
   2.5501964998    
   2.5255727417    
   2.8601285114    
   3.2718778920    
   4.1549842663    
   4.9432110541    
   5.5658688084    
   5.9980568999    
   6.2623479925    
   6.4140761359    
   6.6323983528    
   7.1265752983    
   7.4140017185    
   7.6953224163    
   7.5336459662    
   7.1793640827    
   6.6201969664    
   5.8051602561    
   5.4328254888    
   5.2805949450    
   5.2791664381    
   5.3229894791    
   5.3031533259    
   5.2020619414    
   4.9938804700    
   4.7653875840    
   4.6512210927    
   4.6339791133    
   4.6474670079    
   4.6644572941    
   4.6965824020    
   4.7137934645    
   4.6664439546    
   4.6631845743    
   4.6597801328    
   4.6667069983    
   4.6630384469    
   4.6815393683    
   4.6790528971    
   4.6786971727    
   4.6792809672    
   4.6785973750    
   4.6452152216    
   4.6615073660    
   4.6978062262    
   4.6873968533    
   4.6819666385    
   4.6976855130    
   4.6913313402    
   4.7244182500    
   4.7096647844    
   4.7021616179    
   4.7232902769    
   4.7143453907    
   2.7358030436    
   2.6686810937    
   2.7054466791    
   2.7694872027    
   3.0158074583    
   3.3680556460    
   4.0821083306    
   4.8092144151    
   5.5430031205    
   6.3737989290    
   6.4108555433    
   6.5835539103    
   6.7135306147    
   7.1112766305    
   7.1998174612    
   7.3936615193    
   7.6305273506    
   6.8674995130    
   6.4299724549    
   5.8134137751    
   5.5243816567    
   5.3878683677    
   5.3609203103    
   5.3252807614    
   5.2795714147    
   5.1598537865    
   4.9577351025    
   4.7687796225    
   4.7034422313    
   4.7093261830    
   4.7412113974    
   4.7766691413    
   4.7632988289    
   4.8271226144    
   4.7638982196    
   4.7384277108    
   4.7276521767    
   4.7547760538    
   4.7602677050    
   4.8032308989    
   4.7717224596    
   4.7729040051    
   4.7935798857    
   4.8146777631    
   4.8443901948    
   4.8171131261    
   4.8228128061    
   4.8434207882    
   4.8277580307    
   4.8570988694    
   4.8443780853    
   4.8284747312    
   4.8397742940    
   4.8250895129    
   2.8069726226    
   2.8025501078    
   2.8618686841    
   2.9099157529    
   3.0958392223    
   3.5381615882    
   3.9846206590    
   4.6787092395    
   5.6439912522    
   6.2064008668    
   6.4008400830    
   6.5493866356    
   6.6215915144    
   6.8199758948    
   6.8517486530    
   6.9429051102    
   6.8943780958    
   6.4259155203    
   6.2293937110    
   5.8687362156    
   5.6632615856    
   5.4261641584    
   5.3833446618    
   5.3365704708    
   5.2560223554    
   5.1056638334    
   4.9258022097    
   4.7941476295    
   4.7729235794    
   4.7420764711    
   4.7770289763    
   4.8118179761    
   4.7761828181    
   4.7930099803    
   4.8337676413    
   4.8319721012    
   4.8275336519    
   4.8263170946    
   4.8207614610    
   4.8209753978    
   4.8175555595    
   4.8133560247    
   4.8090589599    
   4.7983943428    
   4.7990637244    
   4.7915036954    
   4.7862522145    
   4.7845764865    
   4.7830051375    
