ICPL	Kx
1	5.569845
2	8.196157
3	11.44617
4	16.48206
5	27.32869
6	21.86162
7	18.98106
8	16.64641
9	14.43784
10	10.97384
11	7.453489
12	8.684815
13	11.01203
14	12.05529
15	12.82451
16	14.27372
17	15.00232
18	15.9376
19	15.74026
20	14.42678
21	13.02372
22	12.46865
23	13.33222
24	13.28013
25	11.19217
26	9.998494
27	9.37781
28	9.205601
29	12.6813
30	16.34149
31	16.80431
32	17.6702
33	12.01519
34	10.30419
35	11.157
36	14.08466
37	15.35302
38	17.15765
39	12.18818
40	9.702619
41	9.367241
42	9.431064
43	9.452964
44	9.263132
45	9.312155
46	8.937424
47	9.11599
48	9.194561
49	8.993946
50	9.115689
51	9.696274
52	8.939045
53	9.071464
54	9.202593
55	9.115082
56	9.219116
57	9.271776
58	9.208032
59	9.276369
60	9.320147
61	9.355966
62	6.266067
63	8.478323
64	12.2218
65	14.23945
66	16.21848
67	19.10903
68	21.88464
69	18.83091
70	14.61566
71	12.04697
72	11.00096
73	10.77058
74	10.71776
75	11.11075
76	12.12326
77	15.59533
78	22.03153
79	24.13585
80	20.68103
81	16.7383
82	13.32242
83	11.41995
84	10.7853
85	11.09553
86	12.13627
87	12.78951
88	12.29644
89	11.84968
90	11.94196
91	12.36542
92	12.64366
93	11.51024
94	8.25164
95	6.849336
96	8.326521
97	11.2088
98	14.34308
99	15.67655
100	12.63126
101	10.19144
102	9.578547
103	9.445894
104	9.459126
105	9.550946
106	9.544333
107	9.795595
108	9.641957
109	9.620982
110	9.71592
111	9.685218
112	10.45079
113	9.919777
114	9.771171
115	9.734839
116	9.806935
117	9.768839
118	9.947624
119	9.823199
120	9.787258
121	9.82082
122	9.791275
123	5.57168
124	8.549242
125	14.64626
126	10.73488
127	8.413261
128	14.16207
129	27.8807
130	18.72394
131	12.8711
132	11.85791
133	15.58205
134	14.2649
135	11.19804
136	11.98005
137	11.90668
138	17.87007
139	36.75237
140	38.8166
141	27.48297
142	19.69125
143	13.45997
144	10.0771
145	8.258697
146	8.586449
147	12.87823
148	16.63924
149	15.91732
150	14.72255
151	10.25936
152	8.462112
153	8.568507
154	8.062619
155	5.384944
156	3.716254
157	6.430476
158	9.205956
159	13.64636
160	17.52555
161	13.01968
162	10.39045
163	9.880196
164	9.801953
165	9.783577
166	9.771047
167	9.769021
168	9.706483
169	9.736908
170	9.755494
171	9.662222
172	9.754053
173	10.46752
174	9.69502
175	9.682613
176	9.703167
177	9.741303
178	9.75966
179	9.967168
180	9.830975
181	9.830443
182	9.931599
183	9.912276
184	7.470388
185	7.56616
186	7.462321
187	6.716755
188	6.65787
189	9.508804
190	13.94315
191	11.42517
192	7.910079
193	7.876457
194	10.4816
195	14.73583
196	20.07159
197	21.82098
198	21.16644
199	25.69305
200	36.7765
201	37.94142
202	29.15034
203	20.88524
204	14.39371
205	9.933228
206	7.059655
207	7.162741
208	10.76736
209	14.27234
210	14.54313
211	12.00529
212	7.909503
213	5.890767
214	5.471474
215	5.250429
216	4.93251
217	5.119383
218	6.944161
219	9.87619
220	13.54639
221	15.69402
222	13.12799
223	10.83463
224	10.22996
225	10.06143
226	9.995471
227	10.15098
228	10.11429
229	10.39382
230	10.2261
231	10.18377
232	10.28493
233	10.24111
234	10.96486
235	10.4714
236	10.32679
237	10.28544
238	10.3518
239	10.317
240	10.46358
241	10.36093
242	10.33717
243	10.35617
244	10.34876
245	10.33682
246	7.095815
247	3.91093
248	4.323791
249	4.311787
250	5.714397
251	8.546206
252	5.947681
253	3.539788
254	4.376862
255	6.116792
256	13.5077
257	40.0818
258	42.58013
259	35.49861
260	34.69486
261	37.13789
262	35.54128
263	28.71751
264	21.01939
265	15.12096
266	10.06017
267	5.837553
268	5.405856
269	9.275208
270	12.33471
271	12.13606
272	10.03559
273	5.78498
274	3.743396
275	3.632172
276	3.53339
277	4.829421
278	6.819629
279	7.995979
280	11.07685
281	14.07339
282	17.47188
283	13.74924
284	10.85434
285	10.37555
286	10.34117
287	10.35661
288	10.32274
289	10.36881
290	10.1807
291	10.31379
292	10.39842
293	10.25364
294	10.46504
295	11.32363
296	10.23873
297	10.35712
298	10.47852
299	10.57119
300	10.66894
301	11.05734
302	10.87664
303	10.95366
304	11.27167
305	11.3039
306	11.28353
307	8.544661
308	5.43688
309	3.94088
310	3.13405
311	2.943348
312	2.950714
313	2.755135
314	2.581392
315	3.278709
316	5.203069
317	11.14081
318	26.77743
319	38.07899
320	39.38267
321	37.85203
322	35.17351
323	33.36724
324	30.18734
325	21.16385
326	12.35783
327	8.61405
328	7.490632
329	7.500539
330	8.384362
331	9.098122
332	9.224229
333	7.676581
334	4.911641
335	3.409215
336	3.063441
337	3.181329
338	4.079812
339	5.452234
340	7.292182
341	10.05155
342	13.42369
343	16.29384
344	15.58153
345	13.15559
346	12.09401
347	11.71399
348	11.70288
349	12.23881
350	12.19986
351	13.1772
352	12.73971
353	12.66525
354	13.25964
355	13.15189
356	15.36471
357	14.32195
358	13.79707
359	13.65646
360	14.35151
361	14.17655
362	15.54536
363	14.9227
364	14.70983
365	15.50979
366	15.25298
367	15.84887
368	10.93441
369	8.186565
370	4.07768
371	2.16252
372	1.576222
373	0.9824339
374	1.401716
375	1.899726
376	2.75308
377	4.237757
378	8.241993
379	17.14037
380	27.15301
381	38.00559
382	39.29406
383	32.79607
384	32.55324
385	36.10821
386	23.70004
387	9.216709
388	6.681733
389	10.59876
390	11.38262
391	7.599053
392	6.553387
393	7.282865
394	6.750383
395	4.462989
396	3.086224
397	2.874174
398	2.741524
399	3.290917
400	3.886562
401	5.987016
402	8.750766
403	12.51327
404	17.07646
405	18.06075
406	17.90623
407	16.86864
408	16.11014
409	15.80031
410	16.65475
411	16.26583
412	18.201
413	17.25477
414	16.7835
415	17.81282
416	17.24743
417	19.74413
418	19.53319
419	18.17121
420	17.61497
421	18.39773
422	17.67695
423	19.29563
424	18.42773
425	17.83094
426	18.35569
427	17.7758
428	10.12619
429	9.620092
430	7.353919
431	3.68093
432	1.766593
433	1.213063
434	1.017595
435	1.211197
436	1.627905
437	2.442403
438	3.833184
439	6.225127
440	10.24427
441	17.27529
442	29.13736
443	38.01318
444	40.03592
445	38.57946
446	33.88
447	23.39869
448	13.3234
449	9.949213
450	10.2567
451	9.158497
452	6.689676
453	5.650017
454	5.762794
455	5.572238
456	4.780739
457	3.913375
458	3.191459
459	2.854652
460	3.214482
461	3.874744
462	5.217141
463	7.482847
464	11.56316
465	16.45148
466	18.19789
467	18.65249
468	18.58173
469	18.13285
470	17.63203
471	17.82767
472	17.38371
473	17.90073
474	17.55231
475	17.16038
476	17.27744
477	16.92582
478	17.52049
479	17.29512
480	17.00894
481	16.6888
482	16.74941
483	16.45428
484	16.75475
485	16.4997
486	16.22493
487	16.2598
488	16.00216
489	6.102988
490	6.71739
491	7.416088
492	3.077879
493	1.171946
494	1.054008
495	1.208622
496	1.260461
497	1.39862
498	2.319501
499	3.817004
500	5.11435
501	5.996115
502	10.51395
503	23.08653
504	37.3264
505	53.51495
506	50.50498
507	32.37419
508	24.44478
509	22.04684
510	16.26249
511	9.459381
512	6.749595
513	5.831155
514	4.934748
515	4.881958
516	4.749232
517	5.519801
518	5.662323
519	3.86961
520	2.862336
521	3.440574
522	3.997823
523	4.622949
524	5.988835
525	11.0708
526	18.29649
527	17.70853
528	16.67828
529	16.26457
530	16.02938
531	15.78678
532	15.8081
533	15.50562
534	15.83501
535	15.53983
536	15.31075
537	15.34325
538	15.12646
539	15.97276
540	15.40782
541	15.24049
542	14.95484
543	15.07203
544	14.90163
545	15.06992
546	14.8044
547	14.59394
548	14.6805
549	14.46358
550	3.380205
551	3.675062
552	2.247807
553	2.38699
554	3.473632
555	3.760636
556	2.318327
557	1.228153
558	0.9547667
559	0.9431131
560	1.149415
561	1.63276
562	2.688034
563	4.225632
564	4.85808
565	4.883064
566	7.174148
567	14.28684
568	27.32045
569	47.70817
570	53.43742
571	40.84649
572	32.31388
573	27.53421
574	19.52616
575	11.55201
576	8.159895
577	7.056902
578	6.047488
579	5.171999
580	4.837052
581	5.524068
582	6.111733
583	5.782992
584	4.96676
585	4.049913
586	3.598505
587	4.280817
588	6.161782
589	10.88213
590	16.8317
591	16.91663
592	15.45105
593	14.88027
594	14.5621
595	14.34156
596	14.488
597	14.22425
598	14.66693
599	14.37665
600	14.15919
601	14.26374
602	14.04437
603	14.95973
604	14.43829
605	14.1478
606	13.92731
607	14.02769
608	13.80669
609	14.18758
610	13.90243
611	13.68141
612	13.77107
613	13.55044
614	1.649186
615	1.630285
616	1.444773
617	1.407696
618	1.320464
619	1.272945
620	1.297728
621	1.660091
622	1.764861
623	1.311587
624	1.430123
625	1.217466
626	1.160084
627	1.138114
628	1.06529
629	1.102885
630	1.074363
631	1.006035
632	0.9546007
633	1.017042
634	0.915872
635	1.081651
636	1.132114
637	0.9616944
638	1.030272
639	1.19151
640	0.9024428
641	0.9718498
642	0.9103005
643	0.9540484
644	1.046627
645	1.123873
646	1.014838
647	1.081357
648	1.82517
649	2.141039
650	1.356384
651	1.517937
652	1.200561
653	1.2768
654	1.150095
655	1.220243
656	1.35105
657	1.424237
658	1.289536
659	1.357662
660	1.670144
661	1.802874
662	1.49198
663	1.615543
664	2.345385
665	2.312509
666	1.911585
667	1.990261
668	1.719921
669	1.802075
670	1.917399
671	2.047854
672	1.716979
673	1.790768
674	1.607745
675	1.296694
676	0.9050703
677	0.5750396
678	0.9536202
679	1.948016
680	2.988124
681	5.317541
682	4.711119
683	3.604605
684	4.755957
685	7.987044
686	17.51676
687	42.4879
688	59.41756
689	55.91565
690	46.43776
691	33.71856
692	22.93778
693	14.80761
694	10.84619
695	10.00058
696	8.638561
697	5.863348
698	4.773875
699	5.194538
700	6.040057
701	9.311721
702	11.53853
703	5.097535
704	2.685296
705	4.3456
706	6.291883
707	11.3409
708	18.43634
709	15.88769
710	14.4539
711	13.90816
712	13.63269
713	13.41276
714	13.48627
715	13.26723
716	13.56034
717	13.27906
718	13.04922
719	13.1164
720	12.8867
721	13.63772
722	13.25343
723	12.9397
724	12.71069
725	12.82256
726	12.518
727	12.82171
728	12.69296
729	12.53993
730	12.45094
731	12.34694
732	0.967191
733	0.9416785
734	1.021821
735	0.9594066
736	1.010529
737	0.9883685
738	0.9846773
739	1.131
740	1.239802
741	1.301987
742	1.200593
743	1.256597
744	1.088334
745	1.179359
746	1.362975
747	1.421992
748	1.312125
749	1.366327
750	1.478325
751	1.529636
752	1.416725
753	1.4661
754	1.272429
755	1.363864
756	1.078108
757	1.21111
758	1.578684
759	1.62293
760	1.511965
761	1.553496
762	1.640477
763	1.453247
764	1.490821
765	1.400156
766	1.436587
767	1.525141
768	1.553976
769	1.469171
770	1.497258
771	1.681826
772	1.686399
773	1.576592
774	1.592677
775	1.520342
776	1.540585
777	1.599706
778	1.603527
779	1.547985
780	1.555707
781	1.350369
782	1.410676
783	1.275156
784	1.329637
785	1.459873
786	1.503771
787	1.512159
788	1.461382
789	1.474855
790	1.37282
791	1.412412
792	1.666872
793	1.63004
794	1.579234
795	1.564928
796	1.541766
797	1.519341
798	1.523207
799	1.485327
800	1.490269
801	1.52388
802	1.522095
803	1.495445
804	1.498148
805	1.441028
806	1.468181
807	1.479169
808	1.448546
809	1.459766
810	1.510628
811	1.497273
812	1.479058
813	1.483048
814	1.430294
815	1.289445
816	1.468002
817	1.402722
818	1.127285
819	0.8822026
820	1.029237
821	1.400404
822	1.892195
823	2.656531
824	2.717072
825	2.553218
826	3.469521
827	6.048756
828	13.30362
829	32.28236
830	56.62731
831	72.31333
832	66.03575
833	44.9679
834	29.36643
835	19.47932
836	13.8317
837	10.84906
838	8.784554
839	6.931569
840	5.830971
841	5.543739
842	6.42566
843	10.32571
844	13.28066
845	8.831846
846	6.180111
847	7.074928
848	8.558871
849	11.19902
850	13.60524
851	12.63414
852	12.38202
853	12.26749
854	12.22581
855	12.10618
856	11.96284
857	11.85618
858	11.67158
859	11.64829
860	11.54542
861	11.3702
862	11.28133
863	10.98651
864	11.0644
865	11.08803
866	11.01294
867	10.80313
868	10.7415
869	10.4515
870	10.51673
871	10.46814
872	10.22993
873	10.1939
874	0.9343121
875	1.033303
876	1.208164
877	1.293455
878	1.100881
879	1.167047
880	1.380299
881	1.422236
882	1.436941
883	1.390322
884	1.407764
885	1.318904
886	1.36292
887	1.382834
888	1.334112
889	1.355906
890	1.442736
891	1.471229
892	1.403236
893	1.452333
894	1.2556
895	1.303461
896	1.326476
897	1.27127
898	1.294195
899	1.18442
900	1.232383
901	1.255499
902	1.195525
903	1.219644
904	1.349984
905	1.412459
906	1.276112
907	1.343498
908	1.522003
909	1.538852
910	1.51274
911	1.644668
912	1.528395
913	1.778821
914	1.265501
915	0.8107864
916	0.9648262
917	0.9938216
918	1.324866
919	1.645881
920	2.724229
921	5.131398
922	10.87149
923	24.87832
924	51.43228
925	101.3776
926	100.2832
927	57.65954
928	36.40379
929	24.74794
930	17.2058
931	10.17429
932	7.621066
933	8.688803
934	8.166404
935	6.206005
936	5.969091
937	10.19918
938	14.69962
939	17.50573
940	19.74212
941	14.61483
942	13.03474
943	11.12403
944	9.158969
945	9.229304
946	9.617273
947	9.843099
948	9.943696
949	9.919683
950	9.65888
951	9.646314
952	9.246533
953	9.376238
954	9.353101
955	9.080717
956	9.085104
957	8.431785
958	8.639496
959	8.806293
960	8.820231
961	8.500824
962	8.559183
963	8.084669
964	8.191231
965	8.189108
966	7.949981
967	8.030035
968	0.9661515
969	0.9364251
970	0.9950883
971	1.03191
972	0.8951518
973	0.897899
974	1.111155
975	1.157851
976	1.178856
977	1.116954
978	1.136085
979	1.030921
980	1.075062
981	1.092011
982	1.032769
983	1.047372
984	1.192281
985	1.248236
986	1.11077
987	1.131464
988	1.063407
989	1.080928
990	1.13818
991	0.9534871
992	0.9758909
993	0.8783358
994	0.8940888
995	1.016201
996	1.030497
997	0.9727016
998	0.9834284
999	1.028478
1000	0.9279555
1001	0.9362387
1002	0.8855306
1003	0.8910658
1004	0.9212652
1005	1.283598
1006	1.370209
1007	1.004677
1008	1.050742
1009	1.294325
1010	1.527015
1011	1.364194
1012	1.066843
1013	1.014602
1014	0.9310293
1015	1.205661
1016	1.773278
1017	2.980652
1018	5.265999
1019	9.989993
1020	20.38572
1021	42.54843
1022	84.68972
1023	86.50009
1024	50.66163
1025	32.83167
1026	24.6779
1027	19.14492
1028	13.44378
1029	11.17761
1030	11.94723
1031	11.00535
1032	8.377802
1033	8.136303
1034	12.31527
1035	18.3653
1036	24.94477
1037	28.67809
1038	22.23002
1039	17.14321
1040	12.27795
1041	8.885034
1042	7.482884
1043	7.392424
1044	7.559341
1045	7.747654
1046	7.782561
1047	7.49739
1048	7.537426
1049	7.059149
1050	7.21164
1051	7.293939
1052	6.962672
1053	7.005968
1054	6.440261
1055	6.549909
1056	6.714511
1057	6.765343
1058	6.466991
1059	6.526444
1060	6.038134
1061	6.220192
1062	6.289807
1063	5.974557
1064	6.056448
1065	1.033699
1066	0.9073719
1067	0.8037948
1068	0.776316
1069	0.7465423
1070	0.6842853
1071	0.813264
1072	0.8207285
1073	0.7553065
1074	0.7599299
1075	0.8435479
1076	0.8469068
1077	0.8054176
1078	0.8082437
1079	0.8283596
1080	0.773646
1081	0.7741787
1082	0.7463818
1083	0.7428265
1084	0.7517218
1085	0.7164409
1086	0.7194522
1087	0.7002468
1088	0.6987775
1089	0.7240663
1090	0.7186209
1091	0.7070609
1092	0.6998537
1093	0.7108292
1094	0.7025267
1095	0.6900067
1096	0.6777084
1097	0.6852284
1098	0.6607934
1099	0.8283603
1100	0.8304306
1101	0.7381066
1102	0.7263694
1103	0.7915978
1104	0.690674
1105	0.677737
1106	0.6626059
1107	0.6464569
1108	0.6401461
1109	0.642446
1110	0.6270563
1111	0.6341339
1112	0.6154852
1113	0.6061536
1114	0.5838983
1115	0.5938946
1116	0.571389
1117	0.627892
1118	0.657655
1119	0.5459971
1120	0.6002459
1121	0.8581502
1122	0.9355517
1123	0.6940346
1124	0.7627022
1125	0.8983188
1126	1.348529
1127	2.179686
1128	1.73287
1129	1.237331
1130	1.60447
1131	2.690801
1132	4.167249
1133	6.113548
1134	9.960877
1135	16.95319
1136	31.44759
1137	60.91133
1138	59.38678
1139	32.05286
1140	22.65059
1141	21.37613
1142	20.46438
1143	20.9687
1144	20.27452
1145	17.07468
1146	15.19627
1147	11.75255
1148	11.76022
1149	15.91272
1150	23.3591
1151	27.29057
1152	31.49467
1153	24.87185
1154	20.88016
1155	13.66693
1156	9.833656
1157	6.685609
1158	5.441822
1159	5.521377
1160	5.73107
1161	5.828091
1162	5.491575
1163	5.607544
1164	5.00244
1165	5.25936
1166	5.399306
1167	5.023302
1168	5.188451
1169	4.605891
1170	4.488841
1171	4.830378
1172	5.03213
1173	4.675524
1174	4.923303
1175	4.189841
1176	4.606744
1177	4.882709
1178	4.621458
1179	4.921504
1180	1.24709
1181	1.086661
1182	0.8704671
1183	0.7249232
1184	0.6748297
1185	0.8303368
1186	0.7339026
1187	0.6210676
1188	0.592371
1189	0.5745555
1190	0.5970316
1191	0.5841526
1192	0.634205
1193	0.6055415
1194	0.563394
1195	0.5657542
1196	0.5761861
1197	0.5767131
1198	0.5912015
1199	0.5890356
1200	0.5888025
1201	0.6009844
1202	0.5991702
1203	0.5945664
1204	0.6052225
1205	0.6044432
1206	0.6120586
1207	0.6560595
1208	0.6170913
1209	0.6128765
1210	0.6198204
1211	0.6223979
1212	0.6266887
1213	0.6381268
1214	0.6372573
1215	0.6271562
1216	0.6628234
1217	0.6267139
1218	0.6542839
1219	0.6937201
1220	0.7179416
1221	0.6821199
1222	0.7095501
1223	0.6284162
1224	0.6391405
1225	0.6353513
1226	0.6448858
1227	0.6504348
1228	0.6630739
1229	0.6560881
1230	0.6675468
1231	0.6495027
1232	0.6719597
1233	0.676445
1234	0.6910654
1235	0.6819595
1236	0.6949646
1237	0.7135303
1238	0.687678
1239	0.7014575
1240	0.6957321
1241	0.7097106
1242	0.7157505
1243	0.7314788
1244	0.7251436
1245	0.7401703
1246	0.7449714
1247	0.8434019
1248	0.7454703
1249	0.7852285
1250	0.7482756
1251	0.766502
1252	0.7569035
1253	0.7760192
1254	0.7880763
1255	0.8134399
1256	0.7979116
1257	0.8235062
1258	0.8439343
1259	0.9341131
1260	0.8660378
1261	0.9544855
1262	1.119203
1263	1.544217
1264	1.057275
1265	1.208489
1266	1.066755
1267	1.209643
1268	1.475577
1269	2.138031
1270	2.639367
1271	1.869897
1272	2.173582
1273	2.370281
1274	1.991759
1275	2.251267
1276	2.198237
1277	1.898286
1278	2.491341
1279	3.988705
1280	5.951924
1281	8.139434
1282	11.39325
1283	15.94234
1284	23.03044
1285	32.99789
1286	30.97135
1287	20.18997
1288	17.23215
1289	19.44071
1290	21.21352
1291	22.13132
1292	20.54518
1293	16.57377
1294	14.50438
1295	12.66224
1296	12.99472
1297	15.69865
1298	19.3561
1299	20.59077
1300	21.41861
1301	18.48067
1302	16.01037
1303	12.05454
1304	9.443811
1305	7.140463
1306	5.202711
1307	4.649772
1308	4.812026
1309	5.051698
1310	5.052419
1311	5.25369
1312	5.365689
1313	5.344461
1314	5.509412
1315	5.675495
1316	5.810936
1317	6.625822
1318	6.122639
1319	6.02613
1320	6.135764
1321	6.396322
1322	6.483875
1323	6.933049
1324	6.783691
1325	6.851467
1326	7.187133
1327	7.236076
1328	1.675224
1329	1.53338
1330	1.41324
1331	0.988547
1332	0.7080834
1333	0.6599544
1334	0.7638701
1335	0.6821854
1336	0.689617
1337	0.7165609
1338	0.7490395
1339	0.7486296
1340	0.7783684
1341	0.7661189
1342	0.8436176
1343	0.7828886
1344	0.8081211
1345	0.8334023
1346	0.8193367
1347	0.8433432
1348	0.8093411
1349	0.8480104
1350	0.8637697
1351	0.898838
1352	0.8729218
1353	0.9075084
1354	0.9441919
1355	0.9924991
1356	0.9525111
1357	1.000839
1358	0.9024145
1359	0.9906067
1360	0.891296
1361	0.9705899
1362	1.047262
1363	1.110344
1364	1.057602
1365	1.118137
1366	1.176609
1367	1.248611
1368	1.183361
1369	1.2534
1370	1.103779
1371	1.195059
1372	1.262973
1373	1.210843
1374	1.278864
1375	1.359422
1376	1.513842
1377	1.332042
1378	1.40146
1379	1.347376
1380	1.413802
1381	1.468061
1382	1.532525
1383	1.477221
1384	1.535758
1385	1.143773
1386	1.284048
1387	1.222035
1388	1.375786
1389	1.420302
1390	1.538888
1391	1.522156
1392	1.638553
1393	1.658463
1394	1.790155
1395	1.593328
1396	1.655616
1397	1.589842
1398	1.639197
1399	1.708693
1400	1.759646
1401	1.683407
1402	1.72949
1403	1.91313
1404	2.032273
1405	1.81328
1406	1.86663
1407	1.77528
1408	1.826294
1409	1.931663
1410	2.004262
1411	1.897531
1412	1.971859
1413	1.628968
1414	1.689571
1415	1.718876
1416	1.75336
1417	1.755047
1418	1.8664
1419	1.951823
1420	1.835387
1421	1.937848
1422	1.726778
1423	1.900979
1424	2.14295
1425	2.230726
1426	2.0994
1427	2.25937
1428	2.304005
1429	2.373583
1430	2.395374
1431	2.51781
1432	2.049946
1433	2.151175
1434	2.054849
1435	2.17943
1436	2.253476
1437	2.349628
1438	2.295847
1439	2.406929
1440	2.195638
1441	2.465792
1442	2.440601
1443	2.525603
1444	2.511238
1445	2.608942
1446	2.692288
1447	2.594841
1448	2.710015
1449	2.705471
1450	2.821438
1451	2.811786
1452	2.908337
1453	2.930733
1454	3.034391
1455	2.567637
1456	2.810216
1457	2.851503
1458	3.002282
1459	3.000099
1460	3.092189
1461	3.133685
1462	3.23005
1463	3.307083
1464	3.421546
1465	3.227762
1466	3.869585
1467	3.945006
1468	4.656873
1469	5.791934
1470	8.169301
1471	11.55068
1472	14.4665
1473	16.65212
1474	17.88915
1475	16.04965
1476	14.68579
1477	13.25504
1478	13.73493
1479	19.37185
1480	21.26599
1481	17.25472
1482	13.96497
1483	10.83017
1484	9.704515
1485	10.291
1486	11.91816
1487	12.06713
1488	12.48063
1489	11.78377
1490	10.98311
1491	10.53408
1492	9.507665
1493	8.992269
1494	8.282073
1495	8.450898
1496	8.221259
1497	7.80317
1498	7.606164
1499	7.635827
1500	8.040401
1501	8.048756
1502	8.746334
1503	8.488872
1504	8.471989
1505	8.948809
1506	8.841908
1507	9.939291
1508	9.720784
1509	9.366461
1510	9.265934
1511	9.820012
1512	9.670462
1513	10.7526
1514	10.18836
1515	10.03144
1516	10.49393
1517	10.25988
1518	1.974946
1519	1.867486
1520	1.756458
1521	1.357109
1522	1.063174
1523	1.181365
1524	1.426665
1525	1.567512
1526	1.879878
1527	2.196633
1528	2.624863
1529	2.097116
1530	2.275941
1531	3.053579
1532	3.46414
1533	2.777938
1534	2.990241
1535	3.223179
1536	3.387226
1537	3.619238
1538	3.899101
1539	4.314701
1540	3.294759
1541	3.403718
1542	3.484564
1543	3.588123
1544	3.502352
1545	3.607596
1546	3.69505
1547	3.795478
1548	3.843765
1549	3.897574
1550	3.999555
1551	4.116693
1552	4.218502
1553	3.851195
1554	4.081868
1555	4.10196
1556	4.212435
1557	4.321493
1558	4.426384
1559	4.337646
1560	4.4532
1561	4.555309
1562	4.672454
1563	4.331309
1564	4.52554
1565	4.887274
1566	5.049798
1567	4.717655
1568	4.78002
1569	4.900214
1570	5.018406
1571	5.134388
1572	5.227162
1573	5.451858
1574	4.347608
1575	4.658646
1576	4.75953
1577	5.057858
1578	5.402203
1579	5.024877
1580	5.152283
1581	5.248221
1582	5.373935
1583	5.287777
1584	5.441935
1585	5.501319
1586	5.636572
1587	5.657047
1588	5.719608
1589	5.844387
1590	5.936327
1591	6.049315
1592	5.769556
1593	6.126456
1594	5.988121
1595	6.12696
1596	6.16491
1597	6.312602
1598	6.276551
1599	6.438729
1600	6.446603
1601	6.58893
1602	6.364497
1603	7.622305
1604	6.507494
1605	6.969381
1606	6.776868
1607	7.16931
1608	7.787812
1609	8.767485
1610	10.16297
1611	8.983769
1612	10.44361
1613	13.14571
1614	16.27027
1615	17.83781
1616	17.00278
1617	13.55568
1618	12.89153
1619	13.76717
1620	14.38777
1621	16.054
1622	14.47933
1623	10.65435
1624	7.606451
1625	5.346109
1626	4.800195
1627	5.949873
1628	7.603257
1629	7.875053
1630	7.700908
1631	7.011639
1632	6.602444
1633	6.95528
1634	7.05541
1635	7.211535
1636	7.406493
1637	8.876831
1638	10.52235
1639	10.98437
1640	10.68199
1641	10.43325
1642	10.74417
1643	10.56407
1644	10.8344
1645	10.77787
1646	10.64281
1647	10.73676
1648	10.69156
1649	10.33473
1650	10.75929
1651	10.7401
1652	10.66021
1653	10.74829
1654	10.68963
1655	10.75594
1656	10.76665
1657	10.72242
1658	10.7983
1659	10.76245
1660	2.109744
1661	1.991303
1662	1.776915
1663	1.792085
1664	1.973562
1665	2.22283
1666	2.975387
1667	3.987324
1668	6.312371
1669	6.544583
1670	5.866332
1671	6.161294
1672	7.073948
1673	7.38067
1674	6.148394
1675	6.318133
1676	6.660518
1677	6.816816
1678	6.525657
1679	6.619219
1680	6.781983
1681	6.809431
1682	6.941796
1683	6.959707
1684	7.150489
1685	7.535851
1686	7.721678
1687	6.921944
1688	7.06385
1689	7.054566
1690	7.181739
1691	7.214697
1692	7.380898
1693	7.31177
1694	7.455415
1695	7.315076
1696	7.41054
1697	7.529284
1698	7.513654
1699	7.60823
1700	7.684254
1701	8.160221
1702	7.667916
1703	7.852702
1704	7.719222
1705	7.880267
1706	8.061365
1707	8.31095
1708	8.073749
1709	8.312191
1710	7.640658
1711	7.726995
1712	8.0874
1713	8.09672
1714	7.861238
1715	8.073147
1716	8.324686
1717	8.084577
1718	8.351032
1719	8.036418
1720	8.216862
1721	8.717383
1722	9.368887
1723	8.755732
1724	9.477833
1725	10.61176
1726	8.657765
1727	9.030386
1728	8.712792
1729	9.126722
1730	9.710232
1731	8.813068
1732	9.281553
1733	9.021448
1734	9.53615
1735	9.760351
1736	10.24078
1737	10.04647
1738	10.54274
1739	10.58771
1740	11.4556
1741	11.09567
1742	12.00561
1743	12.36628
1744	14.0701
1745	12.95815
1746	14.3414
1747	17.12256
1748	20.98585
1749	19.56561
1750	15.89675
1751	16.20713
1752	21.80949
1753	20.16309
1754	11.231
1755	7.410512
1756	5.71898
1757	3.789333
1758	2.153049
1759	1.73355
1760	2.906367
1761	4.172713
1762	4.812302
1763	4.786124
1764	5.048664
1765	4.807336
1766	4.0898
1767	3.855262
1768	4.266992
1769	5.396345
1770	6.509654
1771	6.330993
1772	6.26515
1773	8.414415
1774	10.40172
1775	10.83679
1776	10.84502
1777	10.81176
1778	10.90755
1779	10.87076
1780	11.01142
1781	10.98539
1782	10.93809
1783	11.07603
1784	11.00986
1785	10.75969
1786	11.28611
1787	11.18941
1788	11.09855
1789	11.27866
1790	11.14962
1791	11.5924
1792	11.32285
1793	11.1633
1794	11.29949
1795	11.10165
1796	2.640047
1797	2.380911
1798	2.051229
1799	2.197823
1800	2.638655
1801	3.019424
1802	3.882652
1803	4.935652
1804	7.301113
1805	7.726625
1806	8.16002
1807	9.342226
1808	9.201054
1809	9.494633
1810	11.62561
1811	12.86315
1812	9.943653
1813	10.47475
1814	10.99031
1815	10.99962
1816	11.509
1817	11.29193
1818	12.22719
1819	11.49111
1820	11.97419
1821	12.00823
1822	12.49072
1823	12.91428
1824	12.60997
1825	13.08536
1826	13.30741
1827	13.7701
1828	13.54314
1829	13.98087
1830	14.21911
1831	14.65202
1832	14.39812
1833	14.73946
1834	14.978
1835	15.39499
1836	15.81243
1837	16.21952
1838	16.58876
1839	17.38309
1840	13.74273
1841	14.44122
1842	14.91366
1843	15.69375
1844	16.0575
1845	15.80752
1846	16.20628
1847	16.6535
1848	17.05334
1849	17.25343
1850	17.53657
1851	17.98485
1852	18.44618
1853	18.91832
1854	18.38135
1855	18.83515
1856	19.39083
1857	19.79012
1858	17.99336
1859	18.81642
1860	19.87898
1861	20.60882
1862	18.0809
1863	20.3715
1864	19.72449
1865	20.55168
1866	21.28987
1867	21.84749
1868	21.3245
1869	22.12956
1870	22.42144
1871	22.82517
1872	22.47536
1873	24.12158
1874	23.28773
1875	23.52994
1876	22.49829
1877	19.45736
1878	21.77542
1879	18.99151
1880	16.12556
1881	15.92878
1882	17.53807
1883	14.85681
1884	15.82826
1885	20.811
1886	25.78981
1887	17.4743
1888	18.85653
1889	24.36971
1890	16.43196
1891	17.30319
1892	13.47688
1893	11.01798
1894	7.467327
1895	9.814139
1896	7.11112
1897	5.638181
1898	4.9715
1899	5.435764
1900	4.436768
1901	4.317964
1902	3.604337
1903	3.675499
1904	2.986981
1905	2.892807
1906	2.220757
1907	2.375178
1908	1.857232
1909	1.629896
1910	1.157348
1911	1.439528
1912	1.149644
1913	0.9532831
1914	1.267662
1915	1.061393
1916	1.237501
1917	1.762367
1918	2.306529
1919	1.517702
1920	1.742486
1921	1.485012
1922	1.68938
1923	1.976632
1924	2.215468
1925	1.903111
1926	2.120592
1927	2.818059
1928	3.242972
1929	2.439502
1930	2.652112
1931	2.334948
1932	2.508425
1933	2.602252
1934	2.457255
1935	2.549391
1936	2.845012
1937	2.997403
1938	2.688039
1939	2.773679
1940	2.630722
1941	2.7038
1942	2.843096
1943	2.903672
1944	2.768262
1945	2.832596
1946	3.526784
1947	3.643009
1948	3.110379
1949	3.197117
1950	2.955134
1951	2.99864
1952	2.881866
1953	2.920797
1954	3.03221
1955	3.064825
1956	2.951341
1957	2.979796
1958	3.245777
1959	3.259199
1960	3.083992
1961	3.09108
1962	2.988061
1963	2.991711
1964	3.097982
1965	3.094095
1966	2.996461
1967	2.997027
1968	3.63343
1969	3.570336
1970	3.25208
1971	3.23656
1972	3.092472
1973	3.0904
1974	2.994365
1975	2.989332
1976	3.081452
1977	3.073937
1978	2.983156
1979	2.976466
1980	3.219399
1981	3.18592
1982	3.063434
1983	3.051346
1984	2.967343
1985	2.95711
1986	3.043296
1987	3.028062
1988	2.945659
1989	2.938656
1990	3.629078
1991	3.54623
1992	3.364526
1993	3.300238
1994	3.450732
1995	3.344192
1996	3.229394
1997	3.16477
1998	3.141333
1999	3.158864
2000	3.130762
2001	3.058005
2002	3.040884
2003	3.011806
2004	2.994077
2005	2.924709
2006	2.911538
2007	2.977373
2008	2.960989
2009	2.896311
2010	2.881674
2011	3.105806
2012	3.083407
2013	3.024756
2014	3.004277
2015	3.065338
2016	3.055312
2017	2.993244
2018	2.990352
2019	2.897552
2020	2.923065
2021	2.924082
2022	2.852908
2023	2.857714
2024	3.188142
2025	3.585226
2026	3.035959
2027	3.132225
2028	2.937025
2029	2.963665
2030	2.873209
2031	2.901915
2032	3.026615
2033	3.092491
2034	2.966414
2035	3.032853
2036	3.300724
2037	3.54593
2038	3.172151
2039	3.271486
2040	3.112153
2041	3.210423
2042	3.388297
2043	3.521228
2044	3.32584
2045	3.456943
2046	4.28207
2047	5.092056
2048	3.850393
2049	4.204483
2050	3.668198
2051	3.829291
2052	3.601747
2053	3.768189
2054	4.003611
2055	4.183758
2056	3.938811
2057	4.113571
2058	4.586661
2059	4.975057
2060	4.37242
2061	4.554428
2062	4.299305
2063	4.475472
2064	4.783547
2065	5.904713
2066	6.239743
2067	5.342696
2068	5.663122
2069	5.137923
2070	5.469731
2071	5.882356
2072	6.031657
2073	5.732257
2074	5.937352
2075	6.203006
2076	6.03487
2077	6.118332
2078	6.167736
2079	6.080309
2080	6.200154
2081	6.200475
2082	6.208665
2083	6.310059
2084	6.406145
2085	5.827671
2086	6.318956
2087	6.246144
2088	6.343889
2089	6.503558
2090	6.664033
2091	6.567972
2092	6.902548
2093	6.875425
2094	7.137883
2095	7.476218
2096	8.807947
2097	7.314408
2098	7.765574
2099	7.442979
2100	7.773757
2101	8.245527
2102	8.724041
2103	8.111763
2104	8.441021
2105	10.2678
2106	11.24191
2107	11.13786
2108	10.81437
2109	10.79507
2110	10.61719
2111	10.45121
2112	10.49645
2113	10.37216
2114	10.18402
2115	10.10498
2116	9.176403
2117	9.51904
2118	8.70674
2119	8.932691
2120	9.76889
2121	9.957364
2122	9.930042
2123	9.66702
2124	9.664708
2125	9.189704
2126	9.393223
2127	9.410018
2128	9.13636
2129	9.168404
2130	4.159074
2131	3.278673
2132	2.489816
2133	2.531868
2134	2.800821
2135	2.99833
2136	3.285826
2137	3.799567
2138	4.197036
2139	5.706669
2140	8.123771
2141	10.27122
2142	12.12851
2143	10.68825
2144	12.44389
2145	14.01564
2146	12.68646
2147	14.46925
2148	14.73289
2149	15.63992
2150	16.65472
2151	18.15711
2152	19.45981
2153	16.00922
2154	18.44753
2155	16.84948
2156	18.8479
2157	20.57809
2158	19.27355
2159	21.1871
2160	21.0318
2161	21.62962
2162	22.14201
2163	23.49586
2164	23.91297
2165	22.43648
2166	24.23504
2167	23.35766
2168	25.78628
2169	25.51658
2170	25.76131
2171	27.75676
2172	27.42283
2173	17.43052
2174	18.0794
2175	20.17055
2176	19.78285
2177	19.95626
2178	21.02995
2179	21.12623
2180	18.6528
2181	18.65725
2182	19.0207
2183	19.62027
2184	20.1121
2185	20.12312
2186	20.38863
2187	21.20596
2188	21.33544
2189	20.64457
2190	21.01963
2191	21.60769
2192	21.8751
2193	22.33412
2194	22.37079
2195	23.92725
2196	23.66499
2197	22.2802
2198	22.17225
2199	23.3331
2200	23.05541
2201	25.4982
2202	24.12517
2203	22.50246
2204	22.77162
2205	23.43407
2206	23.34933
2207	19.45492
2208	19.92812
2209	20.48844
2210	20.89669
2211	20.36693
2212	20.77931
2213	21.32493
2214	21.78549
2215	22.02666
2216	22.99634
2217	21.17808
2218	21.54896
2219	22.20447
2220	22.58394
2221	21.9063
2222	22.18841
2223	22.92898
2224	23.17633
2225	23.95187
2226	24.62421
2227	24.39217
2228	27.50022
2229	22.47767
2230	22.66381
2231	23.39206
2232	23.48661
2233	22.815
2234	22.94356
2235	23.4534
2236	23.47114
2237	24.66938
2238	24.36163
2239	22.97892
2240	23.20191
2241	23.48133
2242	23.50632
2243	23.50173
2244	23.92072
2245	23.83211
2246	24.28159
2247	24.0811
2248	23.81387
2249	23.82198
2250	23.93679
2251	23.90121
2252	26.06121
2253	24.27179
2254	23.77622
2255	23.65266
2256	22.85976
2257	23.76476
2258	23.90611
2259	23.83426
2260	23.95855
2261	23.84873
2262	23.86009
2263	24.01825
2264	24.01704
2265	23.89347
2266	24.03193
2267	23.76076
2268	23.23036
2269	23.95428
2270	23.7818
2271	24.00344
2272	23.87614
2273	23.3321
2274	23.5936
2275	23.7191
2276	22.61206
2277	22.84782
2278	23.92485
2279	23.94434
2280	23.82148
2281	23.90927
2282	23.72411
2283	23.2302
2284	23.76821
2285	23.32851
2286	23.45699
2287	23.905
2288	22.0734
2289	20.61659
2290	21.98212
2291	20.25743
2292	17.84638
2293	22.4613
2294	21.51626
2295	22.55301
2296	21.45181
2297	20.50939
2298	19.45902
2299	20.2854
2300	19.09719
2301	21.79492
2302	19.88794
2303	18.66113
2304	19.3218
2305	18.01875
2306	17.7074
2307	15.89321
2308	17.5229
2309	16.50466
2310	16.88131
2311	15.86233
2312	15.57551
2313	14.7367
2314	14.95327
2315	14.19164
2316	15.13355
2317	13.43206
2318	14.371
2319	13.15178
2320	13.97835
2321	13.29137
2322	13.45736
2323	12.78966
2324	12.15827
2325	12.17392
2326	11.51821
2327	11.1248
2328	10.75318
2329	10.48149
2330	10.21493
2331	9.870147
2332	12.9102
2333	13.7696
2334	14.19181
2335	12.59272
2336	12.91409
2337	11.20741
2338	11.29044
2339	10.35706
2340	10.38967
2341	9.795579
2342	9.901357
2343	10.4753
2344	10.58544
2345	10.03193
2346	10.1525
2347	11.70437
2348	11.83944
2349	11.19208
2350	11.32628
2351	11.98178
2352	12.11669
2353	11.45672
2354	11.58454
2355	10.71814
2356	10.84874
2357	10.28602
2358	10.41836
2359	10.81459
2360	14.66641
2361	15.09936
2362	13.49503
2363	13.6582
2364	12.84046
2365	12.98546
2366	13.80425
2367	13.9239
2368	13.08853
2369	13.17507
2370	15.26266
2371	15.11287
2372	13.96423
2373	13.93859
2374	13.19708
2375	13.15174
2376	13.8055
2377	13.62812
2378	13.04155
2379	12.84027
2380	12.24544
2381	12.36638
2382	11.69793
2383	11.78951
2384	12.16823
2385	11.00677
2386	11.05824
2387	12.16106
2388	11.93205
2389	11.03028
2390	10.80381
2391	14.44006
2392	13.41336
2393	13.33114
2394	12.9108
2395	12.52786
2396	12.21359
2397	12.49556
2398	12.0221
2399	11.81416
2400	11.39129
2401	12.15832
2402	10.80206
2403	11.50364
2404	10.94841
2405	10.92934
2406	10.39136
2407	10.38545
2408	9.77684
2409	9.88842
2410	9.382306
2411	11.42258
2412	10.72252
2413	10.38773
2414	9.791682
2415	9.921384
2416	9.045437
2417	9.103242
2418	8.363398
2419	9.522323
2420	8.287672
2421	9.224903
2422	8.686446
2423	8.870455
2424	8.39674
2425	8.186692
2426	7.703904
2427	7.926966
2428	7.478593
2429	7.255783
2430	6.3598
2431	7.240083
2432	6.80425
2433	7.072333
2434	6.667239
2435	6.40645
2436	6.013714
2437	6.283232
2438	5.910516
2439	8.17955
2440	7.370713
2441	7.624141
2442	6.922291
2443	6.623942
2444	5.928178
2445	6.282456
2446	5.709314
2447	5.575699
2448	4.938476
2449	5.635946
2450	5.297235
2451	5.555664
2452	5.222319
2453	4.97999
2454	4.688395
2455	4.912101
2456	4.610481
2457	4.400071
2458	3.922772
2459	4.40854
2460	4.147071
2461	4.326948
2462	4.053895
2463	3.900238
2464	3.666373
2465	3.806326
2466	3.575228
2467	5.271216
2468	4.635658
2469	5.11633
2470	4.447976
2471	4.056307
2472	3.555078
2473	3.864816
2474	3.373127
2475	3.513722
2476	3.131629
2477	3.452267
2478	3.256741
2479	3.358358
2480	3.162401
2481	3.070398
2482	2.891366
2483	2.97222
2484	2.793743
2485	2.79761
2486	2.493718
2487	2.723835
2488	2.565696
2489	2.629956
2490	2.473214
2491	2.417948
2492	2.28364
2493	2.327592
2494	2.193442
2495	3.120855
2496	2.74842
2497	2.949279
2498	2.582629
2499	2.417728
2500	2.131661
2501	2.263779
2502	1.982578
2503	2.223371
2504	1.983435
2505	2.15539
2506	2.035514
2507	2.072374
2508	1.958799
2509	1.927688
2510	1.829838
2511	1.859726
2512	1.76764
2513	1.774198
2514	1.589548
2515	1.736724
2516	1.649253
2517	1.682283
2518	1.602217
2519	1.565816
2520	1.487992
2521	1.524457
2522	1.452759
2523	1.899834
2524	1.71945
2525	1.752235
2526	1.610761
2527	1.57241
2528	1.43968
2529	1.497502
2530	1.391201
2531	1.426096
2532	1.286398
2533	1.413628
2534	1.348399
2535	1.38498
2536	1.322637
2537	1.28544
2538	1.228847
2539	1.264951
2540	1.210817
2541	1.17553
2542	1.10677
2543	1.177462
2544	1.135376
2545	1.162621
2546	1.120494
2547	1.102339
2548	1.081729
2549	1.087605
2550	1.064581
2551	1.31977
2552	1.211833
2553	1.286754
2554	1.187738
2555	1.11811
2556	1.070484
2557	1.045898
2558	1.053319
2559	1.024918
2560	1.095668
2561	1.014681
2562	1.07681
2563	1.100618
2564	1.06775
2565	1.067468
2566	1.050713
2567	1.052845
2568	1.080322
2569	1.107042
2570	1.068262
2571	1.097002
2572	1.177222
2573	1.300869
2574	1.147813
2575	1.198636
2576	1.138674
2577	1.191463
2578	1.259753
2579	1.330645
2580	1.252341
2581	1.323394
2582	1.018578
2583	1.053336
2584	0.9600401
2585	1.012665
2586	1.147275
2587	1.280279
2588	1.134787
2589	1.2768
2590	1.425966
2591	1.514936
2592	1.414878
2593	1.50626
2594	1.610355
2595	1.707025
2596	1.592089
2597	1.689968
2598	1.406579
2599	1.492163
2600	1.402106
2601	1.483042
2602	1.625238
2603	1.808079
2604	1.916321
2605	1.793002
2606	1.896953
2607	2.02301
2608	2.128565
2609	2.003694
2610	2.107122
2611	1.829943
2612	2.035378
2613	1.43656
2614	1.618626
2615	1.441467
2616	1.623862
2617	1.924602
2618	2.231268
2619	2.326305
2620	2.207461
2621	2.299843
2622	2.41833
2623	2.506367
2624	2.390099
2625	2.472499
2626	2.232751
2627	2.39999
2628	2.597136
2629	2.71395
2630	2.534075
2631	2.628531
2632	2.316893
2633	2.51598
2634	2.794578
2635	2.85142
2636	2.684899
2637	2.710502
2638	2.867229
2639	2.866285
2640	2.723816
2641	2.716286
2642	2.576641
2643	2.548009
2644	2.85662
2645	2.846669
2646	2.695308
2647	2.684579
2648	2.831828
2649	2.819881
2650	2.681926
2651	2.679086
2652	2.473199
2653	2.514272
2654	2.797713
2655	2.779881
2656	2.667427
2657	2.646677
2658	2.758615
2659	2.752381
2660	2.625791
2661	2.62187
2662	2.528431
2663	2.473595
2664	2.78491
2665	2.894277
2666	2.642849
2667	2.741659
2668	3.059598
2669	3.298308
2670	2.919289
2671	3.166872
2672	2.434781
2673	2.844919
2674	3.592386
2675	3.925761
2676	3.468625
2677	3.801698
2678	4.22012
2679	4.400258
2680	4.150401
2681	4.336334
2682	4.578589
2683	4.758692
2684	4.517466
2685	4.697073
2686	4.160544
2687	4.526933
2688	3.515638
2689	4.241588
2690	4.934678
2691	5.104235
2692	4.869484
2693	5.03987
2694	5.270159
2695	5.432222
2696	5.207676
2697	5.372923
2698	4.880017
2699	5.222042
2700	5.573063
2701	5.702694
2702	5.519155
2703	5.656058
2704	5.821497
2705	5.93038
2706	5.783999
2707	5.899981
2708	5.524364
2709	5.802302
2710	4.95136
2711	5.586032
2712	6.026505
2713	6.119489
2714	6.012725
2715	6.119894
2716	6.192079
2717	6.275427
2718	6.222967
2719	6.308299
2720	6.044853
2721	6.22277
2722	6.33051
2723	6.236699
2724	6.358681
2725	6.402457
2726	6.500046
2727	6.579383
2728	6.589861
2729	6.691647
2730	6.44667
2731	6.54958
2732	6.490879
2733	6.626512
2734	6.676867
2735	6.798732
2736	6.765853
2737	6.901247
2738	6.034761
2739	6.315391
2740	6.006263
2741	6.31597
2742	6.621434
2743	6.95637
2744	6.656991
2745	7.035892
2746	6.664059
2747	6.751751
2748	6.791616
2749	6.894374
2750	6.842834
2751	6.950361
2752	6.995731
2753	7.107096
2754	7.047985
2755	7.28438
2756	7.048984
2757	7.15164
2758	7.202427
2759	7.294627
2760	7.258414
2761	7.369226
2762	7.384646
2763	7.473731
2764	7.47523
2765	7.600641
2766	7.623968
2767	7.918977
2768	7.483777
2769	7.601464
2770	7.562935
2771	7.652792
2772	7.721426
2773	7.842552
2774	7.743262
2775	7.83377
2776	7.702153
2777	7.782975
2778	7.963534
2779	8.079409
2780	7.899388
2781	7.985439
2782	8.172991
2783	8.27304
2784	8.0701
2785	8.148041
2786	7.867565
2787	7.948737
2788	7.806595
2789	7.727601
2790	8.372832
2791	8.4632
2792	8.220581
2793	8.276775
2794	8.542645
2795	8.700355
2796	8.335993
2797	8.409414
2798	8.014595
2799	8.08323
2800	8.775287
2801	8.840538
2802	8.542576
2803	8.60825
2804	8.89578
2805	8.940862
2806	8.670562
2807	8.727831
2808	8.250168
2809	8.459988
2810	8.529811
2811	8.26399
2812	8.347916
2813	7.589633
2814	7.853609
2815	8.051297
2816	8.143503
2817	7.893614
2818	8.005436
2819	7.503877
2820	7.764206
2821	7.897793
2822	7.694812
2823	7.830701
2824	5.615252
2825	4.49528
2826	3.293766
2827	2.941605
2828	2.782369
2829	2.695305
2830	2.783233
2831	3.141014
2832	3.453172
2833	4.896807
2834	6.890275
2835	8.534272
2836	6.48006
2837	7.819048
2838	10.04922
2839	11.2367
2840	9.741898
2841	10.85786
2842	12.66872
2843	14.03536
2844	15.08481
2845	13.89252
2846	14.92144
2847	11.99527
2848	12.77039
2849	11.71335
2850	12.47955
2851	13.64111
2852	14.62165
2853	13.30097
2854	14.21349
2855	9.296453
2856	10.1941
2857	10.78119
2858	9.910828
2859	10.46679
2860	8.790614
2861	9.625031
2862	10.13397
2863	9.330039
2864	9.80574
2865	11.41077
2866	12.13194
2867	11.07353
2868	11.71589
2869	13.08509
2870	10.79245
2871	12.04307
2872	16.29264
2873	17.66939
2874	16.09689
2875	17.42067
2876	19.3249
2877	21.24235
2878	18.99104
2879	20.75586
2880	16.08857
2881	18.67476
2882	24.37966
2883	27.50147
2884	21.44915
2885	23.15009
2886	14.8865
2887	17.6935
2888	23.77355
2889	22.10258
2890	18.28507
2891	17.51109
2892	20.22377
2893	22.83758
2894	20.18804
2895	15.70046
2896	14.67361
2897	19.46488
2898	20.06417
2899	13.97319
2900	13.39764
2901	20.02487
2902	17.3448
2903	16.79666
2904	15.12005
2905	15.23251
2906	13.57402
2907	13.5647
2908	12.2597
2909	12.17038
2910	10.64099
2911	12.84891
2912	12.22251
2913	12.27165
2914	11.69663
2915	11.64267
2916	11.12245
2917	11.17422
2918	10.68886
2919	11.19276
2920	10.29413
2921	10.64446
2922	10.20895
2923	10.26512
2924	9.888823
2925	9.792569
2926	9.418728
2927	9.540545
2928	9.287434
2929	9.603923
2930	9.132212
2931	9.327823
2932	8.549114
2933	9.311452
2934	9.51975
2935	8.916222
2936	8.981182
2937	9.747677
2938	9.960815
2939	9.138464
2940	9.296737
2941	8.273377
2942	8.479936
2943	9.782586
2944	9.680816
2945	8.701425
2946	8.610334
2947	8.971903
2948	7.750484
2949	7.931572
2950	6.82544
2951	6.493315
2952	5.400373
2953	5.60682
2954	4.524454
2955	4.326766
2956	3.277719
2957	3.591352
2958	2.827474
2959	2.518036
2960	1.956761
2961	2.246552
2962	1.811221
2963	1.581939
2964	1.388078
2965	1.529057
2966	1.369179
2967	1.223606
2968	1.074904
2969	1.266219
2970	1.1947
2971	1.023145
2972	1.2416
2973	1.208825
2974	1.374452
2975	1.559031
2976	1.930879
2977	1.642851
2978	1.945429
2979	2.34362
2980	2.477879
2981	2.462866
2982	2.589175
2983	2.808423
2984	3.949
2985	5.186283
2986	6.050309
2987	6.713093
2988	5.876447
2989	6.303853
2990	7.414527
2991	7.674996
2992	7.500692
2993	7.426854
2994	7.648054
2995	7.799413
2996	7.694703
2997	7.824731
2998	7.712882
2999	7.787359
3000	7.901891
3001	7.919296
3002	8.012978
3003	8.032614
3004	8.042138
3005	8.05019
3006	8.120281
3007	8.220503
3008	8.275551
3009	8.437641
3010	8.406776
3011	8.448229
3012	8.608919
3013	8.637003
3014	6.189366
3015	5.609291
3016	5.040407
3017	3.328324
3018	2.416598
3019	2.249111
3020	2.408162
3021	3.045302
3022	4.267347
3023	4.808348
3024	5.388582
3025	5.094263
3026	5.255052
3027	5.434239
3028	5.209373
3029	5.327341
3030	5.982494
3031	6.443738
3032	5.833246
3033	6.185353
3034	6.957996
3035	7.576501
3036	6.621113
3037	7.099143
3038	7.406362
3039	6.896625
3040	7.183943
3041	5.658682
3042	5.91784
3043	6.078093
3044	5.803281
3045	5.93754
3046	5.486419
3047	5.580163
3048	5.413384
3049	5.498592
3050	5.690464
3051	5.803116
3052	5.585654
3053	5.689704
3054	6.253413
3055	6.45326
3056	6.09033
3057	6.27558
3058	6.700279
3059	6.959134
3060	6.485879
3061	6.754821
3062	5.928874
3063	6.305241
3064	8.214675
3065	8.602595
3066	7.968893
3067	8.333325
3068	9.017865
3069	9.460438
3070	8.733125
3071	9.146351
3072	7.72504
3073	8.077505
3074	7.492931
3075	7.818928
3076	8.488559
3077	10.02532
3078	11.02037
3079	9.306702
3080	10.14243
3081	7.310608
3082	7.975704
3083	6.882001
3084	7.518208
3085	8.728568
3086	11.92989
3087	13.27265
3088	9.887328
3089	10.53513
3090	11.69028
3091	9.265461
3092	8.471302
3093	7.729287
3094	7.120318
3095	6.957994
3096	7.025682
3097	7.810814
3098	6.574211
3099	3.915798
3100	2.469658
3101	1.702986
3102	1.36638
3103	1.361942
3104	1.515646
3105	1.959932
3106	2.362295
3107	2.630829
3108	2.772087
3109	3.258662
3110	3.855415
3111	4.63734
3112	5.360766
3113	5.752653
3114	5.90591
3115	7.803445
3116	8.829616
3117	8.897652
3118	8.827634
3119	8.841302
3120	9.063921
3121	9.060722
3122	9.445025
3123	9.318595
3124	9.2944
3125	9.591626
3126	9.540228
3127	9.999694
3128	10.10493
3129	9.880931
3130	9.793228
3131	10.17964
3132	10.04505
3133	10.86542
3134	10.47224
3135	10.27908
3136	10.69695
3137	10.47015
3138	4.953931
3139	4.534344
3140	4.459975
3141	2.751201
3142	1.872489
3143	1.774376
3144	1.97592
3145	2.658864
3146	3.908563
3147	4.887133
3148	3.304653
3149	3.974677
3150	4.216304
3151	3.570169
3152	3.806477
3153	5.053289
3154	5.049645
3155	4.760196
3156	4.815531
3157	5.112244
3158	5.216566
3159	5.274149
3160	5.104278
3161	5.16614
3162	4.925701
3163	4.966716
3164	4.813535
3165	4.863735
3166	5.017377
3167	5.077145
3168	4.921872
3169	4.988081
3170	4.382911
3171	4.575484
3172	4.628546
3173	4.395234
3174	4.483248
3175	4.056592
3176	4.147052
3177	3.873913
3178	3.975414
3179	4.232687
3180	4.330014
3181	4.073925
3182	4.171114
3183	4.68494
3184	4.751563
3185	4.554222
3186	4.633556
3187	4.813791
3188	4.394619
3189	4.603083
3190	5.339905
3191	5.412516
3192	5.231619
3193	5.311693
3194	5.476471
3195	5.149848
3196	5.324935
3197	5.737412
3198	5.010945
3199	5.594213
3200	6.737186
3201	7.870837
3202	6.469824
3203	7.556623
3204	8.917525
3205	8.967523
3206	6.810708
3207	6.459868
3208	5.992914
3209	5.49213
3210	5.156866
3211	5.038007
3212	5.68969
3213	4.816225
3214	2.851496
3215	1.942522
3216	1.586717
3217	1.517247
3218	1.830337
3219	2.177385
3220	2.704874
3221	3.06802
3222	3.433827
3223	3.672429
3224	4.443411
3225	5.2278
3226	5.927014
3227	6.505883
3228	6.76335
3229	6.571522
3230	8.728848
3231	10.71753
3232	11.35351
3233	10.85512
3234	10.55287
3235	10.81601
3236	10.48572
3237	10.93246
3238	10.70738
3239	10.42833
3240	10.54605
3241	10.31237
3242	10.19864
3243	10.41843
3244	10.30942
3245	10.16404
3246	10.12004
3247	9.936967
3248	10.02985
3249	9.93684
3250	9.769898
3251	9.762476
3252	9.604382
3253	2.332612
3254	2.343632
3255	2.009683
3256	1.660011
3257	1.29427
3258	1.326528
3259	1.535082
3260	1.995855
3261	2.339265
3262	1.735788
3263	2.010349
3264	2.732571
3265	3.206444
3266	3.446193
3267	2.900497
3268	3.151269
3269	3.26671
3270	3.003589
3271	3.121358
3272	2.311446
3273	2.462247
3274	2.144356
3275	2.274906
3276	2.339305
3277	2.1928
3278	2.243302
3279	2.647674
3280	2.748864
3281	2.523669
3282	2.617196
3283	2.863288
3284	2.984352
3285	2.7328
3286	2.858759
3287	2.406944
3288	2.494693
3289	2.301589
3290	2.378303
3291	2.620102
3292	3.701648
3293	3.812389
3294	3.540148
3295	3.658663
3296	3.905851
3297	3.389294
3298	3.513001
3299	3.247245
3300	3.380214
3301	3.644472
3302	4.166852
3303	3.129398
3304	3.435273
3305	2.931435
3306	3.276099
3307	3.838277
3308	4.902078
3309	6.90393
3310	9.805313
3311	10.30147
3312	9.593952
3313	9.240485
3314	9.454536
3315	6.932068
3316	3.899011
3317	3.097135
3318	3.216798
3319	2.80841
3320	2.025397
3321	1.692386
3322	1.794568
3323	2.165736
3324	3.019035
3325	4.05113
3326	4.555976
3327	5.136015
3328	5.506619
3329	5.999164
3330	6.408768
3331	7.064317
3332	7.86503
3333	9.110137
3334	10.10386
3335	11.65815
3336	10.33743
3337	9.822237
3338	9.709129
3339	9.596724
3340	9.442136
3341	9.437934
3342	9.282948
3343	9.425687
3344	9.283674
3345	9.125413
3346	9.131067
3347	8.967294
3348	9.44704
3349	9.150024
3350	8.976786
3351	8.805663
3352	8.844754
3353	8.671015
3354	8.870665
3355	8.671352
3356	8.487976
3357	8.47888
3358	8.286664
3359	1.554256
3360	1.6307
3361	1.388859
3362	1.275539
3363	1.005741
3364	1.063706
3365	1.147353
3366	1.033919
3367	1.082117
3368	1.219406
3369	1.322346
3370	1.142938
3371	1.182424
3372	1.113274
3373	1.153801
3374	1.236985
3375	1.318007
3376	1.208074
3377	1.271216
3378	1.314104
3379	1.254339
3380	1.293662
3381	1.524722
3382	1.650302
3383	1.458433
3384	1.573677
3385	1.775948
3386	1.899277
3387	1.694242
3388	1.801813
3389	1.862677
3390	1.77239
3391	1.834887
3392	1.412607
3393	1.505924
3394	1.563656
3395	1.483924
3396	1.541087
3397	1.359065
3398	1.408318
3399	1.340532
3400	1.389128
3401	1.463121
3402	1.520566
3403	1.442026
3404	1.500733
3405	1.623451
3406	1.685096
3407	1.601022
3408	1.663468
3409	1.748359
3410	1.812912
3411	1.728153
3412	1.795669
3413	1.603138
3414	1.740235
3415	2.016816
3416	2.078184
3417	1.959425
3418	2.015461
3419	2.127909
3420	2.171297
3421	2.074545
3422	2.12029
3423	1.922827
3424	1.984026
3425	1.897583
3426	1.961208
3427	2.061795
3428	2.204372
3429	2.454634
3430	2.209758
3431	2.450136
3432	1.907604
3433	2.056865
3434	1.887746
3435	2.063296
3436	2.38293
3437	2.96728
3438	3.733339
3439	3.039937
3440	3.906682
3441	5.05533
3442	7.206275
3443	10.09595
3444	10.95681
3445	11.50901
3446	11.20134
3447	11.25406
3448	7.269682
3449	3.306023
3450	2.225448
3451	2.023638
3452	1.757227
3453	1.511488
3454	1.526687
3455	1.965031
3456	2.724757
3457	4.281005
3458	6.221424
3459	6.882757
3460	7.812712
3461	8.230145
3462	8.84653
3463	8.550549
3464	8.662777
3465	8.942466
3466	10.18352
3467	11.0569
3468	13.19935
3469	9.332864
3470	8.594271
3471	8.469044
3472	8.260209
3473	8.060514
3474	7.998868
3475	7.837365
3476	7.785942
3477	7.69652
3478	7.555203
3479	7.387619
3480	7.253456
3481	7.074408
3482	7.05819
3483	7.050495
3484	6.940231
3485	6.718712
3486	6.63271
3487	6.322725
3488	6.378825
3489	6.313716
3490	6.042391
3491	5.99731
3492	1.730066
3493	1.807078
3494	1.726185
3495	1.636579
3496	2.049396
3497	1.961983
3498	1.473676
3499	1.296094
3500	1.673707
3501	1.430765
3502	1.320136
3503	1.500519
3504	1.37082
3505	1.13765
3506	1.053389
3507	1.220018
3508	1.137991
3509	1.251999
3510	1.169551
3511	1.127958
3512	1.179443
3513	1.129929
3514	1.079873
3515	1.0499
3516	1.092899
3517	1.072521
3518	1.092484
3519	1.070426
3520	1.057075
3521	1.048533
3522	1.058005
3523	1.051583
3524	1.031863
3525	1.034803
3526	1.033141
3527	1.029815
3528	1.046535
3529	1.063167
3530	1.038498
3531	1.047577
3532	1.055415
3533	1.040925
3534	1.047057
3535	1.037876
3536	1.034304
3537	1.040557
3538	1.034122
3539	1.030574
3540	1.030531
3541	1.031998
3542	1.030956
3543	1.043227
3544	1.03727
3545	1.045581
3546	1.042463
3547	1.033361
3548	1.031606
3549	1.032294
3550	1.028091
3551	1.028283
3552	1.035101
3553	1.038945
3554	1.030339
3555	1.031764
3556	1.028498
3557	1.023819
3558	1.088897
3559	1.121503
3560	1.142911
3561	1.106927
3562	1.126932
3563	1.065397
3564	1.076987
3565	1.054376
3566	1.064185
3567	1.091852
3568	1.110109
3569	1.076741
3570	1.092342
3571	1.168123
3572	1.198565
3573	1.150761
3574	1.180335
3575	1.236489
3576	1.275096
3577	1.217445
3578	1.25552
3579	1.136646
3580	1.204327
3581	1.041202
3582	1.057825
3583	1.021181
3584	1.021982
3585	1.095944
3586	1.332187
3587	1.441408
3588	1.292146
3589	1.400077
3590	1.622929
3591	1.278407
3592	1.542715
3593	1.960798
3594	2.439436
3595	1.912709
3596	2.431003
3597	3.6745
3598	6.82455
3599	7.57875
3600	7.021773
3601	8.080442
3602	10.44099
3603	9.539613
3604	6.83731
3605	4.94235
3606	3.632303
3607	2.340925
3608	1.307446
3609	1.069751
3610	1.309439
3611	1.585889
3612	2.013301
3613	2.878432
3614	4.570206
3615	6.784614
3616	8.216366
3617	9.697654
3618	10.58626
3619	11.18675
3620	9.977844
3621	9.06407
3622	8.026723
3623	7.518441
3624	7.744677
3625	7.383503
3626	5.881161
3627	5.521854
3628	5.609046
3629	5.71148
3630	5.685973
3631	5.387858
3632	5.381848
3633	4.927908
3634	5.073223
3635	5.08703
3636	4.7694
3637	4.803809
3638	4.161118
3639	4.288985
3640	4.478606
3641	4.534988
3642	4.203939
3643	4.270701
3644	3.71831
3645	3.940845
3646	4.044806
3647	3.71823
3648	3.850113
3649	1.929394
3650	1.993985
3651	2.146553
3652	2.126006
3653	2.193111
3654	2.259757
3655	2.227038
3656	2.259965
3657	2.276973
3658	2.259764
3659	2.279286
3660	2.250776
3661	2.370549
3662	2.31857
3663	2.412699
3664	2.381108
3665	2.137111
3666	2.393374
3667	2.251428
3668	2.137466
3669	2.250834
3670	2.145012
3671	2.326058
3672	2.368914
3673	2.377515
3674	2.34087
3675	2.33973
3676	2.298951
3677	2.314648
3678	2.294584
3679	2.303587
3680	2.320815
3681	2.313995
3682	2.303948
3683	2.293438
3684	2.353138
3685	2.30418
3686	2.318484
3687	2.279633
3688	2.231441
3689	2.146626
3690	2.218479
3691	2.146078
3692	2.266781
3693	2.169227
3694	1.920936
3695	1.734088
3696	2.030336
3697	1.929234
3698	2.04575
3699	1.949093
3700	1.834469
3701	1.737972
3702	1.857057
3703	1.769877
3704	1.591868
3705	1.515888
3706	1.628268
3707	1.54985
3708	1.444886
3709	1.376464
3710	1.475533
3711	1.404826
3712	1.654382
3713	1.575573
3714	1.687379
3715	1.609241
3716	1.482085
3717	2.019462
3718	1.852225
3719	2.038944
3720	1.895722
3721	1.696233
3722	1.549969
3723	1.753187
3724	1.622339
3725	1.313765
3726	1.251297
3727	1.337315
3728	1.272108
3729	1.189961
3730	1.135523
3731	1.210157
3732	1.148579
3733	1.34408
3734	1.227743
3735	1.073223
3736	1.064925
3737	1.141846
3738	1.109136
3739	1.408166
3740	1.245873
3741	1.057922
3742	1.047325
3743	1.087643
3744	1.066993
3745	1.03616
3746	1.1483
3747	1.0791
3748	1.001362
3749	1.007665
3750	1.032943
3751	1.045319
3752	1.284042
3753	1.900331
3754	2.977719
3755	5.830999
3756	5.332358
3757	4.275814
3758	5.053175
3759	7.334035
3760	6.261746
3761	3.979908
3762	3.221577
3763	3.200945
3764	2.275098
3765	1.104129
3766	0.8879496
3767	1.219757
3768	1.47534
3769	1.763073
3770	2.461584
3771	4.0401
3772	6.374219
3773	7.982265
3774	10.02943
3775	11.03467
3776	12.0209
3777	9.813325
3778	8.450263
3779	6.762873
3780	5.621597
3781	5.357651
3782	4.776
3783	4.031478
3784	3.328057
3785	3.239413
3786	3.566996
3787	3.696639
3788	3.45507
3789	3.635343
3790	3.22195
3791	3.436017
3792	3.631798
3793	3.464039
3794	3.628663
3795	3.433894
3796	3.387682
3797	3.514777
3798	3.658501
3799	3.564767
3800	3.708617
3801	3.554558
3802	3.636873
3803	3.748186
3804	3.711572
3805	3.815358
3806	2.18229
3807	2.189184
3808	2.295383
3809	2.299118
3810	2.347145
3811	2.328726
3812	2.295178
3813	2.286086
3814	2.329126
3815	2.336043
3816	2.367005
3817	2.377272
3818	2.338797
3819	2.340664
3820	2.376542
3821	2.374537
3822	2.194683
3823	2.216533
3824	2.239207
3825	2.240396
3826	2.253206
3827	2.264555
3828	2.273312
3829	2.23159
3830	2.250343
3831	2.248271
3832	2.262499
3833	2.26726
3834	2.281233
3835	2.274628
3836	2.283702
3837	2.264696
3838	2.274657
3839	2.281264
3840	2.287149
3841	2.288405
3842	2.279637
3843	2.282667
3844	2.310493
3845	2.310394
3846	2.288698
3847	2.293765
3848	2.312838
3849	2.314312
3850	2.338235
3851	2.337969
3852	2.36894
3853	2.365084
3854	2.347073
3855	2.306895
3856	2.303827
3857	2.337742
3858	2.323038
3859	2.291063
3860	2.27945
3861	2.286354
3862	2.264638
3863	2.19341
3864	2.280181
3865	2.186066
3866	2.002951
3867	1.789434
3868	2.043285
3869	1.901918
3870	1.590757
3871	1.224814
3872	1.029148
3873	1.108799
3874	1.377224
3875	1.586317
3876	1.642865
3877	2.024952
3878	2.490444
3879	3.036277
3880	3.358622
3881	3.137028
3882	2.43164
3883	2.158032
3884	2.131511
3885	1.902305
3886	1.633582
3887	1.409878
3888	1.249258
3889	1.212707
3890	1.273981
3891	1.64634
3892	2.794731
3893	4.444821
3894	6.073065
3895	7.683179
3896	8.866883
3897	9.250589
3898	7.92294
3899	6.627
3900	5.949807
3901	5.122557
3902	4.315464
3903	3.551017
3904	3.610573
3905	3.651504
3906	3.708752
3907	3.786787
3908	3.886026
3909	3.861623
3910	3.958605
3911	3.851996
3912	3.935854
3913	4.032392
3914	4.00969
3915	4.107301
3916	3.856382
3917	3.989008
3918	4.083683
3919	4.183742
3920	4.15875
3921	4.262632
3922	4.130068
3923	4.266065
3924	4.383894
3925	4.347143
3926	4.472571
3927	2.364773
3928	2.385248
3929	2.406825
3930	2.425607
3931	2.454398
3932	2.390368
3933	2.413552
3934	2.418622
3935	2.447665
3936	2.447695
3937	2.479758
3938	2.469001
3939	2.492874
3940	2.415369
3941	2.415653
3942	2.464049
3943	2.455094
3944	2.424046
3945	2.495887
3946	2.475859
3947	2.444769
3948	2.471251
3949	2.470335
3950	2.494565
3951	2.513435
3952	2.501805
3953	2.543785
3954	2.530918
3955	2.404786
3956	2.386175
3957	2.450534
3958	2.420521
3959	2.359426
3960	2.490609
3961	2.40916
3962	2.25162
3963	1.995031
3964	1.799827
3965	1.231576
3966	0.8990541
3967	0.8525133
3968	0.9382168
3969	0.9103182
3970	0.7122279
3971	1.111617
3972	1.731621
3973	2.314672
3974	2.401759
3975	2.485034
3976	2.090725
3977	2.006061
3978	1.988665
3979	1.973668
3980	2.206658
3981	1.952017
3982	1.379166
3983	1.104309
3984	0.9928884
3985	1.124509
3986	1.988985
3987	3.147958
3988	4.248989
3989	5.561196
3990	6.67375
3991	7.562909
3992	6.779465
3993	5.916137
3994	6.237755
3995	5.573646
3996	4.553345
3997	3.305126
3998	4.031239
3999	4.177177
4000	4.280238
4001	4.417187
4002	4.571636
4003	4.525779
4004	4.657832
4005	4.559494
4006	4.69378
4007	4.832568
4008	4.849264
4009	4.989778
4010	4.874213
4011	4.949474
4012	5.033584
4013	5.16719
4014	5.235411
4015	5.362117
4016	5.415907
4017	5.479884
4018	5.607177
4019	5.712811
4020	5.834098
4021	2.615607
4022	2.630512
4023	2.793679
4024	2.787648
4025	2.558419
4026	2.252678
4027	1.838008
4028	1.47476
4029	1.014429
4030	0.718101
4031	0.6006127
4032	0.553504
4033	0.6765588
4034	0.9300703
4035	1.34876
4036	1.961919
4037	2.763068
4038	3.556681
4039	3.936912
4040	3.937237
4041	3.548908
4042	3.078042
4043	2.706957
4044	2.407953
4045	2.069656
4046	1.674309
4047	1.308182
4048	0.9851675
4049	1.014633
4050	1.53289
4051	2.192336
4052	2.735136
4053	3.440185
4054	4.798255
4055	6.104025
4056	6.647962
4057	7.170804
4058	8.258771
4059	8.695896
4060	6.537828
4061	5.323917
4062	5.67563
4063	5.837458
4064	5.918382
4065	5.959137
4066	6.074531
4067	6.219064
4068	6.328273
4069	6.47813
4070	6.49302
4071	6.595329
4072	6.781489
4073	6.875703
4074	7.064358
4075	7.103453
4076	7.08486
4077	7.169173
4078	7.403138
4079	7.47494
4080	7.803696
4081	7.73539
4082	7.719998
4083	8.023074
4084	8.042239
4085	3.111173
4086	2.662709
4087	2.149202
4088	1.433691
4089	1.085466
4090	0.6902198
4091	0.5035655
4092	0.4403617
4093	0.3771648
4094	0.636717
4095	1.240247
4096	1.977275
4097	2.810545
4098	4.299813
4099	6.17681
4100	6.79663
4101	6.987112
4102	5.502948
4103	4.080207
4104	3.061279
4105	2.305667
4106	1.927907
4107	1.715087
4108	1.435993
4109	0.9823521
4110	0.9178872
4111	1.32381
4112	1.722438
4113	1.940666
4114	2.312565
4115	3.74753
4116	5.447964
4117	6.68328
4118	7.996562
4119	9.77385
4120	12.23808
4121	8.017856
4122	6.773011
4123	7.523627
4124	8.414134
4125	8.573013
4126	8.371077
4127	8.363564
4128	8.748976
4129	8.672225
4130	9.250755
4131	9.133323
4132	9.138428
4133	9.387335
4134	9.413441
4135	9.267234
4136	9.609127
4137	9.620724
4138	9.652236
4139	9.830138
4140	9.878308
4141	10.02259
4142	10.08237
4143	10.10146
4144	10.30304
4145	10.38525
4146	3.359262
4147	2.628063
4148	1.711947
4149	0.8901553
4150	0.4660901
4151	0.3781718
4152	0.3573004
4153	0.3867424
4154	0.4733132
4155	0.795517
4156	1.573765
4157	2.933985
4158	5.280332
4159	8.108072
4160	10.77904
4161	10.33816
4162	7.566767
4163	5.171712
4164	3.388858
4165	2.316224
4166	1.668737
4167	1.36067
4168	1.275127
4169	1.188164
4170	1.135248
4171	1.16514
4172	1.286387
4173	1.459091
4174	1.707652
4175	2.173462
4176	3.277665
4177	4.872808
4178	6.70509
4179	8.158575
4180	8.231399
4181	7.559702
4182	6.956451
4183	6.807596
4184	8.671774
4185	10.08888
4186	10.46702
4187	10.53678
4188	10.62587
4189	10.78753
4190	10.88061
4191	10.99839
4192	11.05873
4193	11.15285
4194	11.35349
4195	11.44531
4196	11.25579
4197	11.64501
4198	11.67464
4199	11.76007
4200	12.0245
4201	12.0982
4202	12.44013
4203	12.40412
4204	12.45902
4205	12.79645
4206	12.81947
4207	4.084626
4208	2.601029
4209	1.489396
4210	0.5979466
4211	0.2105166
4212	0.2372891
4213	0.2656374
4214	0.3709112
4215	0.53176
4216	0.988517
4217	2.014764
4218	3.937214
4219	8.565176
4220	13.00069
4221	18.26154
4222	14.93312
4223	8.202154
4224	4.938604
4225	2.896427
4226	1.830715
4227	1.21539
4228	0.9620398
4229	0.9570965
4230	0.9949368
4231	1.181746
4232	1.333353
4233	1.311221
4234	1.367553
4235	1.610102
4236	1.997909
4237	3.137691
4238	4.812569
4239	7.316285
4240	9.176572
4241	7.891562
4242	5.746425
4243	6.718178
4244	6.542896
4245	10.28911
4246	12.86844
4247	13.41968
4248	13.22451
4249	13.20943
4250	13.68447
4251	13.59348
4252	14.4387
4253	14.07237
4254	13.99485
4255	14.62952
4256	14.72967
4257	14.0882
4258	14.85643
4259	14.97301
4260	15.02917
4261	15.23442
4262	15.31405
4263	15.44626
4264	15.50381
4265	15.60132
4266	15.88927
4267	16.01796
4268	4.016732
4269	2.364429
4270	1.097129
4271	0.517579
4272	0.2796318
4273	0.2388424
4274	0.2735886
4275	0.4061313
4276	0.6834717
4277	1.248725
4278	2.320154
4279	4.220996
4280	7.562464
4281	13.28851
4282	20.46992
4283	18.08874
4284	10.47282
4285	5.990003
4286	3.489375
4287	1.997576
4288	1.165955
4289	0.8621385
4290	0.8312957
4291	0.8944666
4292	1.047558
4293	1.233602
4294	1.451798
4295	1.613369
4296	1.691238
4297	2.054515
4298	3.311479
4299	5.6275
4300	8.925757
4301	11.60134
4302	10.99114
4303	9.883015
4304	9.991711
4305	11.29625
4306	14.19133
4307	15.614
4308	16.10976
4309	16.22012
4310	16.35136
4311	16.58751
4312	16.71534
4313	16.95573
4314	16.99503
4315	17.11416
4316	17.4455
4317	17.55099
4318	17.9175
4319	18.00184
4320	17.94135
4321	18.0282
4322	18.4846
4323	18.54745
4324	19.26919
4325	19.07675
4326	19.10942
4327	19.90385
4328	19.94539
4329	5.118425
4330	2.18425
4331	0.8564457
4332	0.4741847
4333	0.281063
4334	0.225812
4335	0.2412309
4336	0.4108717
4337	0.8273169
4338	1.534739
4339	2.68027
4340	4.512577
4341	7.113094
4342	13.93831
4343	27.13532
4344	24.11392
4345	13.6195
4346	7.783418
4347	4.490991
4348	2.288512
4349	1.082531
4350	0.7413459
4351	0.7412951
4352	0.7993184
4353	0.9181708
4354	1.112963
4355	1.538253
4356	1.886272
4357	1.721462
4358	1.918936
4359	3.548204
4360	6.760811
4361	11.84075
4362	17.77313
4363	16.55107
4364	15.88448
4365	15.70641
4366	18.09351
4367	20.59227
4368	21.06781
4369	20.9154
4370	20.58527
4371	20.5861
4372	21.30427
4373	21.25816
4374	22.56277
4375	22.0988
4376	21.95192
4377	23.12867
4378	23.13196
4379	24.59466
4380	24.23766
4381	23.89083
4382	23.72816
4383	24.56038
4384	24.48498
4385	25.85487
4386	25.37598
4387	25.27793
4388	26.24456
4389	26.11704
4390	3.002507
4391	1.886382
4392	0.9426821
4393	0.4622108
4394	0.2428282
4395	0.1783941
4396	0.1811907
4397	0.3758903
4398	0.9887525
4399	1.939202
4400	3.104446
4401	5.405984
4402	10.11776
4403	18.70957
4404	30.28967
4405	28.58226
4406	17.90825
4407	10.23857
4408	5.533797
4409	2.473219
4410	0.9792881
4411	0.6477793
4412	0.7290996
4413	0.8143421
4414	0.8269756
4415	0.9807758
4416	1.470377
4417	1.869851
4418	1.838767
4419	2.172963
4420	3.835352
4421	7.61521
4422	15.43123
4423	23.95406
4424	22.20946
4425	19.9609
4426	21.10434
4427	24.71405
4428	28.78652
4429	28.83115
4430	27.81229
4431	27.17581
4432	27.01071
4433	28.17776
4434	27.96579
4435	30.11388
4436	29.25769
4437	28.98789
4438	30.42239
4439	30.08122
4440	34.49765
4441	32.83748
4442	31.67777
4443	31.24794
4444	33.02792
4445	32.4866
4446	36.07634
4447	34.47258
4448	33.78945
4449	36.0023
4450	35.29355
4451	2.564394
4452	1.824185
4453	1.061472
4454	0.4766076
4455	0.1859429
4456	0.1474633
4457	0.1035974
4458	0.3522266
4459	1.413432
4460	2.703519
4461	3.795237
4462	7.369877
4463	15.68292
4464	27.08788
4465	42.86138
4466	37.52373
4467	23.17865
4468	12.72784
4469	6.769523
4470	2.734358
4471	0.8138825
4472	0.5231254
4473	0.7763597
4474	0.9028268
4475	0.7785016
4476	0.8442861
4477	1.491337
4478	2.063771
4479	1.939818
4480	2.195753
4481	4.491826
4482	8.682204
4483	20.16358
4484	38.84221
4485	27.16882
4486	21.88968
4487	26.29967
4488	32.52534
4489	37.58905
4490	41.69697
4491	39.99033
4492	37.71409
4493	36.64684
4494	39.27744
4495	37.9333
4496	44.03371
4497	40.66859
4498	39.04214
4499	41.64419
4500	40.18561
4501	44.04662
4502	44.58893
4503	42.29079
4504	41.18917
4505	42.65928
4506	41.28066
4507	43.43131
4508	42.31886
4509	41.12746
4510	41.86553
4511	40.83174
4512	2.93787
4513	2.036608
4514	1.15937
4515	0.5867485
4516	0.3018718
4517	0.2050147
4518	0.200389
4519	0.4883537
4520	1.672303
4521	3.819969
4522	6.861986
4523	12.02039
4524	21.92098
4525	35.00991
4526	47.55817
4527	41.77513
4528	25.99832
4529	13.44997
4530	6.025158
4531	2.603533
4532	1.157808
4533	0.7951826
4534	0.853295
4535	0.9468683
4536	1.014495
4537	1.173677
4538	1.52341
4539	1.955853
4540	2.472361
4541	3.602916
4542	6.715593
4543	12.7989
4544	21.17194
4545	29.03269
4546	28.50108
4547	28.25047
4548	32.22034
4549	38.58286
4550	41.28977
4551	42.55248
4552	42.1762
4553	41.38162
4554	40.46671
4555	40.90643
4556	40.07708
4557	41.17032
4558	40.45783
4559	39.68821
4560	40.04297
4561	39.3135
4562	41.3611
4563	40.38419
4564	39.66356
4565	38.95903
4566	39.31811
4567	38.62622
4568	39.77543
4569	39.00301
4570	38.31317
4571	38.71261
4572	38.01495
4573	4.487309
4574	2.251586
4575	1.348197
4576	0.752682
4577	0.4385528
4578	0.3200773
4579	0.2548642
4580	0.6896349
4581	2.479064
4582	5.198684
4583	11.25378
4584	16.94441
4585	28.96707
4586	39.34124
4587	54.07932
4588	43.21926
4589	27.10964
4590	13.50051
4591	5.294826
4592	2.58416
4593	1.538534
4594	1.110205
4595	1.005859
4596	1.04776
4597	1.324151
4598	1.573663
4599	1.614953
4600	1.921859
4601	3.059921
4602	5.112794
4603	9.512058
4604	18.60923
4605	20.95616
4606	25.02128
4607	27.62248
4608	31.73678
4609	36.56163
4610	47.23686
4611	42.1235
4612	40.48671
4613	39.59738
4614	38.94793
4615	38.37604
4616	38.65717
4617	38.07422
4618	39.08634
4619	38.35648
4620	37.76026
4621	38.02255
4622	37.42051
4623	39.12758
4624	38.53657
4625	38.05513
4626	37.97253
4627	38.01873
4628	37.66828
4629	38.04096
4630	37.70161
4631	37.36376
4632	37.38457
4633	37.06
