4 5 5 5 5 5 5 5 5 5 5 5 5 5 5 5 5 5 5 5 5 5 5 5 5 5 5 5 5 5 5 5 5 5 5 5 6 5 5 6 7 7 6 5 5 6 6 8 6 5 6 4 6 7 6 7 6 6 6 6 5 4 6 5 6 4 4 4 5 6 6 6 6 6 6 6 6 6 6 6 6 6 6 6 6 6 6 6 6 6 6 6 6 6 6 6 6 6 6 6 6 6 6 6 7 6 7 6 8 6 8 7 6 6 6 5 5 5 4 7 6 5 6 4 8 5 5 5 6 6 6 6 6 6 6 6 6 6 6 6 6 6 6 6 6 6 6 6 6 6 6 6 6 6 6 6 6 6 6 6 6 6 6 7 7 6 7 6 7 7 6 7 6 8 6 6 6 5 4 6 5 6 4 5 5 5 5 5 6 6 6 6 6 6 6 6 6 6 6 6 
6 6 6 6 6 6 6 6 6 6 6 6 6 6 6 6 6 6 6 6 6 6 6 7 7 7 6 6 6 5 7 6 5 6 5 7 7 6 5 6 5 7 6 5 6 5 4 5 6 6 6 6 6 6 6 6 6 6 6 6 6 6 6 6 6 6 6 6 6 6 6 6 6 6 6 6 6 6 6 6 6 6 6 7 7 7 6 5 6 5 7 6 5 6 5 7 7 6 5 6 5 7 6 5 6 5 5 6 6 6 6 6 6 6 6 6 6 6 6 6 6 6 6 6 6 6 6 6 6 6 6 6 6 6 6 6 6 6 6 6 6 6 7 7 7 6 6 6 6 6 8 7 6 7 6 7 4 5 5 5 5 6 4 6 5 6 5 5 6 6 6 6 6 6 6 6 6 6 6 6 6 6 6 6 6 6 6 6 6 6 6 6 6 6 6 6 6 6 6 6 
6 6 6 7 7 6 7 6 7 6 8 6 5 6 5 6 6 6 6 4 5 8 5 5 7 5 6 4 5 6 6 6 6 6 6 6 6 6 6 6 6 6 6 6 6 6 6 6 6 6 6 6 6 6 6 6 6 6 6 6 6 6 6 6 7 6 7 6 7 7 6 5 6 5 7 6 5 6 6 4 6 8 6 7 5 5 5 5 5 6 6 6 6 6 6 6 6 6 6 6 6 6 6 6 6 6 6 6 6 6 6 6 6 6 6 6 6 6 6 6 6 6 6 6 7 6 7 6 7 6 7 6 7 6 4 6 5 6 5 6 5 6 7 6 7 6 5 6 5 6 5 6 5 5 6 6 6 6 6 6 6 6 6 6 6 6 6 6 6 6 6 6 6 6 6 6 6 6 6 6 6 6 6 6 6 6 6 6 6 7 6 7 6 6 6 7 6 6 6 6 
6 6 4 5 8 5 5 9 7 5 5 7 5 5 5 6 6 6 6 6 6 6 6 6 6 6 6 6 6 6 6 6 6 6 6 6 6 6 6 6 6 6 6 6 6 6 6 6 6 6 7 6 7 6 7 6 6 6 7 8 5 5 6 6 6 5 4 6 7 6 7 6 5 6 5 6 5 6 5 5 6 6 6 6 6 6 6 6 6 6 6 6 6 6 6 6 6 6 6 6 6 6 6 6 6 6 6 6 6 6 6 6 6 6 6 7 6 7 6 8 6 7 6 8 6 4 5 5 5 7 6 6 6 5 7 6 5 6 4 4 5 6 6 6 6 6 6 6 6 6 6 6 6 6 6 6 6 6 6 6 6 6 6 6 6 6 6 6 6 6 6 6 6 6 6 6 8 7 6 6 6 7 8 6 8 7 6 6 6 5 8 5 5 6 6 6 5 4 6 4 
5 4 5 6 6 6 6 6 6 6 6 6 6 6 6 6 6 6 6 6 6 6 6 6 6 6 6 6 6 6 6 6 6 6 6 6 6 7 6 7 6 8 6 6 6 7 8 6 5 6 4 6 6 6 6 5 4 6 8 7 6 6 6 6 6 5 6 4 5 4 5 6 6 6 6 7 7 7 6 6 6 6 6 6 6 6 6 6 6 6 6 6 6 6 6 6 6 6 6 6 6 6 6 6 6 8 7 6 6 6 7 8 6 8 7 6 6 6 6 8 6 5 6 4 6 6 6 6 5 4 6 5 6 4 5 4 5 6 6 6 8 6 6 7 7 6 6 7 7 6 6 7 7 8 7 7 6 6 6 6 6 6 6 6 6 6 6 6 6 6 6 6 6 6 6 6 6 6 6 7 6 7 6 8 6 6 6 7 8 6 5 6 4 6 6 6 5 4 6 8 
7 6 6 6 6 6 4 5 5 4 5 6 6 7 6 7 6 7 6 6 6 8 7 7 6 6 6 6 6 6 6 6 7 6 6 6 6 6 7 6 6 6 6 8 7 6 7 7 6 6 6 6 6 6 6 6 7 7 6 6 6 6 6 6 6 6 7 7 6 6 7 8 6 6 7 6 6 6 6 6 8 6 6 7 6 6 6 6 6 6 6 6 6 7 8 6 6 6 6 8 6 6 6 6 6 6 6 6 8 7 6 6 8 7 6 6 7 7 7 7 6 6 7 7 6 6 7 6 6 6 8 6 8 7 7 7 7 7 7 6 6 6 6 6 6 6 6 6 6 6 6 6 6 6 6 8 7 6 6 6 7 7 6 8 7 6 6 6 6 8 6 5 6 4 6 6 6 6 5 4 6 5 6 4 5 4 5 6 6 6 8 7 7 6 6 7 7 6 6 8 
8 6 6 6 6 6 7 6 7 6 6 6 6 6 6 6 6 7 7 6 6 6 6 6 6 6 6 7 7 7 7 6 6 6 6 6 6 6 6 7 8 6 6 6 6 8 6 6 6 6 6 6 6 6 8 8 6 6 6 6 7 6 6 6 6 6 6 7 6 7 7 6 8 6 8 6 6 7 7 6 6 7 7 6 6 7 7 6 6 7 7 6 6 7 8 7 7 6 6 6 7 6 6 7 7 7 6 6 6 7 6 8 8 7 7 6 6 6 7 7 6 6 6 6 6 6 6 7 6 6 6 7 8 7 6 5 6 5 8 6 4 5 6 7 6 7 6 6 6 6 5 4 6 5 6 5 5 6 6 6 6 7 7 7 8 7 7 6 6 6 6 6 8 6 8 6 6 6 6 8 6 6 6 6 6 6 6 6 7 6 6 6 6 6 9 7 8 6 6 6 
6 6 6 6 6 6 6 7 7 7 7 6 6 6 6 6 6 6 6 7 7 6 6 6 6 6 6 6 6 6 6 6 6 8 7 6 7 7 6 6 7 7 6 6 6 6 6 6 6 6 7 7 6 6 6 6 6 6 6 6 7 7 6 6 7 8 6 6 7 6 6 6 6 6 8 6 6 7 7 6 6 6 6 6 6 6 6 7 7 6 6 6 6 6 6 6 6 7 7 6 6 7 7 6 6 7 7 6 6 6 6 6 6 6 6 7 7 6 6 6 6 6 6 6 6 7 7 6 7 8 6 6 6 6 7 7 6 6 6 6 6 6 6 6 6 6 6 6 6 6 6 6 7 7 8 7 6 6 8 6 6 6 6 6 6 6 6 6 6 6 6 6 6 6 6 6 6 6 6 8 8 7 7 6 6 9 6 6 6 6 8 6 6 6 6 6 6 6 6 7 
6 6 6 6 6 8 7 8 6 6 6 6 6 6 6 6 6 6 8 6 6 6 6 8 6 8 6 6 6 6 6 8 8 6 6 7 7 6 6 7 7 8 7 8 6 7 8 6 6 7 7 7 6 6 6 7 7 8 8 7 7 7 7 7 7 8 6 7 6 7 6 7 6 8 6 4 5 5 5 7 6 6 6 5 7 6 5 6 5 4 5 6 6 6 6 6 6 6 6 8 7 7 6 6 7 7 6 6 7 7 6 6 7 7 6 6 7 7 6 6 7 7 6 6 7 6 6 6 8 6 8 6 6 6 8 6 6 6 6 6 6 6 6 8 6 6 6 6 8 6 6 6 6 6 8 6 8 6 6 6 6 6 6 6 6 6 6 8 6 6 6 6 6 7 8 6 6 6 6 7 7 6 6 6 6 6 6 6 6 6 6 6 6 6 6 6 6 8 7 8 
7 6 6 7 7 6 6 6 6 6 6 6 6 7 6 6 6 6 6 8 7 8 6 6 6 6 6 6 6 6 6 6 8 6 6 6 6 8 7 8 7 6 6 6 6 6 6 6 6 6 6 8 6 6 6 8 6 6 7 6 7 6 8 7 6 6 6 6 6 6 6 6 6 6 6 6 6 6 6 6 8 7 6 6 6 6 7 6 6 6 6 8 6 7 6 6 6 6 6 6 6 6 6 8 6 6 6 6 8 6 6 6 6 6 7 6 8 6 7 6 6 6 6 7 6 6 6 6 7 7 6 7 7 7 7 6 6 6 8 7 7 6 6 6 6 6 6 6 6 7 7 7 7 6 6 6 6 6 6 6 6 6 6 8 6 6 6 8 8 7 7 6 6 6 7 6 6 7 7 7 7 6 6 7 7 6 6 7 7 7 6 6 6 7 6 8 6 7 8 6 
6 6 7 7 8 6 6 7 7 6 6 7 7 7 6 5 6 4 7 5 5 7 5 5 8 5 5 5 6 6 6 6 7 7 7 7 8 6 6 7 7 6 6 7 7 6 6 7 7 6 6 7 6 9 8 8 9 8 6 7 6 6 6 7 8 7 6 6 8 6 7 6 6 6 8 8 6 6 6 6 6 8 6 6 6 6 8 6 6 6 6 6 6 6 6 9 8 6 6 6 6 7 6 6 6 6 6 6 7 6 8 8 7 6 6 6 6 6 6 6 6 6 6 8 7 6 8 9 6 7 6 7 7 6 6 6 6 8 6 6 6 6 7 6 7 6 6 6 6 6 6 6 6 6 6 6 6 6 8 7 6 6 6 6 7 6 7 6 6 6 6 7 6 6 6 6 8 6 7 6 6 6 6 6 6 6 6 6 6 8 6 6 6 6 8 8 8 6 6 6 
6 6 8 6 8 8 6 6 6 6 7 6 6 6 6 8 6 6 6 6 6 6 6 6 8 8 6 6 6 6 6 6 6 6 6 6 6 6 6 8 7 6 6 6 8 6 6 6 6 6 8 6 6 6 6 8 6 6 6 6 6 6 6 6 9 7 8 6 6 7 6 6 6 6 6 8 6 7 8 6 6 6 6 6 6 6 6 6 6 6 6 7 7 6 6 6 6 6 6 6 6 7 7 8 6 6 6 6 6 6 6 6 6 6 6 6 6 6 6 6 6 6 6 6 8 7 8 7 6 6 8 6 6 6 6 6 6 6 6 7 7 6 6 6 6 6 6 6 6 7 8 7 8 6 6 6 6 8 6 6 6 6 6 6 6 6 7 7 6 6 6 6 6 6 6 6 7 7 6 6 8 6 6 6 6 6 7 7 7 6 6 6 6 6 6 6 6 8 6 6 
6 6 6 6 6 6 6 6 6 6 6 6 6 6 8 7 6 7 7 6 6 6 6 6 6 6 6 6 6 8 7 6 6 6 6 6 6 6 6 7 8 9 6 7 6 7 6 6 6 5 4 6 5 6 5 6 5 6 5 6 5 6 5 5 6 6 6 8 6 6 7 7 6 6 7 7 6 6 7 7 6 6 7 8 7 8 6 6 6 7 6 7 8 6 6 6 6 6 6 6 7 6 6 7 7 8 6 6 6 6 6 6 6 6 6 6 6 6 6 6 6 6 6 6 6 6 8 7 6 6 7 7 6 6 7 7 6 6 6 6 6 6 6 6 7 7 6 6 6 6 6 6 6 6 7 7 6 6 7 7 6 6 7 7 6 6 6 6 6 6 6 6 7 7 6 6 6 6 6 6 6 6 7 7 6 6 7 7 8 6 6 6 6 6 6 6 6 8 6 6 
6 6 8 7 6 6 6 6 6 6 6 6 7 7 7 7 6 6 6 6 6 6 6 6 7 7 6 6 6 6 6 6 6 6 7 7 6 6 8 7 6 6 7 7 7 6 6 6 7 6 8 6 6 7 7 6 6 7 7 6 7 8 6 6 6 7 8 6 6 7 7 6 8 8 6 6 6 6 6 6 6 6 6 6 6 6 6 6 6 6 8 6 7 8 6 6 6 6 7 8 6 6 6 6 6 6 6 6 6 6 6 6 6 6 6 6 7 7 8 7 6 6 9 6 6 6 6 6 6 6 6 6 6 6 6 6 6 6 6 6 6 6 6 6 6 6 6 6 6 6 6 7 7 6 6 8 6 6 6 6 6 8 7 6 8 6 6 8 7 6 6 6 6 6 6 6 6 7 6 6 6 6 9 8 6 6 6 6 6 6 6 6 6 6 6 6 6 6 6 6 
7 6 6 6 6 7 8 8 6 7 6 7 8 6 8 6 6 6 7 6 6 6 6 6 6 6 6 7 7 6 6 6 6 6 6 6 6 7 7 7 7 8 6 6 6 8 7 6 6 7 6 6 7 7 6 6 7 6 6 6 9 7 7 6 6 7 7 6 6 7 6 7 6 7 7 6 7 6 7 6 5 6 5 6 5 6 5 6 5 6 5 6 5 6 5 5 6 6 7 6 8 7 6 7 6 6 6 6 7 7 6 6 7 7 6 6 6 6 6 6 6 6 7 7 6 6 6 6 6 6 6 6 7 7 6 6 7 7 6 6 7 7 6 6 6 6 6 6 6 6 7 7 6 6 6 6 6 6 6 6 7 7 6 6 7 7 6 6 7 7 6 6 6 6 6 6 6 6 7 7 6 6 6 6 6 6 6 6 7 7 6 6 7 7 6 7 8 6 6 6 
6 6 6 6 6 6 6 6 6 7 7 6 6 6 6 6 6 6 6 7 7 8 6 6 6 6 6 6 6 6 6 6 6 6 6 6 6 6 6 6 6 6 8 7 8 7 6 6 8 8 7 6 6 8 7 6 7 7 6 6 7 8 6 6 6 7 6 6 7 7 6 6 7 7 7 7 6 6 8 6 6 6 6 6 7 7 7 6 6 6 6 6 6 6 6 7 7 6 6 6 6 6 6 6 6 7 8 7 8 6 6 6 6 8 6 6 6 6 6 6 6 6 7 7 6 6 6 6 6 6 6 6 7 7 6 6 7 7 6 6 7 7 6 6 6 6 6 6 6 6 7 6 6 6 6 6 8 7 8 6 6 6 6 6 6 6 6 6 6 7 7 6 6 7 7 6 6 7 7 6 6 6 6 6 6 6 6 7 7 6 6 6 6 6 6 6 6 7 7 6 
7 8 6 6 6 6 8 6 6 6 6 6 6 6 6 6 6 6 6 6 6 6 6 6 6 6 6 7 7 8 7 6 6 6 6 6 6 6 6 6 6 8 7 8 6 6 6 8 7 8 7 6 6 8 6 7 6 6 6 8 6 6 6 6 6 6 6 6 8 6 6 6 6 6 6 6 6 8 6 6 6 6 7 6 7 6 6 7 6 6 6 8 6 7 6 8 7 7 7 7 7 6 7 8 7 6 7 6 7 7 6 7 6 7 6 5 6 4 5 5 5 5 5 5 5 6 6 7 6 7 6 6 7 7 6 6 7 7 6 6 7 7 6 6 7 7 6 6 7 6 6 6 8 7 7 7 7 8 7 7 6 6 7 7 6 6 7 7 6 6 7 7 6 6 8 7 8 7 7 6 6 8 6 6 6 6 6 6 6 6 7 7 6 7 6 7 7 6 7 6 
7 5 5 5 5 5 5 5 5 5 6 6 6 7 7 7 7 7 7 6 6 6 6 6 6 7 7 7 7 6 6 6 7 6 6 6 6 6 6 6 6 6 7 7 6 7 6 7 7 6 7 6 8 5 5 5 5 5 5 5 5 5 6 6 6 6 6 6 6 6 6 6 6 6 6 6 6 6 6 6 6 6 6 6 6 6 6 6 6 6 6 6 6 6 8 7 7 6 6 6 5 7 6 5 6 5 7 7 6 5 6 5 7 6 5 6 5 4 5 6 6 6 6 6 6 6 6 6 6 6 6 6 6 6 6 6 6 6 6 6 6 6 6 6 6 6 6 6 6 6 7 6 6 6 7 8 7 6 4 5 8 5 5 6 7 6 7 6 6 6 6 5 4 6 5 6 5 5 6 6 6 6 6 6 6 6 6 6 6 6 6 6 6 6 6 6 6 6 6 6 
6 6 6 6 6 6 6 6 6 7 6 7 6 8 6 7 6 8 6 4 5 5 5 7 6 6 6 5 8 6 4 5 4 5 6 6 6 6 6 6 6 6 6 6 6 6 6 6 6 6 6 6 6 6 6 6 6 6 6 6 6 6 6 6 6 8 7 6 7 6 8 8 7 6 6 6 6 8 6 5 6 4 6 6 6 6 5 4 6 5 6 4 5 4 5 6 6 6 6 6 6 6 6 6 6 6 6 6 6 6 6 6 6 6 6 6 6 6 6 6 6 6 6 6 6 7 6 7 6 8 6 7 6 8 6 6 6 6 5 4 6 5 6 4 7 6 6 6 6 8 6 5 6 4 5 4 5 6 6 6 6 6 6 6 6 6 6 6 6 6 6 6 6 6 6 6 6 6 6 6 6 6 6 6 6 6 6 8 7 6 7 6 8 8 7 6 6 6 6 8 
6 5 6 4 6 6 6 6 5 4 6 5 6 4 5 4 5 6 6 6 6 6 6 6 6 6 6 6 6 6 6 6 6 6 6 6 6 6 6 6 6 6 6 6 6 6 7 6 7 6 7 6 7 6 7 6 6 6 6 5 4 6 5 6 4 6 8 7 6 6 6 5 5 5 4 5 6 6 6 6 6 6 6 6 6 6 6 6 6 6 6 6 6 6 6 6 6 6 6 6 6 6 6 6 6 7 6 8 7 6 7 6 7 7 6 4 5 8 5 5 6 6 6 5 4 6 5 6 4 5 6 6 6 6 6 6 6 6 6 6 6 6 6 6 6 6 6 6 6 6 6 6 6 6 6 6 6 6 6 8 7 6 8 7 6 6 6 6 7 7 6 5 6 5 7 6 5 6 5 5 5 5 4 5 6 6 6 6 6 6 6 6 6 6 6 6 6 6 6 6 
6 6 6 6 6 6 6 6 6 6 6 6 7 6 6 6 7 8 7 6 5 6 4 7 5 5 6 6 6 7 8 5 5 6 6 6 6 5 4 5 6 6 6 6 6 6 6 6 6 6 6 6 6 6 6 6 6 6 6 6 6 6 6 6 6 6 6 6 7 6 7 6 7 6 7 6 7 6 5 6 5 6 5 6 5 6 7 6 7 6 5 6 5 6 5 6 5 5 6 6 6 6 6 6 6 6 6 6 6 6 6 6 6 6 6 6 6 6 6 6 6 6 6 6 6 6 7 6 7 6 7 6 7 6 7 6 4 5 5 5 6 7 6 8 5 5 5 5 5 6 6 6 6 6 6 6 6 6 6 6 6 6 6 6 6 6 6 6 6 6 6 6 6 6 6 6 6 7 6 7 6 7 7 6 6 6 6 7 6 5 6 5 5 4 7 6 5 6 5 7 
6 5 6 5 5 6 6 6 6 6 6 6 6 6 6 6 6 6 6 6 6 6 6 6 6 6 6 6 6 6 6 6 6 7 6 7 6 7 7 6 5 6 5 7 6 5 6 5 7 6 5 6 5 7 6 5 6 5 4 5 5 5 5 5 5 5 5 5 5 5 5 5 5 5 5 5 5 5 5 5 5 5 5 5 5 5 5 6 6 7 5 6 7 6 5 6 5 7 6 4 5 7 5 5 6 5 4 5 6 6 6 6 6 6 6 6 6 6 6 6 6 6 6 6 6 6 6 6 6 6 6 6 6 6 6 6 6 6 6 6 6 6 6 7 6 6 7 8 8 7 6 6 7 7 9 7 6 7 5 7 8 7 8 7 7 7 7 6 5 7 6 7 5 5 5 6 7 7 7 7 7 7 7 7 7 7 7 7 7 7 7 7 7 7 7 7 7 7 7 7 
7 7 7 7 7 7 7 7 7 7 7 8 7 8 7 9 7 9 8 7 7 7 6 6 6 5 8 7 6 7 5 9 6 6 6 7 7 7 7 7 7 7 7 7 7 7 7 7 7 7 7 7 7 7 7 7 7 7 7 7 7 7 7 7 7 7 7 7 7 7 8 8 7 8 7 8 8 7 8 7 9 7 7 7 6 5 7 6 7 5 6 6 6 6 6 7 7 7 7 7 7 7 7 7 7 7 7 7 7 7 7 7 7 7 7 7 7 7 7 7 7 7 7 7 7 7 7 7 7 7 8 8 8 7 7 7 6 8 7 6 7 6 8 8 7 6 7 6 8 7 6 7 6 5 6 7 7 7 7 7 7 7 7 7 7 7 7 7 7 7 7 7 7 7 7 7 7 7 7 7 7 7 7 7 7 7 7 7 7 7 8 8 8 7 6 7 6 8 7 6 
7 6 8 8 7 6 7 6 8 7 6 7 6 6 7 7 7 7 7 7 7 7 7 7 7 7 7 7 7 7 7 7 7 7 7 7 7 7 7 7 7 7 7 7 7 7 7 7 7 8 8 8 7 7 7 7 7 9 8 7 8 7 8 5 6 6 6 6 7 5 7 6 7 6 6 7 7 7 7 7 7 7 7 7 7 7 7 7 7 7 7 7 7 7 7 7 7 7 7 7 7 7 7 7 7 7 7 7 7 7 8 8 7 8 7 8 7 9 7 6 7 6 7 7 7 7 5 6 9 6 6 8 6 7 5 6 7 7 7 7 7 7 7 7 7 7 7 7 7 7 7 7 7 7 7 7 7 7 7 7 7 7 7 7 7 7 7 7 7 7 7 8 7 8 7 8 8 7 6 7 6 8 7 6 7 7 5 7 9 7 8 6 6 6 6 6 7 7 7 7 
7 7 7 7 7 7 7 7 7 7 7 7 7 7 7 7 7 7 7 7 7 7 7 7 7 7 7 7 7 7 7 8 7 8 7 8 7 8 7 8 7 5 7 6 7 6 7 6 7 8 7 8 7 6 7 6 7 6 7 6 6 7 7 7 7 7 7 7 7 7 7 7 7 7 7 7 7 7 7 7 7 7 7 7 7 7 7 7 7 7 7 7 7 7 7 7 8 7 8 7 7 7 8 7 7 7 7 7 7 5 6 9 6 6 10 8 6 6 8 6 6 6 7 7 7 7 7 7 7 7 7 7 7 7 7 7 7 7 7 7 7 7 7 7 7 7 7 7 7 7 7 7 7 7 7 7 7 8 7 8 7 8 7 7 7 8 9 6 6 7 7 7 6 5 7 8 7 8 7 6 7 6 7 6 7 6 6 7 7 7 7 7 7 7 7 7 7 7 7 7 
7 7 7 7 7 7 7 7 7 7 7 7 7 7 7 7 7 7 7 7 7 7 8 7 8 7 9 7 8 7 9 7 5 6 6 6 8 7 7 7 6 8 7 6 7 5 5 6 7 7 7 7 7 7 7 7 7 7 7 7 7 7 7 7 7 7 7 7 7 7 7 7 7 7 7 7 7 7 7 7 7 7 7 9 8 7 7 7 8 9 7 9 8 7 7 7 6 9 6 6 7 7 7 6 5 7 5 6 5 6 7 7 7 7 7 7 7 7 7 7 7 7 7 7 7 7 7 7 7 7 7 7 7 7 7 7 7 7 7 7 7 7 7 7 8 7 8 7 9 7 7 7 8 9 7 6 7 5 7 7 7 7 6 5 7 9 8 7 7 7 7 7 6 7 5 6 5 6 7 7 7 7 8 8 8 7 7 7 7 7 7 7 7 7 7 7 7 7 7 7 
7 7 7 7 7 7 7 7 7 7 7 7 9 8 7 7 7 8 9 7 9 8 7 7 7 7 9 7 6 7 5 7 7 7 7 6 5 7 6 7 5 6 5 6 7 7 7 9 7 7 8 8 7 7 8 8 7 7 8 8 9 8 8 7 7 7 7 7 7 7 7 7 7 7 7 7 7 7 7 7 7 7 7 7 7 7 8 7 8 7 9 7 7 7 8 9 7 6 7 5 7 7 7 6 5 7 9 8 7 7 7 7 7 5 6 6 5 6 7 7 8 7 8 7 8 7 7 7 9 8 8 7 7 7 7 7 7 7 7 8 7 7 7 7 7 8 7 7 7 7 9 8 7 8 8 7 7 7 7 7 7 7 7 8 8 7 7 7 7 7 7 7 7 8 8 7 7 8 9 7 7 8 7 7 7 7 7 9 7 7 8 7 7 7 7 7 7 7 7 7 
8 9 7 7 7 7 9 7 7 7 7 7 7 7 7 9 8 7 7 9 8 7 7 8 8 8 8 7 7 8 8 7 7 8 7 7 7 9 7 9 8 8 8 8 8 8 7 7 7 7 7 7 7 7 7 7 7 7 7 7 7 7 9 8 7 7 7 8 8 7 9 8 7 7 7 7 9 7 6 7 5 7 7 7 7 6 5 7 6 7 5 6 5 6 7 7 7 9 8 8 7 7 8 8 7 7 9 9 7 7 7 7 7 8 7 8 7 7 7 7 7 7 7 7 8 8 7 7 7 7 7 7 7 7 8 8 8 8 7 7 7 7 7 7 7 7 8 9 7 7 7 7 9 7 7 7 7 7 7 7 7 9 9 7 7 7 7 8 7 7 7 7 7 7 8 7 8 8 7 9 7 9 7 7 8 8 7 7 8 8 7 7 8 8 7 7 8 8 7 7 
8 9 8 8 7 7 7 8 7 7 8 8 8 7 7 7 8 7 9 9 8 8 7 7 7 8 8 7 7 7 7 7 7 7 8 7 7 7 8 9 8 7 6 7 6 9 7 5 6 7 8 7 8 7 7 7 7 6 5 7 6 7 6 6 7 7 7 7 8 8 8 9 8 8 7 7 7 7 7 9 7 9 7 7 7 7 9 7 7 7 7 7 7 7 7 8 7 7 7 7 7 10 8 9 7 7 7 7 7 7 7 7 7 7 8 8 8 8 7 7 7 7 7 7 7 7 8 8 7 7 7 7 7 7 7 7 7 7 7 7 9 8 7 8 8 7 7 8 8 7 7 7 7 7 7 7 7 8 8 7 7 7 7 7 7 7 7 8 8 7 7 8 9 7 7 8 7 7 7 7 7 9 7 7 8 8 7 7 7 7 7 7 7 7 8 8 7 7 7 7 
7 7 7 7 8 8 7 7 8 8 7 7 8 8 7 7 7 7 7 7 7 7 8 8 7 7 7 7 7 7 7 7 8 8 7 8 9 7 7 7 7 8 8 7 7 7 7 7 7 7 7 7 7 7 7 7 7 7 7 8 8 9 8 7 7 9 7 7 7 7 7 7 7 7 7 7 7 7 7 7 7 7 7 7 7 7 9 9 8 8 7 7 10 7 7 7 7 9 7 7 7 7 7 7 7 7 8 7 7 7 7 7 9 8 9 7 7 7 7 7 7 7 7 7 7 9 7 7 7 7 9 7 9 7 7 7 7 7 9 9 7 7 8 8 7 7 8 8 9 8 9 7 8 9 7 7 8 8 8 7 7 7 8 8 9 9 8 8 8 8 8 8 9 7 8 7 8 7 8 7 9 7 5 6 6 6 8 7 7 7 6 8 7 6 7 6 5 6 7 7 
7 7 7 7 7 7 9 8 8 7 7 8 8 7 7 8 8 7 7 8 8 7 7 8 8 7 7 8 8 7 7 8 7 7 7 9 7 9 7 7 7 9 7 7 7 7 7 7 7 7 9 7 7 7 7 9 7 7 7 7 7 9 7 9 7 7 7 7 7 7 7 7 7 7 9 7 7 7 7 7 8 9 7 7 7 7 8 8 7 7 7 7 7 7 7 7 7 7 7 7 7 7 7 7 9 8 9 8 7 7 8 8 7 7 7 7 7 7 7 7 8 7 7 7 7 7 9 8 9 7 7 7 7 7 7 7 7 7 7 9 7 7 7 7 9 8 9 8 7 7 7 7 7 7 7 7 7 7 9 7 7 7 9 7 7 8 7 8 7 9 8 7 7 7 7 7 7 7 7 7 7 7 7 7 7 7 7 9 8 7 7 7 7 8 7 7 7 7 9 7 
8 7 7 7 7 7 7 7 7 7 9 7 7 7 7 9 7 7 7 7 7 8 7 9 7 8 7 7 7 7 8 7 7 7 7 8 8 7 8 8 8 8 7 7 7 9 8 8 7 7 7 7 7 7 7 7 8 8 8 8 7 7 7 7 7 7 7 7 7 7 9 7 7 7 9 9 8 8 7 7 7 8 7 7 8 8 8 8 7 7 8 8 7 7 8 8 8 7 7 7 8 7 9 7 8 9 7 7 7 8 8 9 7 7 8 8 7 7 8 8 8 7 6 7 5 8 6 6 8 6 6 9 6 6 6 7 7 7 7 8 8 8 8 9 7 7 8 8 7 7 8 8 7 7 8 8 7 7 8 7 10 9 9 10 9 7 8 7 7 7 8 9 8 7 7 9 7 8 7 7 7 9 9 7 7 7 7 7 9 7 7 7 7 9 7 7 7 7 7 7 
7 7 10 9 7 7 7 7 8 7 7 7 7 7 7 8 7 9 9 8 7 7 7 7 7 7 7 7 7 7 9 8 7 9 10 7 8 7 8 8 7 7 7 7 9 7 7 7 7 8 7 8 7 7 7 7 7 7 7 7 7 7 7 7 7 9 8 7 7 7 7 8 7 8 7 7 7 7 8 7 7 7 7 9 7 8 7 7 7 7 7 7 7 7 7 7 9 7 7 7 7 9 9 9 7 7 7 7 7 9 7 9 9 7 7 7 7 8 7 7 7 7 9 7 7 7 7 7 7 7 7 9 9 7 7 7 7 7 7 7 7 7 7 7 7 7 9 8 7 7 7 9 7 7 7 7 7 9 7 7 7 7 9 7 7 7 7 7 7 7 7 10 8 9 7 7 8 7 7 7 7 7 9 7 8 9 7 7 7 7 7 7 7 7 7 7 7 7 8 8 
7 7 7 7 7 7 7 7 8 8 9 7 7 7 7 7 7 7 7 7 7 7 7 7 7 7 7 7 7 7 7 9 8 9 8 7 7 9 7 7 7 7 7 7 7 7 8 8 7 7 7 7 7 7 7 7 8 9 8 9 7 7 7 7 9 7 7 7 7 7 7 7 7 8 8 7 7 7 7 7 7 7 7 8 8 7 7 9 7 7 7 7 7 8 8 8 7 7 7 7 7 7 7 7 9 7 7 7 7 7 7 7 7 7 7 7 7 7 7 7 7 9 8 7 8 8 7 7 7 7 7 7 7 7 7 7 9 8 7 7 7 7 7 7 7 7 8 9 10 7 8 7 8 7 7 7 6 5 7 6 7 6 7 6 7 6 7 6 7 6 6 7 7 7 9 7 7 8 8 7 7 8 8 7 7 8 8 7 7 8 9 8 9 7 7 7 8 7 8 9 
7 7 7 7 7 7 7 8 7 7 8 8 9 7 7 7 7 7 7 7 7 7 7 7 7 7 7 7 7 7 7 7 7 9 8 7 7 8 8 7 7 8 8 7 7 7 7 7 7 7 7 8 8 7 7 7 7 7 7 7 7 8 8 7 7 8 8 7 7 8 8 7 7 7 7 7 7 7 7 8 8 7 7 7 7 7 7 7 7 8 8 7 7 8 8 9 7 7 7 7 7 7 7 7 9 7 7 7 7 9 8 7 7 7 7 7 7 7 7 8 8 8 8 7 7 7 7 7 7 7 7 8 8 7 7 7 7 7 7 7 7 8 8 7 7 9 8 7 7 8 8 8 7 7 7 8 7 9 7 7 8 8 7 7 8 8 7 8 9 7 7 7 8 9 7 7 8 8 7 9 9 7 7 7 7 7 7 7 7 7 7 7 7 7 7 7 7 9 7 8 
9 7 7 7 7 8 9 7 7 7 7 7 7 7 7 7 7 7 7 7 7 7 7 8 8 9 8 7 7 10 7 7 7 7 7 7 7 7 7 7 7 7 7 7 7 7 7 7 7 7 7 7 7 7 7 7 7 7 8 8 7 7 9 7 7 7 7 7 9 8 7 9 7 7 9 8 7 7 7 7 7 7 7 7 8 7 7 7 7 10 9 7 7 7 7 7 7 7 7 7 7 7 7 7 7 7 7 8 7 7 7 7 8 9 9 7 8 7 8 9 7 9 7 7 7 8 7 7 7 7 7 7 7 7 8 8 7 7 7 7 7 7 7 7 8 8 8 8 9 7 7 7 9 8 7 7 8 7 7 8 8 7 7 8 7 7 7 10 8 8 7 7 8 8 7 7 8 7 8 7 8 8 7 8 7 8 7 6 7 6 7 6 7 6 7 6 7 6 7 6 
7 6 6 7 7 8 7 9 8 7 8 7 7 7 7 8 8 7 7 8 8 7 7 7 7 7 7 7 7 8 8 7 7 7 7 7 7 7 7 8 8 7 7 8 8 7 7 8 8 7 7 7 7 7 7 7 7 8 8 7 7 7 7 7 7 7 7 8 8 7 7 8 8 7 7 8 8 7 7 7 7 7 7 7 7 8 8 7 7 7 7 7 7 7 7 8 8 7 7 8 8 7 8 9 7 7 7 7 7 7 7 7 7 7 7 7 8 8 7 7 7 7 7 7 7 7 8 8 9 7 7 7 7 7 7 7 7 7 7 7 7 7 7 7 7 7 7 7 7 9 8 9 8 7 7 9 9 8 7 7 9 8 7 8 8 7 7 8 9 7 7 7 8 7 7 8 8 7 7 8 8 8 8 7 7 9 7 7 7 7 7 8 8 8 7 7 7 7 7 7 
7 7 8 8 7 7 7 7 7 7 7 7 8 9 8 9 7 7 7 7 9 7 7 7 7 7 7 7 7 8 8 7 7 7 7 7 7 7 7 8 8 7 7 8 8 7 7 8 8 7 7 7 7 7 7 7 7 8 7 7 7 7 7 9 8 9 7 7 7 7 7 7 7 7 7 7 8 8 7 7 8 8 7 7 8 8 7 7 7 7 7 7 7 7 8 8 7 7 7 7 7 7 7 7 8 8 7 8 9 7 7 7 7 9 7 7 7 7 7 7 7 7 7 7 7 7 7 7 7 7 7 7 7 7 8 8 9 8 7 7 7 7 7 7 7 7 7 7 9 8 9 7 7 7 9 8 9 8 7 7 9 7 8 7 7 7 9 7 7 7 7 7 7 7 7 9 7 7 7 7 7 7 7 7 9 7 7 7 7 8 7 8 7 7 8 7 7 7 9 7 
8 7 9 8 8 8 8 8 7 8 9 8 7 8 7 8 8 7 8 7 8 7 6 7 5 6 6 6 6 6 6 6 7 7 8 7 8 7 7 8 8 7 7 8 8 7 7 8 8 7 7 8 8 7 7 8 7 7 7 9 8 8 8 8 9 8 8 7 7 8 8 7 7 8 8 7 7 8 8 7 7 9 8 9 8 8 7 7 9 7 7 7 7 7 7 7 7 8 8 7 8 7 8 8 7 8 7 8 6 6 6 6 6 6 6 6 6 7 7 7 8 8 8 8 8 8 7 7 7 7 7 7 8 8 8 8 7 7 7 8 7 7 7 7 7 7 7 7 7 8 8 7 8 7 8 8 7 8 7 9 6 6 6 6 6 6 6 6 6 7 7 7 7 7 7 7 7 7 7 7 7 7 7 7 7 7 7 7 7 7 7 7 7 7 7 7 7 7 7 7 
7 9 8 8 7 7 7 6 8 7 6 7 6 8 8 7 6 7 6 8 7 6 7 6 5 6 7 7 7 7 7 7 7 7 7 7 7 7 7 7 7 7 7 7 7 7 7 7 7 7 7 7 7 7 7 7 7 8 7 7 7 8 9 8 7 5 6 9 6 6 7 8 7 8 7 7 7 7 6 5 7 6 7 6 6 7 7 7 7 7 7 7 7 7 7 7 7 7 7 7 7 7 7 7 7 7 7 7 7 7 7 7 7 7 7 7 8 7 8 7 9 7 8 7 9 7 5 6 6 6 8 7 7 7 6 9 7 5 6 5 6 7 7 7 7 7 7 7 7 7 7 7 7 7 7 7 7 7 7 7 7 7 7 7 7 7 7 7 7 7 7 7 9 8 7 8 7 9 9 8 7 7 7 7 9 7 6 7 5 7 7 7 7 6 5 7 6 7 5 6 
5 6 7 7 7 7 7 7 7 7 7 7 7 7 7 7 7 7 7 7 7 7 7 7 7 7 7 7 7 7 7 7 8 7 8 7 9 7 8 7 9 7 7 7 7 6 5 7 6 7 5 8 7 7 7 7 9 7 6 7 5 6 5 6 7 7 7 7 7 7 7 7 7 7 7 7 7 7 7 7 7 7 7 7 7 7 7 7 7 7 7 7 7 7 9 8 7 8 7 9 9 8 7 7 7 7 9 7 6 7 5 7 7 7 7 6 5 7 6 7 5 6 5 6 7 7 7 7 7 7 7 7 7 7 7 7 7 7 7 7 7 7 7 7 7 7 7 7 7 7 7 7 7 8 7 8 7 8 7 8 7 8 7 7 7 7 6 5 7 6 7 5 7 9 8 7 7 7 6 6 6 5 6 7 7 7 7 7 7 7 7 7 7 7 7 7 7 7 7 7 
7 7 7 7 7 7 7 7 7 7 7 7 8 7 9 8 7 8 7 8 8 7 5 6 9 6 6 7 7 7 6 5 7 6 7 5 6 7 7 7 7 7 7 7 7 7 7 7 7 7 7 7 7 7 7 7 7 7 7 7 7 7 7 7 7 7 9 8 7 9 8 7 7 7 7 8 8 7 6 7 6 8 7 6 7 6 6 6 6 5 6 7 7 7 7 7 7 7 7 7 7 7 7 7 7 7 7 7 7 7 7 7 7 7 7 7 7 7 7 8 7 7 7 8 9 8 7 6 7 5 8 6 6 7 7 7 8 9 6 6 7 7 7 7 6 5 6 7 7 7 7 7 7 7 7 7 7 7 7 7 7 7 7 7 7 7 7 7 7 7 7 7 7 7 7 8 7 8 7 8 7 8 7 8 7 6 7 6 7 6 7 6 7 8 7 8 7 6 7 6 
7 6 7 6 6 7 7 7 7 7 7 7 7 7 7 7 7 7 7 7 7 7 7 7 7 7 7 7 7 7 7 7 7 8 7 8 7 8 7 8 7 8 7 5 6 6 6 7 8 7 9 6 6 6 6 6 7 7 7 7 7 7 7 7 7 7 7 7 7 7 7 7 7 7 7 7 7 7 7 7 7 7 7 7 8 7 8 7 8 8 7 7 7 7 8 7 6 7 6 6 5 8 7 6 7 6 8 7 6 7 6 6 7 7 7 7 7 7 7 7 7 7 7 7 7 7 7 7 7 7 7 7 7 7 7 7 7 7 7 7 8 7 8 7 8 8 7 6 7 6 8 7 6 7 6 8 7 6 7 6 8 7 6 7 6 5 6 6 6 6 6 6 6 6 6 6 6 6 6 6 6 6 6 6 6 6 6 6 6 6 6 6 6 6 7 7 8 6 7 8 
7 6 7 6 8 7 5 6 8 6 6 7 6 5 4 5 5 5 5 5 5 5 5 5 5 5 5 5 5 5 5 5 5 5 5 5 5 5 5 5 5 5 5 5 5 5 5 5 5 5 6 5 5 6 7 7 6 5 5 6 6 8 6 5 6 4 6 7 6 7 6 6 6 6 5 4 6 5 6 4 4 4 5 6 6 6 6 6 6 6 6 6 6 6 6 6 6 6 6 6 6 6 6 6 6 6 6 6 6 6 6 6 6 6 6 6 6 6 7 6 7 6 8 6 8 7 6 6 6 5 5 5 4 7 6 5 6 4 8 5 5 5 6 6 6 6 6 6 6 6 6 6 6 6 6 6 6 6 6 6 6 6 6 6 6 6 6 6 6 6 6 6 6 6 6 6 6 7 7 6 7 6 7 7 6 7 6 8 6 6 6 5 4 6 5 6 4 5 5 5 
5 5 6 6 6 6 6 6 6 6 6 6 6 6 6 6 6 6 6 6 6 6 6 6 6 6 6 6 6 6 6 6 6 6 6 6 6 7 7 7 6 6 6 5 7 6 5 6 5 7 7 6 5 6 5 7 6 5 6 5 4 5 6 6 6 6 6 6 6 6 6 6 6 6 6 6 6 6 6 6 6 6 6 6 6 6 6 6 6 6 6 6 6 6 6 6 6 7 7 7 6 5 6 5 7 6 5 6 5 7 7 6 5 6 5 7 6 5 6 5 5 6 6 6 6 6 6 6 6 6 6 6 6 6 6 6 6 6 6 6 6 6 6 6 6 6 6 6 6 6 6 6 6 6 6 6 7 7 7 6 6 6 6 6 8 7 6 7 6 7 4 5 5 5 5 6 4 6 5 6 5 5 6 6 6 6 6 6 6 6 6 6 6 6 6 6 6 6 6 6 
6 6 6 6 6 6 6 6 6 6 6 6 6 6 6 6 6 7 7 6 7 6 7 6 8 6 5 6 5 6 6 6 6 4 5 8 5 5 7 5 6 4 5 6 6 6 6 6 6 6 6 6 6 6 6 6 6 6 6 6 6 6 6 6 6 6 6 6 6 6 6 6 6 6 6 6 6 6 7 6 7 6 7 7 6 5 6 5 7 6 5 6 6 4 6 8 6 7 5 5 5 5 5 6 6 6 6 6 6 6 6 6 6 6 6 6 6 6 6 6 6 6 6 6 6 6 6 6 6 6 6 6 6 6 6 6 6 6 7 6 7 6 7 6 7 6 7 6 4 6 5 6 5 6 5 6 7 6 7 6 5 6 5 6 5 6 5 5 6 6 6 6 6 6 6 6 6 6 6 6 6 6 6 6 6 6 6 6 6 6 6 6 6 6 6 6 6 6 6 6 
6 6 6 7 6 7 6 6 6 7 6 6 6 6 6 6 4 5 8 5 5 9 7 5 5 7 5 5 5 6 6 6 6 6 6 6 6 6 6 6 6 6 6 6 6 6 6 6 6 6 6 6 6 6 6 6 6 6 6 6 6 6 6 6 7 6 7 6 7 6 6 6 7 8 5 5 6 6 6 5 4 6 7 6 7 6 5 6 5 6 5 6 5 5 6 6 6 6 6 6 6 6 6 6 6 6 6 6 6 6 6 6 6 6 6 6 6 6 6 6 6 6 6 6 6 6 6 6 6 7 6 7 6 8 6 7 6 8 6 4 5 5 5 7 6 6 6 5 7 6 5 6 4 4 5 6 6 6 6 6 6 6 6 6 6 6 6 6 6 6 6 6 6 6 6 6 6 6 6 6 6 6 6 6 6 6 6 6 6 6 8 7 6 6 6 7 8 6 8 7 
6 6 6 5 8 5 5 6 6 6 5 4 6 4 5 4 5 6 6 6 6 6 6 6 6 6 6 6 6 6 6 6 6 6 6 6 6 6 6 6 6 6 6 6 6 6 6 6 6 6 6 7 6 7 6 8 6 6 6 7 8 6 5 6 4 6 6 6 6 5 4 6 8 7 6 6 6 6 6 5 6 4 5 4 5 6 6 6 6 7 7 7 6 6 6 6 6 6 6 6 6 6 6 6 6 6 6 6 6 6 6 6 6 6 6 6 6 6 6 8 7 6 6 6 7 8 6 8 7 6 6 6 6 8 6 5 6 4 6 6 6 6 5 4 6 5 6 4 5 4 5 6 6 6 8 6 6 7 7 6 6 7 7 6 6 7 7 8 7 7 6 6 6 6 6 6 6 6 6 6 6 6 6 6 6 6 6 6 6 6 6 6 6 7 6 7 6 8 6 6 
6 7 8 6 5 6 4 6 6 6 5 4 6 8 7 6 6 6 6 6 4 5 5 4 5 6 6 7 6 7 6 7 6 6 6 8 7 7 6 6 6 6 6 6 6 6 7 6 6 6 6 6 7 6 6 6 6 8 7 6 7 7 6 6 6 6 6 6 6 6 7 7 6 6 6 6 6 6 6 6 7 7 6 6 7 8 6 6 7 6 6 6 6 6 8 6 6 7 6 6 6 6 6 6 6 6 6 7 8 6 6 6 6 8 6 6 6 6 6 6 6 6 8 7 6 6 8 7 6 6 7 7 7 7 6 6 7 7 6 6 7 6 6 6 8 6 8 7 7 7 7 7 7 6 6 6 6 6 6 6 6 6 6 6 6 6 6 6 6 8 7 6 6 6 7 7 6 8 7 6 6 6 6 8 6 5 6 4 6 6 6 6 5 4 6 5 6 4 5 4 
5 6 6 6 8 7 7 6 6 7 7 6 6 8 8 6 6 6 6 6 7 6 7 6 6 6 6 6 6 6 6 7 7 6 6 6 6 6 6 6 6 7 7 7 7 6 6 6 6 6 6 6 6 7 8 6 6 6 6 8 6 6 6 6 6 6 6 6 8 8 6 6 6 6 7 6 6 6 6 6 6 7 6 7 7 6 8 6 8 6 6 7 7 6 6 7 7 6 6 7 7 6 6 7 7 6 6 7 8 7 7 6 6 6 7 6 6 7 7 7 6 6 6 7 6 8 8 7 7 6 6 6 7 7 6 6 6 6 6 6 6 7 6 6 6 7 8 7 6 5 6 5 8 6 4 5 6 7 6 7 6 6 6 6 5 4 6 5 6 5 5 6 6 6 6 7 7 7 8 7 7 6 6 6 6 6 8 6 8 6 6 6 6 8 6 6 6 6 6 6 
6 6 7 6 6 6 6 6 9 7 8 6 6 6 6 6 6 6 6 6 6 7 7 7 7 6 6 6 6 6 6 6 6 7 7 6 6 6 6 6 6 6 6 6 6 6 6 8 7 6 7 7 6 6 7 7 6 6 6 6 6 6 6 6 7 7 6 6 6 6 6 6 6 6 7 7 6 6 7 8 6 6 7 6 6 6 6 6 8 6 6 7 7 6 6 6 6 6 6 6 6 7 7 6 6 6 6 6 6 6 6 7 7 6 6 7 7 6 6 7 7 6 6 6 6 6 6 6 6 7 7 6 6 6 6 6 6 6 6 7 7 6 7 8 6 6 6 6 7 7 6 6 6 6 6 6 6 6 6 6 6 6 6 6 6 6 7 7 8 7 6 6 8 6 6 6 6 6 6 6 6 6 6 6 6 6 6 6 6 6 6 6 6 8 8 7 7 6 6 9 
6 6 6 6 8 6 6 6 6 6 6 6 6 7 6 6 6 6 6 8 7 8 6 6 6 6 6 6 6 6 6 6 8 6 6 6 6 8 6 8 6 6 6 6 6 8 8 6 6 7 7 6 6 7 7 8 7 8 6 7 8 6 6 7 7 7 6 6 6 7 7 8 8 7 7 7 7 7 7 8 6 7 6 7 6 7 6 8 6 4 5 5 5 7 6 6 6 5 7 6 5 6 5 4 5 6 6 6 6 6 6 6 6 8 7 7 6 6 7 7 6 6 7 7 6 6 7 7 6 6 7 7 6 6 7 7 6 6 7 6 6 6 8 6 8 6 6 6 8 6 6 6 6 6 6 6 6 8 6 6 6 6 8 6 6 6 6 6 8 6 8 6 6 6 6 6 6 6 6 6 6 8 6 6 6 6 6 7 8 6 6 6 6 7 7 6 6 6 6 6 
6 6 6 6 6 6 6 6 6 6 6 8 7 8 7 6 6 7 7 6 6 6 6 6 6 6 6 7 6 6 6 6 6 8 7 8 6 6 6 6 6 6 6 6 6 6 8 6 6 6 6 8 7 8 7 6 6 6 6 6 6 6 6 6 6 8 6 6 6 8 6 6 7 6 7 6 8 7 6 6 6 6 6 6 6 6 6 6 6 6 6 6 6 6 8 7 6 6 6 6 7 6 6 6 6 8 6 7 6 6 6 6 6 6 6 6 6 8 6 6 6 6 8 6 6 6 6 6 7 6 8 6 7 6 6 6 6 7 6 6 6 6 7 7 6 7 7 7 7 6 6 6 8 7 7 6 6 6 6 6 6 6 6 7 7 7 7 6 6 6 6 6 6 6 6 6 6 8 6 6 6 8 8 7 7 6 6 6 7 6 6 7 7 7 7 6 6 7 7 6 
6 7 7 7 6 6 6 7 6 8 6 7 8 6 6 6 7 7 8 6 6 7 7 6 6 7 7 7 6 5 6 4 7 5 5 7 5 5 8 5 5 5 6 6 6 6 7 7 7 7 8 6 6 7 7 6 6 7 7 6 6 7 7 6 6 7 6 9 8 8 9 8 6 7 6 6 6 7 8 7 6 6 8 6 7 6 6 6 8 8 6 6 6 6 6 8 6 6 6 6 8 6 6 6 6 6 6 6 6 9 8 6 6 6 6 7 6 6 6 6 6 6 7 6 8 8 7 6 6 6 6 6 6 6 6 6 6 8 7 6 8 9 6 7 6 7 7 6 6 6 6 8 6 6 6 6 7 6 7 6 6 6 6 6 6 6 6 6 6 6 6 6 8 7 6 6 6 6 7 6 7 6 6 6 6 7 6 6 6 6 8 6 7 6 6 6 6 6 6 6 
6 6 6 8 6 6 6 6 8 8 8 6 6 6 6 6 8 6 8 8 6 6 6 6 7 6 6 6 6 8 6 6 6 6 6 6 6 6 8 8 6 6 6 6 6 6 6 6 6 6 6 6 6 8 7 6 6 6 8 6 6 6 6 6 8 6 6 6 6 8 6 6 6 6 6 6 6 6 9 7 8 6 6 7 6 6 6 6 6 8 6 7 8 6 6 6 6 6 6 6 6 6 6 6 6 7 7 6 6 6 6 6 6 6 6 7 7 8 6 6 6 6 6 6 6 6 6 6 6 6 6 6 6 6 6 6 6 6 8 7 8 7 6 6 8 6 6 6 6 6 6 6 6 7 7 6 6 6 6 6 6 6 6 7 8 7 8 6 6 6 6 8 6 6 6 6 6 6 6 6 7 7 6 6 6 6 6 6 6 6 7 7 6 6 8 6 6 6 6 6 
7 7 7 6 6 6 6 6 6 6 6 8 6 6 6 6 6 6 6 6 6 6 6 6 6 6 6 6 8 7 6 7 7 6 6 6 6 6 6 6 6 6 6 8 7 6 6 6 6 6 6 6 6 7 8 9 6 7 6 7 6 6 6 5 4 6 5 6 5 6 5 6 5 6 5 6 5 5 6 6 6 8 6 6 7 7 6 6 7 7 6 6 7 7 6 6 7 8 7 8 6 6 6 7 6 7 8 6 6 6 6 6 6 6 7 6 6 7 7 8 6 6 6 6 6 6 6 6 6 6 6 6 6 6 6 6 6 6 6 6 8 7 6 6 7 7 6 6 7 7 6 6 6 6 6 6 6 6 7 7 6 6 6 6 6 6 6 6 7 7 6 6 7 7 6 6 7 7 6 6 6 6 6 6 6 6 7 7 6 6 6 6 6 6 6 6 7 7 6 6 
7 7 8 6 6 6 6 6 6 6 6 8 6 6 6 6 8 7 6 6 6 6 6 6 6 6 7 7 7 7 6 6 6 6 6 6 6 6 7 7 6 6 6 6 6 6 6 6 7 7 6 6 8 7 6 6 7 7 7 6 6 6 7 6 8 6 6 7 7 6 6 7 7 6 7 8 6 6 6 7 8 6 6 7 7 6 8 8 6 6 6 6 6 6 6 6 6 6 6 6 6 6 6 6 8 6 7 8 6 6 6 6 7 8 6 6 6 6 6 6 6 6 6 6 6 6 6 6 6 6 7 7 8 7 6 6 9 6 6 6 6 6 6 6 6 6 6 6 6 6 6 6 6 6 6 6 6 6 6 6 6 6 6 6 6 7 7 6 6 8 6 6 6 6 6 8 7 6 8 6 6 8 7 6 6 6 6 6 6 6 6 7 6 6 6 6 9 8 6 6 
6 6 6 6 6 6 6 6 6 6 6 6 6 6 7 6 6 6 6 7 8 8 6 7 6 7 8 6 8 6 6 6 7 6 6 6 6 6 6 6 6 7 7 6 6 6 6 6 6 6 6 7 7 7 7 8 6 6 6 8 7 6 6 7 6 6 7 7 6 6 7 6 6 6 9 7 7 6 6 7 7 6 6 7 6 7 6 7 7 6 7 6 7 6 5 6 5 6 5 6 5 6 5 6 5 6 5 6 5 5 6 6 7 6 8 7 6 7 6 6 6 6 7 7 6 6 7 7 6 6 6 6 6 6 6 6 7 7 6 6 6 6 6 6 6 6 7 7 6 6 7 7 6 6 7 7 6 6 6 6 6 6 6 6 7 7 6 6 6 6 6 6 6 6 7 7 6 6 7 7 6 6 7 7 6 6 6 6 6 6 6 6 7 7 6 6 6 6 6 6 
6 6 7 7 6 6 7 7 6 7 8 6 6 6 6 6 6 6 6 6 6 6 6 7 7 6 6 6 6 6 6 6 6 7 7 8 6 6 6 6 6 6 6 6 6 6 6 6 6 6 6 6 6 6 6 6 8 7 8 7 6 6 8 8 7 6 6 8 7 6 7 7 6 6 7 8 6 6 6 7 6 6 7 7 6 6 7 7 7 7 6 6 8 6 6 6 6 6 7 7 7 6 6 6 6 6 6 6 6 7 7 6 6 6 6 6 6 6 6 7 8 7 8 6 6 6 6 8 6 6 6 6 6 6 6 6 7 7 6 6 6 6 6 6 6 6 7 7 6 6 7 7 6 6 7 7 6 6 6 6 6 6 6 6 7 6 6 6 6 6 8 7 8 6 6 6 6 6 6 6 6 6 6 7 7 6 6 7 7 6 6 7 7 6 6 6 6 6 6 6 
6 7 7 6 6 6 6 6 6 6 6 7 7 6 7 8 6 6 6 6 8 6 6 6 6 6 6 6 6 6 6 6 6 6 6 6 6 6 6 6 6 7 7 8 7 6 6 6 6 6 6 6 6 6 6 8 7 8 6 6 6 8 7 8 7 6 6 8 6 7 6 6 6 8 6 6 6 6 6 6 6 6 8 6 6 6 6 6 6 6 6 8 6 6 6 6 7 6 7 6 6 7 6 6 6 8 6 7 6 8 7 7 7 7 7 6 7 8 7 6 7 6 7 7 6 7 6 7 6 5 6 4 5 5 5 5 5 5 5 6 6 7 6 7 6 6 7 7 6 6 7 7 6 6 7 7 6 6 7 7 6 6 7 6 6 6 8 7 7 7 7 8 7 7 6 6 7 7 6 6 7 7 6 6 7 7 6 6 8 7 8 7 7 6 6 8 6 6 6 6 
6 6 6 6 7 7 6 7 6 7 7 6 7 6 7 5 5 5 5 5 5 5 5 5 6 6 6 7 7 7 7 7 7 6 6 6 6 6 6 7 7 7 7 6 6 6 7 6 6 6 6 6 6 6 6 6 7 7 6 7 6 7 7 6 7 6 8 5 5 5 5 5 5 5 5 5 6 6 6 6 6 6 6 6 6 6 6 6 6 6 6 6 6 6 6 6 6 6 6 6 6 6 6 6 6 6 6 6 8 7 7 6 6 6 5 7 6 5 6 5 7 7 6 5 6 5 7 6 5 6 5 4 5 6 6 6 6 6 6 6 6 6 6 6 6 6 6 6 6 6 6 6 6 6 6 6 6 6 6 6 6 6 6 6 7 6 6 6 7 8 7 6 4 5 8 5 5 6 7 6 7 6 6 6 6 5 4 6 5 6 5 5 6 6 6 6 6 6 6 6 
6 6 6 6 6 6 6 6 6 6 6 6 6 6 6 6 6 6 6 6 6 6 6 7 6 7 6 8 6 7 6 8 6 4 5 5 5 7 6 6 6 5 8 6 4 5 4 5 6 6 6 6 6 6 6 6 6 6 6 6 6 6 6 6 6 6 6 6 6 6 6 6 6 6 6 6 6 6 6 8 7 6 7 6 8 8 7 6 6 6 6 8 6 5 6 4 6 6 6 6 5 4 6 5 6 4 5 4 5 6 6 6 6 6 6 6 6 6 6 6 6 6 6 6 6 6 6 6 6 6 6 6 6 6 6 6 6 6 6 7 6 7 6 8 6 7 6 8 6 6 6 6 5 4 6 5 6 4 7 6 6 6 6 8 6 5 6 4 5 4 5 6 6 6 6 6 6 6 6 6 6 6 6 6 6 6 6 6 6 6 6 6 6 6 6 6 6 6 6 6 
6 8 7 6 7 6 8 8 7 6 6 6 6 8 6 5 6 4 6 6 6 6 5 4 6 5 6 4 5 4 5 6 6 6 6 6 6 6 6 6 6 6 6 6 6 6 6 6 6 6 6 6 6 6 6 6 6 6 6 6 7 6 7 6 7 6 7 6 7 6 6 6 6 5 4 6 5 6 4 6 8 7 6 6 6 5 5 5 4 5 6 6 6 6 6 6 6 6 6 6 6 6 6 6 6 6 6 6 6 6 6 6 6 6 6 6 6 6 6 7 6 8 7 6 7 6 7 7 6 4 5 8 5 5 6 6 6 5 4 6 5 6 4 5 6 6 6 6 6 6 6 6 6 6 6 6 6 6 6 6 6 6 6 6 6 6 6 6 6 6 6 6 6 8 7 6 8 7 6 6 6 6 7 7 6 5 6 5 7 6 5 6 5 5 5 5 4 5 6 6 
6 6 6 6 6 6 6 6 6 6 6 6 6 6 6 6 6 6 6 6 6 6 6 6 6 6 7 6 6 6 7 8 7 6 5 6 4 7 5 5 6 6 6 7 8 5 5 6 6 6 6 5 4 5 6 6 6 6 6 6 6 6 6 6 6 6 6 6 6 6 6 6 6 6 6 6 6 6 6 6 6 6 7 6 7 6 7 6 7 6 7 6 5 6 5 6 5 6 5 6 7 6 7 6 5 6 5 6 5 6 5 5 6 6 6 6 6 6 6 6 6 6 6 6 6 6 6 6 6 6 6 6 6 6 6 6 6 6 6 6 7 6 7 6 7 6 7 6 7 6 4 5 5 5 6 7 6 8 5 5 5 5 5 6 6 6 6 6 6 6 6 6 6 6 6 6 6 6 6 6 6 6 6 6 6 6 6 6 6 6 6 7 6 7 6 7 7 6 6 6 
6 7 6 5 6 5 5 4 7 6 5 6 5 7 6 5 6 5 5 6 6 6 6 6 6 6 6 6 6 6 6 6 6 6 6 6 6 6 6 6 6 6 6 6 6 6 6 7 6 7 6 7 7 6 5 6 5 7 6 5 6 5 7 6 5 6 5 7 6 5 6 5 4 5 5 5 5 5 5 5 5 5 5 5 5 5 5 5 5 5 5 5 5 5 5 5 5 5 5 5 5 6 6 7 5 6 7 6 5 6 5 7 6 4 5 7 5 5 6 5 4 