single point
 pp1_kx1                  44.4842000        1.0 0.0
 pp1_kx2                  124.406000        1.0 0.0
 pp1_kx3                  124.044000        1.0 0.0
 pp1_kx4                  200.548000        1.0 0.0
 pp1_kx5                  306.808000        1.0 0.0
 pp1_kx6                  187.795000        1.0 0.0
 pp1_kx7                  133.800000        1.0 0.0
 pp1_kx8                  174.195000        1.0 0.0
 pp1_kx9                  86.6714000        1.0 0.0
 pp1_kx10                 286.697000        1.0 0.0
 pp1_kx11                 118.385000        1.0 0.0
 pp1_kx12                 173.599000        1.0 0.0
 pp1_kx13                 132.363000        1.0 0.0
 pp1_kx14                 267.535000        1.0 0.0
 pp1_kx15                 61.0491000        1.0 0.0
 pp1_kx16                 38.8915000        1.0 0.0
 pp1_kx17                 65.3840000        1.0 0.0
 pp1_kx18                 28.9761000        1.0 0.0
 pp1_kx19                 14.3939000        1.0 0.0
 pp1_kx20                 19.0819000        1.0 0.0
 pp1_kx21                 14.5500000        1.0 0.0
 pp1_kx22                 71.6597000        1.0 0.0
 pp1_kx23                 14.9050000        1.0 0.0
 pp1_kx24                 34.4793000        1.0 0.0
 pp1_kx25                 36.0558000        1.0 0.0
 pp1_kx26                 18.4743000        1.0 0.0
 pp1_kx27                 32.7193000        1.0 0.0
 pp1_kx28                 56.6713000        1.0 0.0
 pp1_kx29                 23.3510000        1.0 0.0
 pp1_kx30                 48.7817000        1.0 0.0
 pp1_kx31                 5.85446000        1.0 0.0
 pp1_kx32                 57.1490000        1.0 0.0
 pp2_mul1                0.955284000        1.0 0.0
 pp2_mul2                 8.89658000        1.0 0.0
 pp2_mul3                 1.66279000        1.0 0.0
 pp2_mul4                 3.11645000        1.0 0.0
 pp2_mul5                 2.17126000        1.0 0.0
 pp2_mul6                 2.10192000        1.0 0.0
 pp2_mul7                0.243507000        1.0 0.0
 pp2_mul8                3.359640000E-02    1.0 0.0
 pp2_mul9                0.258034000        1.0 0.0
 pp2_mul10               0.820000000        1.0 0.0
 pp2_mul11                4.76588000        1.0 0.0
 pp2_mul12               1.892660000E-02    1.0 0.0
 pp2_mul13               0.198735000        1.0 0.0
 pp2_mul14               0.572828000        1.0 0.0
 pp2_mul15               5.676360000E-02    1.0 0.0
 pp2_mul16               1.124760000E-02    1.0 0.0
 pp2_mul17               0.110451000        1.0 0.0
 pp2_mul18               0.165331000        1.0 0.0
 pp2_mul19               0.324383000        1.0 0.0
 pp2_mul20                1.01792000        1.0 0.0
 pp2_mul21                2.26196000        1.0 0.0
 pp2_mul22                3.78396000        1.0 0.0
 pp2_mul23               0.704549000        1.0 0.0
 pp2_mul24                2.20517000        1.0 0.0
 pp2_mul25               0.301599000        1.0 0.0
 pp2_mul26               0.293596000        1.0 0.0
 pp2_mul27               0.102307000        1.0 0.0
 pp2_mul28               0.581355000        1.0 0.0
 pp2_mul29                7.84830000        1.0 0.0
 pp2_mul30                100.000000        1.0 0.0
 pp2_mul31               5.000000000E-03    1.0 0.0
 pp2_mul32               6.555100000E-02    1.0 0.0
 pp2_mul33                1.24212000        1.0 0.0
 pp2_mul34               2.102720000E-02    1.0 0.0
 pp2_mul35               0.112298000        1.0 0.0
 pp2_mul36                4.71371000        1.0 0.0
 pp2_mul37                1.41311000        1.0 0.0
 pp2_mul38                1.37764000        1.0 0.0
 pp2_mul39                2.57337000        1.0 0.0
 pp2_mul40               0.539619000        1.0 0.0
 pp2_mul41                1.32322000        1.0 0.0
 pp2_mul42                1.64923000        1.0 0.0
 pp2_mul43               0.838347000        1.0 0.0
 pp2_mul44                7.52318000        1.0 0.0
 pp2_mul45                67.1041000        1.0 0.0
 pp2_mul46               0.273252000        1.0 0.0
 pp2_mul47               0.849033000        1.0 0.0
 pp2_mul48               0.249355000        1.0 0.0
 pp2_mul49                4.29166000        1.0 0.0
 pp2_mul50                11.5080000        1.0 0.0
 pp2_mul51                2.05259000        1.0 0.0
 pp2_mul52               0.971874000        1.0 0.0
 pp2_mul53               0.252108000        1.0 0.0
 pp2_mul54                5.48381000        1.0 0.0
 pp2_mul55               3.256440000E-02    1.0 0.0
 pp2_mul56               8.709860000E-03    1.0 0.0
 pp2_mul57               8.948180000E-03    1.0 0.0
 pp2_mul58                2.30043000        1.0 0.0
 pp2_mul59               0.149694000        1.0 0.0
 pp2_mul60               0.707806000        1.0 0.0
 pp2_mul61               0.444157000        1.0 0.0
 pp2_mul62                41.8929000        1.0 0.0
 pp2_mul63                27.6844000        1.0 0.0
 pp2_mul64                1.81075000        1.0 0.0
 pp2_mul65               0.495512000        1.0 0.0
 pp2_mul66               0.489747000        1.0 0.0
 pp2_mul67               0.216140000        1.0 0.0
 pp2_mul68               8.052720000E-03    1.0 0.0
 pp2_mul69               0.210531000        1.0 0.0
 pp2_mul70               1.921690000E-02    1.0 0.0
 pp2_mul71                100.000000        1.0 0.0
 pp2_mul72                4.61363000        1.0 0.0
 pp2_mul73                1.01511000        1.0 0.0
 pp2_mul74                17.8434000        1.0 0.0
 pp2_mul75                12.3094000        1.0 0.0
 pp2_mul76                1.16707000        1.0 0.0
 pp2_mul77               0.318670000        1.0 0.0
 pp2_mul78               0.536303000        1.0 0.0
 pp2_mul79                5.00296000        1.0 0.0
 pp2_mul80               4.692180000E-02    1.0 0.0
 pp2_mul81               2.152310000E-02    1.0 0.0
 pp2_mul82               0.187749000        1.0 0.0
 pp2_mul83               7.993770000E-02    1.0 0.0
 pp2_mul84                1.30050000        1.0 0.0
 pp2_mul85               5.000000000E-03    1.0 0.0
 pp2_mul86               5.000000000E-03    1.0 0.0
 pp2_mul87               6.776850000E-03    1.0 0.0
 pp2_mul88               0.321117000        1.0 0.0
 pp2_mul89               0.225946000        1.0 0.0
 pp2_mul90               0.116125000        1.0 0.0
 pp2_mul91               4.231080000E-02    1.0 0.0
 pp2_mul92               5.605000000E-03    1.0 0.0
 pp2_mul93               5.000000000E-03    1.0 0.0
 pp2_mul94               2.224040000E-02    1.0 0.0
 pp2_mul95               7.572960000E-02    1.0 0.0
 pp2_mul96               5.129960000E-03    1.0 0.0
 pp2_mul97               5.000000000E-03    1.0 0.0
 pp2_mul98               3.348940000E-02    1.0 0.0
 pp2_mul99               0.324515000        1.0 0.0
 pp2_mul100              0.820584000        1.0 0.0
 pp2_mul101              5.000000000E-03    1.0 0.0
 pp2_mul102              1.476120000E-02    1.0 0.0
 pp2_mul103              4.735530000E-02    1.0 0.0
 pp2_mul104              0.463643000        1.0 0.0
 pp2_mul105              0.371170000        1.0 0.0
 pp2_mul106              0.149084000        1.0 0.0
 pp2_mul107               4.24466000        1.0 0.0
 pp2_mul108              0.733151000        1.0 0.0
 pp2_mul109              0.383345000        1.0 0.0
 pp2_mul110               1.18925000        1.0 0.0
 pp2_mul111               4.12347000        1.0 0.0
 pp2_mul112               1.51320000        1.0 0.0
 pp2_mul113              1.784420000E-02    1.0 0.0
 pp2_mul114               4.03774000        1.0 0.0
 pp2_mul115              0.322461000        1.0 0.0
 pp2_mul116               7.03077000        1.0 0.0
 pp2_mul117               8.57902000        1.0 0.0
 pp2_mul118               2.14147000        1.0 0.0
 pp2_mul119              0.993522000        1.0 0.0
 pp2_mul120              0.856079000        1.0 0.0
 pp2_mul121              0.161397000        1.0 0.0
 pp2_mul122              0.438677000        1.0 0.0
 pp2_mul123               1.78394000        1.0 0.0
 pp2_mul124               6.87888000        1.0 0.0
 pp2_mul125               100.000000        1.0 0.0
 pp2_mul126              4.607210000E-02    1.0 0.0
 pp2_mul127               5.62400000        1.0 0.0
 pp2_mul128               11.9109000        1.0 0.0
 pp2_mul129              0.162162000        1.0 0.0
 pp2_mul130              4.544970000E-02    1.0 0.0
 pp2_mul131              8.393280000E-03    1.0 0.0
 pp2_mul132              7.797610000E-03    1.0 0.0
 pp2_mul133              0.449993000        1.0 0.0
 pp2_mul134              0.674355000        1.0 0.0
 pp2_mul135               2.73235000        1.0 0.0
 pp2_mul136              0.250211000        1.0 0.0
 pp2_mul137               3.31667000        1.0 0.0
 pp2_mul138              0.488877000        1.0 0.0
 pp2_mul139               9.55680000        1.0 0.0
 pp2_mul140              2.007460000E-02    1.0 0.0
 pp2_mul141               5.23272000        1.0 0.0
 pp2_mul142               1.47692000        1.0 0.0
 pp2_mul143              0.863936000        1.0 0.0
 pp2_mul144              0.613709000        1.0 0.0
 pp2_mul145               4.41725000        1.0 0.0
 pp2_mul146              0.385048000        1.0 0.0
 pp2_mul147              2.788670000E-02    1.0 0.0
 pp2_mul148              0.184476000        1.0 0.0
 pp2_mul149              1.187700000E-02    1.0 0.0
 pp2_mul150               3.11599000        1.0 0.0
 pp2_mul151               20.4851000        1.0 0.0
 pp2_mul152              0.171597000        1.0 0.0
 pp2_mul153               1.16610000        1.0 0.0
 pp2_mul154              0.131674000        1.0 0.0
 pp2_mul155              0.402793000        1.0 0.0
 pp2_mul156              0.781141000        1.0 0.0
 pp2_mul157              0.155143000        1.0 0.0
 pp2_mul158               13.4775000        1.0 0.0
 pp2_mul159               10.0396000        1.0 0.0
 pp2_mul160               7.38965000        1.0 0.0
 pp2_mul161               4.04836000        1.0 0.0
 pp2_mul162               91.9578000        1.0 0.0
 pp2_mul163              0.391337000        1.0 0.0
 pp2_mul164              0.883944000        1.0 0.0
 pp2_mul165               3.84691000        1.0 0.0
 pp2_mul166               1.79628000        1.0 0.0
 pp2_mul167              0.392881000        1.0 0.0
 pp2_mul168               9.84177000        1.0 0.0
 pp2_mul169               5.92869000        1.0 0.0
 pp2_mul170              5.519280000E-02    1.0 0.0
 pp2_mul171              0.476748000        1.0 0.0
 pp2_mul172               22.1729000        1.0 0.0
 pp2_mul173              0.483044000        1.0 0.0
 pp2_mul174              0.172389000        1.0 0.0
 pp2_mul175              0.961148000        1.0 0.0
 pp2_mul176               9.70650000        1.0 0.0
 pp2_mul177               81.4293000        1.0 0.0
 pp2_mul178              0.387763000        1.0 0.0
 pp2_mul179               9.39007000        1.0 0.0
 pp2_mul180               18.0713000        1.0 0.0
 pp2_mul181               4.72551000        1.0 0.0
 pp2_mul182              0.422870000        1.0 0.0
 pp2_mul183              4.104260000E-02    1.0 0.0
 pp2_mul184              5.000000000E-03    1.0 0.0
 pp2_mul185              0.238452000        1.0 0.0
 pp2_mul186              0.750248000        1.0 0.0
 pp2_mul187              7.037580000E-03    1.0 0.0
 pp2_mul188              3.899860000E-02    1.0 0.0
 pp2_mul189              3.923510000E-02    1.0 0.0
 pp2_mul190              5.000000000E-03    1.0 0.0
 pp2_mul191              7.169240000E-03    1.0 0.0
 pp2_mul192              5.000000000E-03    1.0 0.0
 pp2_mul193              0.208408000        1.0 0.0
 pp2_mul194               1.51913000        1.0 0.0
 pp2_mul195               43.3061000        1.0 0.0
 pp2_mul196              0.707611000        1.0 0.0
 pp2_mul197               5.83520000        1.0 0.0
 pp2_mul198              5.000000000E-03    1.0 0.0
 pp2_mul199              3.648690000E-02    1.0 0.0
 pp2_mul200              1.704120000E-02    1.0 0.0
 pp2_mul201              4.430610000E-02    1.0 0.0
 pp2_mul202               1.20368000        1.0 0.0
 pp2_mul203              0.179453000        1.0 0.0
 pp2_mul204              7.793190000E-02    1.0 0.0
 pp2_mul205              0.911882000        1.0 0.0
 pp2_mul206              0.113214000        1.0 0.0
 pp2_mul207              8.649690000E-02    1.0 0.0
 pp2_mul208               2.79353000        1.0 0.0
 pp2_mul209              0.139674000        1.0 0.0
 pp2_mul210               2.42109000        1.0 0.0
 pp2_mul211               100.000000        1.0 0.0
 pp2_mul212              5.717100000E-03    1.0 0.0
 pp2_mul213              0.240508000        1.0 0.0
 pp2_mul214              9.582920000E-02    1.0 0.0
 pp2_mul215              6.056870000E-02    1.0 0.0
 pp2_mul216               3.24981000        1.0 0.0
 pp2_mul217               1.12374000        1.0 0.0
 pp2_mul218              0.285351000        1.0 0.0
 pp2_mul219               3.74020000        1.0 0.0
 pp2_mul220              0.106476000        1.0 0.0
 pp2_mul221               4.39740000        1.0 0.0
 pp2_mul222              4.714810000E-02    1.0 0.0
 pp2_mul223              0.276141000        1.0 0.0
 pp2_mul224              0.344459000        1.0 0.0
 pp2_mul225               22.4411000        1.0 0.0
 pp2_mul226              3.076530000E-02    1.0 0.0
 pp2_mul227               15.3514000        1.0 0.0
 pp2_mul228               9.25436000        1.0 0.0
 pp2_mul229               32.2305000        1.0 0.0
 pp2_mul230               3.49168000        1.0 0.0
 pp2_mul231               12.8647000        1.0 0.0
 pp2_mul232               10.3458000        1.0 0.0
 pp2_mul233              0.323824000        1.0 0.0
 pp2_mul234              0.178371000        1.0 0.0
 pp2_mul235              0.143927000        1.0 0.0
 pp2_mul236               2.97069000        1.0 0.0
 pp2_mul237               2.24331000        1.0 0.0
 pp2_mul238              1.165040000E-02    1.0 0.0
 pp2_mul239              4.759470000E-02    1.0 0.0
 pp2_mul240              5.000000000E-03    1.0 0.0
 pp2_mul241              1.623660000E-02    1.0 0.0
 pp2_mul242              1.768850000E-02    1.0 0.0
 pp2_mul243              9.049300000E-02    1.0 0.0
 pp2_mul244               2.56695000        1.0 0.0
 pp2_mul245              5.934990000E-03    1.0 0.0
 pp2_mul246               88.2315000        1.0 0.0
 pp2_mul247               10.3660000        1.0 0.0
 pp2_mul248               6.36592000        1.0 0.0
 pp2_mul249              9.154500000E-02    1.0 0.0
 pp2_mul250              0.727572000        1.0 0.0
 pp2_mul251               35.1608000        1.0 0.0
 pp2_mul252              0.332168000        1.0 0.0
 pp2_mul253               1.14480000        1.0 0.0
 pp2_mul254              0.208228000        1.0 0.0
 pp2_mul255              5.313870000E-03    1.0 0.0
 pp2_mul256              5.000000000E-03    1.0 0.0
 pp2_mul257              3.422870000E-02    1.0 0.0
 pp2_mul258              7.011920000E-02    1.0 0.0
 pp2_mul259               1.24069000        1.0 0.0
 pp2_mul260              0.688842000        1.0 0.0
 pp2_mul261               1.56389000        1.0 0.0
 pp2_mul262              0.255200000        1.0 0.0
 pp2_mul263               3.76742000        1.0 0.0
 pp2_mul264              0.163494000        1.0 0.0
 pp2_mul265               9.47614000        1.0 0.0
 pp2_mul266              0.375420000        1.0 0.0
 pp2_mul267              1.361200000E-02    1.0 0.0
 pp2_mul268               100.000000        1.0 0.0
 pp2_mul269              4.659720000E-02    1.0 0.0
 pp2_mul270              0.382373000        1.0 0.0
 pp2_mul271              0.108446000        1.0 0.0
 pp2_mul272               4.89081000        1.0 0.0
 pp2_mul273              5.000000000E-03    1.0 0.0
 pp2_mul274              8.419020000E-02    1.0 0.0
 pp2_mul275              5.000000000E-03    1.0 0.0
 pp2_mul276              0.101645000        1.0 0.0
 pp2_mul277              5.000000000E-03    1.0 0.0
 pp3_mul1                0.856632000        1.0 0.0
 pp3_mul2                0.778627000        1.0 0.0
 pp3_mul3                 1.00934000        1.0 0.0
 pp3_mul4                0.817664000        1.0 0.0
 pp3_mul5                0.917299000        1.0 0.0
 pp3_mul6                 1.21467000        1.0 0.0
 pp3_mul7                0.831429000        1.0 0.0
 pp3_mul8                0.616775000        1.0 0.0
 pp3_mul9                 2.77236000        1.0 0.0
 pp3_mul10                9.12290000        1.0 0.0
 pp3_mul11                8.28629000        1.0 0.0
 pp3_mul12                2.45773000        1.0 0.0
 pp3_mul13                1.15562000        1.0 0.0
 pp3_mul14               0.663301000        1.0 0.0
 pp3_mul15               0.611901000        1.0 0.0
 pp3_mul16               0.251401000        1.0 0.0
 pp3_mul17               0.210251000        1.0 0.0
 pp3_mul18               0.982625000        1.0 0.0
 pp3_mul19                1.87797000        1.0 0.0
 pp3_mul20                1.64665000        1.0 0.0
 pp3_mul21               0.801508000        1.0 0.0
 pp3_mul22               0.468388000        1.0 0.0
 pp3_mul23               0.447139000        1.0 0.0
 pp3_mul24               0.842490000        1.0 0.0
 pp3_mul25               0.880253000        1.0 0.0
 pp3_mul26                2.03811000        1.0 0.0
 pp3_mul27                1.28965000        1.0 0.0
 pp3_mul28                3.38827000        1.0 0.0
 pp3_mul29                1.18171000        1.0 0.0
 pp3_mul30               0.730095000        1.0 0.0
 pp3_mul31                1.03899000        1.0 0.0
 pp3_mul32                1.53036000        1.0 0.0
 pp3_mul33                1.56241000        1.0 0.0
 pp3_mul34               0.592108000        1.0 0.0
 pp3_mul35               0.814434000        1.0 0.0
 pp3_mul36               0.302265000        1.0 0.0
 pp3_mul37               0.903420000        1.0 0.0
 pp3_mul38               0.347850000        1.0 0.0
 pp3_mul39               0.266522000        1.0 0.0
 pp3_mul40               0.264891000        1.0 0.0
 pp3_mul41               0.477108000        1.0 0.0
 pp3_mul42               0.407179000        1.0 0.0
 pp3_mul43               0.234770000        1.0 0.0
 pp3_mul44               0.633968000        1.0 0.0
 pp3_mul45               0.492684000        1.0 0.0
 pp3_mul46               0.113528000        1.0 0.0
 pp3_mul47               0.943952000        1.0 0.0
 pp3_mul48                2.56685000        1.0 0.0
 pp3_mul49               0.493480000        1.0 0.0
 pp3_mul50                1.21765000        1.0 0.0
 pp3_mul51               0.601481000        1.0 0.0
 pp3_mul52               0.543705000        1.0 0.0
 pp3_mul53                1.42965000        1.0 0.0
 pp3_mul54               0.694276000        1.0 0.0
 pp3_mul55               0.633277000        1.0 0.0
 pp3_mul56               0.844620000        1.0 0.0
 pp3_mul57               0.393989000        1.0 0.0
 pp3_mul58               0.565982000        1.0 0.0
 pp3_mul59               0.957787000        1.0 0.0
 pp3_mul60               0.776023000        1.0 0.0
 pp3_mul61                1.97949000        1.0 0.0
 pp3_mul62                1.22739000        1.0 0.0
 pp3_mul63               0.236349000        1.0 0.0
 pp3_mul64               0.522448000        1.0 0.0
 pp3_mul65               0.475881000        1.0 0.0
 pp3_mul66                1.05538000        1.0 0.0
 pp3_mul67                1.05222000        1.0 0.0
 pp3_vanis1               9.14942000        1.0 0.0
 pp3_vanis2               16.4047000        1.0 0.0
 pp3_vanis3               16.4448000        1.0 0.0
 pp3_vanis4               6.31660000        1.0 0.0
 pp3_vanis5               8.06734000        1.0 0.0
 pp3_vanis6               4.81153000        1.0 0.0
 pp3_vanis7               15.9913000        1.0 0.0
 pp3_vanis8               10.9439000        1.0 0.0
 pp3_vanis9               13.8108000        1.0 0.0
 pp3_vanis10              8.53122000        1.0 0.0
 pp3_vanis11              5.92891000        1.0 0.0
 pp3_vanis12              3.72602000        1.0 0.0
 pp3_vanis13              8.12322000        1.0 0.0
 pp3_vanis14              9.55055000        1.0 0.0
 pp3_vanis15              16.5455000        1.0 0.0
 pp3_vanis16              10.8259000        1.0 0.0
 pp3_vanis17              10.6770000        1.0 0.0
 pp3_vanis18              8.14391000        1.0 0.0
 pp3_vanis19              5.94712000        1.0 0.0
 pp3_vanis20              10.5134000        1.0 0.0
 pp3_vanis21              14.1012000        1.0 0.0
 pp3_vanis22              10.3800000        1.0 0.0
 pp3_vanis23              23.6422000        1.0 0.0
 pp3_vanis24              16.8743000        1.0 0.0
 pp3_vanis25              28.3449000        1.0 0.0
 pp3_vanis26              21.6803000        1.0 0.0
 pp3_vanis27              9.57794000        1.0 0.0
 pp3_vanis28              3.25502000        1.0 0.0
 pp3_vanis29              6.84406000        1.0 0.0
 pp3_vanis30              9.50351000        1.0 0.0
 pp3_vanis31              9.68267000        1.0 0.0
 pp3_vanis32              10.9929000        1.0 0.0
 pp3_vanis33              14.8107000        1.0 0.0
 pp3_vanis34              13.5963000        1.0 0.0
 pp3_vanis35              7.66521000        1.0 0.0
 pp3_vanis36              11.3683000        1.0 0.0
 pp3_vanis37              6.31531000        1.0 0.0
 pp3_vanis38              4.95777000        1.0 0.0
 pp3_vanis39              7.67167000        1.0 0.0
 pp3_vanis40              5.27245000        1.0 0.0
 pp3_vanis41              8.99212000        1.0 0.0
 pp3_vanis42              16.4350000        1.0 0.0
 pp3_vanis43              9.34981000        1.0 0.0
 pp3_vanis44              8.49077000        1.0 0.0
 pp3_vanis45              27.4739000        1.0 0.0
 pp3_vanis46              34.8289000        1.0 0.0
 pp3_vanis47              16.5063000        1.0 0.0
 pp3_vanis48              10.3512000        1.0 0.0
 pp3_vanis49              16.8521000        1.0 0.0
 pp3_vanis50              23.1989000        1.0 0.0
 pp3_vanis51              21.5813000        1.0 0.0
 pp3_vanis52              8.43868000        1.0 0.0
 pp3_vanis53              8.25782000        1.0 0.0
 pp3_vanis54              12.9812000        1.0 0.0
 pp3_vanis55              8.66260000        1.0 0.0
 pp3_vanis56              22.8316000        1.0 0.0
 pp3_vanis57              19.9521000        1.0 0.0
 pp3_vanis58              17.0886000        1.0 0.0
 pp3_vanis59              19.2190000        1.0 0.0
 pp3_vanis60              18.9935000        1.0 0.0
 pp3_vanis61              14.1725000        1.0 0.0
 pp3_vanis62              9.04350000        1.0 0.0
 pp3_vanis63              21.0844000        1.0 0.0
 pp3_vanis64              6.68235000        1.0 0.0
 pp3_vanis65              8.73454000        1.0 0.0
 pp3_vanis66              9.67511000        1.0 0.0
 pp3_vanis67              6.41654000        1.0 0.0
 pp3_rech1               3.036270000E-03    1.0 0.0
 pp3_rech2               1.708060000E-03    1.0 0.0
 pp3_rech3               2.040710000E-03    1.0 0.0
 pp3_rech4               3.199070000E-03    1.0 0.0
 pp3_rech5               2.764690000E-03    1.0 0.0
 pp3_rech6               4.112570000E-03    1.0 0.0
 pp3_rech7               2.231380000E-03    1.0 0.0
 pp3_rech8               3.595830000E-03    1.0 0.0
 pp3_rech9               2.513580000E-03    1.0 0.0
 pp3_rech10              2.043620000E-03    1.0 0.0
 pp3_rech11              1.500000000E-03    1.0 0.0
 pp3_rech12              1.500000000E-03    1.0 0.0
 pp3_rech13              1.500000000E-03    1.0 0.0
 pp3_rech14              1.500000000E-03    1.0 0.0
 pp3_rech15              2.099220000E-03    1.0 0.0
 pp3_rech16              1.628870000E-03    1.0 0.0
 pp3_rech17              1.500000000E-03    1.0 0.0
 pp3_rech18              1.500000000E-03    1.0 0.0
 pp3_rech19              1.500000000E-03    1.0 0.0
 pp3_rech20              1.500000000E-03    1.0 0.0
 pp3_rech21              1.500000000E-03    1.0 0.0
 pp3_rech22              1.500000000E-03    1.0 0.0
 pp3_rech23              1.500000000E-03    1.0 0.0
 pp3_rech24              1.500000000E-03    1.0 0.0
 pp3_rech25              2.034780000E-03    1.0 0.0
 pp3_rech26              1.500000000E-03    1.0 0.0
 pp3_rech27              1.500000000E-03    1.0 0.0
 pp3_rech28              2.184890000E-03    1.0 0.0
 pp3_rech29              2.638290000E-03    1.0 0.0
 pp3_rech30              1.575820000E-03    1.0 0.0
 pp3_rech31              1.500000000E-03    1.0 0.0
 pp3_rech32              1.608800000E-03    1.0 0.0
 pp3_rech33              1.650950000E-03    1.0 0.0
 pp3_rech34              2.703400000E-03    1.0 0.0
 pp3_rech35              2.430830000E-03    1.0 0.0
 pp3_rech36              6.000000000E-03    1.0 0.0
 pp3_rech37              2.741810000E-03    1.0 0.0
 pp3_rech38              5.436960000E-03    1.0 0.0
 pp3_rech39              3.764520000E-03    1.0 0.0
 pp3_rech40              4.526340000E-03    1.0 0.0
 pp3_rech41              3.612610000E-03    1.0 0.0
 pp3_rech42              4.243100000E-03    1.0 0.0
 pp3_rech43              3.997980000E-03    1.0 0.0
 pp3_rech44              2.019340000E-03    1.0 0.0
 pp3_rech45              3.560000000E-03    1.0 0.0
 pp3_rech46              3.381950000E-03    1.0 0.0
 pp3_rech47              3.104820000E-03    1.0 0.0
 pp3_rech48              3.628110000E-03    1.0 0.0
 pp3_rech49              2.378230000E-03    1.0 0.0
 pp3_rech50              3.497850000E-03    1.0 0.0
 pp3_rech51              2.324190000E-03    1.0 0.0
 pp3_rech52              2.760590000E-03    1.0 0.0
 pp3_rech53              2.170200000E-03    1.0 0.0
 pp3_rech54              2.236540000E-03    1.0 0.0
 pp3_rech55              2.354030000E-03    1.0 0.0
 pp3_rech56              1.844110000E-03    1.0 0.0
 pp3_rech57              1.658090000E-03    1.0 0.0
 pp3_rech58              2.223110000E-03    1.0 0.0
 pp3_rech59              3.088200000E-03    1.0 0.0
 pp3_rech60              2.864000000E-03    1.0 0.0
 pp3_rech61              2.618500000E-03    1.0 0.0
 pp3_rech62              2.804560000E-03    1.0 0.0
 pp3_rech63              5.322440000E-03    1.0 0.0
 pp3_rech64              2.161240000E-03    1.0 0.0
 pp3_rech65              2.267650000E-03    1.0 0.0
 pp3_rech66              1.544420000E-03    1.0 0.0
 pp3_rech67              2.281070000E-03    1.0 0.0
 ppr_mul1                 2.29171000        1.0 0.0
 ppr_mul2                 52.8848000        1.0 0.0
 ppr_mul3                 10.0907000        1.0 0.0
 ppr_mul4                 18.8567000        1.0 0.0
 ppr_mul5                 74.7274000        1.0 0.0
 ppr_mul6                 53.2318000        1.0 0.0
 ppr_mul7                 29.0772000        1.0 0.0
 ppr_mul8                 10.3644000        1.0 0.0
 ppr_mul9                 8.74269000        1.0 0.0
 ppr_mul10               0.964155000        1.0 0.0
 ppr_mul11               0.547177000        1.0 0.0
 ppr_mul12               0.697576000        1.0 0.0
 ppr_mul13               0.755969000        1.0 0.0
 ppr_mul14               0.229484000        1.0 0.0
 ppr_mul15                5.24035000        1.0 0.0
 ppr_mul16                6.60183000        1.0 0.0
 ppr_mul17                16.0871000        1.0 0.0
 ppr_mul18                2.59464000        1.0 0.0
 ppr_mul19               0.143832000        1.0 0.0
 ppr_mul20               0.305081000        1.0 0.0
 ppr_mul21               0.221952000        1.0 0.0
 ppr_mul22               9.050750000E-04    1.0 0.0
 ppr_mul23               2.601140000E-02    1.0 0.0
 ppr_mul24               0.123497000        1.0 0.0
 ppr_mul25               0.244565000        1.0 0.0
 ppr_mul26               0.109937000        1.0 0.0
 ppr_mul27               0.810782000        1.0 0.0
 ppr_mul28               0.303575000        1.0 0.0
 ppr_mul29                9.33609000        1.0 0.0
 ppr_mul30                14.0157000        1.0 0.0
 ppr_mul31                9.67040000        1.0 0.0
 ppr_mul32                2.54939000        1.0 0.0
 ppr_mul33               0.276066000        1.0 0.0
 ppr_mul34                13.6926000        1.0 0.0
 ppr_mul35                4.81255000        1.0 0.0
 ppr_mul36                15.6878000        1.0 0.0
 ppr_mul37                4.95944000        1.0 0.0
 ppr_mul38               0.738660000        1.0 0.0
 ppr_mul39               0.489819000        1.0 0.0
 ppr_mul40               0.772735000        1.0 0.0
 ppr_mul41                1.91033000        1.0 0.0
 ppr_mul42                3.38323000        1.0 0.0
 ppr_mul43               0.880498000        1.0 0.0
 ppr_mul44                1.92873000        1.0 0.0
 ppr_mul45                3.88854000        1.0 0.0
 ppr_mul46               0.900681000        1.0 0.0
 ppr_mul47               0.705646000        1.0 0.0
 ppr_mul48                1.26651000        1.0 0.0
 ppr_mul49               0.601157000        1.0 0.0
 ppr_mul50               0.700165000        1.0 0.0
 ppr_mul51               0.359585000        1.0 0.0
 ppr_mul52                38.7276000        1.0 0.0
 ppr_mul53                20.6696000        1.0 0.0
 ppr_mul54                7.04358000        1.0 0.0
 ppr_mul55                8.60086000        1.0 0.0
 ppr_mul56                1.14329000        1.0 0.0
 ppr_mul57                16.1568000        1.0 0.0
 ppr_mul58                3.76826000        1.0 0.0
 ppr_mul59                2.81511000        1.0 0.0
 ppr_mul60                1.59872000        1.0 0.0
 ppr_mul61                1.34493000        1.0 0.0
 ppr_mul62                3.85928000        1.0 0.0
 ppr_mul63                18.5794000        1.0 0.0
 ppr_mul64                48.6242000        1.0 0.0
 ppr_mul65                55.2237000        1.0 0.0
 ppr_mul66                22.9327000        1.0 0.0
 ppr_mul67                4.03949000        1.0 0.0
 ppr_mul68                2.18431000        1.0 0.0
 ppr_mul69                1.16788000        1.0 0.0
 ppr_mul70                1.10994000        1.0 0.0
 ppr_mul71                1.97516000        1.0 0.0
 ppr_mul72                2.98532000        1.0 0.0
 ppr_mul73                6.16686000        1.0 0.0
 ppr_mul74               0.696431000        1.0 0.0
 ppr_mul75               0.183749000        1.0 0.0
 ppr_mul76               0.240086000        1.0 0.0
 ppr_mul77               0.141030000        1.0 0.0
 ppr_mul78               0.557085000        1.0 0.0
 ppr_mul79                1.06694000        1.0 0.0
 ppr_mul80                1.42463000        1.0 0.0
 ppr_mul81                1.29610000        1.0 0.0
 ppr_mul82                1.08693000        1.0 0.0
 ppr_mul83               0.535937000        1.0 0.0
 ppr_mul84               0.102684000        1.0 0.0
 ppr_mul85                1.86963000        1.0 0.0
 ppr_mul86               0.177321000        1.0 0.0
 ppr_mul87               0.199019000        1.0 0.0
 ppr_mul88                2.18444000        1.0 0.0
 ppr_mul89               0.305473000        1.0 0.0
 ppr_mul90               8.221510000E-02    1.0 0.0
 ppr_mul91               0.142376000        1.0 0.0
 ppr_mul92               0.104845000        1.0 0.0
 ppr_mul93               7.166400000E-02    1.0 0.0
 ppr_mul94               0.158233000        1.0 0.0
 ppr_mul95                1.24406000        1.0 0.0
 ppr_mul96               0.919946000        1.0 0.0
 ppr_mul97               0.659086000        1.0 0.0
 ppr_mul98               0.787981000        1.0 0.0
 ppr_mul99                14.5932000        1.0 0.0
 ppr_mul100               24.3580000        1.0 0.0
 ppr_mul101               9.62470000        1.0 0.0
 ppr_mul102               1.24168000        1.0 0.0
 ppr_mul103              0.528775000        1.0 0.0
 ppr_mul104               1.29071000        1.0 0.0
 ppr_mul105               1.54925000        1.0 0.0
 ppr_mul106              0.179184000        1.0 0.0
 ppr_mul107               1.82326000        1.0 0.0
 ppr_mul108               1.89428000        1.0 0.0
 ppr_mul109              0.171619000        1.0 0.0
 ppr_mul110              0.713045000        1.0 0.0
 ppr_mul111              0.404243000        1.0 0.0
 ppr_mul112              0.270962000        1.0 0.0
 ppr_mul113               6.54948000        1.0 0.0
 ppr_mul114               4.09342000        1.0 0.0
 ppr_mul115               1.35376000        1.0 0.0
 ppr_mul116               1.72974000        1.0 0.0
 ppr_mul117               1.11206000        1.0 0.0
 ppr_mul118               2.31568000        1.0 0.0
 ppr_mul119              0.717270000        1.0 0.0
 ppr_mul120              0.260587000        1.0 0.0
 ppr_mul121              7.507140000E-02    1.0 0.0
 ppr_mul122               1.63491000        1.0 0.0
 ppr_mul123               2.50453000        1.0 0.0
 ppr_mul124              0.965309000        1.0 0.0
 ppr_mul125               6.23295000        1.0 0.0
 ppr_mul126               1.34563000        1.0 0.0
 ppr_mul127               3.70011000        1.0 0.0
 ppr_mul128               2.22347000        1.0 0.0
 ppr_mul129               20.9256000        1.0 0.0
 ppr_mul130               9.77159000        1.0 0.0
 ppr_mul131               2.28584000        1.0 0.0
 ppr_mul132              0.932610000        1.0 0.0
 ppr_mul133              0.363548000        1.0 0.0
 ppr_mul134              0.155570000        1.0 0.0
 ppr_mul135               2.12125000        1.0 0.0
 ppr_mul136               2.80307000        1.0 0.0
 ppr_mul137               4.05157000        1.0 0.0
 ppr_mul138              9.261130000E-02    1.0 0.0
 ppr_mul139              0.416086000        1.0 0.0
 ppr_mul140               1.38817000        1.0 0.0
 ppr_mul141              0.790166000        1.0 0.0
 ppr_mul142               1.17820000        1.0 0.0
 ppr_mul143              0.905449000        1.0 0.0
 ppr_mul144              0.166297000        1.0 0.0
 ppr_mul145              0.588320000        1.0 0.0
 ppr_mul146               2.29352000        1.0 0.0
 ppr_mul147               2.35866000        1.0 0.0
 ppr_add1                 9.99987000        1.0 0.0
 ppr_add2                 9.99987000        1.0 0.0
 ppr_add3                 9.99987000        1.0 0.0
 ppr_add4                 9.99987000        1.0 0.0
 ppr_add5                 9.99987000        1.0 0.0
 ppr_add6                 9.99987000        1.0 0.0
 ppr_add7                 9.99987000        1.0 0.0
 ppr_add8                 9.99987000        1.0 0.0
 ppr_add9                 9.99987000        1.0 0.0
 ppr_add10                9.99987000        1.0 0.0
 ppr_add11                9.99987000        1.0 0.0
 ppr_add12                9.99987000        1.0 0.0
 ppr_add13                9.99987000        1.0 0.0
 ppr_add14                9.99987000        1.0 0.0
 ppr_add15                9.99987000        1.0 0.0
 ppr_add16                9.99987000        1.0 0.0
 ppr_add17                9.99987000        1.0 0.0
 ppr_add18                9.99987000        1.0 0.0
 ppr_add19                9.99987000        1.0 0.0
 ppr_add20                9.99987000        1.0 0.0
 ppr_add21                9.99987000        1.0 0.0
 ppr_add22                9.99987000        1.0 0.0
 ppr_add23                9.99987000        1.0 0.0
 ppr_add24                9.99987000        1.0 0.0
 ppr_add25                9.99987000        1.0 0.0
 ppr_add26                9.99987000        1.0 0.0
 ppr_add27                9.99987000        1.0 0.0
 ppr_add28                9.99987000        1.0 0.0
 ppr_add29                9.99987000        1.0 0.0
 ppr_add30                9.99987000        1.0 0.0
 ppr_add31                9.99987000        1.0 0.0
 ppr_add32                9.99987000        1.0 0.0
 ppr_add33                9.99987000        1.0 0.0
 ppr_add34                9.99987000        1.0 0.0
 ppr_add35                9.99987000        1.0 0.0
 ppr_add36                9.99987000        1.0 0.0
 ppr_add37                9.99987000        1.0 0.0
 ppr_add38                9.99987000        1.0 0.0
 ppr_add39                9.99987000        1.0 0.0
 ppr_add40                9.99987000        1.0 0.0
 ppr_add41                9.99987000        1.0 0.0
 ppr_add42                9.99987000        1.0 0.0
 ppr_add43                9.99987000        1.0 0.0
 ppr_add44                9.99987000        1.0 0.0
 ppr_add45                9.99987000        1.0 0.0
 ppr_add46                9.99987000        1.0 0.0
 ppr_add47                9.99987000        1.0 0.0
 ppr_add48                9.99987000        1.0 0.0
 ppr_add49                9.99987000        1.0 0.0
 ppr_add50                9.99987000        1.0 0.0
 ppr_add51                9.99987000        1.0 0.0
 ppr_add52                9.99987000        1.0 0.0
 ppr_add53                9.99987000        1.0 0.0
 ppr_add54                9.99987000        1.0 0.0
 ppr_add55                9.99987000        1.0 0.0
 ppr_add56                9.99987000        1.0 0.0
 ppr_add57                9.99987000        1.0 0.0
 ppr_add58                9.99987000        1.0 0.0
 ppr_add59                9.99987000        1.0 0.0
 ppr_add60                9.99987000        1.0 0.0
 ppr_add61                9.99987000        1.0 0.0
 ppr_add62                9.99987000        1.0 0.0
 ppr_add63                9.99987000        1.0 0.0
 ppr_add64                9.99987000        1.0 0.0
 ppr_add65                9.99987000        1.0 0.0
 ppr_add66                9.99987000        1.0 0.0
 ppr_add67                9.99987000        1.0 0.0
 ppr_add68                9.99987000        1.0 0.0
 ppr_add69                9.99987000        1.0 0.0
 ppr_add70                9.99987000        1.0 0.0
 ppr_add71                9.99987000        1.0 0.0
 ppr_add72                9.99987000        1.0 0.0
 ppr_add73                9.99987000        1.0 0.0
 ppr_add74                9.99987000        1.0 0.0
 ppr_add75                9.99987000        1.0 0.0
 ppr_add76                9.99987000        1.0 0.0
 ppr_add77                9.99987000        1.0 0.0
 ppr_add78                9.99987000        1.0 0.0
 ppr_add79                9.99987000        1.0 0.0
 ppr_add80                9.99987000        1.0 0.0
 ppr_add81                9.99987000        1.0 0.0
 ppr_add82                9.99987000        1.0 0.0
 ppr_add83                9.99987000        1.0 0.0
 ppr_add84                9.99987000        1.0 0.0
 ppr_add85                9.99987000        1.0 0.0
 ppr_add86                9.99987000        1.0 0.0
 ppr_add87                9.99987000        1.0 0.0
 ppr_add88                9.99987000        1.0 0.0
 ppr_add89                9.99987000        1.0 0.0
 ppr_add90                9.99987000        1.0 0.0
 ppr_add91                9.99987000        1.0 0.0
 ppr_add92                9.99987000        1.0 0.0
 ppr_add93                9.99987000        1.0 0.0
 ppr_add94                9.99987000        1.0 0.0
 ppr_add95                9.99987000        1.0 0.0
 ppr_add96                9.99987000        1.0 0.0
 ppr_add97                9.99987000        1.0 0.0
 ppr_add98                9.99987000        1.0 0.0
 ppr_add99                9.99987000        1.0 0.0
 ppr_add100               9.99987000        1.0 0.0
 ppr_add101               9.99987000        1.0 0.0
 ppr_add102               9.99987000        1.0 0.0
 ppr_add103               9.99987000        1.0 0.0
 ppr_add104               9.99987000        1.0 0.0
 ppr_add105               9.99987000        1.0 0.0
 ppr_add106               9.99987000        1.0 0.0
 ppr_add107               9.99987000        1.0 0.0
 ppr_add108               9.99987000        1.0 0.0
 ppr_add109               9.99987000        1.0 0.0
 ppr_add110               9.99987000        1.0 0.0
 ppr_add111               9.99987000        1.0 0.0
 ppr_add112               9.99987000        1.0 0.0
 ppr_add113               9.99987000        1.0 0.0
 ppr_add114               9.99987000        1.0 0.0
 ppr_add115               9.99987000        1.0 0.0
 ppr_add116               9.99987000        1.0 0.0
 ppr_add117               9.99987000        1.0 0.0
 ppr_add118               9.99987000        1.0 0.0
 ppr_add119               9.99987000        1.0 0.0
 ppr_add120               9.99987000        1.0 0.0
 ppr_add121               9.99987000        1.0 0.0
 ppr_add122               9.99987000        1.0 0.0
 ppr_add123               9.99987000        1.0 0.0
 ppr_add124               9.99987000        1.0 0.0
 ppr_add125               9.99987000        1.0 0.0
 ppr_add126               9.99987000        1.0 0.0
 ppr_add127               9.99987000        1.0 0.0
 ppr_add128               9.99987000        1.0 0.0
 ppr_add129               9.99987000        1.0 0.0
 ppr_add130               9.99987000        1.0 0.0
 ppr_add131               9.99987000        1.0 0.0
 ppr_add132               9.99987000        1.0 0.0
 ppr_add133               9.99987000        1.0 0.0
 ppr_add134               9.99987000        1.0 0.0
 ppr_add135               9.99987000        1.0 0.0
 ppr_add136               9.99987000        1.0 0.0
 ppr_add137               9.99987000        1.0 0.0
 ppr_add138               9.99987000        1.0 0.0
 ppr_add139               9.99987000        1.0 0.0
 ppr_add140               9.99987000        1.0 0.0
 ppr_add141               9.99987000        1.0 0.0
 ppr_add142               9.99987000        1.0 0.0
 ppr_add143               9.99987000        1.0 0.0
 ppr_add144               9.99987000        1.0 0.0
 ppr_add145               9.99987000        1.0 0.0
 ppr_add146               9.99987000        1.0 0.0
 ppr_add147               9.99987000        1.0 0.0
 ppw_mul1                 11.8440000        1.0 0.0
 ppw_mul2                 15.4130000        1.0 0.0
 ppw_mul3                 20.0000000        1.0 0.0
 ppw_mul4                 16.5180000        1.0 0.0
 ppw_mul5                 15.7516000        1.0 0.0
 ppw_mul6                 6.10833000        1.0 0.0
 ppw_mul7                 4.99220000        1.0 0.0
 ppw_mul8                 1.83028000        1.0 0.0
 ppw_mul9                 1.59659000        1.0 0.0
 ppw_mul10                1.97230000        1.0 0.0
 ppw_mul11                1.20474000        1.0 0.0
 ppw_mul12                2.54233000        1.0 0.0
 ppw_mul13                1.06751000        1.0 0.0
 ppw_mul14               0.678311000        1.0 0.0
 ppw_mul15               0.301006000        1.0 0.0
 ppw_mul16               0.255385000        1.0 0.0
 ppw_mul17               0.148634000        1.0 0.0
 ppw_mul18               0.184830000        1.0 0.0
 ppw_mul19               0.206803000        1.0 0.0
 ppw_mul20               0.147426000        1.0 0.0
 ppw_mul21               0.249234000        1.0 0.0
 ppw_mul22               0.208572000        1.0 0.0
 ppw_mul23               0.164074000        1.0 0.0
 ppw_mul24               0.205108000        1.0 0.0
 ppw_mul25               0.243379000        1.0 0.0
 ppw_mul26               0.303609000        1.0 0.0
 ppw_mul27               0.330621000        1.0 0.0
 ppw_mul28               0.528225000        1.0 0.0
 ppw_mul29               0.983211000        1.0 0.0
 ppw_mul30               0.948844000        1.0 0.0
 ppw_mul31                1.07374000        1.0 0.0
 ppw_mul32               0.965613000        1.0 0.0
 ppw_mul33               0.830349000        1.0 0.0
 ppw_mul34               0.687048000        1.0 0.0
 ppw_mul35                1.03314000        1.0 0.0
 ppw_mul36               0.669168000        1.0 0.0
 ppw_mul37               0.392589000        1.0 0.0
 ppw_mul38                6.65749000        1.0 0.0
 ppw_mul39                8.06927000        1.0 0.0
 ppw_mul40                5.31453000        1.0 0.0
 ppw_mul41                2.45939000        1.0 0.0
 ppw_mul42                1.73475000        1.0 0.0
 ppw_mul43                1.56649000        1.0 0.0
 ppw_mul44               0.986018000        1.0 0.0
 ppw_mul45               0.448650000        1.0 0.0
 ppw_mul46               0.387686000        1.0 0.0
 ppw_mul47               0.533895000        1.0 0.0
 ppw_mul48               0.383066000        1.0 0.0
 ppw_mul49               0.553958000        1.0 0.0
 ppw_mul50               0.241861000        1.0 0.0
 ppw_mul51               0.342141000        1.0 0.0
 ppw_mul52               0.251681000        1.0 0.0
 ppw_mul53               0.291029000        1.0 0.0
 ppw_mul54               0.221632000        1.0 0.0
 ppw_mul55               0.429826000        1.0 0.0
 ppw_mul56               0.559605000        1.0 0.0
 ppw_mul57               0.922377000        1.0 0.0
 ppw_mul58               0.580568000        1.0 0.0
 ppw_mul59               0.614422000        1.0 0.0
 ppw_mul60               0.844932000        1.0 0.0
 ppw_mul61               0.807115000        1.0 0.0
