single point
 pp1_kx1                  29.3790000        1.0 0.0
 pp1_kx2                  324.095000        1.0 0.0
 pp1_kx3                  150.704000        1.0 0.0
 pp1_kx4                  257.839000        1.0 0.0
 pp1_kx5                  385.996000        1.0 0.0
 pp1_kx6                  151.759000        1.0 0.0
 pp1_kx7                  192.915000        1.0 0.0
 pp1_kx8                  307.741000        1.0 0.0
 pp1_kx9                  100.138000        1.0 0.0
 pp1_kx10                 91.0507000        1.0 0.0
 pp1_kx11                 80.3462000        1.0 0.0
 pp1_kx12                 77.3549000        1.0 0.0
 pp1_kx13                 117.009000        1.0 0.0
 pp1_kx14                 272.404000        1.0 0.0
 pp1_kx15                 31.4057000        1.0 0.0
 pp1_kx16                 22.1720000        1.0 0.0
 pp1_kx17                 15.2673000        1.0 0.0
 pp1_kx18                 12.6086000        1.0 0.0
 pp1_kx19                 8.76903000        1.0 0.0
 pp1_kx20                 18.2879000        1.0 0.0
 pp1_kx21                 17.4097000        1.0 0.0
 pp1_kx22                 73.0040000        1.0 0.0
 pp1_kx23                 11.7512000        1.0 0.0
 pp1_kx24                 35.9236000        1.0 0.0
 pp1_kx25                 29.8221000        1.0 0.0
 pp1_kx26                 31.8242000        1.0 0.0
 pp1_kx27                 23.9454000        1.0 0.0
 pp1_kx28                 19.9488000        1.0 0.0
 pp1_kx29                 23.8323000        1.0 0.0
 pp1_kx30                 21.1353000        1.0 0.0
 pp1_kx31                 7.84974000        1.0 0.0
 pp1_kx32                 24.1339000        1.0 0.0
 pp2_mul1                 18.3636000        1.0 0.0
 pp2_mul2                 20.8610000        1.0 0.0
 pp2_mul3                 8.19255000        1.0 0.0
 pp2_mul4                 6.20775000        1.0 0.0
 pp2_mul5                 6.20166000        1.0 0.0
 pp2_mul6                 21.2626000        1.0 0.0
 pp2_mul7                 3.04625000        1.0 0.0
 pp2_mul8                0.919846000        1.0 0.0
 pp2_mul9                 4.92857000        1.0 0.0
 pp2_mul10                1.69102000        1.0 0.0
 pp2_mul11               0.899338000        1.0 0.0
 pp2_mul12               7.583580000E-02    1.0 0.0
 pp2_mul13               6.645120000E-02    1.0 0.0
 pp2_mul14               0.576136000        1.0 0.0
 pp2_mul15               0.116584000        1.0 0.0
 pp2_mul16               6.197080000E-02    1.0 0.0
 pp2_mul17               0.590655000        1.0 0.0
 pp2_mul18                1.30321000        1.0 0.0
 pp2_mul19                2.15022000        1.0 0.0
 pp2_mul20               0.810629000        1.0 0.0
 pp2_mul21                1.20813000        1.0 0.0
 pp2_mul22                53.1809000        1.0 0.0
 pp2_mul23                4.72233000        1.0 0.0
 pp2_mul24                2.45930000        1.0 0.0
 pp2_mul25                2.88287000        1.0 0.0
 pp2_mul26                42.1844000        1.0 0.0
 pp2_mul27               0.543296000        1.0 0.0
 pp2_mul28                2.91589000        1.0 0.0
 pp2_mul29                2.07282000        1.0 0.0
 pp2_mul30                100.000000        1.0 0.0
 pp2_mul31               1.516110000E-02    1.0 0.0
 pp2_mul32               4.399440000E-02    1.0 0.0
 pp2_mul33               8.509820000E-02    1.0 0.0
 pp2_mul34               3.443340000E-02    1.0 0.0
 pp2_mul35               0.210130000        1.0 0.0
 pp2_mul36                1.91791000        1.0 0.0
 pp2_mul37               0.243016000        1.0 0.0
 pp2_mul38               0.204708000        1.0 0.0
 pp2_mul39               0.689669000        1.0 0.0
 pp2_mul40                5.20048000        1.0 0.0
 pp2_mul41               0.331182000        1.0 0.0
 pp2_mul42                1.69326000        1.0 0.0
 pp2_mul43                1.28674000        1.0 0.0
 pp2_mul44                4.63230000        1.0 0.0
 pp2_mul45                100.000000        1.0 0.0
 pp2_mul46                4.70037000        1.0 0.0
 pp2_mul47               0.354517000        1.0 0.0
 pp2_mul48                2.34608000        1.0 0.0
 pp2_mul49                3.00618000        1.0 0.0
 pp2_mul50                18.7355000        1.0 0.0
 pp2_mul51                4.30230000        1.0 0.0
 pp2_mul52                2.47226000        1.0 0.0
 pp2_mul53                3.00140000        1.0 0.0
 pp2_mul54                9.04338000        1.0 0.0
 pp2_mul55               6.728940000E-02    1.0 0.0
 pp2_mul56               0.197898000        1.0 0.0
 pp2_mul57               8.666950000E-02    1.0 0.0
 pp2_mul58                29.4301000        1.0 0.0
 pp2_mul59               0.757732000        1.0 0.0
 pp2_mul60                1.78743000        1.0 0.0
 pp2_mul61               0.246775000        1.0 0.0
 pp2_mul62                47.4362000        1.0 0.0
 pp2_mul63                8.08993000        1.0 0.0
 pp2_mul64                1.98785000        1.0 0.0
 pp2_mul65                12.1809000        1.0 0.0
 pp2_mul66               0.679004000        1.0 0.0
 pp2_mul67                1.42963000        1.0 0.0
 pp2_mul68               6.875110000E-03    1.0 0.0
 pp2_mul69                1.36948000        1.0 0.0
 pp2_mul70               5.004640000E-02    1.0 0.0
 pp2_mul71                100.000000        1.0 0.0
 pp2_mul72                13.4124000        1.0 0.0
 pp2_mul73               0.174181000        1.0 0.0
 pp2_mul74                5.02552000        1.0 0.0
 pp2_mul75                1.79051000        1.0 0.0
 pp2_mul76               0.149248000        1.0 0.0
 pp2_mul77               0.280094000        1.0 0.0
 pp2_mul78               0.153620000        1.0 0.0
 pp2_mul79                13.8509000        1.0 0.0
 pp2_mul80                1.49692000        1.0 0.0
 pp2_mul81               0.156991000        1.0 0.0
 pp2_mul82                3.57129000        1.0 0.0
 pp2_mul83               0.985863000        1.0 0.0
 pp2_mul84               0.482917000        1.0 0.0
 pp2_mul85               5.000000000E-03    1.0 0.0
 pp2_mul86               3.386550000E-02    1.0 0.0
 pp2_mul87               7.003810000E-03    1.0 0.0
 pp2_mul88               0.228612000        1.0 0.0
 pp2_mul89               6.463060000E-02    1.0 0.0
 pp2_mul90               1.990110000E-02    1.0 0.0
 pp2_mul91               4.462970000E-02    1.0 0.0
 pp2_mul92               5.000000000E-03    1.0 0.0
 pp2_mul93               5.000000000E-03    1.0 0.0
 pp2_mul94               0.136960000        1.0 0.0
 pp2_mul95               2.086280000E-02    1.0 0.0
 pp2_mul96               8.662390000E-03    1.0 0.0
 pp2_mul97               5.995590000E-03    1.0 0.0
 pp2_mul98               0.699546000        1.0 0.0
 pp2_mul99                4.95528000        1.0 0.0
 pp2_mul100               5.59716000        1.0 0.0
 pp2_mul101              5.000000000E-03    1.0 0.0
 pp2_mul102              4.500380000E-02    1.0 0.0
 pp2_mul103              0.352651000        1.0 0.0
 pp2_mul104               2.36317000        1.0 0.0
 pp2_mul105              5.850820000E-02    1.0 0.0
 pp2_mul106              0.785557000        1.0 0.0
 pp2_mul107               4.42708000        1.0 0.0
 pp2_mul108              0.875688000        1.0 0.0
 pp2_mul109              0.243948000        1.0 0.0
 pp2_mul110               4.19014000        1.0 0.0
 pp2_mul111               5.94390000        1.0 0.0
 pp2_mul112               1.31996000        1.0 0.0
 pp2_mul113              4.771580000E-02    1.0 0.0
 pp2_mul114               6.67592000        1.0 0.0
 pp2_mul115              0.388663000        1.0 0.0
 pp2_mul116               19.5300000        1.0 0.0
 pp2_mul117               22.7219000        1.0 0.0
 pp2_mul118               7.11153000        1.0 0.0
 pp2_mul119              0.233991000        1.0 0.0
 pp2_mul120              0.437848000        1.0 0.0
 pp2_mul121               1.43203000        1.0 0.0
 pp2_mul122              0.476741000        1.0 0.0
 pp2_mul123              0.309667000        1.0 0.0
 pp2_mul124               30.1051000        1.0 0.0
 pp2_mul125               90.2156000        1.0 0.0
 pp2_mul126              5.962090000E-02    1.0 0.0
 pp2_mul127               3.95537000        1.0 0.0
 pp2_mul128               45.0359000        1.0 0.0
 pp2_mul129               1.07020000        1.0 0.0
 pp2_mul130              1.167440000E-02    1.0 0.0
 pp2_mul131              5.000000000E-03    1.0 0.0
 pp2_mul132              5.000000000E-03    1.0 0.0
 pp2_mul133              0.719229000        1.0 0.0
 pp2_mul134               8.44083000        1.0 0.0
 pp2_mul135               10.3439000        1.0 0.0
 pp2_mul136              0.155995000        1.0 0.0
 pp2_mul137               16.5119000        1.0 0.0
 pp2_mul138              0.234911000        1.0 0.0
 pp2_mul139               8.22740000        1.0 0.0
 pp2_mul140              9.791720000E-02    1.0 0.0
 pp2_mul141               1.48887000        1.0 0.0
 pp2_mul142               3.85599000        1.0 0.0
 pp2_mul143               3.02202000        1.0 0.0
 pp2_mul144              0.812809000        1.0 0.0
 pp2_mul145               1.56739000        1.0 0.0
 pp2_mul146              0.161376000        1.0 0.0
 pp2_mul147              8.105460000E-02    1.0 0.0
 pp2_mul148              0.870807000        1.0 0.0
 pp2_mul149              6.341620000E-02    1.0 0.0
 pp2_mul150               4.98829000        1.0 0.0
 pp2_mul151               100.000000        1.0 0.0
 pp2_mul152              0.705960000        1.0 0.0
 pp2_mul153              0.171032000        1.0 0.0
 pp2_mul154               1.04034000        1.0 0.0
 pp2_mul155               1.28992000        1.0 0.0
 pp2_mul156               3.99617000        1.0 0.0
 pp2_mul157              0.413535000        1.0 0.0
 pp2_mul158               4.92519000        1.0 0.0
 pp2_mul159               5.87107000        1.0 0.0
 pp2_mul160               8.33335000        1.0 0.0
 pp2_mul161              0.615689000        1.0 0.0
 pp2_mul162               100.000000        1.0 0.0
 pp2_mul163               1.98163000        1.0 0.0
 pp2_mul164               1.01548000        1.0 0.0
 pp2_mul165               100.000000        1.0 0.0
 pp2_mul166               1.26211000        1.0 0.0
 pp2_mul167              0.162740000        1.0 0.0
 pp2_mul168               1.58826000        1.0 0.0
 pp2_mul169               1.51437000        1.0 0.0
 pp2_mul170               3.07710000        1.0 0.0
 pp2_mul171               17.8233000        1.0 0.0
 pp2_mul172               28.7654000        1.0 0.0
 pp2_mul173               3.17419000        1.0 0.0
 pp2_mul174               2.86605000        1.0 0.0
 pp2_mul175               1.67719000        1.0 0.0
 pp2_mul176               5.19677000        1.0 0.0
 pp2_mul177               41.8225000        1.0 0.0
 pp2_mul178              9.113410000E-02    1.0 0.0
 pp2_mul179              0.642576000        1.0 0.0
 pp2_mul180               6.08266000        1.0 0.0
 pp2_mul181              0.640619000        1.0 0.0
 pp2_mul182              0.145824000        1.0 0.0
 pp2_mul183              0.437056000        1.0 0.0
 pp2_mul184              7.961790000E-03    1.0 0.0
 pp2_mul185               2.29064000        1.0 0.0
 pp2_mul186              0.568628000        1.0 0.0
 pp2_mul187              0.144963000        1.0 0.0
 pp2_mul188              7.629070000E-03    1.0 0.0
 pp2_mul189              0.624329000        1.0 0.0
 pp2_mul190              5.000000000E-03    1.0 0.0
 pp2_mul191              5.532470000E-02    1.0 0.0
 pp2_mul192              5.000000000E-03    1.0 0.0
 pp2_mul193               2.47559000        1.0 0.0
 pp2_mul194               42.8792000        1.0 0.0
 pp2_mul195               74.6282000        1.0 0.0
 pp2_mul196               1.52754000        1.0 0.0
 pp2_mul197              0.290765000        1.0 0.0
 pp2_mul198              5.216120000E-03    1.0 0.0
 pp2_mul199              9.754270000E-02    1.0 0.0
 pp2_mul200              5.000000000E-03    1.0 0.0
 pp2_mul201               1.62233000        1.0 0.0
 pp2_mul202               2.21514000        1.0 0.0
 pp2_mul203               1.33302000        1.0 0.0
 pp2_mul204              3.684270000E-02    1.0 0.0
 pp2_mul205               12.2810000        1.0 0.0
 pp2_mul206              0.170193000        1.0 0.0
 pp2_mul207              0.433699000        1.0 0.0
 pp2_mul208               27.7680000        1.0 0.0
 pp2_mul209               1.40085000        1.0 0.0
 pp2_mul210               4.37372000        1.0 0.0
 pp2_mul211               100.000000        1.0 0.0
 pp2_mul212              4.464040000E-02    1.0 0.0
 pp2_mul213              0.179013000        1.0 0.0
 pp2_mul214              0.113046000        1.0 0.0
 pp2_mul215              0.519271000        1.0 0.0
 pp2_mul216               1.85988000        1.0 0.0
 pp2_mul217               1.51793000        1.0 0.0
 pp2_mul218              0.314437000        1.0 0.0
 pp2_mul219               10.5006000        1.0 0.0
 pp2_mul220              0.260622000        1.0 0.0
 pp2_mul221               1.93385000        1.0 0.0
 pp2_mul222              0.739144000        1.0 0.0
 pp2_mul223              0.879463000        1.0 0.0
 pp2_mul224              0.572604000        1.0 0.0
 pp2_mul225               35.5698000        1.0 0.0
 pp2_mul226              0.123985000        1.0 0.0
 pp2_mul227               19.4513000        1.0 0.0
 pp2_mul228               43.2464000        1.0 0.0
 pp2_mul229               32.0541000        1.0 0.0
 pp2_mul230               100.000000        1.0 0.0
 pp2_mul231               20.4450000        1.0 0.0
 pp2_mul232               5.60733000        1.0 0.0
 pp2_mul233              0.388353000        1.0 0.0
 pp2_mul234               3.37622000        1.0 0.0
 pp2_mul235              0.219430000        1.0 0.0
 pp2_mul236               1.21241000        1.0 0.0
 pp2_mul237              0.638347000        1.0 0.0
 pp2_mul238              5.076140000E-03    1.0 0.0
 pp2_mul239              7.427830000E-02    1.0 0.0
 pp2_mul240              9.339560000E-03    1.0 0.0
 pp2_mul241              0.126810000        1.0 0.0
 pp2_mul242              5.443020000E-02    1.0 0.0
 pp2_mul243              0.270945000        1.0 0.0
 pp2_mul244               3.36217000        1.0 0.0
 pp2_mul245              5.110900000E-03    1.0 0.0
 pp2_mul246               47.5365000        1.0 0.0
 pp2_mul247               50.4449000        1.0 0.0
 pp2_mul248               12.4420000        1.0 0.0
 pp2_mul249              0.100708000        1.0 0.0
 pp2_mul250               1.21036000        1.0 0.0
 pp2_mul251               78.9365000        1.0 0.0
 pp2_mul252               1.71596000        1.0 0.0
 pp2_mul253               4.77984000        1.0 0.0
 pp2_mul254              0.164717000        1.0 0.0
 pp2_mul255              8.610420000E-03    1.0 0.0
 pp2_mul256              5.000000000E-03    1.0 0.0
 pp2_mul257              5.770950000E-02    1.0 0.0
 pp2_mul258              0.312370000        1.0 0.0
 pp2_mul259               1.54015000        1.0 0.0
 pp2_mul260               1.40331000        1.0 0.0
 pp2_mul261               4.08065000        1.0 0.0
 pp2_mul262              0.110604000        1.0 0.0
 pp2_mul263               10.0100000        1.0 0.0
 pp2_mul264               1.40835000        1.0 0.0
 pp2_mul265               100.000000        1.0 0.0
 pp2_mul266              0.209993000        1.0 0.0
 pp2_mul267              1.858750000E-02    1.0 0.0
 pp2_mul268               100.000000        1.0 0.0
 pp2_mul269              8.647760000E-03    1.0 0.0
 pp2_mul270               1.86962000        1.0 0.0
 pp2_mul271               1.41353000        1.0 0.0
 pp2_mul272               13.9837000        1.0 0.0
 pp2_mul273              1.310990000E-02    1.0 0.0
 pp2_mul274              0.107825000        1.0 0.0
 pp2_mul275              7.563470000E-03    1.0 0.0
 pp2_mul276              4.124760000E-02    1.0 0.0
 pp2_mul277              1.696330000E-02    1.0 0.0
 pp3_mul1                 1.13184000        1.0 0.0
 pp3_mul2                0.629303000        1.0 0.0
 pp3_mul3                0.554028000        1.0 0.0
 pp3_mul4                0.638084000        1.0 0.0
 pp3_mul5                0.679196000        1.0 0.0
 pp3_mul6                 1.28768000        1.0 0.0
 pp3_mul7                0.840355000        1.0 0.0
 pp3_mul8                 1.02307000        1.0 0.0
 pp3_mul9                0.833664000        1.0 0.0
 pp3_mul10                8.17482000        1.0 0.0
 pp3_mul11                2.70699000        1.0 0.0
 pp3_mul12               0.362059000        1.0 0.0
 pp3_mul13               0.491630000        1.0 0.0
 pp3_mul14               0.258072000        1.0 0.0
 pp3_mul15               0.637282000        1.0 0.0
 pp3_mul16               0.608636000        1.0 0.0
 pp3_mul17               0.282395000        1.0 0.0
 pp3_mul18               0.268331000        1.0 0.0
 pp3_mul19               0.537914000        1.0 0.0
 pp3_mul20               0.822275000        1.0 0.0
 pp3_mul21               0.561263000        1.0 0.0
 pp3_mul22               0.440482000        1.0 0.0
 pp3_mul23               0.350191000        1.0 0.0
 pp3_mul24               0.458224000        1.0 0.0
 pp3_mul25               0.921110000        1.0 0.0
 pp3_mul26               0.775053000        1.0 0.0
 pp3_mul27               0.439155000        1.0 0.0
 pp3_mul28                1.61175000        1.0 0.0
 pp3_mul29                1.18821000        1.0 0.0
 pp3_mul30               0.476462000        1.0 0.0
 pp3_mul31               0.739362000        1.0 0.0
 pp3_mul32                1.38595000        1.0 0.0
 pp3_mul33                1.56480000        1.0 0.0
 pp3_mul34               0.402470000        1.0 0.0
 pp3_mul35               0.881095000        1.0 0.0
 pp3_mul36               0.421337000        1.0 0.0
 pp3_mul37               0.803516000        1.0 0.0
 pp3_mul38               0.704812000        1.0 0.0
 pp3_mul39               0.690835000        1.0 0.0
 pp3_mul40               0.785404000        1.0 0.0
 pp3_mul41               0.770094000        1.0 0.0
 pp3_mul42               0.501757000        1.0 0.0
 pp3_mul43               0.337985000        1.0 0.0
 pp3_mul44               0.542820000        1.0 0.0
 pp3_mul45               0.637751000        1.0 0.0
 pp3_mul46               0.100000000        1.0 0.0
 pp3_mul47               0.615627000        1.0 0.0
 pp3_mul48                2.51865000        1.0 0.0
 pp3_mul49               0.448205000        1.0 0.0
 pp3_mul50               0.902877000        1.0 0.0
 pp3_mul51               0.427820000        1.0 0.0
 pp3_mul52               0.513151000        1.0 0.0
 pp3_mul53               0.923286000        1.0 0.0
 pp3_mul54               0.484238000        1.0 0.0
 pp3_mul55               0.387672000        1.0 0.0
 pp3_mul56               0.356308000        1.0 0.0
 pp3_mul57               0.147493000        1.0 0.0
 pp3_mul58               0.460552000        1.0 0.0
 pp3_mul59               0.664852000        1.0 0.0
 pp3_mul60               0.371079000        1.0 0.0
 pp3_mul61               0.793709000        1.0 0.0
 pp3_mul62               0.664833000        1.0 0.0
 pp3_mul63               0.270753000        1.0 0.0
 pp3_mul64               0.531151000        1.0 0.0
 pp3_mul65               0.617032000        1.0 0.0
 pp3_mul66               0.593064000        1.0 0.0
 pp3_mul67                1.26244000        1.0 0.0
 pp3_vanis1               18.3623000        1.0 0.0
 pp3_vanis2               6.67434000        1.0 0.0
 pp3_vanis3               8.42982000        1.0 0.0
 pp3_vanis4               4.17332000        1.0 0.0
 pp3_vanis5               4.80177000        1.0 0.0
 pp3_vanis6               3.86324000        1.0 0.0
 pp3_vanis7               5.18754000        1.0 0.0
 pp3_vanis8               3.87434000        1.0 0.0
 pp3_vanis9               7.73797000        1.0 0.0
 pp3_vanis10              8.84409000        1.0 0.0
 pp3_vanis11              9.53589000        1.0 0.0
 pp3_vanis12              5.80780000        1.0 0.0
 pp3_vanis13              8.55311000        1.0 0.0
 pp3_vanis14              22.2058000        1.0 0.0
 pp3_vanis15              29.9780000        1.0 0.0
 pp3_vanis16              14.6424000        1.0 0.0
 pp3_vanis17              24.2317000        1.0 0.0
 pp3_vanis18              16.5276000        1.0 0.0
 pp3_vanis19              9.23661000        1.0 0.0
 pp3_vanis20              16.6612000        1.0 0.0
 pp3_vanis21              32.7864000        1.0 0.0
 pp3_vanis22              22.4117000        1.0 0.0
 pp3_vanis23              52.4672000        1.0 0.0
 pp3_vanis24              12.3509000        1.0 0.0
 pp3_vanis25              24.4279000        1.0 0.0
 pp3_vanis26              45.2194000        1.0 0.0
 pp3_vanis27              16.1801000        1.0 0.0
 pp3_vanis28              6.65171000        1.0 0.0
 pp3_vanis29              10.1940000        1.0 0.0
 pp3_vanis30              7.87020000        1.0 0.0
 pp3_vanis31              12.4945000        1.0 0.0
 pp3_vanis32              9.49970000        1.0 0.0
 pp3_vanis33              6.33288000        1.0 0.0
 pp3_vanis34              7.00810000        1.0 0.0
 pp3_vanis35              7.68491000        1.0 0.0
 pp3_vanis36              12.3637000        1.0 0.0
 pp3_vanis37              14.4303000        1.0 0.0
 pp3_vanis38              6.19771000        1.0 0.0
 pp3_vanis39              10.9344000        1.0 0.0
 pp3_vanis40              9.21182000        1.0 0.0
 pp3_vanis41              7.02633000        1.0 0.0
 pp3_vanis42              22.8163000        1.0 0.0
 pp3_vanis43              19.6447000        1.0 0.0
 pp3_vanis44              7.95051000        1.0 0.0
 pp3_vanis45              11.3892000        1.0 0.0
 pp3_vanis46              19.3954000        1.0 0.0
 pp3_vanis47              6.69540000        1.0 0.0
 pp3_vanis48              10.0371000        1.0 0.0
 pp3_vanis49              16.3723000        1.0 0.0
 pp3_vanis50              7.72684000        1.0 0.0
 pp3_vanis51              8.08093000        1.0 0.0
 pp3_vanis52              17.0265000        1.0 0.0
 pp3_vanis53              23.1986000        1.0 0.0
 pp3_vanis54              26.9530000        1.0 0.0
 pp3_vanis55              15.6901000        1.0 0.0
 pp3_vanis56              12.0088000        1.0 0.0
 pp3_vanis57              15.1082000        1.0 0.0
 pp3_vanis58              7.04505000        1.0 0.0
 pp3_vanis59              13.2915000        1.0 0.0
 pp3_vanis60              10.4245000        1.0 0.0
 pp3_vanis61              10.5406000        1.0 0.0
 pp3_vanis62              7.68460000        1.0 0.0
 pp3_vanis63              21.0378000        1.0 0.0
 pp3_vanis64              16.9566000        1.0 0.0
 pp3_vanis65              15.9821000        1.0 0.0
 pp3_vanis66              6.14017000        1.0 0.0
 pp3_vanis67              7.02284000        1.0 0.0
 pp3_rech1               2.482900000E-03    1.0 0.0
 pp3_rech2               2.313740000E-03    1.0 0.0
 pp3_rech3               2.974050000E-03    1.0 0.0
 pp3_rech4               2.454300000E-03    1.0 0.0
 pp3_rech5               2.544520000E-03    1.0 0.0
 pp3_rech6               3.459500000E-03    1.0 0.0
 pp3_rech7               1.958940000E-03    1.0 0.0
 pp3_rech8               4.527980000E-03    1.0 0.0
 pp3_rech9               2.640260000E-03    1.0 0.0
 pp3_rech10              1.500000000E-03    1.0 0.0
 pp3_rech11              1.500000000E-03    1.0 0.0
 pp3_rech12              1.532070000E-03    1.0 0.0
 pp3_rech13              1.533910000E-03    1.0 0.0
 pp3_rech14              1.750800000E-03    1.0 0.0
 pp3_rech15              1.649710000E-03    1.0 0.0
 pp3_rech16              2.516650000E-03    1.0 0.0
 pp3_rech17              3.062080000E-03    1.0 0.0
 pp3_rech18              1.500000000E-03    1.0 0.0
 pp3_rech19              1.500000000E-03    1.0 0.0
 pp3_rech20              1.500000000E-03    1.0 0.0
 pp3_rech21              1.505730000E-03    1.0 0.0
 pp3_rech22              2.072510000E-03    1.0 0.0
 pp3_rech23              1.500000000E-03    1.0 0.0
 pp3_rech24              1.516390000E-03    1.0 0.0
 pp3_rech25              2.869290000E-03    1.0 0.0
 pp3_rech26              1.500000000E-03    1.0 0.0
 pp3_rech27              1.542160000E-03    1.0 0.0
 pp3_rech28              3.530680000E-03    1.0 0.0
 pp3_rech29              3.137230000E-03    1.0 0.0
 pp3_rech30              1.927300000E-03    1.0 0.0
 pp3_rech31              3.123680000E-03    1.0 0.0
 pp3_rech32              4.601340000E-03    1.0 0.0
 pp3_rech33              2.985880000E-03    1.0 0.0
 pp3_rech34              4.463620000E-03    1.0 0.0
 pp3_rech35              3.717380000E-03    1.0 0.0
 pp3_rech36              6.000000000E-03    1.0 0.0
 pp3_rech37              6.000000000E-03    1.0 0.0
 pp3_rech38              6.000000000E-03    1.0 0.0
 pp3_rech39              5.556340000E-03    1.0 0.0
 pp3_rech40              6.000000000E-03    1.0 0.0
 pp3_rech41              6.000000000E-03    1.0 0.0
 pp3_rech42              6.000000000E-03    1.0 0.0
 pp3_rech43              5.144140000E-03    1.0 0.0
 pp3_rech44              6.000000000E-03    1.0 0.0
 pp3_rech45              6.000000000E-03    1.0 0.0
 pp3_rech46              6.000000000E-03    1.0 0.0
 pp3_rech47              4.246820000E-03    1.0 0.0
 pp3_rech48              3.243420000E-03    1.0 0.0
 pp3_rech49              6.000000000E-03    1.0 0.0
 pp3_rech50              4.937620000E-03    1.0 0.0
 pp3_rech51              2.666520000E-03    1.0 0.0
 pp3_rech52              6.000000000E-03    1.0 0.0
 pp3_rech53              2.764350000E-03    1.0 0.0
 pp3_rech54              3.592310000E-03    1.0 0.0
 pp3_rech55              2.935480000E-03    1.0 0.0
 pp3_rech56              3.624040000E-03    1.0 0.0
 pp3_rech57              3.106670000E-03    1.0 0.0
 pp3_rech58              3.443650000E-03    1.0 0.0
 pp3_rech59              3.800170000E-03    1.0 0.0
 pp3_rech60              3.837820000E-03    1.0 0.0
 pp3_rech61              3.094470000E-03    1.0 0.0
 pp3_rech62              2.357620000E-03    1.0 0.0
 pp3_rech63              6.000000000E-03    1.0 0.0
 pp3_rech64              2.833880000E-03    1.0 0.0
 pp3_rech65              6.000000000E-03    1.0 0.0
 pp3_rech66              3.801450000E-03    1.0 0.0
 pp3_rech67              2.550440000E-03    1.0 0.0
 ppr_mul1                 4.56173000        1.0 0.0
 ppr_mul2                 211.472000        1.0 0.0
 ppr_mul3                 91.2252000        1.0 0.0
 ppr_mul4                 39.0240000        1.0 0.0
 ppr_mul5                 197.289000        1.0 0.0
 ppr_mul6                 297.077000        1.0 0.0
 ppr_mul7                 49.6867000        1.0 0.0
 ppr_mul8                 4.64673000        1.0 0.0
 ppr_mul9                 11.9176000        1.0 0.0
 ppr_mul10               0.346300000        1.0 0.0
 ppr_mul11                2.79657000        1.0 0.0
 ppr_mul12                25.5468000        1.0 0.0
 ppr_mul13                4.84110000        1.0 0.0
 ppr_mul14                1.62788000        1.0 0.0
 ppr_mul15                11.7058000        1.0 0.0
 ppr_mul16                8.92202000        1.0 0.0
 ppr_mul17                149.790000        1.0 0.0
 ppr_mul18                2.40177000        1.0 0.0
 ppr_mul19               0.164997000        1.0 0.0
 ppr_mul20                1.99283000        1.0 0.0
 ppr_mul21               0.197614000        1.0 0.0
 ppr_mul22               3.980820000E-03    1.0 0.0
 ppr_mul23               8.956600000E-03    1.0 0.0
 ppr_mul24               0.433759000        1.0 0.0
 ppr_mul25                1.37712000        1.0 0.0
 ppr_mul26               0.302517000        1.0 0.0
 ppr_mul27                14.8092000        1.0 0.0
 ppr_mul28                3.88323000        1.0 0.0
 ppr_mul29                13.9350000        1.0 0.0
 ppr_mul30                27.9756000        1.0 0.0
 ppr_mul31                11.3317000        1.0 0.0
 ppr_mul32                12.2262000        1.0 0.0
 ppr_mul33                1.31835000        1.0 0.0
 ppr_mul34                17.6242000        1.0 0.0
 ppr_mul35               0.514238000        1.0 0.0
 ppr_mul36                2.07073000        1.0 0.0
 ppr_mul37               0.660647000        1.0 0.0
 ppr_mul38                2.59787000        1.0 0.0
 ppr_mul39                5.84297000        1.0 0.0
 ppr_mul40                1.64914000        1.0 0.0
 ppr_mul41               0.296851000        1.0 0.0
 ppr_mul42               0.591524000        1.0 0.0
 ppr_mul43               0.504057000        1.0 0.0
 ppr_mul44               0.124365000        1.0 0.0
 ppr_mul45               0.338524000        1.0 0.0
 ppr_mul46               0.277742000        1.0 0.0
 ppr_mul47               0.496188000        1.0 0.0
 ppr_mul48                2.31883000        1.0 0.0
 ppr_mul49               0.429007000        1.0 0.0
 ppr_mul50               0.625608000        1.0 0.0
 ppr_mul51               0.628686000        1.0 0.0
 ppr_mul52                180.893000        1.0 0.0
 ppr_mul53                223.510000        1.0 0.0
 ppr_mul54                76.0525000        1.0 0.0
 ppr_mul55                4.91066000        1.0 0.0
 ppr_mul56                2.17467000        1.0 0.0
 ppr_mul57                7.69876000        1.0 0.0
 ppr_mul58                2.95080000        1.0 0.0
 ppr_mul59                1.93791000        1.0 0.0
 ppr_mul60                3.11621000        1.0 0.0
 ppr_mul61                4.68037000        1.0 0.0
 ppr_mul62                7.50326000        1.0 0.0
 ppr_mul63                60.0950000        1.0 0.0
 ppr_mul64                6.61495000        1.0 0.0
 ppr_mul65                8.06902000        1.0 0.0
 ppr_mul66                8.46766000        1.0 0.0
 ppr_mul67                1.30487000        1.0 0.0
 ppr_mul68                5.45422000        1.0 0.0
 ppr_mul69                3.24950000        1.0 0.0
 ppr_mul70                7.59436000        1.0 0.0
 ppr_mul71                7.56313000        1.0 0.0
 ppr_mul72                5.17816000        1.0 0.0
 ppr_mul73                4.62424000        1.0 0.0
 ppr_mul74               0.748488000        1.0 0.0
 ppr_mul75               0.751782000        1.0 0.0
 ppr_mul76                2.29017000        1.0 0.0
 ppr_mul77                8.39858000        1.0 0.0
 ppr_mul78                5.20458000        1.0 0.0
 ppr_mul79                3.44112000        1.0 0.0
 ppr_mul80                7.10187000        1.0 0.0
 ppr_mul81               0.428890000        1.0 0.0
 ppr_mul82               0.910691000        1.0 0.0
 ppr_mul83               0.449580000        1.0 0.0
 ppr_mul84               0.551838000        1.0 0.0
 ppr_mul85                4.95668000        1.0 0.0
 ppr_mul86               0.482957000        1.0 0.0
 ppr_mul87               0.803442000        1.0 0.0
 ppr_mul88                2.07293000        1.0 0.0
 ppr_mul89                2.62026000        1.0 0.0
 ppr_mul90               0.150454000        1.0 0.0
 ppr_mul91               0.144850000        1.0 0.0
 ppr_mul92               0.321891000        1.0 0.0
 ppr_mul93               0.185312000        1.0 0.0
 ppr_mul94               0.205491000        1.0 0.0
 ppr_mul95               0.577337000        1.0 0.0
 ppr_mul96               0.346326000        1.0 0.0
 ppr_mul97                1.94370000        1.0 0.0
 ppr_mul98                4.16883000        1.0 0.0
 ppr_mul99                232.941000        1.0 0.0
 ppr_mul100               146.069000        1.0 0.0
 ppr_mul101               103.560000        1.0 0.0
 ppr_mul102               24.9271000        1.0 0.0
 ppr_mul103               37.7697000        1.0 0.0
 ppr_mul104               9.68860000        1.0 0.0
 ppr_mul105               36.3591000        1.0 0.0
 ppr_mul106               10.0014000        1.0 0.0
 ppr_mul107               33.6992000        1.0 0.0
 ppr_mul108               27.4981000        1.0 0.0
 ppr_mul109               2.39139000        1.0 0.0
 ppr_mul110               4.12001000        1.0 0.0
 ppr_mul111               3.05862000        1.0 0.0
 ppr_mul112               11.7264000        1.0 0.0
 ppr_mul113               13.4557000        1.0 0.0
 ppr_mul114               30.6249000        1.0 0.0
 ppr_mul115               4.22025000        1.0 0.0
 ppr_mul116               1.48184000        1.0 0.0
 ppr_mul117               6.58673000        1.0 0.0
 ppr_mul118               3.44515000        1.0 0.0
 ppr_mul119               9.36381000        1.0 0.0
 ppr_mul120               3.58018000        1.0 0.0
 ppr_mul121               7.26107000        1.0 0.0
 ppr_mul122               36.1560000        1.0 0.0
 ppr_mul123               8.79657000        1.0 0.0
 ppr_mul124               10.8486000        1.0 0.0
 ppr_mul125               2.44388000        1.0 0.0
 ppr_mul126               8.80550000        1.0 0.0
 ppr_mul127              0.294040000        1.0 0.0
 ppr_mul128              0.398133000        1.0 0.0
 ppr_mul129               1.05048000        1.0 0.0
 ppr_mul130              0.140805000        1.0 0.0
 ppr_mul131              0.238095000        1.0 0.0
 ppr_mul132               1.47418000        1.0 0.0
 ppr_mul133               2.74336000        1.0 0.0
 ppr_mul134               2.28798000        1.0 0.0
 ppr_mul135               27.6821000        1.0 0.0
 ppr_mul136               58.1251000        1.0 0.0
 ppr_mul137               18.2407000        1.0 0.0
 ppr_mul138              0.701619000        1.0 0.0
 ppr_mul139              0.715227000        1.0 0.0
 ppr_mul140              0.120795000        1.0 0.0
 ppr_mul141              0.679845000        1.0 0.0
 ppr_mul142               1.29464000        1.0 0.0
 ppr_mul143               1.43317000        1.0 0.0
 ppr_mul144              0.539755000        1.0 0.0
 ppr_mul145               5.94749000        1.0 0.0
 ppr_mul146               16.4000000        1.0 0.0
 ppr_mul147               16.1569000        1.0 0.0
 ppr_add1                 9.99987000        1.0 0.0
 ppr_add2                 9.99987000        1.0 0.0
 ppr_add3                 9.99987000        1.0 0.0
 ppr_add4                 9.99987000        1.0 0.0
 ppr_add5                 9.99987000        1.0 0.0
 ppr_add6                 9.99987000        1.0 0.0
 ppr_add7                 9.99987000        1.0 0.0
 ppr_add8                 9.99987000        1.0 0.0
 ppr_add9                 9.99987000        1.0 0.0
 ppr_add10                9.99987000        1.0 0.0
 ppr_add11                9.99987000        1.0 0.0
 ppr_add12                9.99987000        1.0 0.0
 ppr_add13                9.99987000        1.0 0.0
 ppr_add14                9.99987000        1.0 0.0
 ppr_add15                9.99987000        1.0 0.0
 ppr_add16                9.99987000        1.0 0.0
 ppr_add17                9.99987000        1.0 0.0
 ppr_add18                9.99987000        1.0 0.0
 ppr_add19                9.99987000        1.0 0.0
 ppr_add20                9.99987000        1.0 0.0
 ppr_add21                9.99987000        1.0 0.0
 ppr_add22                9.99987000        1.0 0.0
 ppr_add23                9.99987000        1.0 0.0
 ppr_add24                9.99987000        1.0 0.0
 ppr_add25                9.99987000        1.0 0.0
 ppr_add26                9.99987000        1.0 0.0
 ppr_add27                9.99987000        1.0 0.0
 ppr_add28                9.99987000        1.0 0.0
 ppr_add29                9.99987000        1.0 0.0
 ppr_add30                9.99987000        1.0 0.0
 ppr_add31                9.99987000        1.0 0.0
 ppr_add32                9.99987000        1.0 0.0
 ppr_add33                9.99987000        1.0 0.0
 ppr_add34                9.99987000        1.0 0.0
 ppr_add35                9.99987000        1.0 0.0
 ppr_add36                9.99987000        1.0 0.0
 ppr_add37                9.99987000        1.0 0.0
 ppr_add38                9.99987000        1.0 0.0
 ppr_add39                9.99987000        1.0 0.0
 ppr_add40                9.99987000        1.0 0.0
 ppr_add41                9.99987000        1.0 0.0
 ppr_add42                9.99987000        1.0 0.0
 ppr_add43                9.99987000        1.0 0.0
 ppr_add44                9.99987000        1.0 0.0
 ppr_add45                9.99987000        1.0 0.0
 ppr_add46                9.99987000        1.0 0.0
 ppr_add47                9.99987000        1.0 0.0
 ppr_add48                9.99987000        1.0 0.0
 ppr_add49                9.99987000        1.0 0.0
 ppr_add50                9.99987000        1.0 0.0
 ppr_add51                9.99987000        1.0 0.0
 ppr_add52                9.99987000        1.0 0.0
 ppr_add53                9.99987000        1.0 0.0
 ppr_add54                9.99987000        1.0 0.0
 ppr_add55                9.99987000        1.0 0.0
 ppr_add56                9.99987000        1.0 0.0
 ppr_add57                9.99987000        1.0 0.0
 ppr_add58                9.99987000        1.0 0.0
 ppr_add59                9.99987000        1.0 0.0
 ppr_add60                9.99987000        1.0 0.0
 ppr_add61                9.99987000        1.0 0.0
 ppr_add62                9.99987000        1.0 0.0
 ppr_add63                9.99987000        1.0 0.0
 ppr_add64                9.99987000        1.0 0.0
 ppr_add65                9.99987000        1.0 0.0
 ppr_add66                9.99987000        1.0 0.0
 ppr_add67                9.99987000        1.0 0.0
 ppr_add68                9.99987000        1.0 0.0
 ppr_add69                9.99987000        1.0 0.0
 ppr_add70                9.99987000        1.0 0.0
 ppr_add71                9.99987000        1.0 0.0
 ppr_add72                9.99987000        1.0 0.0
 ppr_add73                9.99987000        1.0 0.0
 ppr_add74                9.99987000        1.0 0.0
 ppr_add75                9.99987000        1.0 0.0
 ppr_add76                9.99987000        1.0 0.0
 ppr_add77                9.99987000        1.0 0.0
 ppr_add78                9.99987000        1.0 0.0
 ppr_add79                9.99987000        1.0 0.0
 ppr_add80                9.99987000        1.0 0.0
 ppr_add81                9.99987000        1.0 0.0
 ppr_add82                9.99987000        1.0 0.0
 ppr_add83                9.99987000        1.0 0.0
 ppr_add84                9.99987000        1.0 0.0
 ppr_add85                9.99987000        1.0 0.0
 ppr_add86                9.99987000        1.0 0.0
 ppr_add87                9.99987000        1.0 0.0
 ppr_add88                9.99987000        1.0 0.0
 ppr_add89                9.99987000        1.0 0.0
 ppr_add90                9.99987000        1.0 0.0
 ppr_add91                9.99987000        1.0 0.0
 ppr_add92                9.99987000        1.0 0.0
 ppr_add93                9.99987000        1.0 0.0
 ppr_add94                9.99987000        1.0 0.0
 ppr_add95                9.99987000        1.0 0.0
 ppr_add96                9.99987000        1.0 0.0
 ppr_add97                9.99987000        1.0 0.0
 ppr_add98                9.99987000        1.0 0.0
 ppr_add99                9.99987000        1.0 0.0
 ppr_add100               9.99987000        1.0 0.0
 ppr_add101               9.99987000        1.0 0.0
 ppr_add102               9.99987000        1.0 0.0
 ppr_add103               9.99987000        1.0 0.0
 ppr_add104               9.99987000        1.0 0.0
 ppr_add105               9.99987000        1.0 0.0
 ppr_add106               9.99987000        1.0 0.0
 ppr_add107               9.99987000        1.0 0.0
 ppr_add108               9.99987000        1.0 0.0
 ppr_add109               9.99987000        1.0 0.0
 ppr_add110               9.99987000        1.0 0.0
 ppr_add111               9.99987000        1.0 0.0
 ppr_add112               9.99987000        1.0 0.0
 ppr_add113               9.99987000        1.0 0.0
 ppr_add114               9.99987000        1.0 0.0
 ppr_add115               9.99987000        1.0 0.0
 ppr_add116               9.99987000        1.0 0.0
 ppr_add117               9.99987000        1.0 0.0
 ppr_add118               9.99987000        1.0 0.0
 ppr_add119               9.99987000        1.0 0.0
 ppr_add120               9.99987000        1.0 0.0
 ppr_add121               9.99987000        1.0 0.0
 ppr_add122               9.99987000        1.0 0.0
 ppr_add123               9.99987000        1.0 0.0
 ppr_add124               9.99987000        1.0 0.0
 ppr_add125               9.99987000        1.0 0.0
 ppr_add126               9.99987000        1.0 0.0
 ppr_add127               9.99987000        1.0 0.0
 ppr_add128               9.99987000        1.0 0.0
 ppr_add129               9.99987000        1.0 0.0
 ppr_add130               9.99987000        1.0 0.0
 ppr_add131               9.99987000        1.0 0.0
 ppr_add132               9.99987000        1.0 0.0
 ppr_add133               9.99987000        1.0 0.0
 ppr_add134               9.99987000        1.0 0.0
 ppr_add135               9.99987000        1.0 0.0
 ppr_add136               9.99987000        1.0 0.0
 ppr_add137               9.99987000        1.0 0.0
 ppr_add138               9.99987000        1.0 0.0
 ppr_add139               9.99987000        1.0 0.0
 ppr_add140               9.99987000        1.0 0.0
 ppr_add141               9.99987000        1.0 0.0
 ppr_add142               9.99987000        1.0 0.0
 ppr_add143               9.99987000        1.0 0.0
 ppr_add144               9.99987000        1.0 0.0
 ppr_add145               9.99987000        1.0 0.0
 ppr_add146               9.99987000        1.0 0.0
 ppr_add147               9.99987000        1.0 0.0
 ppw_mul1                 16.7660000        1.0 0.0
 ppw_mul2                 19.9176000        1.0 0.0
 ppw_mul3                 20.0000000        1.0 0.0
 ppw_mul4                 19.8676000        1.0 0.0
 ppw_mul5                 20.0000000        1.0 0.0
 ppw_mul6                 6.92797000        1.0 0.0
 ppw_mul7                 12.6361000        1.0 0.0
 ppw_mul8                 5.09369000        1.0 0.0
 ppw_mul9                 4.25722000        1.0 0.0
 ppw_mul10                4.06006000        1.0 0.0
 ppw_mul11                2.26313000        1.0 0.0
 ppw_mul12                3.98779000        1.0 0.0
 ppw_mul13                2.23893000        1.0 0.0
 ppw_mul14                1.43419000        1.0 0.0
 ppw_mul15               0.396906000        1.0 0.0
 ppw_mul16               0.397783000        1.0 0.0
 ppw_mul17               0.215693000        1.0 0.0
 ppw_mul18               0.320253000        1.0 0.0
 ppw_mul19               0.223441000        1.0 0.0
 ppw_mul20               0.248177000        1.0 0.0
 ppw_mul21               0.303200000        1.0 0.0
 ppw_mul22               0.352288000        1.0 0.0
 ppw_mul23               0.267832000        1.0 0.0
 ppw_mul24               0.307526000        1.0 0.0
 ppw_mul25               0.246490000        1.0 0.0
 ppw_mul26               0.457202000        1.0 0.0
 ppw_mul27               0.422720000        1.0 0.0
 ppw_mul28               0.326457000        1.0 0.0
 ppw_mul29               0.522504000        1.0 0.0
 ppw_mul30               0.577312000        1.0 0.0
 ppw_mul31               0.461403000        1.0 0.0
 ppw_mul32               0.485487000        1.0 0.0
 ppw_mul33               0.661459000        1.0 0.0
 ppw_mul34               0.719056000        1.0 0.0
 ppw_mul35                1.00038000        1.0 0.0
 ppw_mul36               0.709876000        1.0 0.0
 ppw_mul37               0.511151000        1.0 0.0
 ppw_mul38                17.9622000        1.0 0.0
 ppw_mul39                20.0000000        1.0 0.0
 ppw_mul40                19.5741000        1.0 0.0
 ppw_mul41                3.58720000        1.0 0.0
 ppw_mul42                3.07441000        1.0 0.0
 ppw_mul43                4.42846000        1.0 0.0
 ppw_mul44                1.56146000        1.0 0.0
 ppw_mul45               0.541961000        1.0 0.0
 ppw_mul46               0.532164000        1.0 0.0
 ppw_mul47               0.619679000        1.0 0.0
 ppw_mul48               0.764781000        1.0 0.0
 ppw_mul49               0.766604000        1.0 0.0
 ppw_mul50               0.336880000        1.0 0.0
 ppw_mul51               0.295965000        1.0 0.0
 ppw_mul52               0.226458000        1.0 0.0
 ppw_mul53               0.223215000        1.0 0.0
 ppw_mul54               0.182265000        1.0 0.0
 ppw_mul55               0.347988000        1.0 0.0
 ppw_mul56               0.559804000        1.0 0.0
 ppw_mul57               0.817371000        1.0 0.0
 ppw_mul58               0.633531000        1.0 0.0
 ppw_mul59               0.716154000        1.0 0.0
 ppw_mul60                1.19837000        1.0 0.0
 ppw_mul61                1.10942000        1.0 0.0
