single point
 pp1_kx1                  40.7372000        1.0 0.0
 pp1_kx2                  171.353000        1.0 0.0
 pp1_kx3                  79.9870000        1.0 0.0
 pp1_kx4                  310.912000        1.0 0.0
 pp1_kx5                  277.709000        1.0 0.0
 pp1_kx6                  146.199000        1.0 0.0
 pp1_kx7                  129.736000        1.0 0.0
 pp1_kx8                  104.955000        1.0 0.0
 pp1_kx9                  50.8471000        1.0 0.0
 pp1_kx10                 67.8729000        1.0 0.0
 pp1_kx11                 139.388000        1.0 0.0
 pp1_kx12                 190.759000        1.0 0.0
 pp1_kx13                 235.793000        1.0 0.0
 pp1_kx14                 285.799000        1.0 0.0
 pp1_kx15                 24.0437000        1.0 0.0
 pp1_kx16                 37.6617000        1.0 0.0
 pp1_kx17                 18.9883000        1.0 0.0
 pp1_kx18                 16.4916000        1.0 0.0
 pp1_kx19                 4.96832000        1.0 0.0
 pp1_kx20                 11.1128000        1.0 0.0
 pp1_kx21                 8.29198000        1.0 0.0
 pp1_kx22                 58.9661000        1.0 0.0
 pp1_kx23                 17.0369000        1.0 0.0
 pp1_kx24                 27.9057000        1.0 0.0
 pp1_kx25                 19.6211000        1.0 0.0
 pp1_kx26                 43.0644000        1.0 0.0
 pp1_kx27                 25.3236000        1.0 0.0
 pp1_kx28                 24.3993000        1.0 0.0
 pp1_kx29                 2.87910000        1.0 0.0
 pp1_kx30                 39.6259000        1.0 0.0
 pp1_kx31                 3.46526000        1.0 0.0
 pp1_kx32                 57.2040000        1.0 0.0
 pp2_mul1                 6.72275000        1.0 0.0
 pp2_mul2                 94.1409000        1.0 0.0
 pp2_mul3                 1.15406000        1.0 0.0
 pp2_mul4                 2.14223000        1.0 0.0
 pp2_mul5                 13.8949000        1.0 0.0
 pp2_mul6                 33.2394000        1.0 0.0
 pp2_mul7                 2.46266000        1.0 0.0
 pp2_mul8                0.593861000        1.0 0.0
 pp2_mul9                0.942885000        1.0 0.0
 pp2_mul10                1.40199000        1.0 0.0
 pp2_mul11                1.40053000        1.0 0.0
 pp2_mul12               1.110170000E-02    1.0 0.0
 pp2_mul13               5.633700000E-02    1.0 0.0
 pp2_mul14                1.19836000        1.0 0.0
 pp2_mul15               8.952150000E-02    1.0 0.0
 pp2_mul16               6.582640000E-02    1.0 0.0
 pp2_mul17               0.127243000        1.0 0.0
 pp2_mul18               9.961030000E-02    1.0 0.0
 pp2_mul19               0.193801000        1.0 0.0
 pp2_mul20               0.972713000        1.0 0.0
 pp2_mul21               0.431965000        1.0 0.0
 pp2_mul22                54.1606000        1.0 0.0
 pp2_mul23                5.73620000        1.0 0.0
 pp2_mul24                3.87093000        1.0 0.0
 pp2_mul25                4.45842000        1.0 0.0
 pp2_mul26                3.52734000        1.0 0.0
 pp2_mul27                1.58871000        1.0 0.0
 pp2_mul28                1.44349000        1.0 0.0
 pp2_mul29                1.92348000        1.0 0.0
 pp2_mul30                100.000000        1.0 0.0
 pp2_mul31               1.317730000E-02    1.0 0.0
 pp2_mul32               8.675100000E-02    1.0 0.0
 pp2_mul33                1.33488000        1.0 0.0
 pp2_mul34               2.679560000E-02    1.0 0.0
 pp2_mul35               5.088830000E-02    1.0 0.0
 pp2_mul36               0.407949000        1.0 0.0
 pp2_mul37               0.343005000        1.0 0.0
 pp2_mul38               0.149663000        1.0 0.0
 pp2_mul39                11.1796000        1.0 0.0
 pp2_mul40               0.438902000        1.0 0.0
 pp2_mul41               0.824565000        1.0 0.0
 pp2_mul42                1.47935000        1.0 0.0
 pp2_mul43               0.529705000        1.0 0.0
 pp2_mul44                21.4978000        1.0 0.0
 pp2_mul45                100.000000        1.0 0.0
 pp2_mul46               0.262643000        1.0 0.0
 pp2_mul47               0.669842000        1.0 0.0
 pp2_mul48                2.98870000        1.0 0.0
 pp2_mul49                3.23027000        1.0 0.0
 pp2_mul50                32.0752000        1.0 0.0
 pp2_mul51                9.06995000        1.0 0.0
 pp2_mul52                9.91629000        1.0 0.0
 pp2_mul53                6.65260000        1.0 0.0
 pp2_mul54                8.58797000        1.0 0.0
 pp2_mul55               3.315380000E-02    1.0 0.0
 pp2_mul56               1.521040000E-02    1.0 0.0
 pp2_mul57               3.107430000E-02    1.0 0.0
 pp2_mul58                8.67385000        1.0 0.0
 pp2_mul59               0.220342000        1.0 0.0
 pp2_mul60               0.850077000        1.0 0.0
 pp2_mul61               0.312939000        1.0 0.0
 pp2_mul62                15.5508000        1.0 0.0
 pp2_mul63                20.8885000        1.0 0.0
 pp2_mul64                3.20163000        1.0 0.0
 pp2_mul65               0.281818000        1.0 0.0
 pp2_mul66               0.982638000        1.0 0.0
 pp2_mul67               0.208695000        1.0 0.0
 pp2_mul68               6.763350000E-03    1.0 0.0
 pp2_mul69                1.02731000        1.0 0.0
 pp2_mul70               2.730700000E-02    1.0 0.0
 pp2_mul71                87.2097000        1.0 0.0
 pp2_mul72                37.9906000        1.0 0.0
 pp2_mul73                9.16742000        1.0 0.0
 pp2_mul74                4.63416000        1.0 0.0
 pp2_mul75                8.24951000        1.0 0.0
 pp2_mul76                8.77896000        1.0 0.0
 pp2_mul77               0.546848000        1.0 0.0
 pp2_mul78               0.687053000        1.0 0.0
 pp2_mul79                100.000000        1.0 0.0
 pp2_mul80               0.646599000        1.0 0.0
 pp2_mul81               1.709170000E-02    1.0 0.0
 pp2_mul82               0.407067000        1.0 0.0
 pp2_mul83               0.146306000        1.0 0.0
 pp2_mul84                2.93167000        1.0 0.0
 pp2_mul85               5.000000000E-03    1.0 0.0
 pp2_mul86               5.000000000E-03    1.0 0.0
 pp2_mul87               9.488530000E-03    1.0 0.0
 pp2_mul88               0.475390000        1.0 0.0
 pp2_mul89               0.739067000        1.0 0.0
 pp2_mul90               0.204104000        1.0 0.0
 pp2_mul91               6.086230000E-02    1.0 0.0
 pp2_mul92               6.212420000E-03    1.0 0.0
 pp2_mul93               5.000000000E-03    1.0 0.0
 pp2_mul94               0.130493000        1.0 0.0
 pp2_mul95               0.110412000        1.0 0.0
 pp2_mul96               9.388430000E-03    1.0 0.0
 pp2_mul97               5.000000000E-03    1.0 0.0
 pp2_mul98               2.365240000E-02    1.0 0.0
 pp2_mul99               0.405120000        1.0 0.0
 pp2_mul100              0.324830000        1.0 0.0
 pp2_mul101              5.000000000E-03    1.0 0.0
 pp2_mul102              4.576040000E-02    1.0 0.0
 pp2_mul103              6.498810000E-02    1.0 0.0
 pp2_mul104              0.868150000        1.0 0.0
 pp2_mul105              0.162582000        1.0 0.0
 pp2_mul106              9.417170000E-02    1.0 0.0
 pp2_mul107               5.60133000        1.0 0.0
 pp2_mul108              0.206770000        1.0 0.0
 pp2_mul109              0.185714000        1.0 0.0
 pp2_mul110               3.61396000        1.0 0.0
 pp2_mul111               3.43607000        1.0 0.0
 pp2_mul112              0.418879000        1.0 0.0
 pp2_mul113              3.644180000E-02    1.0 0.0
 pp2_mul114               1.02911000        1.0 0.0
 pp2_mul115              0.201655000        1.0 0.0
 pp2_mul116               1.24133000        1.0 0.0
 pp2_mul117               11.3273000        1.0 0.0
 pp2_mul118               2.26653000        1.0 0.0
 pp2_mul119               2.07317000        1.0 0.0
 pp2_mul120              0.917766000        1.0 0.0
 pp2_mul121               1.16444000        1.0 0.0
 pp2_mul122               1.79859000        1.0 0.0
 pp2_mul123               1.16178000        1.0 0.0
 pp2_mul124               4.72751000        1.0 0.0
 pp2_mul125               82.5233000        1.0 0.0
 pp2_mul126              0.359961000        1.0 0.0
 pp2_mul127               13.8657000        1.0 0.0
 pp2_mul128               100.000000        1.0 0.0
 pp2_mul129               1.51643000        1.0 0.0
 pp2_mul130              2.907880000E-02    1.0 0.0
 pp2_mul131              5.000000000E-03    1.0 0.0
 pp2_mul132              5.000000000E-03    1.0 0.0
 pp2_mul133              0.154587000        1.0 0.0
 pp2_mul134               4.18805000        1.0 0.0
 pp2_mul135               1.10801000        1.0 0.0
 pp2_mul136              8.782880000E-02    1.0 0.0
 pp2_mul137               7.67624000        1.0 0.0
 pp2_mul138              0.189382000        1.0 0.0
 pp2_mul139               2.06218000        1.0 0.0
 pp2_mul140              1.285070000E-02    1.0 0.0
 pp2_mul141              0.895683000        1.0 0.0
 pp2_mul142               3.02576000        1.0 0.0
 pp2_mul143               1.30170000        1.0 0.0
 pp2_mul144              4.472030000E-02    1.0 0.0
 pp2_mul145               2.54805000        1.0 0.0
 pp2_mul146              0.314077000        1.0 0.0
 pp2_mul147              0.147648000        1.0 0.0
 pp2_mul148              6.810870000E-02    1.0 0.0
 pp2_mul149              1.640280000E-02    1.0 0.0
 pp2_mul150               5.10164000        1.0 0.0
 pp2_mul151               11.8175000        1.0 0.0
 pp2_mul152              0.563426000        1.0 0.0
 pp2_mul153              0.342069000        1.0 0.0
 pp2_mul154              0.453218000        1.0 0.0
 pp2_mul155               1.16088000        1.0 0.0
 pp2_mul156              0.898158000        1.0 0.0
 pp2_mul157              0.168199000        1.0 0.0
 pp2_mul158               1.20279000        1.0 0.0
 pp2_mul159               4.65570000        1.0 0.0
 pp2_mul160               3.99417000        1.0 0.0
 pp2_mul161               3.15634000        1.0 0.0
 pp2_mul162               100.000000        1.0 0.0
 pp2_mul163              0.800715000        1.0 0.0
 pp2_mul164               3.70292000        1.0 0.0
 pp2_mul165               73.8978000        1.0 0.0
 pp2_mul166               1.32605000        1.0 0.0
 pp2_mul167              0.521172000        1.0 0.0
 pp2_mul168               22.4389000        1.0 0.0
 pp2_mul169               1.82078000        1.0 0.0
 pp2_mul170              0.296542000        1.0 0.0
 pp2_mul171               1.12605000        1.0 0.0
 pp2_mul172               3.94287000        1.0 0.0
 pp2_mul173               2.04753000        1.0 0.0
 pp2_mul174              0.155534000        1.0 0.0
 pp2_mul175              0.433090000        1.0 0.0
 pp2_mul176               100.000000        1.0 0.0
 pp2_mul177               27.7140000        1.0 0.0
 pp2_mul178               1.10876000        1.0 0.0
 pp2_mul179               10.9233000        1.0 0.0
 pp2_mul180               30.8943000        1.0 0.0
 pp2_mul181               3.03529000        1.0 0.0
 pp2_mul182              0.100467000        1.0 0.0
 pp2_mul183              6.744690000E-02    1.0 0.0
 pp2_mul184              5.000000000E-03    1.0 0.0
 pp2_mul185              0.340024000        1.0 0.0
 pp2_mul186               3.37568000        1.0 0.0
 pp2_mul187              3.483670000E-02    1.0 0.0
 pp2_mul188              0.186512000        1.0 0.0
 pp2_mul189              2.692320000E-02    1.0 0.0
 pp2_mul190              5.000000000E-03    1.0 0.0
 pp2_mul191              5.000000000E-03    1.0 0.0
 pp2_mul192              5.000000000E-03    1.0 0.0
 pp2_mul193              0.961380000        1.0 0.0
 pp2_mul194               9.05399000        1.0 0.0
 pp2_mul195               46.4670000        1.0 0.0
 pp2_mul196              0.249777000        1.0 0.0
 pp2_mul197               6.73490000        1.0 0.0
 pp2_mul198              5.000000000E-03    1.0 0.0
 pp2_mul199              3.449310000E-02    1.0 0.0
 pp2_mul200              5.000000000E-03    1.0 0.0
 pp2_mul201               1.84107000        1.0 0.0
 pp2_mul202               1.83328000        1.0 0.0
 pp2_mul203              6.332930000E-02    1.0 0.0
 pp2_mul204              0.115473000        1.0 0.0
 pp2_mul205               6.76400000        1.0 0.0
 pp2_mul206              0.241062000        1.0 0.0
 pp2_mul207              0.547310000        1.0 0.0
 pp2_mul208               16.7233000        1.0 0.0
 pp2_mul209              0.132644000        1.0 0.0
 pp2_mul210              0.467113000        1.0 0.0
 pp2_mul211               100.000000        1.0 0.0
 pp2_mul212              8.998470000E-03    1.0 0.0
 pp2_mul213              0.101685000        1.0 0.0
 pp2_mul214              5.819600000E-02    1.0 0.0
 pp2_mul215              0.269669000        1.0 0.0
 pp2_mul216               4.66730000        1.0 0.0
 pp2_mul217               1.62875000        1.0 0.0
 pp2_mul218              8.649490000E-02    1.0 0.0
 pp2_mul219               8.15814000        1.0 0.0
 pp2_mul220              5.253420000E-02    1.0 0.0
 pp2_mul221               1.64720000        1.0 0.0
 pp2_mul222              0.165689000        1.0 0.0
 pp2_mul223              0.273325000        1.0 0.0
 pp2_mul224               4.04870000        1.0 0.0
 pp2_mul225               2.17745000        1.0 0.0
 pp2_mul226              0.277676000        1.0 0.0
 pp2_mul227               20.8933000        1.0 0.0
 pp2_mul228               25.5654000        1.0 0.0
 pp2_mul229               10.9148000        1.0 0.0
 pp2_mul230               100.000000        1.0 0.0
 pp2_mul231               15.0369000        1.0 0.0
 pp2_mul232               7.80249000        1.0 0.0
 pp2_mul233              8.181480000E-02    1.0 0.0
 pp2_mul234              0.738301000        1.0 0.0
 pp2_mul235              0.516333000        1.0 0.0
 pp2_mul236               2.09652000        1.0 0.0
 pp2_mul237               2.00107000        1.0 0.0
 pp2_mul238              1.100720000E-02    1.0 0.0
 pp2_mul239              9.849430000E-03    1.0 0.0
 pp2_mul240              5.000000000E-03    1.0 0.0
 pp2_mul241              2.339540000E-02    1.0 0.0
 pp2_mul242              7.283470000E-02    1.0 0.0
 pp2_mul243              0.145923000        1.0 0.0
 pp2_mul244               2.93005000        1.0 0.0
 pp2_mul245              5.000000000E-03    1.0 0.0
 pp2_mul246               49.2337000        1.0 0.0
 pp2_mul247               50.5674000        1.0 0.0
 pp2_mul248               6.64104000        1.0 0.0
 pp2_mul249              3.210230000E-02    1.0 0.0
 pp2_mul250              0.479319000        1.0 0.0
 pp2_mul251               15.5111000        1.0 0.0
 pp2_mul252              0.704513000        1.0 0.0
 pp2_mul253               3.63826000        1.0 0.0
 pp2_mul254              7.841070000E-02    1.0 0.0
 pp2_mul255              5.000000000E-03    1.0 0.0
 pp2_mul256              5.593720000E-03    1.0 0.0
 pp2_mul257              8.637980000E-02    1.0 0.0
 pp2_mul258              9.266930000E-02    1.0 0.0
 pp2_mul259              0.460696000        1.0 0.0
 pp2_mul260              0.601400000        1.0 0.0
 pp2_mul261               6.95305000        1.0 0.0
 pp2_mul262              0.499264000        1.0 0.0
 pp2_mul263              0.463386000        1.0 0.0
 pp2_mul264              0.197966000        1.0 0.0
 pp2_mul265               34.8448000        1.0 0.0
 pp2_mul266              7.471680000E-02    1.0 0.0
 pp2_mul267              1.073340000E-02    1.0 0.0
 pp2_mul268               100.000000        1.0 0.0
 pp2_mul269              1.766620000E-02    1.0 0.0
 pp2_mul270               7.55527000        1.0 0.0
 pp2_mul271              0.633666000        1.0 0.0
 pp2_mul272               10.6379000        1.0 0.0
 pp2_mul273              5.000000000E-03    1.0 0.0
 pp2_mul274              0.149532000        1.0 0.0
 pp2_mul275              1.512570000E-02    1.0 0.0
 pp2_mul276              0.182803000        1.0 0.0
 pp2_mul277              5.000000000E-03    1.0 0.0
 pp3_mul1                 1.24511000        1.0 0.0
 pp3_mul2                0.811964000        1.0 0.0
 pp3_mul3                 1.16928000        1.0 0.0
 pp3_mul4                0.914561000        1.0 0.0
 pp3_mul5                 1.20213000        1.0 0.0
 pp3_mul6                 2.15851000        1.0 0.0
 pp3_mul7                0.914551000        1.0 0.0
 pp3_mul8                 1.15111000        1.0 0.0
 pp3_mul9                 2.12066000        1.0 0.0
 pp3_mul10                8.47146000        1.0 0.0
 pp3_mul11                4.95641000        1.0 0.0
 pp3_mul12               0.917003000        1.0 0.0
 pp3_mul13               0.572583000        1.0 0.0
 pp3_mul14               0.411980000        1.0 0.0
 pp3_mul15               0.938458000        1.0 0.0
 pp3_mul16               0.595923000        1.0 0.0
 pp3_mul17               0.370880000        1.0 0.0
 pp3_mul18               0.412535000        1.0 0.0
 pp3_mul19               0.732598000        1.0 0.0
 pp3_mul20               0.755763000        1.0 0.0
 pp3_mul21               0.456429000        1.0 0.0
 pp3_mul22               0.721202000        1.0 0.0
 pp3_mul23               0.237264000        1.0 0.0
 pp3_mul24               0.355125000        1.0 0.0
 pp3_mul25               0.709357000        1.0 0.0
 pp3_mul26                1.29931000        1.0 0.0
 pp3_mul27               0.775660000        1.0 0.0
 pp3_mul28                3.53525000        1.0 0.0
 pp3_mul29                2.38580000        1.0 0.0
 pp3_mul30               0.924117000        1.0 0.0
 pp3_mul31               0.901888000        1.0 0.0
 pp3_mul32                3.49958000        1.0 0.0
 pp3_mul33                1.64483000        1.0 0.0
 pp3_mul34               0.675679000        1.0 0.0
 pp3_mul35                1.51962000        1.0 0.0
 pp3_mul36               0.244615000        1.0 0.0
 pp3_mul37               0.838909000        1.0 0.0
 pp3_mul38               0.733344000        1.0 0.0
 pp3_mul39               0.621302000        1.0 0.0
 pp3_mul40               0.483906000        1.0 0.0
 pp3_mul41               0.826530000        1.0 0.0
 pp3_mul42               0.270555000        1.0 0.0
 pp3_mul43               0.293771000        1.0 0.0
 pp3_mul44               0.411650000        1.0 0.0
 pp3_mul45               0.295152000        1.0 0.0
 pp3_mul46               0.100000000        1.0 0.0
 pp3_mul47               0.453094000        1.0 0.0
 pp3_mul48               0.956601000        1.0 0.0
 pp3_mul49               0.434038000        1.0 0.0
 pp3_mul50               0.570508000        1.0 0.0
 pp3_mul51               0.443480000        1.0 0.0
 pp3_mul52               0.741023000        1.0 0.0
 pp3_mul53                2.76385000        1.0 0.0
 pp3_mul54                1.42056000        1.0 0.0
 pp3_mul55                1.02725000        1.0 0.0
 pp3_mul56               0.677639000        1.0 0.0
 pp3_mul57               0.275740000        1.0 0.0
 pp3_mul58               0.439939000        1.0 0.0
 pp3_mul59                1.40249000        1.0 0.0
 pp3_mul60               0.619959000        1.0 0.0
 pp3_mul61                1.38676000        1.0 0.0
 pp3_mul62                2.03792000        1.0 0.0
 pp3_mul63               0.136210000        1.0 0.0
 pp3_mul64                1.10417000        1.0 0.0
 pp3_mul65               0.650370000        1.0 0.0
 pp3_mul66               0.575762000        1.0 0.0
 pp3_mul67                1.56744000        1.0 0.0
 pp3_vanis1               19.3256000        1.0 0.0
 pp3_vanis2               11.3163000        1.0 0.0
 pp3_vanis3               7.61782000        1.0 0.0
 pp3_vanis4               3.04430000        1.0 0.0
 pp3_vanis5               3.86358000        1.0 0.0
 pp3_vanis6               3.91783000        1.0 0.0
 pp3_vanis7               7.23254000        1.0 0.0
 pp3_vanis8               5.11950000        1.0 0.0
 pp3_vanis9               4.84653000        1.0 0.0
 pp3_vanis10              20.6159000        1.0 0.0
 pp3_vanis11              25.4480000        1.0 0.0
 pp3_vanis12              18.4533000        1.0 0.0
 pp3_vanis13              16.6728000        1.0 0.0
 pp3_vanis14              39.2738000        1.0 0.0
 pp3_vanis15              37.9460000        1.0 0.0
 pp3_vanis16              32.1130000        1.0 0.0
 pp3_vanis17              14.9176000        1.0 0.0
 pp3_vanis18              15.7065000        1.0 0.0
 pp3_vanis19              22.5300000        1.0 0.0
 pp3_vanis20              36.8148000        1.0 0.0
 pp3_vanis21              21.3462000        1.0 0.0
 pp3_vanis22              17.3913000        1.0 0.0
 pp3_vanis23              41.9067000        1.0 0.0
 pp3_vanis24              19.5704000        1.0 0.0
 pp3_vanis25              25.9492000        1.0 0.0
 pp3_vanis26              23.3766000        1.0 0.0
 pp3_vanis27              10.9879000        1.0 0.0
 pp3_vanis28              4.61486000        1.0 0.0
 pp3_vanis29              10.2636000        1.0 0.0
 pp3_vanis30              10.8680000        1.0 0.0
 pp3_vanis31              14.3046000        1.0 0.0
 pp3_vanis32              10.3179000        1.0 0.0
 pp3_vanis33              11.5499000        1.0 0.0
 pp3_vanis34              9.94277000        1.0 0.0
 pp3_vanis35              7.97338000        1.0 0.0
 pp3_vanis36              11.9767000        1.0 0.0
 pp3_vanis37              9.74847000        1.0 0.0
 pp3_vanis38              5.06412000        1.0 0.0
 pp3_vanis39              6.35598000        1.0 0.0
 pp3_vanis40              13.5329000        1.0 0.0
 pp3_vanis41              6.51911000        1.0 0.0
 pp3_vanis42              15.8188000        1.0 0.0
 pp3_vanis43              12.5438000        1.0 0.0
 pp3_vanis44              6.11229000        1.0 0.0
 pp3_vanis45              21.5447000        1.0 0.0
 pp3_vanis46              14.5973000        1.0 0.0
 pp3_vanis47              11.9789000        1.0 0.0
 pp3_vanis48              6.69863000        1.0 0.0
 pp3_vanis49              8.33639000        1.0 0.0
 pp3_vanis50              9.89968000        1.0 0.0
 pp3_vanis51              22.1746000        1.0 0.0
 pp3_vanis52              8.07072000        1.0 0.0
 pp3_vanis53              9.45746000        1.0 0.0
 pp3_vanis54              19.4199000        1.0 0.0
 pp3_vanis55              23.6707000        1.0 0.0
 pp3_vanis56              10.6505000        1.0 0.0
 pp3_vanis57              11.2351000        1.0 0.0
 pp3_vanis58              9.69024000        1.0 0.0
 pp3_vanis59              7.37758000        1.0 0.0
 pp3_vanis60              9.72488000        1.0 0.0
 pp3_vanis61              8.91884000        1.0 0.0
 pp3_vanis62              4.78555000        1.0 0.0
 pp3_vanis63              21.6999000        1.0 0.0
 pp3_vanis64              8.37917000        1.0 0.0
 pp3_vanis65              9.73972000        1.0 0.0
 pp3_vanis66              7.84089000        1.0 0.0
 pp3_vanis67              7.30478000        1.0 0.0
 pp3_rech1               2.908220000E-03    1.0 0.0
 pp3_rech2               2.761500000E-03    1.0 0.0
 pp3_rech3               4.053870000E-03    1.0 0.0
 pp3_rech4               3.463440000E-03    1.0 0.0
 pp3_rech5               3.040120000E-03    1.0 0.0
 pp3_rech6               3.860520000E-03    1.0 0.0
 pp3_rech7               2.490210000E-03    1.0 0.0
 pp3_rech8               3.898190000E-03    1.0 0.0
 pp3_rech9               3.605320000E-03    1.0 0.0
 pp3_rech10              1.500000000E-03    1.0 0.0
 pp3_rech11              1.500000000E-03    1.0 0.0
 pp3_rech12              1.595710000E-03    1.0 0.0
 pp3_rech13              1.500000000E-03    1.0 0.0
 pp3_rech14              1.500000000E-03    1.0 0.0
 pp3_rech15              1.703260000E-03    1.0 0.0
 pp3_rech16              1.612490000E-03    1.0 0.0
 pp3_rech17              1.579750000E-03    1.0 0.0
 pp3_rech18              1.500000000E-03    1.0 0.0
 pp3_rech19              1.840010000E-03    1.0 0.0
 pp3_rech20              1.500000000E-03    1.0 0.0
 pp3_rech21              1.500000000E-03    1.0 0.0
 pp3_rech22              1.500000000E-03    1.0 0.0
 pp3_rech23              1.500000000E-03    1.0 0.0
 pp3_rech24              1.737190000E-03    1.0 0.0
 pp3_rech25              3.046510000E-03    1.0 0.0
 pp3_rech26              1.500000000E-03    1.0 0.0
 pp3_rech27              1.500000000E-03    1.0 0.0
 pp3_rech28              2.814770000E-03    1.0 0.0
 pp3_rech29              4.948070000E-03    1.0 0.0
 pp3_rech30              1.500000000E-03    1.0 0.0
 pp3_rech31              1.500000000E-03    1.0 0.0
 pp3_rech32              2.210680000E-03    1.0 0.0
 pp3_rech33              1.500000000E-03    1.0 0.0
 pp3_rech34              2.119490000E-03    1.0 0.0
 pp3_rech35              1.500000000E-03    1.0 0.0
 pp3_rech36              6.000000000E-03    1.0 0.0
 pp3_rech37              6.000000000E-03    1.0 0.0
 pp3_rech38              5.979870000E-03    1.0 0.0
 pp3_rech39              4.198730000E-03    1.0 0.0
 pp3_rech40              5.329430000E-03    1.0 0.0
 pp3_rech41              5.700070000E-03    1.0 0.0
 pp3_rech42              6.000000000E-03    1.0 0.0
 pp3_rech43              3.201690000E-03    1.0 0.0
 pp3_rech44              3.344580000E-03    1.0 0.0
 pp3_rech45              4.226290000E-03    1.0 0.0
 pp3_rech46              6.000000000E-03    1.0 0.0
 pp3_rech47              2.174480000E-03    1.0 0.0
 pp3_rech48              2.389640000E-03    1.0 0.0
 pp3_rech49              1.622480000E-03    1.0 0.0
 pp3_rech50              2.865380000E-03    1.0 0.0
 pp3_rech51              3.790250000E-03    1.0 0.0
 pp3_rech52              6.000000000E-03    1.0 0.0
 pp3_rech53              2.696310000E-03    1.0 0.0
 pp3_rech54              3.031510000E-03    1.0 0.0
 pp3_rech55              2.724930000E-03    1.0 0.0
 pp3_rech56              2.655080000E-03    1.0 0.0
 pp3_rech57              2.205780000E-03    1.0 0.0
 pp3_rech58              2.740210000E-03    1.0 0.0
 pp3_rech59              4.227070000E-03    1.0 0.0
 pp3_rech60              3.459850000E-03    1.0 0.0
 pp3_rech61              3.419670000E-03    1.0 0.0
 pp3_rech62              2.673680000E-03    1.0 0.0
 pp3_rech63              6.000000000E-03    1.0 0.0
 pp3_rech64              2.710380000E-03    1.0 0.0
 pp3_rech65              4.721960000E-03    1.0 0.0
 pp3_rech66              1.500000000E-03    1.0 0.0
 pp3_rech67              3.042700000E-03    1.0 0.0
 ppr_mul1                 4.94634000        1.0 0.0
 ppr_mul2                 341.658000        1.0 0.0
 ppr_mul3                 38.5065000        1.0 0.0
 ppr_mul4                 50.2905000        1.0 0.0
 ppr_mul5                 347.000000        1.0 0.0
 ppr_mul6                 160.134000        1.0 0.0
 ppr_mul7                 122.121000        1.0 0.0
 ppr_mul8                 55.0062000        1.0 0.0
 ppr_mul9                 262.794000        1.0 0.0
 ppr_mul10                5.60311000        1.0 0.0
 ppr_mul11                16.8857000        1.0 0.0
 ppr_mul12                160.731000        1.0 0.0
 ppr_mul13                7.03091000        1.0 0.0
 ppr_mul14                1.91498000        1.0 0.0
 ppr_mul15                9.05020000        1.0 0.0
 ppr_mul16                4.57295000        1.0 0.0
 ppr_mul17                100.781000        1.0 0.0
 ppr_mul18                3.63325000        1.0 0.0
 ppr_mul19               0.111500000        1.0 0.0
 ppr_mul20               0.300270000        1.0 0.0
 ppr_mul21               0.147860000        1.0 0.0
 ppr_mul22               1.637630000E-03    1.0 0.0
 ppr_mul23               2.511060000E-02    1.0 0.0
 ppr_mul24               0.240643000        1.0 0.0
 ppr_mul25               0.143773000        1.0 0.0
 ppr_mul26               9.575660000E-02    1.0 0.0
 ppr_mul27                41.6069000        1.0 0.0
 ppr_mul28               0.281551000        1.0 0.0
 ppr_mul29                5.47255000        1.0 0.0
 ppr_mul30                34.8905000        1.0 0.0
 ppr_mul31                6.70468000        1.0 0.0
 ppr_mul32                7.84869000        1.0 0.0
 ppr_mul33               0.155068000        1.0 0.0
 ppr_mul34                2.26989000        1.0 0.0
 ppr_mul35               0.441995000        1.0 0.0
 ppr_mul36                1.41279000        1.0 0.0
 ppr_mul37               0.233743000        1.0 0.0
 ppr_mul38               0.598923000        1.0 0.0
 ppr_mul39                1.27935000        1.0 0.0
 ppr_mul40                1.47712000        1.0 0.0
 ppr_mul41               0.233541000        1.0 0.0
 ppr_mul42               0.519334000        1.0 0.0
 ppr_mul43               0.426595000        1.0 0.0
 ppr_mul44               0.706473000        1.0 0.0
 ppr_mul45                1.28781000        1.0 0.0
 ppr_mul46                1.03255000        1.0 0.0
 ppr_mul47               0.672724000        1.0 0.0
 ppr_mul48                4.62725000        1.0 0.0
 ppr_mul49                1.48446000        1.0 0.0
 ppr_mul50               0.623510000        1.0 0.0
 ppr_mul51                1.28536000        1.0 0.0
 ppr_mul52                501.808000        1.0 0.0
 ppr_mul53                1000.00000        1.0 0.0
 ppr_mul54                218.703000        1.0 0.0
 ppr_mul55                66.3139000        1.0 0.0
 ppr_mul56                49.0559000        1.0 0.0
 ppr_mul57                19.8629000        1.0 0.0
 ppr_mul58                4.25023000        1.0 0.0
 ppr_mul59                3.13735000        1.0 0.0
 ppr_mul60               0.789207000        1.0 0.0
 ppr_mul61                2.98191000        1.0 0.0
 ppr_mul62                3.48711000        1.0 0.0
 ppr_mul63                12.1954000        1.0 0.0
 ppr_mul64                25.7163000        1.0 0.0
 ppr_mul65                58.8587000        1.0 0.0
 ppr_mul66                22.9358000        1.0 0.0
 ppr_mul67                4.18562000        1.0 0.0
 ppr_mul68                1.53327000        1.0 0.0
 ppr_mul69                3.71129000        1.0 0.0
 ppr_mul70                6.01205000        1.0 0.0
 ppr_mul71                3.75125000        1.0 0.0
 ppr_mul72                5.72339000        1.0 0.0
 ppr_mul73                3.44564000        1.0 0.0
 ppr_mul74               0.322853000        1.0 0.0
 ppr_mul75               0.628449000        1.0 0.0
 ppr_mul76               0.552789000        1.0 0.0
 ppr_mul77               8.622920000E-02    1.0 0.0
 ppr_mul78                1.63819000        1.0 0.0
 ppr_mul79               0.369498000        1.0 0.0
 ppr_mul80               0.982688000        1.0 0.0
 ppr_mul81                2.15052000        1.0 0.0
 ppr_mul82                1.75935000        1.0 0.0
 ppr_mul83               0.239668000        1.0 0.0
 ppr_mul84               5.502180000E-02    1.0 0.0
 ppr_mul85               0.727361000        1.0 0.0
 ppr_mul86               0.132491000        1.0 0.0
 ppr_mul87               7.089010000E-02    1.0 0.0
 ppr_mul88               5.497330000E-02    1.0 0.0
 ppr_mul89               0.185032000        1.0 0.0
 ppr_mul90               1.007060000E-02    1.0 0.0
 ppr_mul91               1.980180000E-02    1.0 0.0
 ppr_mul92               3.652840000E-02    1.0 0.0
 ppr_mul93               0.110834000        1.0 0.0
 ppr_mul94               0.297112000        1.0 0.0
 ppr_mul95               0.182863000        1.0 0.0
 ppr_mul96               0.270908000        1.0 0.0
 ppr_mul97               0.525677000        1.0 0.0
 ppr_mul98                1.06422000        1.0 0.0
 ppr_mul99                67.0494000        1.0 0.0
 ppr_mul100               204.925000        1.0 0.0
 ppr_mul101               179.679000        1.0 0.0
 ppr_mul102               29.9401000        1.0 0.0
 ppr_mul103               7.66352000        1.0 0.0
 ppr_mul104               4.88006000        1.0 0.0
 ppr_mul105               11.9823000        1.0 0.0
 ppr_mul106               4.54518000        1.0 0.0
 ppr_mul107               9.40445000        1.0 0.0
 ppr_mul108               22.3416000        1.0 0.0
 ppr_mul109               4.76379000        1.0 0.0
 ppr_mul110               18.2197000        1.0 0.0
 ppr_mul111               1.26924000        1.0 0.0
 ppr_mul112               2.37768000        1.0 0.0
 ppr_mul113               7.35152000        1.0 0.0
 ppr_mul114               4.27790000        1.0 0.0
 ppr_mul115               1.92106000        1.0 0.0
 ppr_mul116               2.13045000        1.0 0.0
 ppr_mul117               2.38418000        1.0 0.0
 ppr_mul118               6.19542000        1.0 0.0
 ppr_mul119               5.55672000        1.0 0.0
 ppr_mul120               15.6023000        1.0 0.0
 ppr_mul121               8.51248000        1.0 0.0
 ppr_mul122               36.9432000        1.0 0.0
 ppr_mul123               10.4555000        1.0 0.0
 ppr_mul124              0.957814000        1.0 0.0
 ppr_mul125               2.00331000        1.0 0.0
 ppr_mul126               1.33350000        1.0 0.0
 ppr_mul127              0.272226000        1.0 0.0
 ppr_mul128              0.539492000        1.0 0.0
 ppr_mul129               6.02204000        1.0 0.0
 ppr_mul130               4.12063000        1.0 0.0
 ppr_mul131              0.899747000        1.0 0.0
 ppr_mul132               2.09959000        1.0 0.0
 ppr_mul133               5.01789000        1.0 0.0
 ppr_mul134               1.21859000        1.0 0.0
 ppr_mul135               1.74177000        1.0 0.0
 ppr_mul136              0.489622000        1.0 0.0
 ppr_mul137               2.53792000        1.0 0.0
 ppr_mul138              0.107820000        1.0 0.0
 ppr_mul139              0.471210000        1.0 0.0
 ppr_mul140               1.37238000        1.0 0.0
 ppr_mul141               1.76338000        1.0 0.0
 ppr_mul142               2.12167000        1.0 0.0
 ppr_mul143               2.87696000        1.0 0.0
 ppr_mul144               1.27517000        1.0 0.0
 ppr_mul145               6.72234000        1.0 0.0
 ppr_mul146               1.39935000        1.0 0.0
 ppr_mul147               1.43089000        1.0 0.0
 ppr_add1                 9.99987000        1.0 0.0
 ppr_add2                 9.99987000        1.0 0.0
 ppr_add3                 9.99987000        1.0 0.0
 ppr_add4                 9.99987000        1.0 0.0
 ppr_add5                 9.99987000        1.0 0.0
 ppr_add6                 9.99987000        1.0 0.0
 ppr_add7                 9.99987000        1.0 0.0
 ppr_add8                 9.99987000        1.0 0.0
 ppr_add9                 9.99987000        1.0 0.0
 ppr_add10                9.99987000        1.0 0.0
 ppr_add11                9.99987000        1.0 0.0
 ppr_add12                9.99987000        1.0 0.0
 ppr_add13                9.99987000        1.0 0.0
 ppr_add14                9.99987000        1.0 0.0
 ppr_add15                9.99987000        1.0 0.0
 ppr_add16                9.99987000        1.0 0.0
 ppr_add17                9.99987000        1.0 0.0
 ppr_add18                9.99987000        1.0 0.0
 ppr_add19                9.99987000        1.0 0.0
 ppr_add20                9.99987000        1.0 0.0
 ppr_add21                9.99987000        1.0 0.0
 ppr_add22                9.99987000        1.0 0.0
 ppr_add23                9.99987000        1.0 0.0
 ppr_add24                9.99987000        1.0 0.0
 ppr_add25                9.99987000        1.0 0.0
 ppr_add26                9.99987000        1.0 0.0
 ppr_add27                9.99987000        1.0 0.0
 ppr_add28                9.99987000        1.0 0.0
 ppr_add29                9.99987000        1.0 0.0
 ppr_add30                9.99987000        1.0 0.0
 ppr_add31                9.99987000        1.0 0.0
 ppr_add32                9.99987000        1.0 0.0
 ppr_add33                9.99987000        1.0 0.0
 ppr_add34                9.99987000        1.0 0.0
 ppr_add35                9.99987000        1.0 0.0
 ppr_add36                9.99987000        1.0 0.0
 ppr_add37                9.99987000        1.0 0.0
 ppr_add38                9.99987000        1.0 0.0
 ppr_add39                9.99987000        1.0 0.0
 ppr_add40                9.99987000        1.0 0.0
 ppr_add41                9.99987000        1.0 0.0
 ppr_add42                9.99987000        1.0 0.0
 ppr_add43                9.99987000        1.0 0.0
 ppr_add44                9.99987000        1.0 0.0
 ppr_add45                9.99987000        1.0 0.0
 ppr_add46                9.99987000        1.0 0.0
 ppr_add47                9.99987000        1.0 0.0
 ppr_add48                9.99987000        1.0 0.0
 ppr_add49                9.99987000        1.0 0.0
 ppr_add50                9.99987000        1.0 0.0
 ppr_add51                9.99987000        1.0 0.0
 ppr_add52                9.99987000        1.0 0.0
 ppr_add53                9.99987000        1.0 0.0
 ppr_add54                9.99987000        1.0 0.0
 ppr_add55                9.99987000        1.0 0.0
 ppr_add56                9.99987000        1.0 0.0
 ppr_add57                9.99987000        1.0 0.0
 ppr_add58                9.99987000        1.0 0.0
 ppr_add59                9.99987000        1.0 0.0
 ppr_add60                9.99987000        1.0 0.0
 ppr_add61                9.99987000        1.0 0.0
 ppr_add62                9.99987000        1.0 0.0
 ppr_add63                9.99987000        1.0 0.0
 ppr_add64                9.99987000        1.0 0.0
 ppr_add65                9.99987000        1.0 0.0
 ppr_add66                9.99987000        1.0 0.0
 ppr_add67                9.99987000        1.0 0.0
 ppr_add68                9.99987000        1.0 0.0
 ppr_add69                9.99987000        1.0 0.0
 ppr_add70                9.99987000        1.0 0.0
 ppr_add71                9.99987000        1.0 0.0
 ppr_add72                9.99987000        1.0 0.0
 ppr_add73                9.99987000        1.0 0.0
 ppr_add74                9.99987000        1.0 0.0
 ppr_add75                9.99987000        1.0 0.0
 ppr_add76                9.99987000        1.0 0.0
 ppr_add77                9.99987000        1.0 0.0
 ppr_add78                9.99987000        1.0 0.0
 ppr_add79                9.99987000        1.0 0.0
 ppr_add80                9.99987000        1.0 0.0
 ppr_add81                9.99987000        1.0 0.0
 ppr_add82                9.99987000        1.0 0.0
 ppr_add83                9.99987000        1.0 0.0
 ppr_add84                9.99987000        1.0 0.0
 ppr_add85                9.99987000        1.0 0.0
 ppr_add86                9.99987000        1.0 0.0
 ppr_add87                9.99987000        1.0 0.0
 ppr_add88                9.99987000        1.0 0.0
 ppr_add89                9.99987000        1.0 0.0
 ppr_add90                9.99987000        1.0 0.0
 ppr_add91                9.99987000        1.0 0.0
 ppr_add92                9.99987000        1.0 0.0
 ppr_add93                9.99987000        1.0 0.0
 ppr_add94                9.99987000        1.0 0.0
 ppr_add95                9.99987000        1.0 0.0
 ppr_add96                9.99987000        1.0 0.0
 ppr_add97                9.99987000        1.0 0.0
 ppr_add98                9.99987000        1.0 0.0
 ppr_add99                9.99987000        1.0 0.0
 ppr_add100               9.99987000        1.0 0.0
 ppr_add101               9.99987000        1.0 0.0
 ppr_add102               9.99987000        1.0 0.0
 ppr_add103               9.99987000        1.0 0.0
 ppr_add104               9.99987000        1.0 0.0
 ppr_add105               9.99987000        1.0 0.0
 ppr_add106               9.99987000        1.0 0.0
 ppr_add107               9.99987000        1.0 0.0
 ppr_add108               9.99987000        1.0 0.0
 ppr_add109               9.99987000        1.0 0.0
 ppr_add110               9.99987000        1.0 0.0
 ppr_add111               9.99987000        1.0 0.0
 ppr_add112               9.99987000        1.0 0.0
 ppr_add113               9.99987000        1.0 0.0
 ppr_add114               9.99987000        1.0 0.0
 ppr_add115               9.99987000        1.0 0.0
 ppr_add116               9.99987000        1.0 0.0
 ppr_add117               9.99987000        1.0 0.0
 ppr_add118               9.99987000        1.0 0.0
 ppr_add119               9.99987000        1.0 0.0
 ppr_add120               9.99987000        1.0 0.0
 ppr_add121               9.99987000        1.0 0.0
 ppr_add122               9.99987000        1.0 0.0
 ppr_add123               9.99987000        1.0 0.0
 ppr_add124               9.99987000        1.0 0.0
 ppr_add125               9.99987000        1.0 0.0
 ppr_add126               9.99987000        1.0 0.0
 ppr_add127               9.99987000        1.0 0.0
 ppr_add128               9.99987000        1.0 0.0
 ppr_add129               9.99987000        1.0 0.0
 ppr_add130               9.99987000        1.0 0.0
 ppr_add131               9.99987000        1.0 0.0
 ppr_add132               9.99987000        1.0 0.0
 ppr_add133               9.99987000        1.0 0.0
 ppr_add134               9.99987000        1.0 0.0
 ppr_add135               9.99987000        1.0 0.0
 ppr_add136               9.99987000        1.0 0.0
 ppr_add137               9.99987000        1.0 0.0
 ppr_add138               9.99987000        1.0 0.0
 ppr_add139               9.99987000        1.0 0.0
 ppr_add140               9.99987000        1.0 0.0
 ppr_add141               9.99987000        1.0 0.0
 ppr_add142               9.99987000        1.0 0.0
 ppr_add143               9.99987000        1.0 0.0
 ppr_add144               9.99987000        1.0 0.0
 ppr_add145               9.99987000        1.0 0.0
 ppr_add146               9.99987000        1.0 0.0
 ppr_add147               9.99987000        1.0 0.0
 ppw_mul1                 20.0000000        1.0 0.0
 ppw_mul2                 20.0000000        1.0 0.0
 ppw_mul3                 20.0000000        1.0 0.0
 ppw_mul4                 19.1627000        1.0 0.0
 ppw_mul5                 20.0000000        1.0 0.0
 ppw_mul6                 8.25793000        1.0 0.0
 ppw_mul7                 16.7012000        1.0 0.0
 ppw_mul8                 4.91684000        1.0 0.0
 ppw_mul9                 2.63409000        1.0 0.0
 ppw_mul10                3.95608000        1.0 0.0
 ppw_mul11                1.58855000        1.0 0.0
 ppw_mul12                2.59959000        1.0 0.0
 ppw_mul13                1.77073000        1.0 0.0
 ppw_mul14               0.711327000        1.0 0.0
 ppw_mul15               0.331978000        1.0 0.0
 ppw_mul16               0.333982000        1.0 0.0
 ppw_mul17               0.210055000        1.0 0.0
 ppw_mul18               0.469528000        1.0 0.0
 ppw_mul19               0.490068000        1.0 0.0
 ppw_mul20               0.344446000        1.0 0.0
 ppw_mul21               0.487726000        1.0 0.0
 ppw_mul22               0.381309000        1.0 0.0
 ppw_mul23               0.266919000        1.0 0.0
 ppw_mul24               0.304702000        1.0 0.0
 ppw_mul25               0.458542000        1.0 0.0
 ppw_mul26                1.47455000        1.0 0.0
 ppw_mul27               0.495710000        1.0 0.0
 ppw_mul28               0.630121000        1.0 0.0
 ppw_mul29               0.701185000        1.0 0.0
 ppw_mul30               0.750029000        1.0 0.0
 ppw_mul31               0.646331000        1.0 0.0
 ppw_mul32               0.682422000        1.0 0.0
 ppw_mul33               0.990567000        1.0 0.0
 ppw_mul34                1.35743000        1.0 0.0
 ppw_mul35                1.49098000        1.0 0.0
 ppw_mul36               0.619084000        1.0 0.0
 ppw_mul37               0.614224000        1.0 0.0
 ppw_mul38                16.4268000        1.0 0.0
 ppw_mul39                17.4793000        1.0 0.0
 ppw_mul40                14.6678000        1.0 0.0
 ppw_mul41                2.37516000        1.0 0.0
 ppw_mul42                1.69802000        1.0 0.0
 ppw_mul43                1.89289000        1.0 0.0
 ppw_mul44               0.989783000        1.0 0.0
 ppw_mul45               0.457530000        1.0 0.0
 ppw_mul46               0.280398000        1.0 0.0
 ppw_mul47               0.491207000        1.0 0.0
 ppw_mul48               0.422591000        1.0 0.0
 ppw_mul49               0.515506000        1.0 0.0
 ppw_mul50               0.263421000        1.0 0.0
 ppw_mul51               0.269288000        1.0 0.0
 ppw_mul52               0.255899000        1.0 0.0
 ppw_mul53               0.226387000        1.0 0.0
 ppw_mul54               0.244075000        1.0 0.0
 ppw_mul55               0.482445000        1.0 0.0
 ppw_mul56               0.787593000        1.0 0.0
 ppw_mul57               0.676492000        1.0 0.0
 ppw_mul58               0.668673000        1.0 0.0
 ppw_mul59               0.827392000        1.0 0.0
 ppw_mul60                1.12332000        1.0 0.0
 ppw_mul61                1.94060000        1.0 0.0
