single point
 pp1_kx1                  34.2127000        1.0 0.0
 pp1_kx2                  115.442000        1.0 0.0
 pp1_kx3                  76.1449000        1.0 0.0
 pp1_kx4                  167.482000        1.0 0.0
 pp1_kx5                  367.417000        1.0 0.0
 pp1_kx6                  155.386000        1.0 0.0
 pp1_kx7                  227.432000        1.0 0.0
 pp1_kx8                  177.689000        1.0 0.0
 pp1_kx9                  51.3676000        1.0 0.0
 pp1_kx10                 166.492000        1.0 0.0
 pp1_kx11                 86.7277000        1.0 0.0
 pp1_kx12                 110.408000        1.0 0.0
 pp1_kx13                 113.522000        1.0 0.0
 pp1_kx14                 140.749000        1.0 0.0
 pp1_kx15                 29.8604000        1.0 0.0
 pp1_kx16                 24.5056000        1.0 0.0
 pp1_kx17                 26.9178000        1.0 0.0
 pp1_kx18                 8.39699000        1.0 0.0
 pp1_kx19                 7.67197000        1.0 0.0
 pp1_kx20                 11.9063000        1.0 0.0
 pp1_kx21                 11.2591000        1.0 0.0
 pp1_kx22                 46.3552000        1.0 0.0
 pp1_kx23                 17.9813000        1.0 0.0
 pp1_kx24                 23.2857000        1.0 0.0
 pp1_kx25                 18.6537000        1.0 0.0
 pp1_kx26                 22.1263000        1.0 0.0
 pp1_kx27                 14.3754000        1.0 0.0
 pp1_kx28                 21.0344000        1.0 0.0
 pp1_kx29                 6.19231000        1.0 0.0
 pp1_kx30                 19.1149000        1.0 0.0
 pp1_kx31                 5.49923000        1.0 0.0
 pp1_kx32                 27.3657000        1.0 0.0
 pp2_mul1                 2.40291000        1.0 0.0
 pp2_mul2                 22.9476000        1.0 0.0
 pp2_mul3                0.471069000        1.0 0.0
 pp2_mul4                 1.60974000        1.0 0.0
 pp2_mul5                 2.52883000        1.0 0.0
 pp2_mul6                 4.38111000        1.0 0.0
 pp2_mul7                0.725100000        1.0 0.0
 pp2_mul8                0.311353000        1.0 0.0
 pp2_mul9                0.450089000        1.0 0.0
 pp2_mul10               0.417710000        1.0 0.0
 pp2_mul11                1.04213000        1.0 0.0
 pp2_mul12               5.988730000E-02    1.0 0.0
 pp2_mul13               0.119893000        1.0 0.0
 pp2_mul14                1.14914000        1.0 0.0
 pp2_mul15               0.192809000        1.0 0.0
 pp2_mul16               0.161041000        1.0 0.0
 pp2_mul17               0.220582000        1.0 0.0
 pp2_mul18               0.426613000        1.0 0.0
 pp2_mul19               0.417809000        1.0 0.0
 pp2_mul20                2.06776000        1.0 0.0
 pp2_mul21               0.646565000        1.0 0.0
 pp2_mul22                32.1074000        1.0 0.0
 pp2_mul23                2.38910000        1.0 0.0
 pp2_mul24                2.45866000        1.0 0.0
 pp2_mul25               0.939632000        1.0 0.0
 pp2_mul26               0.762043000        1.0 0.0
 pp2_mul27               0.554522000        1.0 0.0
 pp2_mul28               0.600214000        1.0 0.0
 pp2_mul29                5.72184000        1.0 0.0
 pp2_mul30                100.000000        1.0 0.0
 pp2_mul31               5.000000000E-03    1.0 0.0
 pp2_mul32               4.813350000E-02    1.0 0.0
 pp2_mul33               0.862122000        1.0 0.0
 pp2_mul34               4.966270000E-02    1.0 0.0
 pp2_mul35               8.017630000E-02    1.0 0.0
 pp2_mul36                1.37681000        1.0 0.0
 pp2_mul37               0.392933000        1.0 0.0
 pp2_mul38               0.864895000        1.0 0.0
 pp2_mul39                6.31153000        1.0 0.0
 pp2_mul40                1.36184000        1.0 0.0
 pp2_mul41                1.90265000        1.0 0.0
 pp2_mul42                2.17845000        1.0 0.0
 pp2_mul43               0.687173000        1.0 0.0
 pp2_mul44                11.4321000        1.0 0.0
 pp2_mul45                100.000000        1.0 0.0
 pp2_mul46                1.08651000        1.0 0.0
 pp2_mul47                1.17242000        1.0 0.0
 pp2_mul48                1.26519000        1.0 0.0
 pp2_mul49                4.63646000        1.0 0.0
 pp2_mul50                19.8369000        1.0 0.0
 pp2_mul51                4.05221000        1.0 0.0
 pp2_mul52                2.28569000        1.0 0.0
 pp2_mul53                2.51479000        1.0 0.0
 pp2_mul54                19.5619000        1.0 0.0
 pp2_mul55               4.505850000E-02    1.0 0.0
 pp2_mul56               3.244160000E-02    1.0 0.0
 pp2_mul57               3.624830000E-02    1.0 0.0
 pp2_mul58                11.9205000        1.0 0.0
 pp2_mul59               0.325332000        1.0 0.0
 pp2_mul60                1.66839000        1.0 0.0
 pp2_mul61               0.255539000        1.0 0.0
 pp2_mul62                42.0114000        1.0 0.0
 pp2_mul63                14.9543000        1.0 0.0
 pp2_mul64                3.56651000        1.0 0.0
 pp2_mul65                1.17795000        1.0 0.0
 pp2_mul66                1.13116000        1.0 0.0
 pp2_mul67               0.335575000        1.0 0.0
 pp2_mul68               1.209650000E-02    1.0 0.0
 pp2_mul69               0.830921000        1.0 0.0
 pp2_mul70               2.898750000E-02    1.0 0.0
 pp2_mul71                81.8564000        1.0 0.0
 pp2_mul72                4.07755000        1.0 0.0
 pp2_mul73                2.24160000        1.0 0.0
 pp2_mul74                9.37307000        1.0 0.0
 pp2_mul75                8.23891000        1.0 0.0
 pp2_mul76                2.14748000        1.0 0.0
 pp2_mul77               0.215718000        1.0 0.0
 pp2_mul78               0.130218000        1.0 0.0
 pp2_mul79                13.7697000        1.0 0.0
 pp2_mul80               0.493199000        1.0 0.0
 pp2_mul81               3.681870000E-02    1.0 0.0
 pp2_mul82               0.460236000        1.0 0.0
 pp2_mul83               0.208119000        1.0 0.0
 pp2_mul84                2.50836000        1.0 0.0
 pp2_mul85               5.000000000E-03    1.0 0.0
 pp2_mul86               8.152830000E-03    1.0 0.0
 pp2_mul87               9.056110000E-03    1.0 0.0
 pp2_mul88               0.170192000        1.0 0.0
 pp2_mul89               0.425150000        1.0 0.0
 pp2_mul90               5.418210000E-02    1.0 0.0
 pp2_mul91               0.102657000        1.0 0.0
 pp2_mul92               1.433530000E-02    1.0 0.0
 pp2_mul93               5.000000000E-03    1.0 0.0
 pp2_mul94               9.392200000E-02    1.0 0.0
 pp2_mul95               4.687300000E-02    1.0 0.0
 pp2_mul96               1.059360000E-02    1.0 0.0
 pp2_mul97               5.000000000E-03    1.0 0.0
 pp2_mul98               0.142925000        1.0 0.0
 pp2_mul99                1.19255000        1.0 0.0
 pp2_mul100               1.31305000        1.0 0.0
 pp2_mul101              5.000000000E-03    1.0 0.0
 pp2_mul102              4.585400000E-02    1.0 0.0
 pp2_mul103              0.128562000        1.0 0.0
 pp2_mul104               1.41231000        1.0 0.0
 pp2_mul105              0.113845000        1.0 0.0
 pp2_mul106              0.227750000        1.0 0.0
 pp2_mul107               3.12293000        1.0 0.0
 pp2_mul108              0.795844000        1.0 0.0
 pp2_mul109              0.440136000        1.0 0.0
 pp2_mul110               1.78245000        1.0 0.0
 pp2_mul111               5.08892000        1.0 0.0
 pp2_mul112              0.795689000        1.0 0.0
 pp2_mul113              2.366490000E-02    1.0 0.0
 pp2_mul114               1.96908000        1.0 0.0
 pp2_mul115              0.557438000        1.0 0.0
 pp2_mul116               2.35000000        1.0 0.0
 pp2_mul117               16.2825000        1.0 0.0
 pp2_mul118               5.62242000        1.0 0.0
 pp2_mul119              0.894979000        1.0 0.0
 pp2_mul120               1.33403000        1.0 0.0
 pp2_mul121              0.519392000        1.0 0.0
 pp2_mul122              0.777246000        1.0 0.0
 pp2_mul123               1.19409000        1.0 0.0
 pp2_mul124               3.56969000        1.0 0.0
 pp2_mul125               25.3311000        1.0 0.0
 pp2_mul126              0.119558000        1.0 0.0
 pp2_mul127               4.16457000        1.0 0.0
 pp2_mul128               20.3750000        1.0 0.0
 pp2_mul129              0.366081000        1.0 0.0
 pp2_mul130              6.681790000E-02    1.0 0.0
 pp2_mul131              5.069090000E-03    1.0 0.0
 pp2_mul132              1.872650000E-02    1.0 0.0
 pp2_mul133              0.773131000        1.0 0.0
 pp2_mul134               1.25709000        1.0 0.0
 pp2_mul135               2.69231000        1.0 0.0
 pp2_mul136              0.176842000        1.0 0.0
 pp2_mul137               4.58934000        1.0 0.0
 pp2_mul138              0.264263000        1.0 0.0
 pp2_mul139               1.99774000        1.0 0.0
 pp2_mul140              2.677150000E-02    1.0 0.0
 pp2_mul141               3.65514000        1.0 0.0
 pp2_mul142               4.03970000        1.0 0.0
 pp2_mul143              0.893330000        1.0 0.0
 pp2_mul144              0.206779000        1.0 0.0
 pp2_mul145               1.69812000        1.0 0.0
 pp2_mul146              0.283204000        1.0 0.0
 pp2_mul147              9.504690000E-02    1.0 0.0
 pp2_mul148              0.257593000        1.0 0.0
 pp2_mul149              1.493230000E-02    1.0 0.0
 pp2_mul150               2.64785000        1.0 0.0
 pp2_mul151               25.1645000        1.0 0.0
 pp2_mul152              0.270871000        1.0 0.0
 pp2_mul153              0.659109000        1.0 0.0
 pp2_mul154              0.488624000        1.0 0.0
 pp2_mul155              0.986739000        1.0 0.0
 pp2_mul156              0.413788000        1.0 0.0
 pp2_mul157              0.142179000        1.0 0.0
 pp2_mul158               2.48964000        1.0 0.0
 pp2_mul159               7.20743000        1.0 0.0
 pp2_mul160               4.67719000        1.0 0.0
 pp2_mul161               1.93516000        1.0 0.0
 pp2_mul162               30.5545000        1.0 0.0
 pp2_mul163              0.289645000        1.0 0.0
 pp2_mul164               1.63585000        1.0 0.0
 pp2_mul165               19.3096000        1.0 0.0
 pp2_mul166              0.890726000        1.0 0.0
 pp2_mul167              0.255554000        1.0 0.0
 pp2_mul168               8.04656000        1.0 0.0
 pp2_mul169               2.35080000        1.0 0.0
 pp2_mul170              0.254765000        1.0 0.0
 pp2_mul171              0.912099000        1.0 0.0
 pp2_mul172               15.4006000        1.0 0.0
 pp2_mul173              0.583926000        1.0 0.0
 pp2_mul174              0.345525000        1.0 0.0
 pp2_mul175              0.452384000        1.0 0.0
 pp2_mul176               11.9993000        1.0 0.0
 pp2_mul177               48.7092000        1.0 0.0
 pp2_mul178              0.128446000        1.0 0.0
 pp2_mul179               3.64172000        1.0 0.0
 pp2_mul180               5.62884000        1.0 0.0
 pp2_mul181               3.75527000        1.0 0.0
 pp2_mul182              0.277864000        1.0 0.0
 pp2_mul183              0.157321000        1.0 0.0
 pp2_mul184              5.000000000E-03    1.0 0.0
 pp2_mul185              0.305472000        1.0 0.0
 pp2_mul186               1.55934000        1.0 0.0
 pp2_mul187              2.420100000E-02    1.0 0.0
 pp2_mul188              9.118910000E-02    1.0 0.0
 pp2_mul189              0.156665000        1.0 0.0
 pp2_mul190              5.000000000E-03    1.0 0.0
 pp2_mul191              1.185180000E-02    1.0 0.0
 pp2_mul192              5.000000000E-03    1.0 0.0
 pp2_mul193               1.29593000        1.0 0.0
 pp2_mul194               5.60813000        1.0 0.0
 pp2_mul195               52.0374000        1.0 0.0
 pp2_mul196              0.488322000        1.0 0.0
 pp2_mul197               1.15377000        1.0 0.0
 pp2_mul198              5.205810000E-03    1.0 0.0
 pp2_mul199              0.117010000        1.0 0.0
 pp2_mul200              5.000000000E-03    1.0 0.0
 pp2_mul201              0.273392000        1.0 0.0
 pp2_mul202               1.80491000        1.0 0.0
 pp2_mul203              0.173937000        1.0 0.0
 pp2_mul204              6.519320000E-02    1.0 0.0
 pp2_mul205               2.45480000        1.0 0.0
 pp2_mul206              0.280753000        1.0 0.0
 pp2_mul207              0.817554000        1.0 0.0
 pp2_mul208               14.2169000        1.0 0.0
 pp2_mul209              0.534098000        1.0 0.0
 pp2_mul210               3.39479000        1.0 0.0
 pp2_mul211               100.000000        1.0 0.0
 pp2_mul212              2.700020000E-02    1.0 0.0
 pp2_mul213              0.173047000        1.0 0.0
 pp2_mul214              3.156080000E-02    1.0 0.0
 pp2_mul215              0.137356000        1.0 0.0
 pp2_mul216               1.71968000        1.0 0.0
 pp2_mul217              0.807420000        1.0 0.0
 pp2_mul218              0.301987000        1.0 0.0
 pp2_mul219               5.05249000        1.0 0.0
 pp2_mul220              4.538400000E-02    1.0 0.0
 pp2_mul221               1.17088000        1.0 0.0
 pp2_mul222              0.211233000        1.0 0.0
 pp2_mul223              0.218963000        1.0 0.0
 pp2_mul224              0.267204000        1.0 0.0
 pp2_mul225               6.03073000        1.0 0.0
 pp2_mul226              6.059950000E-02    1.0 0.0
 pp2_mul227               7.59374000        1.0 0.0
 pp2_mul228               9.45658000        1.0 0.0
 pp2_mul229               7.56438000        1.0 0.0
 pp2_mul230               16.8999000        1.0 0.0
 pp2_mul231               13.8155000        1.0 0.0
 pp2_mul232               3.09461000        1.0 0.0
 pp2_mul233              9.220570000E-02    1.0 0.0
 pp2_mul234              0.765093000        1.0 0.0
 pp2_mul235              0.348296000        1.0 0.0
 pp2_mul236              0.857249000        1.0 0.0
 pp2_mul237               1.76700000        1.0 0.0
 pp2_mul238              7.685080000E-03    1.0 0.0
 pp2_mul239              6.732870000E-02    1.0 0.0
 pp2_mul240              5.000000000E-03    1.0 0.0
 pp2_mul241              2.942110000E-02    1.0 0.0
 pp2_mul242              5.294760000E-02    1.0 0.0
 pp2_mul243              0.570764000        1.0 0.0
 pp2_mul244               3.48471000        1.0 0.0
 pp2_mul245              5.000000000E-03    1.0 0.0
 pp2_mul246               71.2772000        1.0 0.0
 pp2_mul247               25.0583000        1.0 0.0
 pp2_mul248               10.7746000        1.0 0.0
 pp2_mul249              9.291140000E-02    1.0 0.0
 pp2_mul250               1.51906000        1.0 0.0
 pp2_mul251               25.0102000        1.0 0.0
 pp2_mul252               1.27129000        1.0 0.0
 pp2_mul253               2.44844000        1.0 0.0
 pp2_mul254              0.113114000        1.0 0.0
 pp2_mul255              5.000000000E-03    1.0 0.0
 pp2_mul256              5.000000000E-03    1.0 0.0
 pp2_mul257              8.506710000E-02    1.0 0.0
 pp2_mul258              0.165579000        1.0 0.0
 pp2_mul259              0.379276000        1.0 0.0
 pp2_mul260              0.409316000        1.0 0.0
 pp2_mul261               3.04887000        1.0 0.0
 pp2_mul262              0.333158000        1.0 0.0
 pp2_mul263               2.77723000        1.0 0.0
 pp2_mul264              0.388823000        1.0 0.0
 pp2_mul265               59.1001000        1.0 0.0
 pp2_mul266              0.262280000        1.0 0.0
 pp2_mul267              2.118610000E-02    1.0 0.0
 pp2_mul268               100.000000        1.0 0.0
 pp2_mul269              2.671020000E-02    1.0 0.0
 pp2_mul270               1.34362000        1.0 0.0
 pp2_mul271              0.420713000        1.0 0.0
 pp2_mul272               14.7232000        1.0 0.0
 pp2_mul273              5.000000000E-03    1.0 0.0
 pp2_mul274              4.552680000E-02    1.0 0.0
 pp2_mul275              1.111050000E-02    1.0 0.0
 pp2_mul276              0.119260000        1.0 0.0
 pp2_mul277              7.584780000E-03    1.0 0.0
 pp3_mul1                 1.09383000        1.0 0.0
 pp3_mul2                 1.04811000        1.0 0.0
 pp3_mul3                 1.22606000        1.0 0.0
 pp3_mul4                0.865278000        1.0 0.0
 pp3_mul5                0.752469000        1.0 0.0
 pp3_mul6                 1.51894000        1.0 0.0
 pp3_mul7                0.786729000        1.0 0.0
 pp3_mul8                0.899943000        1.0 0.0
 pp3_mul9                 1.70756000        1.0 0.0
 pp3_mul10                8.56987000        1.0 0.0
 pp3_mul11                5.85233000        1.0 0.0
 pp3_mul12                1.02697000        1.0 0.0
 pp3_mul13               0.820190000        1.0 0.0
 pp3_mul14               0.440785000        1.0 0.0
 pp3_mul15               0.806435000        1.0 0.0
 pp3_mul16               0.464012000        1.0 0.0
 pp3_mul17               0.280672000        1.0 0.0
 pp3_mul18               0.540224000        1.0 0.0
 pp3_mul19               0.894334000        1.0 0.0
 pp3_mul20               0.731079000        1.0 0.0
 pp3_mul21               0.502440000        1.0 0.0
 pp3_mul22               0.428105000        1.0 0.0
 pp3_mul23               0.270996000        1.0 0.0
 pp3_mul24               0.589676000        1.0 0.0
 pp3_mul25               0.958407000        1.0 0.0
 pp3_mul26               0.870672000        1.0 0.0
 pp3_mul27               0.690386000        1.0 0.0
 pp3_mul28                2.37023000        1.0 0.0
 pp3_mul29                1.58792000        1.0 0.0
 pp3_mul30               0.728488000        1.0 0.0
 pp3_mul31                1.05310000        1.0 0.0
 pp3_mul32                2.24362000        1.0 0.0
 pp3_mul33                1.15909000        1.0 0.0
 pp3_mul34               0.727679000        1.0 0.0
 pp3_mul35               0.967719000        1.0 0.0
 pp3_mul36               0.319021000        1.0 0.0
 pp3_mul37               0.809745000        1.0 0.0
 pp3_mul38               0.579691000        1.0 0.0
 pp3_mul39               0.603779000        1.0 0.0
 pp3_mul40               0.542415000        1.0 0.0
 pp3_mul41               0.643389000        1.0 0.0
 pp3_mul42               0.398910000        1.0 0.0
 pp3_mul43               0.322992000        1.0 0.0
 pp3_mul44               0.746669000        1.0 0.0
 pp3_mul45               0.330410000        1.0 0.0
 pp3_mul46               0.100000000        1.0 0.0
 pp3_mul47               0.676937000        1.0 0.0
 pp3_mul48                1.70861000        1.0 0.0
 pp3_mul49               0.472014000        1.0 0.0
 pp3_mul50               0.950829000        1.0 0.0
 pp3_mul51               0.752696000        1.0 0.0
 pp3_mul52               0.746223000        1.0 0.0
 pp3_mul53                1.66977000        1.0 0.0
 pp3_mul54               0.947687000        1.0 0.0
 pp3_mul55               0.852049000        1.0 0.0
 pp3_mul56               0.517132000        1.0 0.0
 pp3_mul57               0.243635000        1.0 0.0
 pp3_mul58               0.458788000        1.0 0.0
 pp3_mul59                1.01813000        1.0 0.0
 pp3_mul60               0.527478000        1.0 0.0
 pp3_mul61                1.32637000        1.0 0.0
 pp3_mul62                1.30601000        1.0 0.0
 pp3_mul63               0.200541000        1.0 0.0
 pp3_mul64               0.893712000        1.0 0.0
 pp3_mul65               0.627418000        1.0 0.0
 pp3_mul66               0.741374000        1.0 0.0
 pp3_mul67                1.31088000        1.0 0.0
 pp3_vanis1               15.2356000        1.0 0.0
 pp3_vanis2               10.5291000        1.0 0.0
 pp3_vanis3               10.5750000        1.0 0.0
 pp3_vanis4               6.74301000        1.0 0.0
 pp3_vanis5               5.72107000        1.0 0.0
 pp3_vanis6               6.71543000        1.0 0.0
 pp3_vanis7               11.3056000        1.0 0.0
 pp3_vanis8               8.40749000        1.0 0.0
 pp3_vanis9               9.80581000        1.0 0.0
 pp3_vanis10              10.2367000        1.0 0.0
 pp3_vanis11              10.1576000        1.0 0.0
 pp3_vanis12              9.03717000        1.0 0.0
 pp3_vanis13              10.3678000        1.0 0.0
 pp3_vanis14              21.2397000        1.0 0.0
 pp3_vanis15              20.0167000        1.0 0.0
 pp3_vanis16              15.6951000        1.0 0.0
 pp3_vanis17              17.8494000        1.0 0.0
 pp3_vanis18              14.1818000        1.0 0.0
 pp3_vanis19              10.8560000        1.0 0.0
 pp3_vanis20              19.5475000        1.0 0.0
 pp3_vanis21              20.1028000        1.0 0.0
 pp3_vanis22              16.9590000        1.0 0.0
 pp3_vanis23              39.5256000        1.0 0.0
 pp3_vanis24              20.3783000        1.0 0.0
 pp3_vanis25              30.3028000        1.0 0.0
 pp3_vanis26              24.8574000        1.0 0.0
 pp3_vanis27              15.8251000        1.0 0.0
 pp3_vanis28              6.23703000        1.0 0.0
 pp3_vanis29              10.0961000        1.0 0.0
 pp3_vanis30              10.8267000        1.0 0.0
 pp3_vanis31              14.2894000        1.0 0.0
 pp3_vanis32              12.7590000        1.0 0.0
 pp3_vanis33              11.2549000        1.0 0.0
 pp3_vanis34              11.2866000        1.0 0.0
 pp3_vanis35              9.37185000        1.0 0.0
 pp3_vanis36              14.6554000        1.0 0.0
 pp3_vanis37              10.3187000        1.0 0.0
 pp3_vanis38              7.98956000        1.0 0.0
 pp3_vanis39              10.3277000        1.0 0.0
 pp3_vanis40              12.4667000        1.0 0.0
 pp3_vanis41              7.33591000        1.0 0.0
 pp3_vanis42              18.5671000        1.0 0.0
 pp3_vanis43              15.0728000        1.0 0.0
 pp3_vanis44              8.38375000        1.0 0.0
 pp3_vanis45              17.1542000        1.0 0.0
 pp3_vanis46              23.8186000        1.0 0.0
 pp3_vanis47              9.83736000        1.0 0.0
 pp3_vanis48              7.68752000        1.0 0.0
 pp3_vanis49              13.8543000        1.0 0.0
 pp3_vanis50              9.92068000        1.0 0.0
 pp3_vanis51              13.4748000        1.0 0.0
 pp3_vanis52              12.2330000        1.0 0.0
 pp3_vanis53              12.9571000        1.0 0.0
 pp3_vanis54              17.5672000        1.0 0.0
 pp3_vanis55              15.2411000        1.0 0.0
 pp3_vanis56              13.8216000        1.0 0.0
 pp3_vanis57              15.2540000        1.0 0.0
 pp3_vanis58              10.6858000        1.0 0.0
 pp3_vanis59              10.9172000        1.0 0.0
 pp3_vanis60              11.5443000        1.0 0.0
 pp3_vanis61              11.3772000        1.0 0.0
 pp3_vanis62              8.56200000        1.0 0.0
 pp3_vanis63              18.7295000        1.0 0.0
 pp3_vanis64              13.0979000        1.0 0.0
 pp3_vanis65              13.1596000        1.0 0.0
 pp3_vanis66              7.24909000        1.0 0.0
 pp3_vanis67              8.51940000        1.0 0.0
 pp3_rech1               2.552570000E-03    1.0 0.0
 pp3_rech2               2.466000000E-03    1.0 0.0
 pp3_rech3               3.020660000E-03    1.0 0.0
 pp3_rech4               2.592880000E-03    1.0 0.0
 pp3_rech5               2.325120000E-03    1.0 0.0
 pp3_rech6               3.342910000E-03    1.0 0.0
 pp3_rech7               2.564460000E-03    1.0 0.0
 pp3_rech8               3.748320000E-03    1.0 0.0
 pp3_rech9               3.144210000E-03    1.0 0.0
 pp3_rech10              1.624480000E-03    1.0 0.0
 pp3_rech11              1.500000000E-03    1.0 0.0
 pp3_rech12              1.500000000E-03    1.0 0.0
 pp3_rech13              1.500000000E-03    1.0 0.0
 pp3_rech14              1.500000000E-03    1.0 0.0
 pp3_rech15              1.803950000E-03    1.0 0.0
 pp3_rech16              1.598280000E-03    1.0 0.0
 pp3_rech17              1.622760000E-03    1.0 0.0
 pp3_rech18              1.500000000E-03    1.0 0.0
 pp3_rech19              1.500000000E-03    1.0 0.0
 pp3_rech20              1.500000000E-03    1.0 0.0
 pp3_rech21              1.500000000E-03    1.0 0.0
 pp3_rech22              1.500000000E-03    1.0 0.0
 pp3_rech23              1.500000000E-03    1.0 0.0
 pp3_rech24              1.500000000E-03    1.0 0.0
 pp3_rech25              2.486530000E-03    1.0 0.0
 pp3_rech26              1.500000000E-03    1.0 0.0
 pp3_rech27              1.500000000E-03    1.0 0.0
 pp3_rech28              1.880250000E-03    1.0 0.0
 pp3_rech29              2.282810000E-03    1.0 0.0
 pp3_rech30              1.500000000E-03    1.0 0.0
 pp3_rech31              1.788560000E-03    1.0 0.0
 pp3_rech32              2.495890000E-03    1.0 0.0
 pp3_rech33              1.725090000E-03    1.0 0.0
 pp3_rech34              2.800310000E-03    1.0 0.0
 pp3_rech35              2.205380000E-03    1.0 0.0
 pp3_rech36              6.000000000E-03    1.0 0.0
 pp3_rech37              4.108110000E-03    1.0 0.0
 pp3_rech38              5.831900000E-03    1.0 0.0
 pp3_rech39              4.903130000E-03    1.0 0.0
 pp3_rech40              5.858480000E-03    1.0 0.0
 pp3_rech41              6.000000000E-03    1.0 0.0
 pp3_rech42              6.000000000E-03    1.0 0.0
 pp3_rech43              5.294020000E-03    1.0 0.0
 pp3_rech44              2.931950000E-03    1.0 0.0
 pp3_rech45              3.792880000E-03    1.0 0.0
 pp3_rech46              6.000000000E-03    1.0 0.0
 pp3_rech47              3.538620000E-03    1.0 0.0
 pp3_rech48              3.327760000E-03    1.0 0.0
 pp3_rech49              2.672770000E-03    1.0 0.0
 pp3_rech50              3.418600000E-03    1.0 0.0
 pp3_rech51              2.818460000E-03    1.0 0.0
 pp3_rech52              2.985620000E-03    1.0 0.0
 pp3_rech53              2.369880000E-03    1.0 0.0
 pp3_rech54              2.429780000E-03    1.0 0.0
 pp3_rech55              1.975330000E-03    1.0 0.0
 pp3_rech56              2.987380000E-03    1.0 0.0
 pp3_rech57              2.499200000E-03    1.0 0.0
 pp3_rech58              2.914180000E-03    1.0 0.0
 pp3_rech59              3.622530000E-03    1.0 0.0
 pp3_rech60              2.917430000E-03    1.0 0.0
 pp3_rech61              2.771880000E-03    1.0 0.0
 pp3_rech62              2.643510000E-03    1.0 0.0
 pp3_rech63              6.000000000E-03    1.0 0.0
 pp3_rech64              2.026870000E-03    1.0 0.0
 pp3_rech65              3.496570000E-03    1.0 0.0
 pp3_rech66              2.019050000E-03    1.0 0.0
 pp3_rech67              2.654860000E-03    1.0 0.0
 ppr_mul1                 4.34928000        1.0 0.0
 ppr_mul2                 339.620000        1.0 0.0
 ppr_mul3                 64.6780000        1.0 0.0
 ppr_mul4                 71.0431000        1.0 0.0
 ppr_mul5                 266.846000        1.0 0.0
 ppr_mul6                 207.785000        1.0 0.0
 ppr_mul7                 105.142000        1.0 0.0
 ppr_mul8                 10.1684000        1.0 0.0
 ppr_mul9                 23.0968000        1.0 0.0
 ppr_mul10               0.910499000        1.0 0.0
 ppr_mul11                3.27399000        1.0 0.0
 ppr_mul12                7.80767000        1.0 0.0
 ppr_mul13                2.33780000        1.0 0.0
 ppr_mul14               0.937200000        1.0 0.0
 ppr_mul15                5.71579000        1.0 0.0
 ppr_mul16                4.25912000        1.0 0.0
 ppr_mul17                23.1742000        1.0 0.0
 ppr_mul18                1.04872000        1.0 0.0
 ppr_mul19               0.129252000        1.0 0.0
 ppr_mul20               0.416772000        1.0 0.0
 ppr_mul21               0.104810000        1.0 0.0
 ppr_mul22               2.281030000E-03    1.0 0.0
 ppr_mul23               3.574740000E-02    1.0 0.0
 ppr_mul24               0.265307000        1.0 0.0
 ppr_mul25               0.294610000        1.0 0.0
 ppr_mul26               0.345209000        1.0 0.0
 ppr_mul27                3.76520000        1.0 0.0
 ppr_mul28               0.533801000        1.0 0.0
 ppr_mul29                3.02257000        1.0 0.0
 ppr_mul30                4.57162000        1.0 0.0
 ppr_mul31                2.77441000        1.0 0.0
 ppr_mul32                3.27702000        1.0 0.0
 ppr_mul33               0.372832000        1.0 0.0
 ppr_mul34                4.89269000        1.0 0.0
 ppr_mul35                1.00059000        1.0 0.0
 ppr_mul36                6.19393000        1.0 0.0
 ppr_mul37                1.25311000        1.0 0.0
 ppr_mul38               0.466117000        1.0 0.0
 ppr_mul39               0.353232000        1.0 0.0
 ppr_mul40               0.686560000        1.0 0.0
 ppr_mul41               0.576902000        1.0 0.0
 ppr_mul42               0.656672000        1.0 0.0
 ppr_mul43               0.481203000        1.0 0.0
 ppr_mul44               0.339774000        1.0 0.0
 ppr_mul45                1.01270000        1.0 0.0
 ppr_mul46               0.737620000        1.0 0.0
 ppr_mul47               0.386972000        1.0 0.0
 ppr_mul48                1.76659000        1.0 0.0
 ppr_mul49               0.467795000        1.0 0.0
 ppr_mul50               0.557910000        1.0 0.0
 ppr_mul51               0.483541000        1.0 0.0
 ppr_mul52                98.4093000        1.0 0.0
 ppr_mul53                331.637000        1.0 0.0
 ppr_mul54                27.2731000        1.0 0.0
 ppr_mul55                7.08292000        1.0 0.0
 ppr_mul56                2.87550000        1.0 0.0
 ppr_mul57                5.97290000        1.0 0.0
 ppr_mul58                2.38280000        1.0 0.0
 ppr_mul59                2.08954000        1.0 0.0
 ppr_mul60                1.50545000        1.0 0.0
 ppr_mul61                1.89804000        1.0 0.0
 ppr_mul62                3.95976000        1.0 0.0
 ppr_mul63                16.4104000        1.0 0.0
 ppr_mul64                36.0108000        1.0 0.0
 ppr_mul65                40.2262000        1.0 0.0
 ppr_mul66                7.10273000        1.0 0.0
 ppr_mul67                1.24362000        1.0 0.0
 ppr_mul68                1.08386000        1.0 0.0
 ppr_mul69               0.834181000        1.0 0.0
 ppr_mul70                2.98503000        1.0 0.0
 ppr_mul71                1.67762000        1.0 0.0
 ppr_mul72                4.66402000        1.0 0.0
 ppr_mul73                1.70716000        1.0 0.0
 ppr_mul74               0.210707000        1.0 0.0
 ppr_mul75               0.378811000        1.0 0.0
 ppr_mul76               0.512019000        1.0 0.0
 ppr_mul77               0.577394000        1.0 0.0
 ppr_mul78                2.44849000        1.0 0.0
 ppr_mul79                1.20150000        1.0 0.0
 ppr_mul80                1.53417000        1.0 0.0
 ppr_mul81                1.48913000        1.0 0.0
 ppr_mul82                1.69800000        1.0 0.0
 ppr_mul83               0.506752000        1.0 0.0
 ppr_mul84               0.440201000        1.0 0.0
 ppr_mul85                2.18378000        1.0 0.0
 ppr_mul86               0.434430000        1.0 0.0
 ppr_mul87               0.169217000        1.0 0.0
 ppr_mul88               0.499577000        1.0 0.0
 ppr_mul89               0.567562000        1.0 0.0
 ppr_mul90               4.448080000E-02    1.0 0.0
 ppr_mul91               7.155980000E-02    1.0 0.0
 ppr_mul92               8.123370000E-02    1.0 0.0
 ppr_mul93               6.196370000E-02    1.0 0.0
 ppr_mul94               9.351390000E-02    1.0 0.0
 ppr_mul95               0.417304000        1.0 0.0
 ppr_mul96               0.344655000        1.0 0.0
 ppr_mul97               0.267253000        1.0 0.0
 ppr_mul98               0.617739000        1.0 0.0
 ppr_mul99                13.6303000        1.0 0.0
 ppr_mul100               67.9224000        1.0 0.0
 ppr_mul101               77.3378000        1.0 0.0
 ppr_mul102               24.7805000        1.0 0.0
 ppr_mul103               8.36709000        1.0 0.0
 ppr_mul104               3.65301000        1.0 0.0
 ppr_mul105               19.2946000        1.0 0.0
 ppr_mul106               2.89943000        1.0 0.0
 ppr_mul107               10.9344000        1.0 0.0
 ppr_mul108               10.3071000        1.0 0.0
 ppr_mul109               2.97316000        1.0 0.0
 ppr_mul110               5.73976000        1.0 0.0
 ppr_mul111               1.59185000        1.0 0.0
 ppr_mul112               2.62375000        1.0 0.0
 ppr_mul113               3.39279000        1.0 0.0
 ppr_mul114               5.50093000        1.0 0.0
 ppr_mul115               2.86873000        1.0 0.0
 ppr_mul116               1.35625000        1.0 0.0
 ppr_mul117               1.42346000        1.0 0.0
 ppr_mul118               1.22176000        1.0 0.0
 ppr_mul119               3.52478000        1.0 0.0
 ppr_mul120               4.01898000        1.0 0.0
 ppr_mul121               3.60871000        1.0 0.0
 ppr_mul122               18.9050000        1.0 0.0
 ppr_mul123               4.92997000        1.0 0.0
 ppr_mul124              0.638704000        1.0 0.0
 ppr_mul125              0.793905000        1.0 0.0
 ppr_mul126              0.778582000        1.0 0.0
 ppr_mul127              0.703084000        1.0 0.0
 ppr_mul128               1.17914000        1.0 0.0
 ppr_mul129               2.92166000        1.0 0.0
 ppr_mul130               1.32270000        1.0 0.0
 ppr_mul131              0.859342000        1.0 0.0
 ppr_mul132               2.07823000        1.0 0.0
 ppr_mul133               2.12226000        1.0 0.0
 ppr_mul134               1.12351000        1.0 0.0
 ppr_mul135               1.63253000        1.0 0.0
 ppr_mul136               1.26579000        1.0 0.0
 ppr_mul137               1.08165000        1.0 0.0
 ppr_mul138              0.110685000        1.0 0.0
 ppr_mul139              0.556880000        1.0 0.0
 ppr_mul140               1.02262000        1.0 0.0
 ppr_mul141              0.899033000        1.0 0.0
 ppr_mul142               1.06202000        1.0 0.0
 ppr_mul143               2.33102000        1.0 0.0
 ppr_mul144              0.607494000        1.0 0.0
 ppr_mul145               3.15249000        1.0 0.0
 ppr_mul146               1.43495000        1.0 0.0
 ppr_mul147               2.24338000        1.0 0.0
 ppr_add1                 9.99987000        1.0 0.0
 ppr_add2                 9.99987000        1.0 0.0
 ppr_add3                 9.99987000        1.0 0.0
 ppr_add4                 9.99987000        1.0 0.0
 ppr_add5                 9.99987000        1.0 0.0
 ppr_add6                 9.99987000        1.0 0.0
 ppr_add7                 9.99987000        1.0 0.0
 ppr_add8                 9.99987000        1.0 0.0
 ppr_add9                 9.99987000        1.0 0.0
 ppr_add10                9.99987000        1.0 0.0
 ppr_add11                9.99987000        1.0 0.0
 ppr_add12                9.99987000        1.0 0.0
 ppr_add13                9.99987000        1.0 0.0
 ppr_add14                9.99987000        1.0 0.0
 ppr_add15                9.99987000        1.0 0.0
 ppr_add16                9.99987000        1.0 0.0
 ppr_add17                9.99987000        1.0 0.0
 ppr_add18                9.99987000        1.0 0.0
 ppr_add19                9.99987000        1.0 0.0
 ppr_add20                9.99987000        1.0 0.0
 ppr_add21                9.99987000        1.0 0.0
 ppr_add22                9.99987000        1.0 0.0
 ppr_add23                9.99987000        1.0 0.0
 ppr_add24                9.99987000        1.0 0.0
 ppr_add25                9.99987000        1.0 0.0
 ppr_add26                9.99987000        1.0 0.0
 ppr_add27                9.99987000        1.0 0.0
 ppr_add28                9.99987000        1.0 0.0
 ppr_add29                9.99987000        1.0 0.0
 ppr_add30                9.99987000        1.0 0.0
 ppr_add31                9.99987000        1.0 0.0
 ppr_add32                9.99987000        1.0 0.0
 ppr_add33                9.99987000        1.0 0.0
 ppr_add34                9.99987000        1.0 0.0
 ppr_add35                9.99987000        1.0 0.0
 ppr_add36                9.99987000        1.0 0.0
 ppr_add37                9.99987000        1.0 0.0
 ppr_add38                9.99987000        1.0 0.0
 ppr_add39                9.99987000        1.0 0.0
 ppr_add40                9.99987000        1.0 0.0
 ppr_add41                9.99987000        1.0 0.0
 ppr_add42                9.99987000        1.0 0.0
 ppr_add43                9.99987000        1.0 0.0
 ppr_add44                9.99987000        1.0 0.0
 ppr_add45                9.99987000        1.0 0.0
 ppr_add46                9.99987000        1.0 0.0
 ppr_add47                9.99987000        1.0 0.0
 ppr_add48                9.99987000        1.0 0.0
 ppr_add49                9.99987000        1.0 0.0
 ppr_add50                9.99987000        1.0 0.0
 ppr_add51                9.99987000        1.0 0.0
 ppr_add52                9.99987000        1.0 0.0
 ppr_add53                9.99987000        1.0 0.0
 ppr_add54                9.99987000        1.0 0.0
 ppr_add55                9.99987000        1.0 0.0
 ppr_add56                9.99987000        1.0 0.0
 ppr_add57                9.99987000        1.0 0.0
 ppr_add58                9.99987000        1.0 0.0
 ppr_add59                9.99987000        1.0 0.0
 ppr_add60                9.99987000        1.0 0.0
 ppr_add61                9.99987000        1.0 0.0
 ppr_add62                9.99987000        1.0 0.0
 ppr_add63                9.99987000        1.0 0.0
 ppr_add64                9.99987000        1.0 0.0
 ppr_add65                9.99987000        1.0 0.0
 ppr_add66                9.99987000        1.0 0.0
 ppr_add67                9.99987000        1.0 0.0
 ppr_add68                9.99987000        1.0 0.0
 ppr_add69                9.99987000        1.0 0.0
 ppr_add70                9.99987000        1.0 0.0
 ppr_add71                9.99987000        1.0 0.0
 ppr_add72                9.99987000        1.0 0.0
 ppr_add73                9.99987000        1.0 0.0
 ppr_add74                9.99987000        1.0 0.0
 ppr_add75                9.99987000        1.0 0.0
 ppr_add76                9.99987000        1.0 0.0
 ppr_add77                9.99987000        1.0 0.0
 ppr_add78                9.99987000        1.0 0.0
 ppr_add79                9.99987000        1.0 0.0
 ppr_add80                9.99987000        1.0 0.0
 ppr_add81                9.99987000        1.0 0.0
 ppr_add82                9.99987000        1.0 0.0
 ppr_add83                9.99987000        1.0 0.0
 ppr_add84                9.99987000        1.0 0.0
 ppr_add85                9.99987000        1.0 0.0
 ppr_add86                9.99987000        1.0 0.0
 ppr_add87                9.99987000        1.0 0.0
 ppr_add88                9.99987000        1.0 0.0
 ppr_add89                9.99987000        1.0 0.0
 ppr_add90                9.99987000        1.0 0.0
 ppr_add91                9.99987000        1.0 0.0
 ppr_add92                9.99987000        1.0 0.0
 ppr_add93                9.99987000        1.0 0.0
 ppr_add94                9.99987000        1.0 0.0
 ppr_add95                9.99987000        1.0 0.0
 ppr_add96                9.99987000        1.0 0.0
 ppr_add97                9.99987000        1.0 0.0
 ppr_add98                9.99987000        1.0 0.0
 ppr_add99                9.99987000        1.0 0.0
 ppr_add100               9.99987000        1.0 0.0
 ppr_add101               9.99987000        1.0 0.0
 ppr_add102               9.99987000        1.0 0.0
 ppr_add103               9.99987000        1.0 0.0
 ppr_add104               9.99987000        1.0 0.0
 ppr_add105               9.99987000        1.0 0.0
 ppr_add106               9.99987000        1.0 0.0
 ppr_add107               9.99987000        1.0 0.0
 ppr_add108               9.99987000        1.0 0.0
 ppr_add109               9.99987000        1.0 0.0
 ppr_add110               9.99987000        1.0 0.0
 ppr_add111               9.99987000        1.0 0.0
 ppr_add112               9.99987000        1.0 0.0
 ppr_add113               9.99987000        1.0 0.0
 ppr_add114               9.99987000        1.0 0.0
 ppr_add115               9.99987000        1.0 0.0
 ppr_add116               9.99987000        1.0 0.0
 ppr_add117               9.99987000        1.0 0.0
 ppr_add118               9.99987000        1.0 0.0
 ppr_add119               9.99987000        1.0 0.0
 ppr_add120               9.99987000        1.0 0.0
 ppr_add121               9.99987000        1.0 0.0
 ppr_add122               9.99987000        1.0 0.0
 ppr_add123               9.99987000        1.0 0.0
 ppr_add124               9.99987000        1.0 0.0
 ppr_add125               9.99987000        1.0 0.0
 ppr_add126               9.99987000        1.0 0.0
 ppr_add127               9.99987000        1.0 0.0
 ppr_add128               9.99987000        1.0 0.0
 ppr_add129               9.99987000        1.0 0.0
 ppr_add130               9.99987000        1.0 0.0
 ppr_add131               9.99987000        1.0 0.0
 ppr_add132               9.99987000        1.0 0.0
 ppr_add133               9.99987000        1.0 0.0
 ppr_add134               9.99987000        1.0 0.0
 ppr_add135               9.99987000        1.0 0.0
 ppr_add136               9.99987000        1.0 0.0
 ppr_add137               9.99987000        1.0 0.0
 ppr_add138               9.99987000        1.0 0.0
 ppr_add139               9.99987000        1.0 0.0
 ppr_add140               9.99987000        1.0 0.0
 ppr_add141               9.99987000        1.0 0.0
 ppr_add142               9.99987000        1.0 0.0
 ppr_add143               9.99987000        1.0 0.0
 ppr_add144               9.99987000        1.0 0.0
 ppr_add145               9.99987000        1.0 0.0
 ppr_add146               9.99987000        1.0 0.0
 ppr_add147               9.99987000        1.0 0.0
 ppw_mul1                 20.0000000        1.0 0.0
 ppw_mul2                 19.8891000        1.0 0.0
 ppw_mul3                 20.0000000        1.0 0.0
 ppw_mul4                 19.2677000        1.0 0.0
 ppw_mul5                 20.0000000        1.0 0.0
 ppw_mul6                 6.94921000        1.0 0.0
 ppw_mul7                 9.55604000        1.0 0.0
 ppw_mul8                 3.34846000        1.0 0.0
 ppw_mul9                 2.44960000        1.0 0.0
 ppw_mul10                3.55438000        1.0 0.0
 ppw_mul11                1.42872000        1.0 0.0
 ppw_mul12                2.63586000        1.0 0.0
 ppw_mul13                1.33318000        1.0 0.0
 ppw_mul14               0.807516000        1.0 0.0
 ppw_mul15               0.288858000        1.0 0.0
 ppw_mul16               0.248592000        1.0 0.0
 ppw_mul17               0.182698000        1.0 0.0
 ppw_mul18               0.337290000        1.0 0.0
 ppw_mul19               0.272784000        1.0 0.0
 ppw_mul20               0.246355000        1.0 0.0
 ppw_mul21               0.367106000        1.0 0.0
 ppw_mul22               0.321784000        1.0 0.0
 ppw_mul23               0.246850000        1.0 0.0
 ppw_mul24               0.294091000        1.0 0.0
 ppw_mul25               0.284927000        1.0 0.0
 ppw_mul26               0.563727000        1.0 0.0
 ppw_mul27               0.419536000        1.0 0.0
 ppw_mul28               0.574535000        1.0 0.0
 ppw_mul29               0.608579000        1.0 0.0
 ppw_mul30               0.614631000        1.0 0.0
 ppw_mul31               0.720125000        1.0 0.0
 ppw_mul32               0.780510000        1.0 0.0
 ppw_mul33               0.896267000        1.0 0.0
 ppw_mul34                1.16623000        1.0 0.0
 ppw_mul35                1.47482000        1.0 0.0
 ppw_mul36               0.837633000        1.0 0.0
 ppw_mul37               0.753554000        1.0 0.0
 ppw_mul38                12.3038000        1.0 0.0
 ppw_mul39                11.9907000        1.0 0.0
 ppw_mul40                8.76604000        1.0 0.0
 ppw_mul41                2.27925000        1.0 0.0
 ppw_mul42                1.72249000        1.0 0.0
 ppw_mul43                1.91632000        1.0 0.0
 ppw_mul44               0.866551000        1.0 0.0
 ppw_mul45               0.463229000        1.0 0.0
 ppw_mul46               0.385740000        1.0 0.0
 ppw_mul47               0.530617000        1.0 0.0
 ppw_mul48               0.499411000        1.0 0.0
 ppw_mul49               0.575500000        1.0 0.0
 ppw_mul50               0.281141000        1.0 0.0
 ppw_mul51               0.288927000        1.0 0.0
 ppw_mul52               0.305825000        1.0 0.0
 ppw_mul53               0.289875000        1.0 0.0
 ppw_mul54               0.243597000        1.0 0.0
 ppw_mul55               0.574350000        1.0 0.0
 ppw_mul56               0.829072000        1.0 0.0
 ppw_mul57               0.828197000        1.0 0.0
 ppw_mul58               0.674106000        1.0 0.0
 ppw_mul59               0.642067000        1.0 0.0
 ppw_mul60               0.975109000        1.0 0.0
 ppw_mul61                1.18756000        1.0 0.0
