  single point
        k_ppt1     1.004373100000000         1.000000         0.000000    
        k_ppt2     1.012906700000000         1.000000         0.000000    
        k_ppt3     1.013650700000000         1.000000         0.000000    
        k_ppt4     1.008109400000000         1.000000         0.000000    
        k_ppt5    0.9901527300000000         1.000000         0.000000    
        k_ppt6    0.9663707600000000         1.000000         0.000000    
        k_ppt7    0.9435530400000000         1.000000         0.000000    
        k_ppt8    0.9387490100000000         1.000000         0.000000    
        k_ppt9    0.9872592500000000         1.000000         0.000000    
       k_ppt10    0.9965359700000000         1.000000         0.000000    
       k_ppt11     1.005496100000000         1.000000         0.000000    
       k_ppt12     1.021677500000000         1.000000         0.000000    
       k_ppt13     1.030660600000000         1.000000         0.000000    
       k_ppt14    0.9973312400000000         1.000000         0.000000    
       k_ppt15    0.9792543300000000         1.000000         0.000000    
       k_ppt16    0.9710919500000000         1.000000         0.000000    
       k_ppt17    0.9640883500000000         1.000000         0.000000    
       k_ppt18    0.9623311400000000         1.000000         0.000000    
       k_ppt19    0.9644387600000000         1.000000         0.000000    
       k_ppt20    0.9929098500000000         1.000000         0.000000    
       k_ppt21     1.013370900000000         1.000000         0.000000    
       k_ppt22     1.012828000000000         1.000000         0.000000    
       k_ppt23     1.007810000000000         1.000000         0.000000    
       k_ppt24     1.030124900000000         1.000000         0.000000    
       k_ppt25    0.9234908400000000         1.000000         0.000000    
       k_ppt26    0.9325901800000000         1.000000         0.000000    
       k_ppt27    0.9494842000000000         1.000000         0.000000    
       k_ppt28    0.9690527700000000         1.000000         0.000000    
       k_ppt29     1.004343600000000         1.000000         0.000000    
       k_ppt30     1.055523500000000         1.000000         0.000000    
       k_ppt31     1.119197400000000         1.000000         0.000000    
       k_ppt32     1.162888500000000         1.000000         0.000000    
       k_ppt33    0.9401984300000000         1.000000         0.000000    
       k_ppt34    0.9647885800000000         1.000000         0.000000    
       k_ppt35     1.013866300000000         1.000000         0.000000    
       k_ppt36     1.077466800000000         1.000000         0.000000    
       k_ppt37     1.167269400000000         1.000000         0.000000    
       k_ppt38     1.262164500000000         1.000000         0.000000    
       k_ppt39     1.322611200000000         1.000000         0.000000    
       k_ppt40     1.312969700000000         1.000000         0.000000    
       k_ppt41     1.017426700000000         1.000000         0.000000    
       k_ppt42     1.089427200000000         1.000000         0.000000    
       k_ppt43     1.210220300000000         1.000000         0.000000    
       k_ppt44     1.354827100000000         1.000000         0.000000    
       k_ppt45     1.481891300000000         1.000000         0.000000    
       k_ppt46     1.556553700000000         1.000000         0.000000    
       k_ppt47     1.551515700000000         1.000000         0.000000    
       k_ppt48     1.472434100000000         1.000000         0.000000    
       k_ppt49     1.080251700000000         1.000000         0.000000    
       k_ppt50     1.227710800000000         1.000000         0.000000    
       k_ppt51     1.490670000000000         1.000000         0.000000    
       k_ppt52     1.819956900000000         1.000000         0.000000    
       k_ppt53     1.980077800000000         1.000000         0.000000    
       k_ppt54     1.914848300000000         1.000000         0.000000    
       k_ppt55     1.804191800000000         1.000000         0.000000    
       k_ppt56     1.636173900000000         1.000000         0.000000    
       k_ppt57     1.106514200000000         1.000000         0.000000    
       k_ppt58     1.271877800000000         1.000000         0.000000    
       k_ppt59     1.615124100000000         1.000000         0.000000    
       k_ppt60     2.054492100000000         1.000000         0.000000    
       k_ppt61     2.240304500000000         1.000000         0.000000    
       k_ppt62     2.080153000000000         1.000000         0.000000    
       k_ppt63     1.876085700000000         1.000000         0.000000    
       k_ppt64     1.664155000000000         1.000000         0.000000    
       k_ppt65     1.180516300000000         1.000000         0.000000    
       k_ppt66     1.272598900000000         1.000000         0.000000    
       k_ppt67     1.491064200000000         1.000000         0.000000    
       k_ppt68     1.787575000000000         1.000000         0.000000    
       k_ppt69     1.933738900000000         1.000000         0.000000    
       k_ppt70     1.818212500000000         1.000000         0.000000    
       k_ppt71     1.675116900000000         1.000000         0.000000    
       k_ppt72     1.530772900000000         1.000000         0.000000    
       k_ppt73     1.382450800000000         1.000000         0.000000    
       k_ppt74     1.362324900000000         1.000000         0.000000    
       k_ppt75     1.267431500000000         1.000000         0.000000    
       k_ppt76     1.228484300000000         1.000000         0.000000    
       k_ppt77     1.267159500000000         1.000000         0.000000    
       k_ppt78     1.317027300000000         1.000000         0.000000    
       k_ppt79     1.350830000000000         1.000000         0.000000    
       k_ppt80     1.331320900000000         1.000000         0.000000    
       k_ppt81     1.354251500000000         1.000000         0.000000    
       k_ppt82     1.254412200000000         1.000000         0.000000    
       k_ppt83     1.044220800000000         1.000000         0.000000    
       k_ppt84    0.9120399900000000         1.000000         0.000000    
       k_ppt85    0.8849545200000000         1.000000         0.000000    
       k_ppt86    0.9288158800000000         1.000000         0.000000    
       k_ppt87     1.007046400000000         1.000000         0.000000    
       k_ppt88     1.058672100000000         1.000000         0.000000    
       k_ppt89     1.097354400000000         1.000000         0.000000    
       k_ppt90    0.9777187899999999         1.000000         0.000000    
       k_ppt91    0.8057738800000001         1.000000         0.000000    
       k_ppt92    0.7004126700000000         1.000000         0.000000    
       k_ppt93    0.6650735400000000         1.000000         0.000000    
       k_ppt94    0.6808219700000000         1.000000         0.000000    
       k_ppt95    0.7383830600000000         1.000000         0.000000    
       k_ppt96    0.8001984900000000         1.000000         0.000000    
       k_ppt97    0.8193892300000000         1.000000         0.000000    
       k_ppt98    0.7104868100000000         1.000000         0.000000    
       k_ppt99    0.6046520000000000         1.000000         0.000000    
      k_ppt100    0.5136564400000000         1.000000         0.000000    
      k_ppt101    0.4823162200000000         1.000000         0.000000    
      k_ppt102    0.5061179300000000         1.000000         0.000000    
      k_ppt103    0.5487692199999999         1.000000         0.000000    
      k_ppt104    0.6206471600000000         1.000000         0.000000    
