single point
        k_ppt1                      0.7895418291902015    1.000000000000000   0.0000000000000000
        k_ppt2                      0.9177550046713837    1.000000000000000   0.0000000000000000
        k_ppt3                      1.127855990295191    1.000000000000000   0.0000000000000000
        k_ppt4                      1.373956938168330    1.000000000000000   0.0000000000000000
        k_ppt5                      1.131704434991851    1.000000000000000   0.0000000000000000
        k_ppt6                      1.094690596154961    1.000000000000000   0.0000000000000000
        k_ppt7                      1.100055327317619    1.000000000000000   0.0000000000000000
        k_ppt8                      1.105887568136787    1.000000000000000   0.0000000000000000
        k_ppt9                      0.8328449505402804    1.000000000000000   0.0000000000000000
       k_ppt10                      0.8720663457810405    1.000000000000000   0.0000000000000000
       k_ppt11                      1.114003093557364    1.000000000000000   0.0000000000000000
       k_ppt12                      1.272768146703008    1.000000000000000   0.0000000000000000
       k_ppt13                      1.286006604937426    1.000000000000000   0.0000000000000000
       k_ppt14                      1.130815019176328    1.000000000000000   0.0000000000000000
       k_ppt15                      1.061967965418321    1.000000000000000   0.0000000000000000
       k_ppt16                      1.122042393518077    1.000000000000000   0.0000000000000000
       k_ppt17                      1.000451245156604    1.000000000000000   0.0000000000000000
       k_ppt18                      0.8552429492808532    1.000000000000000   0.0000000000000000
       k_ppt19                      0.8819249475006417    1.000000000000000   0.0000000000000000
       k_ppt20                      1.037908714651723    1.000000000000000   0.0000000000000000
       k_ppt21                      1.073321973294502    1.000000000000000   0.0000000000000000
       k_ppt22                      1.078571551559290    1.000000000000000   0.0000000000000000
       k_ppt23                      1.081795914503692    1.000000000000000   0.0000000000000000
       k_ppt24                      1.172015895910183    1.000000000000000   0.0000000000000000
       k_ppt25                      0.7455012724449988    1.000000000000000   0.0000000000000000
       k_ppt26                      0.7282283644330377    1.000000000000000   0.0000000000000000
       k_ppt27                      0.8316972424778442    1.000000000000000   0.0000000000000000
       k_ppt28                      0.8298870052608472    1.000000000000000   0.0000000000000000
       k_ppt29                      1.154396572947361    1.000000000000000   0.0000000000000000
       k_ppt30                      1.104708983750211    1.000000000000000   0.0000000000000000
       k_ppt31                      1.176500720895928    1.000000000000000   0.0000000000000000
       k_ppt32                      1.155901478957084    1.000000000000000   0.0000000000000000
       k_ppt33                      0.6331970625619845    1.000000000000000   0.0000000000000000
       k_ppt34                      0.7486835475926572    1.000000000000000   0.0000000000000000
       k_ppt35                      0.8802682675453054    1.000000000000000   0.0000000000000000
       k_ppt36                      0.7763679176943690    1.000000000000000   0.0000000000000000
       k_ppt37                      1.219261247395704    1.000000000000000   0.0000000000000000
       k_ppt38                      1.225933058722187    1.000000000000000   0.0000000000000000
       k_ppt39                      1.389666479786922    1.000000000000000   0.0000000000000000
       k_ppt40                      1.171957125829092    1.000000000000000   0.0000000000000000
       k_ppt41                      1.075264410296974    1.000000000000000   0.0000000000000000
       k_ppt42                      0.7600156714237145    1.000000000000000   0.0000000000000000
       k_ppt43                      0.9203237243555218    1.000000000000000   0.0000000000000000
       k_ppt44                      1.105747994544323    1.000000000000000   0.0000000000000000
       k_ppt45                      1.275235808217482    1.000000000000000   0.0000000000000000
       k_ppt46                      1.386253317634325    1.000000000000000   0.0000000000000000
       k_ppt47                      1.422710999650569    1.000000000000000   0.0000000000000000
       k_ppt48                      1.340904930262229    1.000000000000000   0.0000000000000000
       k_ppt49                      1.110370566682556    1.000000000000000   0.0000000000000000
       k_ppt50                      1.077573594583008    1.000000000000000   0.0000000000000000
       k_ppt51                      1.175309121915785    1.000000000000000   0.0000000000000000
       k_ppt52                      1.357662330495380    1.000000000000000   0.0000000000000000
       k_ppt53                      1.457025834978619    1.000000000000000   0.0000000000000000
       k_ppt54                      1.389162975578783    1.000000000000000   0.0000000000000000
       k_ppt55                      1.380587571268844    1.000000000000000   0.0000000000000000
       k_ppt56                      1.350099443103677    1.000000000000000   0.0000000000000000
       k_ppt57                      1.002407225220532    1.000000000000000   0.0000000000000000
       k_ppt58                      1.031137222127819    1.000000000000000   0.0000000000000000
       k_ppt59                      1.240455862540443    1.000000000000000   0.0000000000000000
       k_ppt60                      1.445960137169725    1.000000000000000   0.0000000000000000
       k_ppt61                      1.639686722435926    1.000000000000000   0.0000000000000000
       k_ppt62                      1.224175071890030    1.000000000000000   0.0000000000000000
       k_ppt63                      1.386232460232102    1.000000000000000   0.0000000000000000
       k_ppt64                      1.302018303657242    1.000000000000000   0.0000000000000000
       k_ppt65                      0.9199566362139256    1.000000000000000   0.0000000000000000
       k_ppt66                      0.9587672421492893    1.000000000000000   0.0000000000000000
       k_ppt67                      1.093903781463536    1.000000000000000   0.0000000000000000
       k_ppt68                      1.500419168634219    1.000000000000000   0.0000000000000000
       k_ppt69                      1.691989097849504    1.000000000000000   0.0000000000000000
       k_ppt70                      1.486155361527612    1.000000000000000   0.0000000000000000
       k_ppt71                      1.514774051020419    1.000000000000000   0.0000000000000000
       k_ppt72                      1.368369541430292    1.000000000000000   0.0000000000000000
       k_ppt73                      1.025731260286938    1.000000000000000   0.0000000000000000
       k_ppt74                      1.094941269830312    1.000000000000000   0.0000000000000000
       k_ppt75                      1.108676509348548    1.000000000000000   0.0000000000000000
       k_ppt76                      1.304104977630584    1.000000000000000   0.0000000000000000
       k_ppt77                      1.470701035803492    1.000000000000000   0.0000000000000000
       k_ppt78                      1.503265725793282    1.000000000000000   0.0000000000000000
       k_ppt79                      1.378083934708052    1.000000000000000   0.0000000000000000
       k_ppt80                      1.046658482328428    1.000000000000000   0.0000000000000000
       k_ppt81                      0.9298636988073915    1.000000000000000   0.0000000000000000
       k_ppt82                      0.8329934189767262    1.000000000000000   0.0000000000000000
       k_ppt83                      0.9376449542311901    1.000000000000000   0.0000000000000000
       k_ppt84                      0.8614678487440500    1.000000000000000   0.0000000000000000
       k_ppt85                      0.9127373058077815    1.000000000000000   0.0000000000000000
       k_ppt86                      1.052352482941547    1.000000000000000   0.0000000000000000
       k_ppt87                      1.147112474249424    1.000000000000000   0.0000000000000000
       k_ppt88                      1.025966790950804    1.000000000000000   0.0000000000000000
       k_ppt89                      0.8692364845045152    1.000000000000000   0.0000000000000000
       k_ppt90                      0.7133568907033994    1.000000000000000   0.0000000000000000
       k_ppt91                      0.6195066904310274    1.000000000000000   0.0000000000000000
       k_ppt92                      0.6260262671605872    1.000000000000000   0.0000000000000000
       k_ppt93                      0.6117910074703415    1.000000000000000   0.0000000000000000
       k_ppt94                      0.7656327088368476    1.000000000000000   0.0000000000000000
       k_ppt95                      0.7710120166479235    1.000000000000000   0.0000000000000000
       k_ppt96                      1.224726485347543    1.000000000000000   0.0000000000000000
       k_ppt97                      0.5925200507608068    1.000000000000000   0.0000000000000000
       k_ppt98                      0.6211276244651518    1.000000000000000   0.0000000000000000
       k_ppt99                      0.5532170652619469    1.000000000000000   0.0000000000000000
      k_ppt100                      0.6782906238541282    1.000000000000000   0.0000000000000000
      k_ppt101                      0.5162857082500342    1.000000000000000   0.0000000000000000
      k_ppt102                      0.6382240012757644    1.000000000000000   0.0000000000000000
      k_ppt103                      0.6835500528680600    1.000000000000000   0.0000000000000000
      k_ppt104                      0.7085654228321312    1.000000000000000   0.0000000000000000
