single point
        k_ppt1                      0.6909483648441612    1.000000000000000   0.0000000000000000
        k_ppt2                      1.005858294550608    1.000000000000000   0.0000000000000000
        k_ppt3                      1.188208778292063    1.000000000000000   0.0000000000000000
        k_ppt4                      1.600395512404110    1.000000000000000   0.0000000000000000
        k_ppt5                      1.388078346104102    1.000000000000000   0.0000000000000000
        k_ppt6                      0.7772344650859566    1.000000000000000   0.0000000000000000
        k_ppt7                      1.032795785077720    1.000000000000000   0.0000000000000000
        k_ppt8                      1.034173173218049    1.000000000000000   0.0000000000000000
        k_ppt9                      0.6133911688603372    1.000000000000000   0.0000000000000000
       k_ppt10                      0.9171233467795483    1.000000000000000   0.0000000000000000
       k_ppt11                      1.398227606633121    1.000000000000000   0.0000000000000000
       k_ppt12                      1.461799199797298    1.000000000000000   0.0000000000000000
       k_ppt13                      1.892107898882473    1.000000000000000   0.0000000000000000
       k_ppt14                      0.8390084059164048    1.000000000000000   0.0000000000000000
       k_ppt15                      1.006765344100981    1.000000000000000   0.0000000000000000
       k_ppt16                      1.242647051987807    1.000000000000000   0.0000000000000000
       k_ppt17                      1.435684795027109    1.000000000000000   0.0000000000000000
       k_ppt18                      0.8336410209057342    1.000000000000000   0.0000000000000000
       k_ppt19                      1.189543884606585    1.000000000000000   0.0000000000000000
       k_ppt20                      0.9153976777181568    1.000000000000000   0.0000000000000000
       k_ppt21                      1.429932940719948    1.000000000000000   0.0000000000000000
       k_ppt22                      1.112436355512355    1.000000000000000   0.0000000000000000
       k_ppt23                      1.061462619429249    1.000000000000000   0.0000000000000000
       k_ppt24                      1.350270120982060    1.000000000000000   0.0000000000000000
       k_ppt25                      1.076119166290149    1.000000000000000   0.0000000000000000
       k_ppt26                      0.8573656929392391    1.000000000000000   0.0000000000000000
       k_ppt27                      0.9209435998900900    1.000000000000000   0.0000000000000000
       k_ppt28                      0.8198587413809554    1.000000000000000   0.0000000000000000
       k_ppt29                      0.9297865398205919    1.000000000000000   0.0000000000000000
       k_ppt30                      1.102912887425219    1.000000000000000   0.0000000000000000
       k_ppt31                      0.9224639538709798    1.000000000000000   0.0000000000000000
       k_ppt32                      0.9534762962296022    1.000000000000000   0.0000000000000000
       k_ppt33                      0.7595955925051888    1.000000000000000   0.0000000000000000
       k_ppt34                      0.7279887198000938    1.000000000000000   0.0000000000000000
       k_ppt35                      1.122056984890036    1.000000000000000   0.0000000000000000
       k_ppt36                      0.9441798683121143    1.000000000000000   0.0000000000000000
       k_ppt37                      1.516671673623181    1.000000000000000   0.0000000000000000
       k_ppt38                      1.477006260766416    1.000000000000000   0.0000000000000000
       k_ppt39                      1.934277369741279    1.000000000000000   0.0000000000000000
       k_ppt40                      1.297821177699808    1.000000000000000   0.0000000000000000
       k_ppt41                      0.6460139596833305    1.000000000000000   0.0000000000000000
       k_ppt42                      0.8163986372406987    1.000000000000000   0.0000000000000000
       k_ppt43                      1.023667130920927    1.000000000000000   0.0000000000000000
       k_ppt44                      1.440290931996567    1.000000000000000   0.0000000000000000
       k_ppt45                      1.895077986518415    1.000000000000000   0.0000000000000000
       k_ppt46                      1.589410661385882    1.000000000000000   0.0000000000000000
       k_ppt47                      1.722717844441482    1.000000000000000   0.0000000000000000
       k_ppt48                      1.448715161828679    1.000000000000000   0.0000000000000000
       k_ppt49                      0.6676039522064982    1.000000000000000   0.0000000000000000
       k_ppt50                      1.016383333690616    1.000000000000000   0.0000000000000000
       k_ppt51                      1.560352605135692    1.000000000000000   0.0000000000000000
       k_ppt52                      1.850922620099488    1.000000000000000   0.0000000000000000
       k_ppt53                      2.516644518392024    1.000000000000000   0.0000000000000000
       k_ppt54                      1.975362840065074    1.000000000000000   0.0000000000000000
       k_ppt55                      1.516451416149492    1.000000000000000   0.0000000000000000
       k_ppt56                      1.615823854986588    1.000000000000000   0.0000000000000000
       k_ppt57                      0.7694149417111806    1.000000000000000   0.0000000000000000
       k_ppt58                      0.7995005770659213    1.000000000000000   0.0000000000000000
       k_ppt59                      1.710027888420849    1.000000000000000   0.0000000000000000
       k_ppt60                      3.668008509024422    1.000000000000000   0.0000000000000000
       k_ppt61                      3.803934534465341    1.000000000000000   0.0000000000000000
       k_ppt62                      2.207241538788820    1.000000000000000   0.0000000000000000
       k_ppt63                      2.455889460893207    1.000000000000000   0.0000000000000000
       k_ppt64                      1.688184070369748    1.000000000000000   0.0000000000000000
       k_ppt65                      1.037779104357335    1.000000000000000   0.0000000000000000
       k_ppt66                      0.7451079537892319    1.000000000000000   0.0000000000000000
       k_ppt67                      1.472312320451475    1.000000000000000   0.0000000000000000
       k_ppt68                      2.165659838438003    1.000000000000000   0.0000000000000000
       k_ppt69                      3.465286954599957    1.000000000000000   0.0000000000000000
       k_ppt70                      2.019966382790926    1.000000000000000   0.0000000000000000
       k_ppt71                      2.046404126344599    1.000000000000000   0.0000000000000000
       k_ppt72                      1.551040526217503    1.000000000000000   0.0000000000000000
       k_ppt73                      1.614329673451862    1.000000000000000   0.0000000000000000
       k_ppt74                      1.470595625860132    1.000000000000000   0.0000000000000000
       k_ppt75                      1.409045601356470    1.000000000000000   0.0000000000000000
       k_ppt76                      1.461397686848570    1.000000000000000   0.0000000000000000
       k_ppt77                      1.508212068791028    1.000000000000000   0.0000000000000000
       k_ppt78                      1.996946095988660    1.000000000000000   0.0000000000000000
       k_ppt79                      1.263398879838181    1.000000000000000   0.0000000000000000
       k_ppt80                      1.307636335239001    1.000000000000000   0.0000000000000000
       k_ppt81                      1.436649243212709    1.000000000000000   0.0000000000000000
       k_ppt82                      0.9296558885987559    1.000000000000000   0.0000000000000000
       k_ppt83                      1.401284344051720    1.000000000000000   0.0000000000000000
       k_ppt84                      0.6882836256496843    1.000000000000000   0.0000000000000000
       k_ppt85                      0.6150202468197802    1.000000000000000   0.0000000000000000
       k_ppt86                      0.9154234592571052    1.000000000000000   0.0000000000000000
       k_ppt87                      1.241772884660150    1.000000000000000   0.0000000000000000
       k_ppt88                      1.135981443598636    1.000000000000000   0.0000000000000000
       k_ppt89                      1.649662554075654    1.000000000000000   0.0000000000000000
       k_ppt90                      1.066157742424521    1.000000000000000   0.0000000000000000
       k_ppt91                      0.6767848004936773    1.000000000000000   0.0000000000000000
       k_ppt92                      0.3884563096270718    1.000000000000000   0.0000000000000000
       k_ppt93                      0.3422939538494194    1.000000000000000   0.0000000000000000
       k_ppt94                      0.5960507445731499    1.000000000000000   0.0000000000000000
       k_ppt95                      0.6410552273660488    1.000000000000000   0.0000000000000000
       k_ppt96                      1.933623130513316    1.000000000000000   0.0000000000000000
       k_ppt97                      0.8308142153370165    1.000000000000000   0.0000000000000000
       k_ppt98                      0.7399361415612389    1.000000000000000   0.0000000000000000
       k_ppt99                      0.4228385812594854    1.000000000000000   0.0000000000000000
      k_ppt100                      0.4383474237723173    1.000000000000000   0.0000000000000000
      k_ppt101                      0.2751710258849024    1.000000000000000   0.0000000000000000
      k_ppt102                      0.6186741785435268    1.000000000000000   0.0000000000000000
      k_ppt103                      0.5024932200211084    1.000000000000000   0.0000000000000000
      k_ppt104                      0.7814373228178866    1.000000000000000   0.0000000000000000
