single point
        k_ppt1                      0.7087372875818757    1.000000000000000   0.0000000000000000
        k_ppt2                      0.9648310093374166    1.000000000000000   0.0000000000000000
        k_ppt3                      1.153460885078965    1.000000000000000   0.0000000000000000
        k_ppt4                      1.660213837602114    1.000000000000000   0.0000000000000000
        k_ppt5                      1.753277184700071    1.000000000000000   0.0000000000000000
        k_ppt6                      0.7991398540605213    1.000000000000000   0.0000000000000000
        k_ppt7                      1.042516267301071    1.000000000000000   0.0000000000000000
        k_ppt8                      1.084789004211386    1.000000000000000   0.0000000000000000
        k_ppt9                      0.6000707266182156    1.000000000000000   0.0000000000000000
       k_ppt10                      0.9284180849375309    1.000000000000000   0.0000000000000000
       k_ppt11                      1.365706568904063    1.000000000000000   0.0000000000000000
       k_ppt12                      1.304371485485444    1.000000000000000   0.0000000000000000
       k_ppt13                      1.929830901766776    1.000000000000000   0.0000000000000000
       k_ppt14                      0.8477958575240762    1.000000000000000   0.0000000000000000
       k_ppt15                      1.170490724821747    1.000000000000000   0.0000000000000000
       k_ppt16                      1.265025897708669    1.000000000000000   0.0000000000000000
       k_ppt17                      1.308184678928404    1.000000000000000   0.0000000000000000
       k_ppt18                      0.8196819615647639    1.000000000000000   0.0000000000000000
       k_ppt19                      1.129669144199722    1.000000000000000   0.0000000000000000
       k_ppt20                      0.9653803280970661    1.000000000000000   0.0000000000000000
       k_ppt21                      1.397535683886801    1.000000000000000   0.0000000000000000
       k_ppt22                      1.172473458973078    1.000000000000000   0.0000000000000000
       k_ppt23                      1.034190258532062    1.000000000000000   0.0000000000000000
       k_ppt24                      1.308159325695194    1.000000000000000   0.0000000000000000
       k_ppt25                      0.9955318412470322    1.000000000000000   0.0000000000000000
       k_ppt26                      0.8313320105846440    1.000000000000000   0.0000000000000000
       k_ppt27                      0.9043991884462860    1.000000000000000   0.0000000000000000
       k_ppt28                      0.8792714577577045    1.000000000000000   0.0000000000000000
       k_ppt29                      0.9890485780505406    1.000000000000000   0.0000000000000000
       k_ppt30                      1.111479748651645    1.000000000000000   0.0000000000000000
       k_ppt31                      0.9082110242139937    1.000000000000000   0.0000000000000000
       k_ppt32                      0.9891441850015267    1.000000000000000   0.0000000000000000
       k_ppt33                      0.7289579878587020    1.000000000000000   0.0000000000000000
       k_ppt34                      0.8069726267766199    1.000000000000000   0.0000000000000000
       k_ppt35                      1.051540988733632    1.000000000000000   0.0000000000000000
       k_ppt36                      0.9004056684313093    1.000000000000000   0.0000000000000000
       k_ppt37                      1.441897100575188    1.000000000000000   0.0000000000000000
       k_ppt38                      1.492558991448822    1.000000000000000   0.0000000000000000
       k_ppt39                      1.907260938809601    1.000000000000000   0.0000000000000000
       k_ppt40                      1.490301271083514    1.000000000000000   0.0000000000000000
       k_ppt41                      0.7103961167632209    1.000000000000000   0.0000000000000000
       k_ppt42                      0.8822284560921457    1.000000000000000   0.0000000000000000
       k_ppt43                      1.045797910495581    1.000000000000000   0.0000000000000000
       k_ppt44                      1.256293107214903    1.000000000000000   0.0000000000000000
       k_ppt45                      1.476554692121041    1.000000000000000   0.0000000000000000
       k_ppt46                      1.509734098453681    1.000000000000000   0.0000000000000000
       k_ppt47                      1.744438429370774    1.000000000000000   0.0000000000000000
       k_ppt48                      1.617060843856698    1.000000000000000   0.0000000000000000
       k_ppt49                      0.6804911382569940    1.000000000000000   0.0000000000000000
       k_ppt50                      1.015593051187653    1.000000000000000   0.0000000000000000
       k_ppt51                      1.606728616980269    1.000000000000000   0.0000000000000000
       k_ppt52                      1.512281331029927    1.000000000000000   0.0000000000000000
       k_ppt53                      2.032760187934728    1.000000000000000   0.0000000000000000
       k_ppt54                      1.975491022364289    1.000000000000000   0.0000000000000000
       k_ppt55                      1.524282449212061    1.000000000000000   0.0000000000000000
       k_ppt56                      1.749256654922480    1.000000000000000   0.0000000000000000
       k_ppt57                      0.8648541222813637    1.000000000000000   0.0000000000000000
       k_ppt58                      0.8345787086733440    1.000000000000000   0.0000000000000000
       k_ppt59                      1.354605562607333    1.000000000000000   0.0000000000000000
       k_ppt60                      2.712885765906577    1.000000000000000   0.0000000000000000
       k_ppt61                      3.054339048542297    1.000000000000000   0.0000000000000000
       k_ppt62                      2.279308629460801    1.000000000000000   0.0000000000000000
       k_ppt63                      2.472345708909214    1.000000000000000   0.0000000000000000
       k_ppt64                      1.765777849874310    1.000000000000000   0.0000000000000000
       k_ppt65                      1.026934151859728    1.000000000000000   0.0000000000000000
       k_ppt66                      0.8961941593129009    1.000000000000000   0.0000000000000000
       k_ppt67                      1.526351446771491    1.000000000000000   0.0000000000000000
       k_ppt68                      1.665695696209803    1.000000000000000   0.0000000000000000
       k_ppt69                      2.863021231541792    1.000000000000000   0.0000000000000000
       k_ppt70                      1.987141340556710    1.000000000000000   0.0000000000000000
       k_ppt71                      2.322750797825172    1.000000000000000   0.0000000000000000
       k_ppt72                      1.621267602381839    1.000000000000000   0.0000000000000000
       k_ppt73                      1.479253392950943    1.000000000000000   0.0000000000000000
       k_ppt74                      1.391336042675007    1.000000000000000   0.0000000000000000
       k_ppt75                      1.380870113111856    1.000000000000000   0.0000000000000000
       k_ppt76                      1.440347294687500    1.000000000000000   0.0000000000000000
       k_ppt77                      1.435101760207145    1.000000000000000   0.0000000000000000
       k_ppt78                      2.090360423841840    1.000000000000000   0.0000000000000000
       k_ppt79                      1.467261420802368    1.000000000000000   0.0000000000000000
       k_ppt80                      1.444968572113584    1.000000000000000   0.0000000000000000
       k_ppt81                      1.126832247115389    1.000000000000000   0.0000000000000000
       k_ppt82                      0.9988307382740549    1.000000000000000   0.0000000000000000
       k_ppt83                      1.328683501314991    1.000000000000000   0.0000000000000000
       k_ppt84                      0.6698746878454088    1.000000000000000   0.0000000000000000
       k_ppt85                      0.6721719857928820    1.000000000000000   0.0000000000000000
       k_ppt86                      0.8991943609242425    1.000000000000000   0.0000000000000000
       k_ppt87                      1.268380077504989    1.000000000000000   0.0000000000000000
       k_ppt88                      1.176450768487887    1.000000000000000   0.0000000000000000
       k_ppt89                      1.544435571641679    1.000000000000000   0.0000000000000000
       k_ppt90                      0.9948366609678945    1.000000000000000   0.0000000000000000
       k_ppt91                      0.7193696669360650    1.000000000000000   0.0000000000000000
       k_ppt92                      0.4264232703862020    1.000000000000000   0.0000000000000000
       k_ppt93                      0.3793382318245643    1.000000000000000   0.0000000000000000
       k_ppt94                      0.6202054684115132    1.000000000000000   0.0000000000000000
       k_ppt95                      0.6718913393357032    1.000000000000000   0.0000000000000000
       k_ppt96                      1.920532610625019    1.000000000000000   0.0000000000000000
       k_ppt97                      0.8089673225781964    1.000000000000000   0.0000000000000000
       k_ppt98                      0.7170852011285871    1.000000000000000   0.0000000000000000
       k_ppt99                      0.4477170098193325    1.000000000000000   0.0000000000000000
      k_ppt100                      0.4626959359531200    1.000000000000000   0.0000000000000000
      k_ppt101                      0.2976146117258476    1.000000000000000   0.0000000000000000
      k_ppt102                      0.5877677577942271    1.000000000000000   0.0000000000000000
      k_ppt103                      0.5706761751482751    1.000000000000000   0.0000000000000000
      k_ppt104                      0.7645368906094246    1.000000000000000   0.0000000000000000
