  single point
        k_ppt1    0.9447083000000000         1.000000         0.000000    
        k_ppt2    0.9542047000000000         1.000000         0.000000    
        k_ppt3    0.9730849000000000         1.000000         0.000000    
        k_ppt4    0.9914574000000000         1.000000         0.000000    
        k_ppt5    0.9960238000000000         1.000000         0.000000    
        k_ppt6    0.9869602000000000         1.000000         0.000000    
        k_ppt7    0.9782414000000000         1.000000         0.000000    
        k_ppt8    0.9814193000000000         1.000000         0.000000    
        k_ppt9    0.9241270000000000         1.000000         0.000000    
       k_ppt10    0.9340414000000000         1.000000         0.000000    
       k_ppt11    0.9609901000000000         1.000000         0.000000    
       k_ppt12    0.9942819000000000         1.000000         0.000000    
       k_ppt13     1.006873000000000         1.000000         0.000000    
       k_ppt14    0.9973955000000000         1.000000         0.000000    
       k_ppt15    0.9894519000000000         1.000000         0.000000    
       k_ppt16    0.9979686000000000         1.000000         0.000000    
       k_ppt17    0.9043171000000000         1.000000         0.000000    
       k_ppt18    0.9099871000000000         1.000000         0.000000    
       k_ppt19    0.9353041000000000         1.000000         0.000000    
       k_ppt20    0.9769065000000000         1.000000         0.000000    
       k_ppt21     1.006766000000000         1.000000         0.000000    
       k_ppt22     1.024175000000000         1.000000         0.000000    
       k_ppt23     1.042205000000000         1.000000         0.000000    
       k_ppt24     1.062568000000000         1.000000         0.000000    
       k_ppt25    0.8978680000000000         1.000000         0.000000    
       k_ppt26    0.9028385000000000         1.000000         0.000000    
       k_ppt27    0.9227996000000000         1.000000         0.000000    
       k_ppt28    0.9507588000000000         1.000000         0.000000    
       k_ppt29     1.008560000000000         1.000000         0.000000    
       k_ppt30     1.098341000000000         1.000000         0.000000    
       k_ppt31     1.173505000000000         1.000000         0.000000    
       k_ppt32     1.201472000000000         1.000000         0.000000    
       k_ppt33    0.9168993000000000         1.000000         0.000000    
       k_ppt34    0.9417913000000000         1.000000         0.000000    
       k_ppt35    0.9892260000000000         1.000000         0.000000    
       k_ppt36     1.050082000000000         1.000000         0.000000    
       k_ppt37     1.150225000000000         1.000000         0.000000    
       k_ppt38     1.278296000000000         1.000000         0.000000    
       k_ppt39     1.361154000000000         1.000000         0.000000    
       k_ppt40     1.363098000000000         1.000000         0.000000    
       k_ppt41    0.9600957000000000         1.000000         0.000000    
       k_ppt42     1.033788000000000         1.000000         0.000000    
       k_ppt43     1.166619000000000         1.000000         0.000000    
       k_ppt44     1.324768000000000         1.000000         0.000000    
       k_ppt45     1.488658000000000         1.000000         0.000000    
       k_ppt46     1.610003000000000         1.000000         0.000000    
       k_ppt47     1.621664000000000         1.000000         0.000000    
       k_ppt48     1.542126000000000         1.000000         0.000000    
       k_ppt49     1.009827000000000         1.000000         0.000000    
       k_ppt50     1.141432000000000         1.000000         0.000000    
       k_ppt51     1.407040000000000         1.000000         0.000000    
       k_ppt52     1.766917000000000         1.000000         0.000000    
       k_ppt53     2.016884000000000         1.000000         0.000000    
       k_ppt54     2.025290000000000         1.000000         0.000000    
       k_ppt55     1.894864000000000         1.000000         0.000000    
       k_ppt56     1.699761000000000         1.000000         0.000000    
       k_ppt57     1.057659000000000         1.000000         0.000000    
       k_ppt58     1.206303000000000         1.000000         0.000000    
       k_ppt59     1.539443000000000         1.000000         0.000000    
       k_ppt60     2.007601000000000         1.000000         0.000000    
       k_ppt61     2.294578000000000         1.000000         0.000000    
       k_ppt62     2.204432000000000         1.000000         0.000000    
       k_ppt63     1.962505000000000         1.000000         0.000000    
       k_ppt64     1.712944000000000         1.000000         0.000000    
       k_ppt65     1.146682000000000         1.000000         0.000000    
       k_ppt66     1.240786000000000         1.000000         0.000000    
       k_ppt67     1.460477000000000         1.000000         0.000000    
       k_ppt68     1.789852000000000         1.000000         0.000000    
       k_ppt69     2.005016000000000         1.000000         0.000000    
       k_ppt70     1.923202000000000         1.000000         0.000000    
       k_ppt71     1.748782000000000         1.000000         0.000000    
       k_ppt72     1.568221000000000         1.000000         0.000000    
       k_ppt73     1.309006000000000         1.000000         0.000000    
       k_ppt74     1.308774000000000         1.000000         0.000000    
       k_ppt75     1.254769000000000         1.000000         0.000000    
       k_ppt76     1.250665000000000         1.000000         0.000000    
       k_ppt77     1.324720000000000         1.000000         0.000000    
       k_ppt78     1.392150000000000         1.000000         0.000000    
       k_ppt79     1.394545000000000         1.000000         0.000000    
       k_ppt80     1.339399000000000         1.000000         0.000000    
       k_ppt81     1.271662000000000         1.000000         0.000000    
       k_ppt82     1.193077000000000         1.000000         0.000000    
       k_ppt83     1.020589000000000         1.000000         0.000000    
       k_ppt84    0.9156379000000000         1.000000         0.000000    
       k_ppt85    0.9073530000000000         1.000000         0.000000    
       k_ppt86    0.9591370000000000         1.000000         0.000000    
       k_ppt87     1.025506000000000         1.000000         0.000000    
       k_ppt88     1.059603000000000         1.000000         0.000000    
       k_ppt89     1.041052000000000         1.000000         0.000000    
       k_ppt90    0.9322630000000000         1.000000         0.000000    
       k_ppt91    0.7770110000000000         1.000000         0.000000    
       k_ppt92    0.6830048000000000         1.000000         0.000000    
       k_ppt93    0.6548711000000000         1.000000         0.000000    
       k_ppt94    0.6764911000000000         1.000000         0.000000    
       k_ppt95    0.7396264000000000         1.000000         0.000000    
       k_ppt96    0.8072826000000000         1.000000         0.000000    
       k_ppt97    0.7900555000000000         1.000000         0.000000    
       k_ppt98    0.6916154000000000         1.000000         0.000000    
       k_ppt99    0.6004110000000000         1.000000         0.000000    
      k_ppt100    0.5251184000000000         1.000000         0.000000    
      k_ppt101    0.5020561000000000         1.000000         0.000000    
      k_ppt102    0.5273873000000000         1.000000         0.000000    
      k_ppt103    0.5733250000000000         1.000000         0.000000    
      k_ppt104    0.6431446000000000         1.000000         0.000000    
