 single point
 k_ppt1                1.894232        1.000000        0.000000    
 k_ppt2                1.649828        1.000000        0.000000    
 k_ppt3               0.3005884        1.000000        0.000000    
 k_ppt4               0.3166995        1.000000        0.000000    
 k_ppt5               0.5118338        1.000000        0.000000    
 k_ppt6               0.5843008        1.000000        0.000000    
 k_ppt7               0.3270168        1.000000        0.000000    
 k_ppt8               0.2072220        1.000000        0.000000    
 k_ppt9                2.152261        1.000000        0.000000    
 k_ppt10              0.2860324        1.000000        0.000000    
 k_ppt11              0.9991614        1.000000        0.000000    
 k_ppt12              0.7800944        1.000000        0.000000    
 k_ppt13              0.8154536        1.000000        0.000000    
 k_ppt14              0.9987878        1.000000        0.000000    
 k_ppt15              0.5173644        1.000000        0.000000    
 k_ppt16              0.2328357        1.000000        0.000000    
 k_ppt17              0.3868462        1.000000        0.000000    
 k_ppt18              0.8203921        1.000000        0.000000    
 k_ppt19              0.4976065        1.000000        0.000000    
 k_ppt20               1.236762        1.000000        0.000000    
 k_ppt21               1.609930        1.000000        0.000000    
 k_ppt22               1.428631        1.000000        0.000000    
 k_ppt23              0.6195378        1.000000        0.000000    
 k_ppt24              0.3514809        1.000000        0.000000    
 k_ppt25               1.008935        1.000000        0.000000    
 k_ppt26              0.7333750        1.000000        0.000000    
 k_ppt27              0.9762011        1.000000        0.000000    
 k_ppt28               2.039690        1.000000        0.000000    
 k_ppt29               1.936799        1.000000        0.000000    
 k_ppt30              0.9287433        1.000000        0.000000    
 k_ppt31               1.082376        1.000000        0.000000    
 k_ppt32               1.059101        1.000000        0.000000    
 k_ppt33               1.647531        1.000000        0.000000    
 k_ppt34              0.6335360        1.000000        0.000000    
 k_ppt35              0.8090086        1.000000        0.000000    
 k_ppt36               2.063883        1.000000        0.000000    
 k_ppt37               1.860073        1.000000        0.000000    
 k_ppt38               1.311205        1.000000        0.000000    
 k_ppt39              0.9438142        1.000000        0.000000    
 k_ppt40              0.4305978        1.000000        0.000000    
 k_ppt41               2.427529        1.000000        0.000000    
 k_ppt42              0.3864749        1.000000        0.000000    
 k_ppt43              0.6636652        1.000000        0.000000    
 k_ppt44               1.463222        1.000000        0.000000    
 k_ppt45               1.098057        1.000000        0.000000    
 k_ppt46               2.262404        1.000000        0.000000    
 k_ppt47               1.989649        1.000000        0.000000    
 k_ppt48              0.7736101        1.000000        0.000000    
 k_ppt49              0.8997592        1.000000        0.000000    
 k_ppt50              0.3584326        1.000000        0.000000    
 k_ppt51               1.255277        1.000000        0.000000    
 k_ppt52               4.447131        1.000000        0.000000    
 k_ppt53               4.933867        1.000000        0.000000    
 k_ppt54               3.356909        1.000000        0.000000    
 k_ppt55               1.949250        1.000000        0.000000    
 k_ppt56              0.8222501        1.000000        0.000000    
 k_ppt57               2.004193        1.000000        0.000000    
 k_ppt58               1.466053        1.000000        0.000000    
 k_ppt59              0.8091853        1.000000        0.000000    
 k_ppt60               2.566231        1.000000        0.000000    
 k_ppt61               3.405175        1.000000        0.000000    
 k_ppt62               4.094297        1.000000        0.000000    
 k_ppt63              0.7724242        1.000000        0.000000    
 k_ppt64               1.228651        1.000000        0.000000    
 k_ppt65               1.049703        1.000000        0.000000    
 k_ppt66               1.218081        1.000000        0.000000    
 k_ppt67               1.938199        1.000000        0.000000    
 k_ppt68               2.134933        1.000000        0.000000    
 k_ppt69               3.296854        1.000000        0.000000    
 k_ppt70              0.9143795        1.000000        0.000000    
 k_ppt71               1.910753        1.000000        0.000000    
 k_ppt72               2.073900        1.000000        0.000000    
 k_ppt73               2.015959        1.000000        0.000000    
 k_ppt74               2.055977        1.000000        0.000000    
 k_ppt75               1.920638        1.000000        0.000000    
 k_ppt76               2.418949        1.000000        0.000000    
 k_ppt77               1.399570        1.000000        0.000000    
 k_ppt78              0.7530010        1.000000        0.000000    
 k_ppt79              0.6288862        1.000000        0.000000    
 k_ppt80              0.9702986        1.000000        0.000000    
 k_ppt81               1.466057        1.000000        0.000000    
 k_ppt82               1.145006        1.000000        0.000000    
 k_ppt83               1.325212        1.000000        0.000000    
 k_ppt84              0.8660930        1.000000        0.000000    
 k_ppt85              0.9557747        1.000000        0.000000    
 k_ppt86               1.363861        1.000000        0.000000    
 k_ppt87               1.470394        1.000000        0.000000    
 k_ppt88               1.174069        1.000000        0.000000    
 k_ppt89              0.9360055        1.000000        0.000000    
 k_ppt90              0.9127555        1.000000        0.000000    
 k_ppt91               1.424942        1.000000        0.000000    
 k_ppt92              0.4542198        1.000000        0.000000    
 k_ppt93              0.6075670        1.000000        0.000000    
 k_ppt94              0.2777377        1.000000        0.000000    
 k_ppt95              0.4608869        1.000000        0.000000    
 k_ppt96               1.402723        1.000000        0.000000    
 k_ppt97              0.5944303        1.000000        0.000000    
 k_ppt98               1.213003        1.000000        0.000000    
 k_ppt99               1.813612        1.000000        0.000000    
 k_ppt100             0.3196548        1.000000        0.000000    
 k_ppt101             0.4656647        1.000000        0.000000    
 k_ppt102             0.6900813        1.000000        0.000000    
 k_ppt103             0.3812975        1.000000        0.000000    
 k_ppt104             0.4168398        1.000000        0.000000    
