 single point
 k_ppt1                2.922528        1.000000        0.000000    
 k_ppt2                2.259067        1.000000        0.000000    
 k_ppt3                4.130786        1.000000        0.000000    
 k_ppt4                4.558397        1.000000        0.000000    
 k_ppt5                3.809989        1.000000        0.000000    
 k_ppt6               0.5555187        1.000000        0.000000    
 k_ppt7               0.8877556        1.000000        0.000000    
 k_ppt8               0.2383752        1.000000        0.000000    
 k_ppt9                1.671953        1.000000        0.000000    
 k_ppt10              0.8404232        1.000000        0.000000    
 k_ppt11               1.462710        1.000000        0.000000    
 k_ppt12               3.523383        1.000000        0.000000    
 k_ppt13               2.194452        1.000000        0.000000    
 k_ppt14               1.566251        1.000000        0.000000    
 k_ppt15               1.866226        1.000000        0.000000    
 k_ppt16              0.6064140        1.000000        0.000000    
 k_ppt17              0.4988908        1.000000        0.000000    
 k_ppt18              0.6509171        1.000000        0.000000    
 k_ppt19               3.539416        1.000000        0.000000    
 k_ppt20               6.581767        1.000000        0.000000    
 k_ppt21               5.435075        1.000000        0.000000    
 k_ppt22               1.116700        1.000000        0.000000    
 k_ppt23              0.3451086        1.000000        0.000000    
 k_ppt24              0.5002343        1.000000        0.000000    
 k_ppt25              0.8176226        1.000000        0.000000    
 k_ppt26              0.7804379        1.000000        0.000000    
 k_ppt27               3.024023        1.000000        0.000000    
 k_ppt28               2.160305        1.000000        0.000000    
 k_ppt29               1.993141        1.000000        0.000000    
 k_ppt30               1.201781        1.000000        0.000000    
 k_ppt31              0.5993075        1.000000        0.000000    
 k_ppt32              0.6614614        1.000000        0.000000    
 k_ppt33              0.2177809        1.000000        0.000000    
 k_ppt34              0.6428700        1.000000        0.000000    
 k_ppt35               2.538122        1.000000        0.000000    
 k_ppt36               2.157363        1.000000        0.000000    
 k_ppt37               1.866229        1.000000        0.000000    
 k_ppt38              0.9452080        1.000000        0.000000    
 k_ppt39               1.385538        1.000000        0.000000    
 k_ppt40              0.7904960        1.000000        0.000000    
 k_ppt41              0.5457285        1.000000        0.000000    
 k_ppt42               2.624889        1.000000        0.000000    
 k_ppt43               1.951813        1.000000        0.000000    
 k_ppt44               1.049949        1.000000        0.000000    
 k_ppt45               1.480040        1.000000        0.000000    
 k_ppt46              0.8057179        1.000000        0.000000    
 k_ppt47               1.953011        1.000000        0.000000    
 k_ppt48               1.900332        1.000000        0.000000    
 k_ppt49              0.6998170        1.000000        0.000000    
 k_ppt50              0.7478508        1.000000        0.000000    
 k_ppt51               2.387831        1.000000        0.000000    
 k_ppt52               2.123464        1.000000        0.000000    
 k_ppt53               2.799260        1.000000        0.000000    
 k_ppt54               2.616546        1.000000        0.000000    
 k_ppt55               1.010435        1.000000        0.000000    
 k_ppt56               1.920339        1.000000        0.000000    
 k_ppt57              0.5870459        1.000000        0.000000    
 k_ppt58              0.8878883        1.000000        0.000000    
 k_ppt59               2.620400        1.000000        0.000000    
 k_ppt60               3.724437        1.000000        0.000000    
 k_ppt61               3.660005        1.000000        0.000000    
 k_ppt62               1.262882        1.000000        0.000000    
 k_ppt63               1.377662        1.000000        0.000000    
 k_ppt64              0.6151231        1.000000        0.000000    
 k_ppt65               1.304071        1.000000        0.000000    
 k_ppt66               3.593841        1.000000        0.000000    
 k_ppt67               4.433027        1.000000        0.000000    
 k_ppt68               2.834710        1.000000        0.000000    
 k_ppt69               1.512884        1.000000        0.000000    
 k_ppt70              0.4568687        1.000000        0.000000    
 k_ppt71              0.7721218        1.000000        0.000000    
 k_ppt72               1.717753        1.000000        0.000000    
 k_ppt73               1.184126        1.000000        0.000000    
 k_ppt74               3.901515        1.000000        0.000000    
 k_ppt75               1.591226        1.000000        0.000000    
 k_ppt76               1.495921        1.000000        0.000000    
 k_ppt77               1.038031        1.000000        0.000000    
 k_ppt78              0.5889569        1.000000        0.000000    
 k_ppt79               1.032931        1.000000        0.000000    
 k_ppt80               2.406198        1.000000        0.000000    
 k_ppt81               1.055159        1.000000        0.000000    
 k_ppt82              0.9852356        1.000000        0.000000    
 k_ppt83               1.327929        1.000000        0.000000    
 k_ppt84              0.7877626        1.000000        0.000000    
 k_ppt85              0.6255020        1.000000        0.000000    
 k_ppt86              0.7057334        1.000000        0.000000    
 k_ppt87              0.8346793        1.000000        0.000000    
 k_ppt88               1.842163        1.000000        0.000000    
 k_ppt89              0.3530939        1.000000        0.000000    
 k_ppt90               1.082153        1.000000        0.000000    
 k_ppt91               1.750095        1.000000        0.000000    
 k_ppt92               1.380300        1.000000        0.000000    
 k_ppt93               1.251246        1.000000        0.000000    
 k_ppt94              0.3662620        1.000000        0.000000    
 k_ppt95              0.3986642        1.000000        0.000000    
 k_ppt96              0.6084826        1.000000        0.000000    
 k_ppt97              0.7623484        1.000000        0.000000    
 k_ppt98              0.8410932        1.000000        0.000000    
 k_ppt99               1.109994        1.000000        0.000000    
 k_ppt100             0.3662146        1.000000        0.000000    
 k_ppt101             0.4937328        1.000000        0.000000    
 k_ppt102             0.5302135        1.000000        0.000000    
 k_ppt103             0.6536699        1.000000        0.000000    
 k_ppt104             0.5775437        1.000000        0.000000    
