 single point
 k_ppt1               0.3682041        1.000000        0.000000    
 k_ppt2               0.7850756        1.000000        0.000000    
 k_ppt3                1.107159        1.000000        0.000000    
 k_ppt4                2.458497        1.000000        0.000000    
 k_ppt5                3.181430        1.000000        0.000000    
 k_ppt6                3.018139        1.000000        0.000000    
 k_ppt7               0.9004707        1.000000        0.000000    
 k_ppt8                4.087808        1.000000        0.000000    
 k_ppt9               0.3426364        1.000000        0.000000    
 k_ppt10              0.3953443        1.000000        0.000000    
 k_ppt11               1.909743        1.000000        0.000000    
 k_ppt12               3.272809        1.000000        0.000000    
 k_ppt13               1.977960        1.000000        0.000000    
 k_ppt14               1.976652        1.000000        0.000000    
 k_ppt15               2.683520        1.000000        0.000000    
 k_ppt16               4.842092        1.000000        0.000000    
 k_ppt17              0.8199542        1.000000        0.000000    
 k_ppt18              0.6990900        1.000000        0.000000    
 k_ppt19               1.022971        1.000000        0.000000    
 k_ppt20               1.179607        1.000000        0.000000    
 k_ppt21               1.955161        1.000000        0.000000    
 k_ppt22               1.413270        1.000000        0.000000    
 k_ppt23               2.053456        1.000000        0.000000    
 k_ppt24               1.942001        1.000000        0.000000    
 k_ppt25              0.6217372        1.000000        0.000000    
 k_ppt26              0.9157129        1.000000        0.000000    
 k_ppt27               1.083164        1.000000        0.000000    
 k_ppt28              0.8601728        1.000000        0.000000    
 k_ppt29               3.393276        1.000000        0.000000    
 k_ppt30               2.770211        1.000000        0.000000    
 k_ppt31               1.848885        1.000000        0.000000    
 k_ppt32               1.061356        1.000000        0.000000    
 k_ppt33              0.2978500        1.000000        0.000000    
 k_ppt34              0.5111936        1.000000        0.000000    
 k_ppt35              0.3703898        1.000000        0.000000    
 k_ppt36               2.202923        1.000000        0.000000    
 k_ppt37               1.104115        1.000000        0.000000    
 k_ppt38               2.465392        1.000000        0.000000    
 k_ppt39               2.837301        1.000000        0.000000    
 k_ppt40               1.422740        1.000000        0.000000    
 k_ppt41              0.9187736        1.000000        0.000000    
 k_ppt42               1.201402        1.000000        0.000000    
 k_ppt43              0.9319460        1.000000        0.000000    
 k_ppt44               1.625515        1.000000        0.000000    
 k_ppt45               1.793915        1.000000        0.000000    
 k_ppt46               2.129052        1.000000        0.000000    
 k_ppt47               2.344347        1.000000        0.000000    
 k_ppt48              0.5027452        1.000000        0.000000    
 k_ppt49              0.7809090        1.000000        0.000000    
 k_ppt50              0.6880878        1.000000        0.000000    
 k_ppt51               2.295023        1.000000        0.000000    
 k_ppt52               4.796256        1.000000        0.000000    
 k_ppt53               4.052953        1.000000        0.000000    
 k_ppt54               4.292476        1.000000        0.000000    
 k_ppt55               1.670366        1.000000        0.000000    
 k_ppt56              0.7282973        1.000000        0.000000    
 k_ppt57              0.4856415        1.000000        0.000000    
 k_ppt58              0.5845186        1.000000        0.000000    
 k_ppt59               2.003525        1.000000        0.000000    
 k_ppt60               3.925757        1.000000        0.000000    
 k_ppt61               4.531294        1.000000        0.000000    
 k_ppt62               3.790681        1.000000        0.000000    
 k_ppt63               1.534757        1.000000        0.000000    
 k_ppt64              0.8860420        1.000000        0.000000    
 k_ppt65              0.7724990        1.000000        0.000000    
 k_ppt66              0.3572564        1.000000        0.000000    
 k_ppt67               1.393800        1.000000        0.000000    
 k_ppt68               1.333977        1.000000        0.000000    
 k_ppt69              0.9540786        1.000000        0.000000    
 k_ppt70               3.410545        1.000000        0.000000    
 k_ppt71               2.712442        1.000000        0.000000    
 k_ppt72               1.608107        1.000000        0.000000    
 k_ppt73              0.8460634        1.000000        0.000000    
 k_ppt74               1.104204        1.000000        0.000000    
 k_ppt75              0.6386584        1.000000        0.000000    
 k_ppt76              0.5702687        1.000000        0.000000    
 k_ppt77              0.9731250        1.000000        0.000000    
 k_ppt78               1.926998        1.000000        0.000000    
 k_ppt79               3.295357        1.000000        0.000000    
 k_ppt80               2.039912        1.000000        0.000000    
 k_ppt81              0.5316954        1.000000        0.000000    
 k_ppt82              0.7793488        1.000000        0.000000    
 k_ppt83              0.6552877        1.000000        0.000000    
 k_ppt84              0.8362458        1.000000        0.000000    
 k_ppt85               1.146991        1.000000        0.000000    
 k_ppt86              0.6976197        1.000000        0.000000    
 k_ppt87               1.002922        1.000000        0.000000    
 k_ppt88               1.094533        1.000000        0.000000    
 k_ppt89              0.9657896        1.000000        0.000000    
 k_ppt90               1.059860        1.000000        0.000000    
 k_ppt91               2.284915        1.000000        0.000000    
 k_ppt92              0.5747806        1.000000        0.000000    
 k_ppt93               2.364489        1.000000        0.000000    
 k_ppt94              0.9165481        1.000000        0.000000    
 k_ppt95              0.8724386        1.000000        0.000000    
 k_ppt96               1.041774        1.000000        0.000000    
 k_ppt97              0.4477015        1.000000        0.000000    
 k_ppt98              0.6076590        1.000000        0.000000    
 k_ppt99              0.2913710        1.000000        0.000000    
 k_ppt100             0.8406033        1.000000        0.000000    
 k_ppt101             0.5467634        1.000000        0.000000    
 k_ppt102              1.281288        1.000000        0.000000    
 k_ppt103              1.206056        1.000000        0.000000    
 k_ppt104             0.2832350        1.000000        0.000000    
