 single point
 k_ppt1               0.7345359        1.000000        0.000000    
 k_ppt2               0.9167884        1.000000        0.000000    
 k_ppt3               0.4729298        1.000000        0.000000    
 k_ppt4               0.2638179        1.000000        0.000000    
 k_ppt5               0.3455649        1.000000        0.000000    
 k_ppt6               0.6885751        1.000000        0.000000    
 k_ppt7                2.431978        1.000000        0.000000    
 k_ppt8                1.772770        1.000000        0.000000    
 k_ppt9               0.3698928        1.000000        0.000000    
 k_ppt10              0.4320819        1.000000        0.000000    
 k_ppt11              0.5103212        1.000000        0.000000    
 k_ppt12              0.4935498        1.000000        0.000000    
 k_ppt13              0.9562529        1.000000        0.000000    
 k_ppt14              0.7965161        1.000000        0.000000    
 k_ppt15               1.228780        1.000000        0.000000    
 k_ppt16              0.7212222        1.000000        0.000000    
 k_ppt17              0.3932229        1.000000        0.000000    
 k_ppt18              0.6776296        1.000000        0.000000    
 k_ppt19              0.6303917        1.000000        0.000000    
 k_ppt20              0.5134170        1.000000        0.000000    
 k_ppt21              0.9933848        1.000000        0.000000    
 k_ppt22               1.412161        1.000000        0.000000    
 k_ppt23              0.6191818        1.000000        0.000000    
 k_ppt24               1.237837        1.000000        0.000000    
 k_ppt25              0.4077538        1.000000        0.000000    
 k_ppt26              0.5781572        1.000000        0.000000    
 k_ppt27              0.9392756        1.000000        0.000000    
 k_ppt28              0.6496145        1.000000        0.000000    
 k_ppt29              0.9367635        1.000000        0.000000    
 k_ppt30              0.9184415        1.000000        0.000000    
 k_ppt31              0.8173776        1.000000        0.000000    
 k_ppt32               1.089449        1.000000        0.000000    
 k_ppt33               1.058275        1.000000        0.000000    
 k_ppt34              0.7649642        1.000000        0.000000    
 k_ppt35              0.6895637        1.000000        0.000000    
 k_ppt36              0.6879965        1.000000        0.000000    
 k_ppt37               1.351299        1.000000        0.000000    
 k_ppt38               1.705374        1.000000        0.000000    
 k_ppt39               1.541508        1.000000        0.000000    
 k_ppt40               2.089312        1.000000        0.000000    
 k_ppt41               1.101825        1.000000        0.000000    
 k_ppt42               1.755328        1.000000        0.000000    
 k_ppt43               1.749112        1.000000        0.000000    
 k_ppt44               1.149361        1.000000        0.000000    
 k_ppt45              0.7617531        1.000000        0.000000    
 k_ppt46              0.8263783        1.000000        0.000000    
 k_ppt47               2.218228        1.000000        0.000000    
 k_ppt48               1.914126        1.000000        0.000000    
 k_ppt49               1.306960        1.000000        0.000000    
 k_ppt50               2.337949        1.000000        0.000000    
 k_ppt51               4.463896        1.000000        0.000000    
 k_ppt52               3.160712        1.000000        0.000000    
 k_ppt53               1.530406        1.000000        0.000000    
 k_ppt54               1.951034        1.000000        0.000000    
 k_ppt55               1.715152        1.000000        0.000000    
 k_ppt56               2.167134        1.000000        0.000000    
 k_ppt57              0.6981749        1.000000        0.000000    
 k_ppt58              0.7107725        1.000000        0.000000    
 k_ppt59               2.704261        1.000000        0.000000    
 k_ppt60               3.702087        1.000000        0.000000    
 k_ppt61               2.638342        1.000000        0.000000    
 k_ppt62               1.564788        1.000000        0.000000    
 k_ppt63               1.209060        1.000000        0.000000    
 k_ppt64               1.241281        1.000000        0.000000    
 k_ppt65               1.933181        1.000000        0.000000    
 k_ppt66               1.567881        1.000000        0.000000    
 k_ppt67               1.600022        1.000000        0.000000    
 k_ppt68               2.154245        1.000000        0.000000    
 k_ppt69               2.302918        1.000000        0.000000    
 k_ppt70              0.9106528        1.000000        0.000000    
 k_ppt71               3.090995        1.000000        0.000000    
 k_ppt72               1.604706        1.000000        0.000000    
 k_ppt73              0.7760680        1.000000        0.000000    
 k_ppt74              0.7029619        1.000000        0.000000    
 k_ppt75              0.8661656        1.000000        0.000000    
 k_ppt76              0.3403663        1.000000        0.000000    
 k_ppt77              0.6538830        1.000000        0.000000    
 k_ppt78               1.265767        1.000000        0.000000    
 k_ppt79               1.773370        1.000000        0.000000    
 k_ppt80               1.579717        1.000000        0.000000    
 k_ppt81              0.9403256        1.000000        0.000000    
 k_ppt82              0.5846299        1.000000        0.000000    
 k_ppt83               1.357627        1.000000        0.000000    
 k_ppt84              0.9092575        1.000000        0.000000    
 k_ppt85               1.160685        1.000000        0.000000    
 k_ppt86              0.5479012        1.000000        0.000000    
 k_ppt87               1.725519        1.000000        0.000000    
 k_ppt88               1.369128        1.000000        0.000000    
 k_ppt89               1.826990        1.000000        0.000000    
 k_ppt90              0.8190513        1.000000        0.000000    
 k_ppt91              0.5214930        1.000000        0.000000    
 k_ppt92              0.4154678        1.000000        0.000000    
 k_ppt93              0.7487785        1.000000        0.000000    
 k_ppt94              0.8561712        1.000000        0.000000    
 k_ppt95               1.400335        1.000000        0.000000    
 k_ppt96               1.109899        1.000000        0.000000    
 k_ppt97               1.090171        1.000000        0.000000    
 k_ppt98              0.3174277        1.000000        0.000000    
 k_ppt99              0.3328183        1.000000        0.000000    
 k_ppt100             0.5169156        1.000000        0.000000    
 k_ppt101             0.8032847        1.000000        0.000000    
 k_ppt102             0.3855102        1.000000        0.000000    
 k_ppt103             0.6832850        1.000000        0.000000    
 k_ppt104              1.414147        1.000000        0.000000    
