 single point
 k_ppt1               0.5560046        1.000000        0.000000    
 k_ppt2               0.2696286        1.000000        0.000000    
 k_ppt3               0.5737303        1.000000        0.000000    
 k_ppt4                1.361092        1.000000        0.000000    
 k_ppt5                1.510960        1.000000        0.000000    
 k_ppt6                1.924724        1.000000        0.000000    
 k_ppt7               0.8772046        1.000000        0.000000    
 k_ppt8               0.9977108        1.000000        0.000000    
 k_ppt9                1.221995        1.000000        0.000000    
 k_ppt10               1.085728        1.000000        0.000000    
 k_ppt11              0.2710396        1.000000        0.000000    
 k_ppt12              0.7579217        1.000000        0.000000    
 k_ppt13               1.289543        1.000000        0.000000    
 k_ppt14               2.929769        1.000000        0.000000    
 k_ppt15               2.252929        1.000000        0.000000    
 k_ppt16               1.805624        1.000000        0.000000    
 k_ppt17              0.2323244        1.000000        0.000000    
 k_ppt18              0.3717783        1.000000        0.000000    
 k_ppt19              0.4307490        1.000000        0.000000    
 k_ppt20              0.5907445        1.000000        0.000000    
 k_ppt21               1.359537        1.000000        0.000000    
 k_ppt22               3.212041        1.000000        0.000000    
 k_ppt23               1.659871        1.000000        0.000000    
 k_ppt24               2.842668        1.000000        0.000000    
 k_ppt25               1.227928        1.000000        0.000000    
 k_ppt26              0.4286009        1.000000        0.000000    
 k_ppt27              0.3078949        1.000000        0.000000    
 k_ppt28              0.9007166        1.000000        0.000000    
 k_ppt29              0.8591449        1.000000        0.000000    
 k_ppt30               2.653756        1.000000        0.000000    
 k_ppt31               1.717728        1.000000        0.000000    
 k_ppt32               3.771252        1.000000        0.000000    
 k_ppt33               1.920420        1.000000        0.000000    
 k_ppt34              0.5129945        1.000000        0.000000    
 k_ppt35              0.3542089        1.000000        0.000000    
 k_ppt36              0.9868752        1.000000        0.000000    
 k_ppt37              0.6353981        1.000000        0.000000    
 k_ppt38               1.598631        1.000000        0.000000    
 k_ppt39               1.883008        1.000000        0.000000    
 k_ppt40               1.349600        1.000000        0.000000    
 k_ppt41               1.436306        1.000000        0.000000    
 k_ppt42              0.7161532        1.000000        0.000000    
 k_ppt43               1.042734        1.000000        0.000000    
 k_ppt44              0.9038987        1.000000        0.000000    
 k_ppt45              0.9173024        1.000000        0.000000    
 k_ppt46               1.731951        1.000000        0.000000    
 k_ppt47               1.367779        1.000000        0.000000    
 k_ppt48               2.211931        1.000000        0.000000    
 k_ppt49              0.7992874        1.000000        0.000000    
 k_ppt50              0.5146628        1.000000        0.000000    
 k_ppt51               1.269107        1.000000        0.000000    
 k_ppt52              0.8330847        1.000000        0.000000    
 k_ppt53              0.6762196        1.000000        0.000000    
 k_ppt54               2.887545        1.000000        0.000000    
 k_ppt55               2.795341        1.000000        0.000000    
 k_ppt56               2.829882        1.000000        0.000000    
 k_ppt57              0.8168779        1.000000        0.000000    
 k_ppt58               2.022735        1.000000        0.000000    
 k_ppt59               2.414769        1.000000        0.000000    
 k_ppt60               2.038753        1.000000        0.000000    
 k_ppt61               3.217938        1.000000        0.000000    
 k_ppt62               3.118077        1.000000        0.000000    
 k_ppt63               4.232622        1.000000        0.000000    
 k_ppt64               2.352805        1.000000        0.000000    
 k_ppt65               1.228285        1.000000        0.000000    
 k_ppt66               1.743234        1.000000        0.000000    
 k_ppt67              0.8896585        1.000000        0.000000    
 k_ppt68               1.256057        1.000000        0.000000    
 k_ppt69               1.350024        1.000000        0.000000    
 k_ppt70               1.169291        1.000000        0.000000    
 k_ppt71               3.061000        1.000000        0.000000    
 k_ppt72              0.7457561        1.000000        0.000000    
 k_ppt73               2.975416        1.000000        0.000000    
 k_ppt74               2.028360        1.000000        0.000000    
 k_ppt75               1.407593        1.000000        0.000000    
 k_ppt76              0.7500487        1.000000        0.000000    
 k_ppt77              0.7485581        1.000000        0.000000    
 k_ppt78               1.524025        1.000000        0.000000    
 k_ppt79              0.8201478        1.000000        0.000000    
 k_ppt80              0.9661975        1.000000        0.000000    
 k_ppt81              0.8836024        1.000000        0.000000    
 k_ppt82              0.5947183        1.000000        0.000000    
 k_ppt83              0.4969128        1.000000        0.000000    
 k_ppt84               1.598489        1.000000        0.000000    
 k_ppt85              0.5787977        1.000000        0.000000    
 k_ppt86              0.8209580        1.000000        0.000000    
 k_ppt87               1.425809        1.000000        0.000000    
 k_ppt88               1.786913        1.000000        0.000000    
 k_ppt89              0.4435795        1.000000        0.000000    
 k_ppt90              0.5505902        1.000000        0.000000    
 k_ppt91               1.116754        1.000000        0.000000    
 k_ppt92               1.164408        1.000000        0.000000    
 k_ppt93               1.703642        1.000000        0.000000    
 k_ppt94              0.5843566        1.000000        0.000000    
 k_ppt95               1.412200        1.000000        0.000000    
 k_ppt96               1.181564        1.000000        0.000000    
 k_ppt97              0.5591162        1.000000        0.000000    
 k_ppt98              0.2975342        1.000000        0.000000    
 k_ppt99              0.6699960        1.000000        0.000000    
 k_ppt100             0.2546951        1.000000        0.000000    
 k_ppt101              1.300119        1.000000        0.000000    
 k_ppt102              1.491941        1.000000        0.000000    
 k_ppt103             0.3847725        1.000000        0.000000    
 k_ppt104             0.8157846        1.000000        0.000000    
