 single point
 k_ppt1                1.783409        1.000000        0.000000    
 k_ppt2                1.185239        1.000000        0.000000    
 k_ppt3               0.4101863        1.000000        0.000000    
 k_ppt4               0.7673586        1.000000        0.000000    
 k_ppt5                1.156968        1.000000        0.000000    
 k_ppt6                1.226590        1.000000        0.000000    
 k_ppt7               0.4942801        1.000000        0.000000    
 k_ppt8               0.5721220        1.000000        0.000000    
 k_ppt9                2.945390        1.000000        0.000000    
 k_ppt10              0.5153857        1.000000        0.000000    
 k_ppt11              0.2684176        1.000000        0.000000    
 k_ppt12               1.449253        1.000000        0.000000    
 k_ppt13              0.7713024        1.000000        0.000000    
 k_ppt14              0.7940408        1.000000        0.000000    
 k_ppt15              0.2420775        1.000000        0.000000    
 k_ppt16              0.3782255        1.000000        0.000000    
 k_ppt17               3.401446        1.000000        0.000000    
 k_ppt18               1.385139        1.000000        0.000000    
 k_ppt19              0.4150960        1.000000        0.000000    
 k_ppt20              0.7062893        1.000000        0.000000    
 k_ppt21              0.4232009        1.000000        0.000000    
 k_ppt22              0.3066709        1.000000        0.000000    
 k_ppt23              0.3190567        1.000000        0.000000    
 k_ppt24              0.4288039        1.000000        0.000000    
 k_ppt25               1.899091        1.000000        0.000000    
 k_ppt26               1.588535        1.000000        0.000000    
 k_ppt27              0.6366262        1.000000        0.000000    
 k_ppt28              0.4214257        1.000000        0.000000    
 k_ppt29               1.345952        1.000000        0.000000    
 k_ppt30              0.5322996        1.000000        0.000000    
 k_ppt31              0.9329041        1.000000        0.000000    
 k_ppt32              0.5421196        1.000000        0.000000    
 k_ppt33              0.7961695        1.000000        0.000000    
 k_ppt34              0.9252610        1.000000        0.000000    
 k_ppt35               1.923557        1.000000        0.000000    
 k_ppt36               1.046481        1.000000        0.000000    
 k_ppt37               1.744832        1.000000        0.000000    
 k_ppt38              0.5320732        1.000000        0.000000    
 k_ppt39               2.047319        1.000000        0.000000    
 k_ppt40              0.8406854        1.000000        0.000000    
 k_ppt41              0.9587876        1.000000        0.000000    
 k_ppt42               1.327469        1.000000        0.000000    
 k_ppt43               4.027845        1.000000        0.000000    
 k_ppt44               2.946440        1.000000        0.000000    
 k_ppt45               2.077210        1.000000        0.000000    
 k_ppt46               1.097218        1.000000        0.000000    
 k_ppt47               1.897677        1.000000        0.000000    
 k_ppt48               2.562985        1.000000        0.000000    
 k_ppt49              0.8714455        1.000000        0.000000    
 k_ppt50               2.238683        1.000000        0.000000    
 k_ppt51               3.330375        1.000000        0.000000    
 k_ppt52               4.171886        1.000000        0.000000    
 k_ppt53               2.174548        1.000000        0.000000    
 k_ppt54               2.261426        1.000000        0.000000    
 k_ppt55               1.763084        1.000000        0.000000    
 k_ppt56               1.402189        1.000000        0.000000    
 k_ppt57               1.248420        1.000000        0.000000    
 k_ppt58               4.787378        1.000000        0.000000    
 k_ppt59               3.277712        1.000000        0.000000    
 k_ppt60               1.583170        1.000000        0.000000    
 k_ppt61              0.7256473        1.000000        0.000000    
 k_ppt62               1.974365        1.000000        0.000000    
 k_ppt63               1.070460        1.000000        0.000000    
 k_ppt64              0.4322168        1.000000        0.000000    
 k_ppt65               1.655491        1.000000        0.000000    
 k_ppt66               2.954909        1.000000        0.000000    
 k_ppt67               1.266954        1.000000        0.000000    
 k_ppt68              0.8937483        1.000000        0.000000    
 k_ppt69              0.5570599        1.000000        0.000000    
 k_ppt70               1.024599        1.000000        0.000000    
 k_ppt71               2.900519        1.000000        0.000000    
 k_ppt72               3.205343        1.000000        0.000000    
 k_ppt73              0.8674474        1.000000        0.000000    
 k_ppt74               1.864564        1.000000        0.000000    
 k_ppt75               1.874101        1.000000        0.000000    
 k_ppt76               1.027385        1.000000        0.000000    
 k_ppt77              0.7990658        1.000000        0.000000    
 k_ppt78               1.585857        1.000000        0.000000    
 k_ppt79               1.127944        1.000000        0.000000    
 k_ppt80               1.313330        1.000000        0.000000    
 k_ppt81              0.9488575        1.000000        0.000000    
 k_ppt82               1.011802        1.000000        0.000000    
 k_ppt83               1.277638        1.000000        0.000000    
 k_ppt84              0.8519082        1.000000        0.000000    
 k_ppt85              0.4484614        1.000000        0.000000    
 k_ppt86              0.4436833        1.000000        0.000000    
 k_ppt87              0.4511218        1.000000        0.000000    
 k_ppt88               1.076226        1.000000        0.000000    
 k_ppt89               1.916006        1.000000        0.000000    
 k_ppt90               2.038311        1.000000        0.000000    
 k_ppt91              0.9822357        1.000000        0.000000    
 k_ppt92               1.452356        1.000000        0.000000    
 k_ppt93              0.8751674        1.000000        0.000000    
 k_ppt94              0.5079589        1.000000        0.000000    
 k_ppt95              0.3932611        1.000000        0.000000    
 k_ppt96              0.7097839        1.000000        0.000000    
 k_ppt97               1.897723        1.000000        0.000000    
 k_ppt98              0.6820093        1.000000        0.000000    
 k_ppt99              0.7104388        1.000000        0.000000    
 k_ppt100             0.5738729        1.000000        0.000000    
 k_ppt101             0.4461714        1.000000        0.000000    
 k_ppt102             0.4794978        1.000000        0.000000    
 k_ppt103             0.4091533        1.000000        0.000000    
 k_ppt104             0.4796052        1.000000        0.000000    
