 single point
 k_ppt1                2.372397        1.000000        0.000000    
 k_ppt2                1.881614        1.000000        0.000000    
 k_ppt3                1.595740        1.000000        0.000000    
 k_ppt4                1.435877        1.000000        0.000000    
 k_ppt5                1.366109        1.000000        0.000000    
 k_ppt6               0.6402027        1.000000        0.000000    
 k_ppt7               0.9515484        1.000000        0.000000    
 k_ppt8                2.015939        1.000000        0.000000    
 k_ppt9                2.985665        1.000000        0.000000    
 k_ppt10               3.618094        1.000000        0.000000    
 k_ppt11              0.9588450        1.000000        0.000000    
 k_ppt12               1.985737        1.000000        0.000000    
 k_ppt13               2.103633        1.000000        0.000000    
 k_ppt14               2.451437        1.000000        0.000000    
 k_ppt15               1.863092        1.000000        0.000000    
 k_ppt16               1.460381        1.000000        0.000000    
 k_ppt17              0.8869638        1.000000        0.000000    
 k_ppt18               1.360606        1.000000        0.000000    
 k_ppt19              0.9897885        1.000000        0.000000    
 k_ppt20              0.6658950        1.000000        0.000000    
 k_ppt21               1.349672        1.000000        0.000000    
 k_ppt22              0.5167395        1.000000        0.000000    
 k_ppt23              0.8969333        1.000000        0.000000    
 k_ppt24               1.047356        1.000000        0.000000    
 k_ppt25               8.083257        1.000000        0.000000    
 k_ppt26               1.302743        1.000000        0.000000    
 k_ppt27               1.334489        1.000000        0.000000    
 k_ppt28              0.9998997        1.000000        0.000000    
 k_ppt29               1.093515        1.000000        0.000000    
 k_ppt30              0.9224284        1.000000        0.000000    
 k_ppt31              0.5862349        1.000000        0.000000    
 k_ppt32               1.273147        1.000000        0.000000    
 k_ppt33              0.9444883        1.000000        0.000000    
 k_ppt34              0.7110018        1.000000        0.000000    
 k_ppt35              0.6742189        1.000000        0.000000    
 k_ppt36              0.9509331        1.000000        0.000000    
 k_ppt37               1.269711        1.000000        0.000000    
 k_ppt38              0.7357978        1.000000        0.000000    
 k_ppt39               1.502876        1.000000        0.000000    
 k_ppt40               1.101003        1.000000        0.000000    
 k_ppt41              0.5952427        1.000000        0.000000    
 k_ppt42               1.518876        1.000000        0.000000    
 k_ppt43               2.637582        1.000000        0.000000    
 k_ppt44               1.230657        1.000000        0.000000    
 k_ppt45               2.617320        1.000000        0.000000    
 k_ppt46               1.762484        1.000000        0.000000    
 k_ppt47               1.338782        1.000000        0.000000    
 k_ppt48               2.039065        1.000000        0.000000    
 k_ppt49               2.425655        1.000000        0.000000    
 k_ppt50               1.899256        1.000000        0.000000    
 k_ppt51               2.091165        1.000000        0.000000    
 k_ppt52               2.088707        1.000000        0.000000    
 k_ppt53               6.395153        1.000000        0.000000    
 k_ppt54               1.721916        1.000000        0.000000    
 k_ppt55               1.217181        1.000000        0.000000    
 k_ppt56               1.906679        1.000000        0.000000    
 k_ppt57               1.036609        1.000000        0.000000    
 k_ppt58               1.094162        1.000000        0.000000    
 k_ppt59               1.165035        1.000000        0.000000    
 k_ppt60               1.117371        1.000000        0.000000    
 k_ppt61               5.397197        1.000000        0.000000    
 k_ppt62               2.729513        1.000000        0.000000    
 k_ppt63               1.834700        1.000000        0.000000    
 k_ppt64              0.7647619        1.000000        0.000000    
 k_ppt65               2.099515        1.000000        0.000000    
 k_ppt66              0.7755412        1.000000        0.000000    
 k_ppt67              0.6939331        1.000000        0.000000    
 k_ppt68              0.7219968        1.000000        0.000000    
 k_ppt69               1.531035        1.000000        0.000000    
 k_ppt70               2.692968        1.000000        0.000000    
 k_ppt71               1.648298        1.000000        0.000000    
 k_ppt72               3.279304        1.000000        0.000000    
 k_ppt73               2.995524        1.000000        0.000000    
 k_ppt74              0.5218713        1.000000        0.000000    
 k_ppt75              0.3771498        1.000000        0.000000    
 k_ppt76               1.110762        1.000000        0.000000    
 k_ppt77               1.352402        1.000000        0.000000    
 k_ppt78               1.043814        1.000000        0.000000    
 k_ppt79              0.9121070        1.000000        0.000000    
 k_ppt80              0.9130400        1.000000        0.000000    
 k_ppt81               1.738946        1.000000        0.000000    
 k_ppt82              0.6777136        1.000000        0.000000    
 k_ppt83               1.782748        1.000000        0.000000    
 k_ppt84               1.998565        1.000000        0.000000    
 k_ppt85              0.6012502        1.000000        0.000000    
 k_ppt86               1.160824        1.000000        0.000000    
 k_ppt87              0.5935125        1.000000        0.000000    
 k_ppt88              0.6409642        1.000000        0.000000    
 k_ppt89               1.091845        1.000000        0.000000    
 k_ppt90              0.6713178        1.000000        0.000000    
 k_ppt91               1.251865        1.000000        0.000000    
 k_ppt92              0.7569746        1.000000        0.000000    
 k_ppt93              0.4791349        1.000000        0.000000    
 k_ppt94               2.433868        1.000000        0.000000    
 k_ppt95              0.8250091        1.000000        0.000000    
 k_ppt96              0.5467744        1.000000        0.000000    
 k_ppt97               1.199473        1.000000        0.000000    
 k_ppt98              0.5838231        1.000000        0.000000    
 k_ppt99              0.5305644        1.000000        0.000000    
 k_ppt100             0.3524548        1.000000        0.000000    
 k_ppt101             0.5922030        1.000000        0.000000    
 k_ppt102             0.8955007        1.000000        0.000000    
 k_ppt103              1.166455        1.000000        0.000000    
 k_ppt104             0.2669370        1.000000        0.000000    
