 single point
 k_ppt1               0.3051955        1.000000        0.000000    
 k_ppt2               0.4622567        1.000000        0.000000    
 k_ppt3               0.7934216        1.000000        0.000000    
 k_ppt4               0.9106953        1.000000        0.000000    
 k_ppt5               0.4038706        1.000000        0.000000    
 k_ppt6               0.5674602        1.000000        0.000000    
 k_ppt7               0.6454382        1.000000        0.000000    
 k_ppt8                1.098874        1.000000        0.000000    
 k_ppt9               0.5282701        1.000000        0.000000    
 k_ppt10              0.5891220        1.000000        0.000000    
 k_ppt11              0.9791289        1.000000        0.000000    
 k_ppt12              0.3010062        1.000000        0.000000    
 k_ppt13              0.3642389        1.000000        0.000000    
 k_ppt14               1.188365        1.000000        0.000000    
 k_ppt15              0.3971416        1.000000        0.000000    
 k_ppt16              0.8414338        1.000000        0.000000    
 k_ppt17              0.4484846        1.000000        0.000000    
 k_ppt18              0.9102176        1.000000        0.000000    
 k_ppt19              0.6021952        1.000000        0.000000    
 k_ppt20              0.8474514        1.000000        0.000000    
 k_ppt21              0.8156645        1.000000        0.000000    
 k_ppt22              0.8517866        1.000000        0.000000    
 k_ppt23               1.048997        1.000000        0.000000    
 k_ppt24               2.372239        1.000000        0.000000    
 k_ppt25              0.4986575        1.000000        0.000000    
 k_ppt26              0.4831759        1.000000        0.000000    
 k_ppt27              0.8241640        1.000000        0.000000    
 k_ppt28              0.9329434        1.000000        0.000000    
 k_ppt29               1.258314        1.000000        0.000000    
 k_ppt30              0.9629495        1.000000        0.000000    
 k_ppt31              0.9173384        1.000000        0.000000    
 k_ppt32               2.279201        1.000000        0.000000    
 k_ppt33               1.243508        1.000000        0.000000    
 k_ppt34              0.7394904        1.000000        0.000000    
 k_ppt35               1.055607        1.000000        0.000000    
 k_ppt36              0.6934942        1.000000        0.000000    
 k_ppt37              0.6361124        1.000000        0.000000    
 k_ppt38              0.4416932        1.000000        0.000000    
 k_ppt39               1.785144        1.000000        0.000000    
 k_ppt40               4.694471        1.000000        0.000000    
 k_ppt41              0.8985785        1.000000        0.000000    
 k_ppt42              0.7323702        1.000000        0.000000    
 k_ppt43               1.503050        1.000000        0.000000    
 k_ppt44               1.881307        1.000000        0.000000    
 k_ppt45               1.174999        1.000000        0.000000    
 k_ppt46              0.9626641        1.000000        0.000000    
 k_ppt47               2.379868        1.000000        0.000000    
 k_ppt48               1.032895        1.000000        0.000000    
 k_ppt49              0.7898266        1.000000        0.000000    
 k_ppt50              0.3276258        1.000000        0.000000    
 k_ppt51               1.273547        1.000000        0.000000    
 k_ppt52               3.105615        1.000000        0.000000    
 k_ppt53               1.207422        1.000000        0.000000    
 k_ppt54               1.583777        1.000000        0.000000    
 k_ppt55               4.465929        1.000000        0.000000    
 k_ppt56               1.182521        1.000000        0.000000    
 k_ppt57               1.378224        1.000000        0.000000    
 k_ppt58               1.820594        1.000000        0.000000    
 k_ppt59               1.870463        1.000000        0.000000    
 k_ppt60               4.494123        1.000000        0.000000    
 k_ppt61               5.270217        1.000000        0.000000    
 k_ppt62               3.030206        1.000000        0.000000    
 k_ppt63               3.485669        1.000000        0.000000    
 k_ppt64              0.6608919        1.000000        0.000000    
 k_ppt65              0.8870033        1.000000        0.000000    
 k_ppt66               1.152589        1.000000        0.000000    
 k_ppt67              0.8886662        1.000000        0.000000    
 k_ppt68               3.549592        1.000000        0.000000    
 k_ppt69               7.268307        1.000000        0.000000    
 k_ppt70               7.741149        1.000000        0.000000    
 k_ppt71               2.425595        1.000000        0.000000    
 k_ppt72              0.7500833        1.000000        0.000000    
 k_ppt73              0.4732180        1.000000        0.000000    
 k_ppt74              0.7179565        1.000000        0.000000    
 k_ppt75              0.8802381        1.000000        0.000000    
 k_ppt76               3.563884        1.000000        0.000000    
 k_ppt77               1.204159        1.000000        0.000000    
 k_ppt78               1.021514        1.000000        0.000000    
 k_ppt79              0.8164323        1.000000        0.000000    
 k_ppt80              0.7076332        1.000000        0.000000    
 k_ppt81              0.6725201        1.000000        0.000000    
 k_ppt82              0.7794794        1.000000        0.000000    
 k_ppt83               1.832446        1.000000        0.000000    
 k_ppt84              0.8485715        1.000000        0.000000    
 k_ppt85               1.004437        1.000000        0.000000    
 k_ppt86              0.5847030        1.000000        0.000000    
 k_ppt87               1.319478        1.000000        0.000000    
 k_ppt88              0.5640260        1.000000        0.000000    
 k_ppt89               1.125990        1.000000        0.000000    
 k_ppt90               2.890956        1.000000        0.000000    
 k_ppt91               1.021615        1.000000        0.000000    
 k_ppt92               1.364906        1.000000        0.000000    
 k_ppt93               1.797327        1.000000        0.000000    
 k_ppt94              0.5979941        1.000000        0.000000    
 k_ppt95              0.6774783        1.000000        0.000000    
 k_ppt96               1.280374        1.000000        0.000000    
 k_ppt97              0.4086339        1.000000        0.000000    
 k_ppt98              0.9376629        1.000000        0.000000    
 k_ppt99              0.6429618        1.000000        0.000000    
 k_ppt100             0.9743250        1.000000        0.000000    
 k_ppt101              1.020238        1.000000        0.000000    
 k_ppt102             0.4542714        1.000000        0.000000    
 k_ppt103             0.3407095        1.000000        0.000000    
 k_ppt104             0.4011744        1.000000        0.000000    
