 single point
 k_ppt1                1.432548        1.000000        0.000000    
 k_ppt2                1.564998        1.000000        0.000000    
 k_ppt3                2.271453        1.000000        0.000000    
 k_ppt4                3.484152        1.000000        0.000000    
 k_ppt5                1.943426        1.000000        0.000000    
 k_ppt6               0.5180893        1.000000        0.000000    
 k_ppt7               0.4590392        1.000000        0.000000    
 k_ppt8               0.7671615        1.000000        0.000000    
 k_ppt9                1.052477        1.000000        0.000000    
 k_ppt10               1.576564        1.000000        0.000000    
 k_ppt11              0.6600633        1.000000        0.000000    
 k_ppt12               1.124902        1.000000        0.000000    
 k_ppt13               1.022818        1.000000        0.000000    
 k_ppt14              0.6035918        1.000000        0.000000    
 k_ppt15              0.4837630        1.000000        0.000000    
 k_ppt16               1.398084        1.000000        0.000000    
 k_ppt17              0.7954268        1.000000        0.000000    
 k_ppt18              0.7239179        1.000000        0.000000    
 k_ppt19              0.6391796        1.000000        0.000000    
 k_ppt20              0.8883916        1.000000        0.000000    
 k_ppt21               2.651166        1.000000        0.000000    
 k_ppt22              0.3962809        1.000000        0.000000    
 k_ppt23              0.6032201        1.000000        0.000000    
 k_ppt24               2.078586        1.000000        0.000000    
 k_ppt25              0.6650027        1.000000        0.000000    
 k_ppt26              0.5221708        1.000000        0.000000    
 k_ppt27              0.6620025        1.000000        0.000000    
 k_ppt28               2.079323        1.000000        0.000000    
 k_ppt29               1.411847        1.000000        0.000000    
 k_ppt30               2.643937        1.000000        0.000000    
 k_ppt31              0.8877575        1.000000        0.000000    
 k_ppt32               1.294138        1.000000        0.000000    
 k_ppt33              0.8283689        1.000000        0.000000    
 k_ppt34               1.034454        1.000000        0.000000    
 k_ppt35               1.362857        1.000000        0.000000    
 k_ppt36              0.9110565        1.000000        0.000000    
 k_ppt37               1.143974        1.000000        0.000000    
 k_ppt38               1.350488        1.000000        0.000000    
 k_ppt39              0.7134978        1.000000        0.000000    
 k_ppt40               4.283949        1.000000        0.000000    
 k_ppt41               1.123267        1.000000        0.000000    
 k_ppt42               1.610598        1.000000        0.000000    
 k_ppt43               1.199424        1.000000        0.000000    
 k_ppt44              0.4669844        1.000000        0.000000    
 k_ppt45               1.574017        1.000000        0.000000    
 k_ppt46               1.492508        1.000000        0.000000    
 k_ppt47               1.111911        1.000000        0.000000    
 k_ppt48               1.665183        1.000000        0.000000    
 k_ppt49              0.8473836        1.000000        0.000000    
 k_ppt50               1.146489        1.000000        0.000000    
 k_ppt51               1.327217        1.000000        0.000000    
 k_ppt52               1.330516        1.000000        0.000000    
 k_ppt53               2.766078        1.000000        0.000000    
 k_ppt54               6.500628        1.000000        0.000000    
 k_ppt55               1.841748        1.000000        0.000000    
 k_ppt56               1.625894        1.000000        0.000000    
 k_ppt57              0.6494873        1.000000        0.000000    
 k_ppt58              0.7043049        1.000000        0.000000    
 k_ppt59               2.661876        1.000000        0.000000    
 k_ppt60               2.647880        1.000000        0.000000    
 k_ppt61               3.445529        1.000000        0.000000    
 k_ppt62               3.585526        1.000000        0.000000    
 k_ppt63               1.281355        1.000000        0.000000    
 k_ppt64               2.262774        1.000000        0.000000    
 k_ppt65              0.5350648        1.000000        0.000000    
 k_ppt66              0.9100861        1.000000        0.000000    
 k_ppt67               3.144891        1.000000        0.000000    
 k_ppt68               1.604781        1.000000        0.000000    
 k_ppt69               1.022949        1.000000        0.000000    
 k_ppt70               1.551262        1.000000        0.000000    
 k_ppt71               3.252118        1.000000        0.000000    
 k_ppt72               1.514353        1.000000        0.000000    
 k_ppt73              0.6637151        1.000000        0.000000    
 k_ppt74               1.417628        1.000000        0.000000    
 k_ppt75               3.132584        1.000000        0.000000    
 k_ppt76              0.7701665        1.000000        0.000000    
 k_ppt77              0.6998862        1.000000        0.000000    
 k_ppt78              0.6953376        1.000000        0.000000    
 k_ppt79               2.252870        1.000000        0.000000    
 k_ppt80              0.8029318        1.000000        0.000000    
 k_ppt81              0.4268068        1.000000        0.000000    
 k_ppt82               2.904390        1.000000        0.000000    
 k_ppt83               3.234077        1.000000        0.000000    
 k_ppt84               3.355734        1.000000        0.000000    
 k_ppt85              0.7195716        1.000000        0.000000    
 k_ppt86               1.175648        1.000000        0.000000    
 k_ppt87              0.5478725        1.000000        0.000000    
 k_ppt88              0.2512738        1.000000        0.000000    
 k_ppt89              0.8512302        1.000000        0.000000    
 k_ppt90               1.928696        1.000000        0.000000    
 k_ppt91               1.435373        1.000000        0.000000    
 k_ppt92               1.014922        1.000000        0.000000    
 k_ppt93              0.5293018        1.000000        0.000000    
 k_ppt94              0.7594722        1.000000        0.000000    
 k_ppt95              0.6975748        1.000000        0.000000    
 k_ppt96               1.620539        1.000000        0.000000    
 k_ppt97               1.194413        1.000000        0.000000    
 k_ppt98              0.4275776        1.000000        0.000000    
 k_ppt99              0.6925011        1.000000        0.000000    
 k_ppt100             0.2929898        1.000000        0.000000    
 k_ppt101             0.6301499        1.000000        0.000000    
 k_ppt102             0.6624461        1.000000        0.000000    
 k_ppt103             0.5219121        1.000000        0.000000    
 k_ppt104             0.4635115        1.000000        0.000000    
