 single point
 k_ppt1               0.3994208        1.000000        0.000000    
 k_ppt2                1.231188        1.000000        0.000000    
 k_ppt3                1.389336        1.000000        0.000000    
 k_ppt4               0.7933016        1.000000        0.000000    
 k_ppt5                1.537777        1.000000        0.000000    
 k_ppt6                1.397649        1.000000        0.000000    
 k_ppt7                2.251992        1.000000        0.000000    
 k_ppt8                5.168374        1.000000        0.000000    
 k_ppt9               0.2779496        1.000000        0.000000    
 k_ppt10              0.8162979        1.000000        0.000000    
 k_ppt11               1.517372        1.000000        0.000000    
 k_ppt12               2.199796        1.000000        0.000000    
 k_ppt13               1.850299        1.000000        0.000000    
 k_ppt14               1.648237        1.000000        0.000000    
 k_ppt15               2.206169        1.000000        0.000000    
 k_ppt16               1.942754        1.000000        0.000000    
 k_ppt17              0.4146044        1.000000        0.000000    
 k_ppt18              0.4525641        1.000000        0.000000    
 k_ppt19               1.477241        1.000000        0.000000    
 k_ppt20               1.378382        1.000000        0.000000    
 k_ppt21               1.641078        1.000000        0.000000    
 k_ppt22               1.114471        1.000000        0.000000    
 k_ppt23               3.229470        1.000000        0.000000    
 k_ppt24               2.558800        1.000000        0.000000    
 k_ppt25              0.6098802        1.000000        0.000000    
 k_ppt26               1.797844        1.000000        0.000000    
 k_ppt27              0.6232958        1.000000        0.000000    
 k_ppt28               1.300293        1.000000        0.000000    
 k_ppt29               1.369569        1.000000        0.000000    
 k_ppt30               1.503250        1.000000        0.000000    
 k_ppt31               1.211399        1.000000        0.000000    
 k_ppt32               1.277301        1.000000        0.000000    
 k_ppt33              0.2754472        1.000000        0.000000    
 k_ppt34              0.3551940        1.000000        0.000000    
 k_ppt35              0.5114737        1.000000        0.000000    
 k_ppt36               1.801534        1.000000        0.000000    
 k_ppt37               1.367579        1.000000        0.000000    
 k_ppt38               2.938128        1.000000        0.000000    
 k_ppt39               2.363326        1.000000        0.000000    
 k_ppt40               2.750340        1.000000        0.000000    
 k_ppt41              0.6181895        1.000000        0.000000    
 k_ppt42              8.5235092E-02    1.000000        0.000000    
 k_ppt43              0.2643526        1.000000        0.000000    
 k_ppt44               1.976073        1.000000        0.000000    
 k_ppt45               1.239223        1.000000        0.000000    
 k_ppt46               2.135571        1.000000        0.000000    
 k_ppt47               2.023331        1.000000        0.000000    
 k_ppt48              0.9649447        1.000000        0.000000    
 k_ppt49              0.8495300        1.000000        0.000000    
 k_ppt50              0.8389083        1.000000        0.000000    
 k_ppt51               1.197998        1.000000        0.000000    
 k_ppt52               2.131979        1.000000        0.000000    
 k_ppt53               2.713213        1.000000        0.000000    
 k_ppt54              0.5359772        1.000000        0.000000    
 k_ppt55               2.703426        1.000000        0.000000    
 k_ppt56               1.006626        1.000000        0.000000    
 k_ppt57               1.271434        1.000000        0.000000    
 k_ppt58              0.8117263        1.000000        0.000000    
 k_ppt59               1.396711        1.000000        0.000000    
 k_ppt60               2.027100        1.000000        0.000000    
 k_ppt61               1.939054        1.000000        0.000000    
 k_ppt62               1.509513        1.000000        0.000000    
 k_ppt63               4.066965        1.000000        0.000000    
 k_ppt64               3.320340        1.000000        0.000000    
 k_ppt65              0.7570130        1.000000        0.000000    
 k_ppt66               1.260643        1.000000        0.000000    
 k_ppt67              0.5812424        1.000000        0.000000    
 k_ppt68               1.110318        1.000000        0.000000    
 k_ppt69               1.673736        1.000000        0.000000    
 k_ppt70               6.735458        1.000000        0.000000    
 k_ppt71               8.333951        1.000000        0.000000    
 k_ppt72               3.136384        1.000000        0.000000    
 k_ppt73              0.8529785        1.000000        0.000000    
 k_ppt74              0.5941409        1.000000        0.000000    
 k_ppt75              0.5449395        1.000000        0.000000    
 k_ppt76              0.5437655        1.000000        0.000000    
 k_ppt77              0.9384396        1.000000        0.000000    
 k_ppt78               2.228856        1.000000        0.000000    
 k_ppt79               3.941228        1.000000        0.000000    
 k_ppt80               2.228172        1.000000        0.000000    
 k_ppt81              0.7722239        1.000000        0.000000    
 k_ppt82              0.6214375        1.000000        0.000000    
 k_ppt83              0.5481582        1.000000        0.000000    
 k_ppt84              0.3378275        1.000000        0.000000    
 k_ppt85              0.6868372        1.000000        0.000000    
 k_ppt86              0.5440172        1.000000        0.000000    
 k_ppt87               2.471177        1.000000        0.000000    
 k_ppt88               2.643679        1.000000        0.000000    
 k_ppt89               1.113513        1.000000        0.000000    
 k_ppt90              0.8023413        1.000000        0.000000    
 k_ppt91              0.4905116        1.000000        0.000000    
 k_ppt92              0.5507124        1.000000        0.000000    
 k_ppt93              0.4590753        1.000000        0.000000    
 k_ppt94              0.3383310        1.000000        0.000000    
 k_ppt95               1.346791        1.000000        0.000000    
 k_ppt96               1.437033        1.000000        0.000000    
 k_ppt97              0.9253333        1.000000        0.000000    
 k_ppt98              0.3447526        1.000000        0.000000    
 k_ppt99              0.2505627        1.000000        0.000000    
 k_ppt100             0.4692687        1.000000        0.000000    
 k_ppt101             0.4273984        1.000000        0.000000    
 k_ppt102              1.436236        1.000000        0.000000    
 k_ppt103             0.7576983        1.000000        0.000000    
 k_ppt104              2.371186        1.000000        0.000000    
