 single point
 k_ppt1                1.933709        1.000000        0.000000    
 k_ppt2                2.484505        1.000000        0.000000    
 k_ppt3               0.8103166        1.000000        0.000000    
 k_ppt4               0.3562248        1.000000        0.000000    
 k_ppt5               0.3617197        1.000000        0.000000    
 k_ppt6               0.7153047        1.000000        0.000000    
 k_ppt7               0.8660646        1.000000        0.000000    
 k_ppt8                1.378672        1.000000        0.000000    
 k_ppt9                3.221005        1.000000        0.000000    
 k_ppt10               2.658156        1.000000        0.000000    
 k_ppt11               1.573611        1.000000        0.000000    
 k_ppt12              0.6558599        1.000000        0.000000    
 k_ppt13              0.6692363        1.000000        0.000000    
 k_ppt14               2.177799        1.000000        0.000000    
 k_ppt15               2.191120        1.000000        0.000000    
 k_ppt16              0.9686622        1.000000        0.000000    
 k_ppt17               1.780023        1.000000        0.000000    
 k_ppt18              0.7865768        1.000000        0.000000    
 k_ppt19              0.9022796        1.000000        0.000000    
 k_ppt20              0.8328722        1.000000        0.000000    
 k_ppt21              0.7008335        1.000000        0.000000    
 k_ppt22              0.6375062        1.000000        0.000000    
 k_ppt23              0.8093455        1.000000        0.000000    
 k_ppt24               2.244496        1.000000        0.000000    
 k_ppt25               1.095361        1.000000        0.000000    
 k_ppt26              0.6547901        1.000000        0.000000    
 k_ppt27               2.439153        1.000000        0.000000    
 k_ppt28               1.453688        1.000000        0.000000    
 k_ppt29               1.056339        1.000000        0.000000    
 k_ppt30              0.6197586        1.000000        0.000000    
 k_ppt31               1.134293        1.000000        0.000000    
 k_ppt32               1.390441        1.000000        0.000000    
 k_ppt33               1.357091        1.000000        0.000000    
 k_ppt34               1.040923        1.000000        0.000000    
 k_ppt35               1.784140        1.000000        0.000000    
 k_ppt36              0.9670160        1.000000        0.000000    
 k_ppt37              0.9726681        1.000000        0.000000    
 k_ppt38              0.6405267        1.000000        0.000000    
 k_ppt39               1.062784        1.000000        0.000000    
 k_ppt40               1.913203        1.000000        0.000000    
 k_ppt41              0.8270541        1.000000        0.000000    
 k_ppt42               1.248703        1.000000        0.000000    
 k_ppt43              0.6651000        1.000000        0.000000    
 k_ppt44               2.296401        1.000000        0.000000    
 k_ppt45               1.354151        1.000000        0.000000    
 k_ppt46              0.7879658        1.000000        0.000000    
 k_ppt47               1.210114        1.000000        0.000000    
 k_ppt48               2.411938        1.000000        0.000000    
 k_ppt49               1.528256        1.000000        0.000000    
 k_ppt50              0.8201517        1.000000        0.000000    
 k_ppt51               1.473530        1.000000        0.000000    
 k_ppt52              0.8409790        1.000000        0.000000    
 k_ppt53               1.393133        1.000000        0.000000    
 k_ppt54               1.087666        1.000000        0.000000    
 k_ppt55               1.225550        1.000000        0.000000    
 k_ppt56               1.967749        1.000000        0.000000    
 k_ppt57               1.012670        1.000000        0.000000    
 k_ppt58               1.265024        1.000000        0.000000    
 k_ppt59               4.807426        1.000000        0.000000    
 k_ppt60               1.983909        1.000000        0.000000    
 k_ppt61               1.849652        1.000000        0.000000    
 k_ppt62               1.663609        1.000000        0.000000    
 k_ppt63               1.650526        1.000000        0.000000    
 k_ppt64               4.379911        1.000000        0.000000    
 k_ppt65               1.435096        1.000000        0.000000    
 k_ppt66               2.107110        1.000000        0.000000    
 k_ppt67               2.345221        1.000000        0.000000    
 k_ppt68               3.011845        1.000000        0.000000    
 k_ppt69               2.181862        1.000000        0.000000    
 k_ppt70               1.093100        1.000000        0.000000    
 k_ppt71               1.504641        1.000000        0.000000    
 k_ppt72               3.448643        1.000000        0.000000    
 k_ppt73               1.008328        1.000000        0.000000    
 k_ppt74               1.054672        1.000000        0.000000    
 k_ppt75               1.341036        1.000000        0.000000    
 k_ppt76              0.8449541        1.000000        0.000000    
 k_ppt77               1.477778        1.000000        0.000000    
 k_ppt78               1.286072        1.000000        0.000000    
 k_ppt79               1.109631        1.000000        0.000000    
 k_ppt80               2.794547        1.000000        0.000000    
 k_ppt81              0.9807418        1.000000        0.000000    
 k_ppt82               2.003407        1.000000        0.000000    
 k_ppt83               1.006092        1.000000        0.000000    
 k_ppt84               1.309556        1.000000        0.000000    
 k_ppt85              0.7748432        1.000000        0.000000    
 k_ppt86               1.121033        1.000000        0.000000    
 k_ppt87              0.6129871        1.000000        0.000000    
 k_ppt88              0.4903096        1.000000        0.000000    
 k_ppt89               1.232805        1.000000        0.000000    
 k_ppt90              0.7931937        1.000000        0.000000    
 k_ppt91               2.214831        1.000000        0.000000    
 k_ppt92               1.167873        1.000000        0.000000    
 k_ppt93               1.050293        1.000000        0.000000    
 k_ppt94              0.4736279        1.000000        0.000000    
 k_ppt95              0.2623918        1.000000        0.000000    
 k_ppt96              0.4432228        1.000000        0.000000    
 k_ppt97              0.4287813        1.000000        0.000000    
 k_ppt98              0.9526999        1.000000        0.000000    
 k_ppt99              0.9449426        1.000000        0.000000    
 k_ppt100             0.5800095        1.000000        0.000000    
 k_ppt101              1.054025        1.000000        0.000000    
 k_ppt102             0.7338562        1.000000        0.000000    
 k_ppt103             0.3136209        1.000000        0.000000    
 k_ppt104             0.5076571        1.000000        0.000000    
