 single point
 k_ppt1               0.7258157        1.000000        0.000000    
 k_ppt2                1.495714        1.000000        0.000000    
 k_ppt3                2.253273        1.000000        0.000000    
 k_ppt4               0.9259541        1.000000        0.000000    
 k_ppt5                1.283827        1.000000        0.000000    
 k_ppt6                2.154945        1.000000        0.000000    
 k_ppt7                3.446535        1.000000        0.000000    
 k_ppt8                6.374768        1.000000        0.000000    
 k_ppt9               0.3633764        1.000000        0.000000    
 k_ppt10              0.4854832        1.000000        0.000000    
 k_ppt11               1.037094        1.000000        0.000000    
 k_ppt12              0.7536054        1.000000        0.000000    
 k_ppt13               2.396624        1.000000        0.000000    
 k_ppt14               1.595629        1.000000        0.000000    
 k_ppt15               2.475464        1.000000        0.000000    
 k_ppt16               4.983561        1.000000        0.000000    
 k_ppt17              0.3146034        1.000000        0.000000    
 k_ppt18              0.3730454        1.000000        0.000000    
 k_ppt19               1.256889        1.000000        0.000000    
 k_ppt20               2.197929        1.000000        0.000000    
 k_ppt21               2.284727        1.000000        0.000000    
 k_ppt22               2.146837        1.000000        0.000000    
 k_ppt23               1.348521        1.000000        0.000000    
 k_ppt24               1.919724        1.000000        0.000000    
 k_ppt25              0.4036165        1.000000        0.000000    
 k_ppt26              0.5206203        1.000000        0.000000    
 k_ppt27               2.348531        1.000000        0.000000    
 k_ppt28               1.763370        1.000000        0.000000    
 k_ppt29              0.8327964        1.000000        0.000000    
 k_ppt30               2.100086        1.000000        0.000000    
 k_ppt31               1.710902        1.000000        0.000000    
 k_ppt32              0.7142651        1.000000        0.000000    
 k_ppt33              0.3144685        1.000000        0.000000    
 k_ppt34              0.5798659        1.000000        0.000000    
 k_ppt35              0.8550464        1.000000        0.000000    
 k_ppt36               1.085442        1.000000        0.000000    
 k_ppt37               2.552007        1.000000        0.000000    
 k_ppt38               5.668966        1.000000        0.000000    
 k_ppt39               1.175943        1.000000        0.000000    
 k_ppt40              0.6750934        1.000000        0.000000    
 k_ppt41              0.2677859        1.000000        0.000000    
 k_ppt42              0.5330408        1.000000        0.000000    
 k_ppt43              0.5592300        1.000000        0.000000    
 k_ppt44               1.945661        1.000000        0.000000    
 k_ppt45              0.9499941        1.000000        0.000000    
 k_ppt46               7.415033        1.000000        0.000000    
 k_ppt47               1.721509        1.000000        0.000000    
 k_ppt48               1.758266        1.000000        0.000000    
 k_ppt49              0.1628528        1.000000        0.000000    
 k_ppt50              0.9529112        1.000000        0.000000    
 k_ppt51              0.8733296        1.000000        0.000000    
 k_ppt52               1.405671        1.000000        0.000000    
 k_ppt53               1.954394        1.000000        0.000000    
 k_ppt54               4.354268        1.000000        0.000000    
 k_ppt55               2.397904        1.000000        0.000000    
 k_ppt56               2.254469        1.000000        0.000000    
 k_ppt57              0.2765211        1.000000        0.000000    
 k_ppt58              0.9514651        1.000000        0.000000    
 k_ppt59               2.306180        1.000000        0.000000    
 k_ppt60               4.993710        1.000000        0.000000    
 k_ppt61               2.018004        1.000000        0.000000    
 k_ppt62               2.167860        1.000000        0.000000    
 k_ppt63               1.824522        1.000000        0.000000    
 k_ppt64               3.065590        1.000000        0.000000    
 k_ppt65              0.2971443        1.000000        0.000000    
 k_ppt66               1.010954        1.000000        0.000000    
 k_ppt67               3.986669        1.000000        0.000000    
 k_ppt68               7.892616        1.000000        0.000000    
 k_ppt69               1.867033        1.000000        0.000000    
 k_ppt70               1.488214        1.000000        0.000000    
 k_ppt71               2.321864        1.000000        0.000000    
 k_ppt72               1.935323        1.000000        0.000000    
 k_ppt73               1.731547        1.000000        0.000000    
 k_ppt74               1.203889        1.000000        0.000000    
 k_ppt75               2.640381        1.000000        0.000000    
 k_ppt76               8.984384        1.000000        0.000000    
 k_ppt77               1.667179        1.000000        0.000000    
 k_ppt78              0.7227519        1.000000        0.000000    
 k_ppt79              0.8752437        1.000000        0.000000    
 k_ppt80               1.684542        1.000000        0.000000    
 k_ppt81              0.4641602        1.000000        0.000000    
 k_ppt82              0.7986441        1.000000        0.000000    
 k_ppt83              0.8869411        1.000000        0.000000    
 k_ppt84               2.786431        1.000000        0.000000    
 k_ppt85              0.7580938        1.000000        0.000000    
 k_ppt86              0.6244409        1.000000        0.000000    
 k_ppt87              0.8448916        1.000000        0.000000    
 k_ppt88               1.292109        1.000000        0.000000    
 k_ppt89              0.7452281        1.000000        0.000000    
 k_ppt90              0.8152776        1.000000        0.000000    
 k_ppt91               1.105793        1.000000        0.000000    
 k_ppt92               1.625039        1.000000        0.000000    
 k_ppt93              0.8485594        1.000000        0.000000    
 k_ppt94              0.4111833        1.000000        0.000000    
 k_ppt95              0.5981167        1.000000        0.000000    
 k_ppt96               1.016045        1.000000        0.000000    
 k_ppt97              0.4961399        1.000000        0.000000    
 k_ppt98              0.3855898        1.000000        0.000000    
 k_ppt99              0.9729024        1.000000        0.000000    
 k_ppt100             0.6186546        1.000000        0.000000    
 k_ppt101             0.7812489        1.000000        0.000000    
 k_ppt102             0.4486025        1.000000        0.000000    
 k_ppt103             0.8288634        1.000000        0.000000    
 k_ppt104             0.3897338        1.000000        0.000000    
