 single point
 k_ppt1               0.4757447        1.000000        0.000000    
 k_ppt2                1.299371        1.000000        0.000000    
 k_ppt3               0.7984481        1.000000        0.000000    
 k_ppt4               0.6784705        1.000000        0.000000    
 k_ppt5               0.5676951        1.000000        0.000000    
 k_ppt6               0.2856624        1.000000        0.000000    
 k_ppt7               0.1954631        1.000000        0.000000    
 k_ppt8               0.1684785        1.000000        0.000000    
 k_ppt9                1.662700        1.000000        0.000000    
 k_ppt10               2.524949        1.000000        0.000000    
 k_ppt11               2.077382        1.000000        0.000000    
 k_ppt12              0.8391348        1.000000        0.000000    
 k_ppt13              0.4983206        1.000000        0.000000    
 k_ppt14              0.2127081        1.000000        0.000000    
 k_ppt15              0.2539306        1.000000        0.000000    
 k_ppt16              0.2371222        1.000000        0.000000    
 k_ppt17               1.797480        1.000000        0.000000    
 k_ppt18               1.664241        1.000000        0.000000    
 k_ppt19               2.937946        1.000000        0.000000    
 k_ppt20              0.6795482        1.000000        0.000000    
 k_ppt21              0.4993605        1.000000        0.000000    
 k_ppt22              0.5438292        1.000000        0.000000    
 k_ppt23              0.5364151        1.000000        0.000000    
 k_ppt24              0.4562437        1.000000        0.000000    
 k_ppt25               1.131088        1.000000        0.000000    
 k_ppt26               1.980815        1.000000        0.000000    
 k_ppt27               2.539351        1.000000        0.000000    
 k_ppt28               1.738753        1.000000        0.000000    
 k_ppt29              0.9842342        1.000000        0.000000    
 k_ppt30              0.8864103        1.000000        0.000000    
 k_ppt31              0.3633623        1.000000        0.000000    
 k_ppt32              0.3960523        1.000000        0.000000    
 k_ppt33              0.5457933        1.000000        0.000000    
 k_ppt34               2.790051        1.000000        0.000000    
 k_ppt35               1.278695        1.000000        0.000000    
 k_ppt36               1.051199        1.000000        0.000000    
 k_ppt37               1.082340        1.000000        0.000000    
 k_ppt38              0.7219986        1.000000        0.000000    
 k_ppt39              0.8816034        1.000000        0.000000    
 k_ppt40               1.236745        1.000000        0.000000    
 k_ppt41               2.752165        1.000000        0.000000    
 k_ppt42               1.622654        1.000000        0.000000    
 k_ppt43               1.853561        1.000000        0.000000    
 k_ppt44               1.932181        1.000000        0.000000    
 k_ppt45              0.9000716        1.000000        0.000000    
 k_ppt46               1.828599        1.000000        0.000000    
 k_ppt47               1.389530        1.000000        0.000000    
 k_ppt48               1.268727        1.000000        0.000000    
 k_ppt49               1.402626        1.000000        0.000000    
 k_ppt50               4.419603        1.000000        0.000000    
 k_ppt51              0.6338837        1.000000        0.000000    
 k_ppt52               2.033075        1.000000        0.000000    
 k_ppt53               1.974356        1.000000        0.000000    
 k_ppt54               1.565327        1.000000        0.000000    
 k_ppt55               2.096730        1.000000        0.000000    
 k_ppt56               1.431971        1.000000        0.000000    
 k_ppt57              0.9943557        1.000000        0.000000    
 k_ppt58               2.053087        1.000000        0.000000    
 k_ppt59               1.033992        1.000000        0.000000    
 k_ppt60               3.541416        1.000000        0.000000    
 k_ppt61               2.419150        1.000000        0.000000    
 k_ppt62               5.625996        1.000000        0.000000    
 k_ppt63               2.127952        1.000000        0.000000    
 k_ppt64               1.165976        1.000000        0.000000    
 k_ppt65               1.465805        1.000000        0.000000    
 k_ppt66               1.541267        1.000000        0.000000    
 k_ppt67              0.7714339        1.000000        0.000000    
 k_ppt68               1.535147        1.000000        0.000000    
 k_ppt69               1.644045        1.000000        0.000000    
 k_ppt70               1.462119        1.000000        0.000000    
 k_ppt71               1.063447        1.000000        0.000000    
 k_ppt72              0.5220789        1.000000        0.000000    
 k_ppt73               1.526962        1.000000        0.000000    
 k_ppt74               4.509034        1.000000        0.000000    
 k_ppt75               2.052911        1.000000        0.000000    
 k_ppt76              0.9350819        1.000000        0.000000    
 k_ppt77               2.080425        1.000000        0.000000    
 k_ppt78              0.9815852        1.000000        0.000000    
 k_ppt79              0.9614907        1.000000        0.000000    
 k_ppt80              0.4481074        1.000000        0.000000    
 k_ppt81               1.334610        1.000000        0.000000    
 k_ppt82               2.786806        1.000000        0.000000    
 k_ppt83               1.170098        1.000000        0.000000    
 k_ppt84               1.044697        1.000000        0.000000    
 k_ppt85              0.9069141        1.000000        0.000000    
 k_ppt86               1.363590        1.000000        0.000000    
 k_ppt87              0.8290118        1.000000        0.000000    
 k_ppt88              0.8317425        1.000000        0.000000    
 k_ppt89               3.086350        1.000000        0.000000    
 k_ppt90              0.6855094        1.000000        0.000000    
 k_ppt91               1.614849        1.000000        0.000000    
 k_ppt92              0.7140310        1.000000        0.000000    
 k_ppt93              0.3359597        1.000000        0.000000    
 k_ppt94              0.4256930        1.000000        0.000000    
 k_ppt95              0.3273843        1.000000        0.000000    
 k_ppt96              0.4877857        1.000000        0.000000    
 k_ppt97               1.445996        1.000000        0.000000    
 k_ppt98               1.203236        1.000000        0.000000    
 k_ppt99              0.6863418        1.000000        0.000000    
 k_ppt100             0.3730859        1.000000        0.000000    
 k_ppt101             0.4343978        1.000000        0.000000    
 k_ppt102             0.2420999        1.000000        0.000000    
 k_ppt103             0.5065910        1.000000        0.000000    
 k_ppt104             0.7046948        1.000000        0.000000    
