 single point
 k_ppt1               0.4527792        1.000000        0.000000    
 k_ppt2                1.126458        1.000000        0.000000    
 k_ppt3               0.5730965        1.000000        0.000000    
 k_ppt4               0.6149278        1.000000        0.000000    
 k_ppt5               0.3157773        1.000000        0.000000    
 k_ppt6               0.3079890        1.000000        0.000000    
 k_ppt7               0.4644151        1.000000        0.000000    
 k_ppt8               0.8096357        1.000000        0.000000    
 k_ppt9                1.115462        1.000000        0.000000    
 k_ppt10              0.7313199        1.000000        0.000000    
 k_ppt11              0.4951157        1.000000        0.000000    
 k_ppt12              0.4795177        1.000000        0.000000    
 k_ppt13              0.2996359        1.000000        0.000000    
 k_ppt14              0.4185882        1.000000        0.000000    
 k_ppt15              0.2553807        1.000000        0.000000    
 k_ppt16              0.3408547        1.000000        0.000000    
 k_ppt17              0.4371446        1.000000        0.000000    
 k_ppt18              0.5784466        1.000000        0.000000    
 k_ppt19              0.3476782        1.000000        0.000000    
 k_ppt20              0.3609811        1.000000        0.000000    
 k_ppt21              0.5335894        1.000000        0.000000    
 k_ppt22              0.2392765        1.000000        0.000000    
 k_ppt23              0.3393974        1.000000        0.000000    
 k_ppt24              0.6399297        1.000000        0.000000    
 k_ppt25               1.189481        1.000000        0.000000    
 k_ppt26              0.7652127        1.000000        0.000000    
 k_ppt27              0.6608994        1.000000        0.000000    
 k_ppt28              0.6748083        1.000000        0.000000    
 k_ppt29              0.5050080        1.000000        0.000000    
 k_ppt30              0.3240753        1.000000        0.000000    
 k_ppt31              0.5591671        1.000000        0.000000    
 k_ppt32              0.9512955        1.000000        0.000000    
 k_ppt33              0.7451747        1.000000        0.000000    
 k_ppt34               1.569591        1.000000        0.000000    
 k_ppt35               1.391993        1.000000        0.000000    
 k_ppt36               3.336806        1.000000        0.000000    
 k_ppt37              0.8059477        1.000000        0.000000    
 k_ppt38              0.9391643        1.000000        0.000000    
 k_ppt39               1.452400        1.000000        0.000000    
 k_ppt40               1.495525        1.000000        0.000000    
 k_ppt41               1.022448        1.000000        0.000000    
 k_ppt42               1.009721        1.000000        0.000000    
 k_ppt43               4.226836        1.000000        0.000000    
 k_ppt44               3.022717        1.000000        0.000000    
 k_ppt45               1.400971        1.000000        0.000000    
 k_ppt46               1.865383        1.000000        0.000000    
 k_ppt47               3.138729        1.000000        0.000000    
 k_ppt48               1.937942        1.000000        0.000000    
 k_ppt49              0.7823225        1.000000        0.000000    
 k_ppt50              0.5733464        1.000000        0.000000    
 k_ppt51               2.585494        1.000000        0.000000    
 k_ppt52               5.123433        1.000000        0.000000    
 k_ppt53               2.436174        1.000000        0.000000    
 k_ppt54               1.048251        1.000000        0.000000    
 k_ppt55               1.215677        1.000000        0.000000    
 k_ppt56               2.902942        1.000000        0.000000    
 k_ppt57              0.8883814        1.000000        0.000000    
 k_ppt58               1.177443        1.000000        0.000000    
 k_ppt59               1.944141        1.000000        0.000000    
 k_ppt60               5.951157        1.000000        0.000000    
 k_ppt61               10.09775        1.000000        0.000000    
 k_ppt62               1.457190        1.000000        0.000000    
 k_ppt63               1.860454        1.000000        0.000000    
 k_ppt64               2.091559        1.000000        0.000000    
 k_ppt65              0.4964949        1.000000        0.000000    
 k_ppt66               1.161313        1.000000        0.000000    
 k_ppt67               1.915560        1.000000        0.000000    
 k_ppt68               4.680525        1.000000        0.000000    
 k_ppt69               2.836616        1.000000        0.000000    
 k_ppt70               1.085199        1.000000        0.000000    
 k_ppt71               1.260489        1.000000        0.000000    
 k_ppt72               1.050172        1.000000        0.000000    
 k_ppt73               1.104462        1.000000        0.000000    
 k_ppt74               4.221915        1.000000        0.000000    
 k_ppt75               3.728556        1.000000        0.000000    
 k_ppt76               2.603893        1.000000        0.000000    
 k_ppt77               1.078585        1.000000        0.000000    
 k_ppt78              0.7843898        1.000000        0.000000    
 k_ppt79              0.7004914        1.000000        0.000000    
 k_ppt80              0.4270631        1.000000        0.000000    
 k_ppt81              0.8422554        1.000000        0.000000    
 k_ppt82               2.022359        1.000000        0.000000    
 k_ppt83               1.724639        1.000000        0.000000    
 k_ppt84              0.6125173        1.000000        0.000000    
 k_ppt85              0.9590824        1.000000        0.000000    
 k_ppt86               1.966485        1.000000        0.000000    
 k_ppt87               1.634167        1.000000        0.000000    
 k_ppt88              0.8824276        1.000000        0.000000    
 k_ppt89              0.2640271        1.000000        0.000000    
 k_ppt90               2.510798        1.000000        0.000000    
 k_ppt91              0.9031641        1.000000        0.000000    
 k_ppt92              0.2865261        1.000000        0.000000    
 k_ppt93              0.3499064        1.000000        0.000000    
 k_ppt94              0.8494281        1.000000        0.000000    
 k_ppt95               1.525829        1.000000        0.000000    
 k_ppt96               1.254269        1.000000        0.000000    
 k_ppt97              0.6928817        1.000000        0.000000    
 k_ppt98              0.6486760        1.000000        0.000000    
 k_ppt99              0.6858400        1.000000        0.000000    
 k_ppt100             0.2204801        1.000000        0.000000    
 k_ppt101             0.9897140        1.000000        0.000000    
 k_ppt102             0.2656163        1.000000        0.000000    
 k_ppt103             0.6987574        1.000000        0.000000    
 k_ppt104             0.6054931        1.000000        0.000000    
