 single point
 k_ppt1               0.8831878        1.000000        0.000000    
 k_ppt2                2.279717        1.000000        0.000000    
 k_ppt3               0.2373594        1.000000        0.000000    
 k_ppt4               0.6676978        1.000000        0.000000    
 k_ppt5               0.8019642        1.000000        0.000000    
 k_ppt6               0.7696241        1.000000        0.000000    
 k_ppt7               0.4465365        1.000000        0.000000    
 k_ppt8               0.4570263        1.000000        0.000000    
 k_ppt9               0.7135546        1.000000        0.000000    
 k_ppt10               2.048803        1.000000        0.000000    
 k_ppt11              0.7003708        1.000000        0.000000    
 k_ppt12               1.041049        1.000000        0.000000    
 k_ppt13              0.3292468        1.000000        0.000000    
 k_ppt14              0.2725645        1.000000        0.000000    
 k_ppt15              0.4748192        1.000000        0.000000    
 k_ppt16              0.9580208        1.000000        0.000000    
 k_ppt17              0.7988234        1.000000        0.000000    
 k_ppt18               2.911472        1.000000        0.000000    
 k_ppt19               1.534844        1.000000        0.000000    
 k_ppt20               1.560231        1.000000        0.000000    
 k_ppt21               1.065666        1.000000        0.000000    
 k_ppt22              0.9778274        1.000000        0.000000    
 k_ppt23              0.5913500        1.000000        0.000000    
 k_ppt24              0.4991991        1.000000        0.000000    
 k_ppt25              0.4987284        1.000000        0.000000    
 k_ppt26               1.346251        1.000000        0.000000    
 k_ppt27               1.941148        1.000000        0.000000    
 k_ppt28               1.943389        1.000000        0.000000    
 k_ppt29               1.207044        1.000000        0.000000    
 k_ppt30              0.4092668        1.000000        0.000000    
 k_ppt31              0.6045248        1.000000        0.000000    
 k_ppt32              0.9830299        1.000000        0.000000    
 k_ppt33              0.9284720        1.000000        0.000000    
 k_ppt34               1.293418        1.000000        0.000000    
 k_ppt35               1.301711        1.000000        0.000000    
 k_ppt36               1.189601        1.000000        0.000000    
 k_ppt37              0.6509775        1.000000        0.000000    
 k_ppt38              0.8307048        1.000000        0.000000    
 k_ppt39               1.167148        1.000000        0.000000    
 k_ppt40               1.957262        1.000000        0.000000    
 k_ppt41              0.6571894        1.000000        0.000000    
 k_ppt42              0.7241981        1.000000        0.000000    
 k_ppt43               5.023459        1.000000        0.000000    
 k_ppt44               2.031363        1.000000        0.000000    
 k_ppt45               1.570645        1.000000        0.000000    
 k_ppt46               1.394809        1.000000        0.000000    
 k_ppt47              0.6613078        1.000000        0.000000    
 k_ppt48              0.5861489        1.000000        0.000000    
 k_ppt49              0.6335225        1.000000        0.000000    
 k_ppt50               1.227792        1.000000        0.000000    
 k_ppt51               7.639276        1.000000        0.000000    
 k_ppt52               3.800937        1.000000        0.000000    
 k_ppt53               1.432518        1.000000        0.000000    
 k_ppt54              0.9184954        1.000000        0.000000    
 k_ppt55              0.9679632        1.000000        0.000000    
 k_ppt56               1.831822        1.000000        0.000000    
 k_ppt57               1.309257        1.000000        0.000000    
 k_ppt58              0.9759513        1.000000        0.000000    
 k_ppt59               2.939761        1.000000        0.000000    
 k_ppt60               3.208257        1.000000        0.000000    
 k_ppt61               1.073975        1.000000        0.000000    
 k_ppt62              0.6137736        1.000000        0.000000    
 k_ppt63               2.365352        1.000000        0.000000    
 k_ppt64               4.157181        1.000000        0.000000    
 k_ppt65               1.105988        1.000000        0.000000    
 k_ppt66               3.094013        1.000000        0.000000    
 k_ppt67               2.036398        1.000000        0.000000    
 k_ppt68               1.767367        1.000000        0.000000    
 k_ppt69              0.7925151        1.000000        0.000000    
 k_ppt70               1.714958        1.000000        0.000000    
 k_ppt71               1.712549        1.000000        0.000000    
 k_ppt72               2.237942        1.000000        0.000000    
 k_ppt73               1.324987        1.000000        0.000000    
 k_ppt74              0.8339866        1.000000        0.000000    
 k_ppt75               1.583417        1.000000        0.000000    
 k_ppt76              0.5613099        1.000000        0.000000    
 k_ppt77              0.5209407        1.000000        0.000000    
 k_ppt78               1.136603        1.000000        0.000000    
 k_ppt79               1.901742        1.000000        0.000000    
 k_ppt80              0.4888103        1.000000        0.000000    
 k_ppt81               1.015923        1.000000        0.000000    
 k_ppt82              0.6189849        1.000000        0.000000    
 k_ppt83               1.328611        1.000000        0.000000    
 k_ppt84               1.233436        1.000000        0.000000    
 k_ppt85              0.8424646        1.000000        0.000000    
 k_ppt86              0.5776025        1.000000        0.000000    
 k_ppt87               1.037445        1.000000        0.000000    
 k_ppt88              0.8443028        1.000000        0.000000    
 k_ppt89               1.852087        1.000000        0.000000    
 k_ppt90              0.5039801        1.000000        0.000000    
 k_ppt91              0.7467935        1.000000        0.000000    
 k_ppt92               1.580725        1.000000        0.000000    
 k_ppt93               1.404181        1.000000        0.000000    
 k_ppt94               1.292034        1.000000        0.000000    
 k_ppt95               1.440877        1.000000        0.000000    
 k_ppt96              0.4656665        1.000000        0.000000    
 k_ppt97               1.832453        1.000000        0.000000    
 k_ppt98              0.4422716        1.000000        0.000000    
 k_ppt99              0.1961902        1.000000        0.000000    
 k_ppt100             0.4422140        1.000000        0.000000    
 k_ppt101              1.079131        1.000000        0.000000    
 k_ppt102              1.566889        1.000000        0.000000    
 k_ppt103             0.5242618        1.000000        0.000000    
 k_ppt104             0.3617566        1.000000        0.000000    
