 single point
 k_ppt1               0.2796459        1.000000        0.000000    
 k_ppt2               0.2897157        1.000000        0.000000    
 k_ppt3               0.5808333        1.000000        0.000000    
 k_ppt4               0.6906051        1.000000        0.000000    
 k_ppt5               0.7632241        1.000000        0.000000    
 k_ppt6               0.7721443        1.000000        0.000000    
 k_ppt7               0.4333978        1.000000        0.000000    
 k_ppt8               0.6519879        1.000000        0.000000    
 k_ppt9               0.1687329        1.000000        0.000000    
 k_ppt10              0.1894700        1.000000        0.000000    
 k_ppt11              0.1294306        1.000000        0.000000    
 k_ppt12              0.5697587        1.000000        0.000000    
 k_ppt13               1.096935        1.000000        0.000000    
 k_ppt14              0.2385747        1.000000        0.000000    
 k_ppt15              0.1405067        1.000000        0.000000    
 k_ppt16              0.2533449        1.000000        0.000000    
 k_ppt17              0.1922526        1.000000        0.000000    
 k_ppt18              0.3448908        1.000000        0.000000    
 k_ppt19              0.8570145        1.000000        0.000000    
 k_ppt20              0.6873747        1.000000        0.000000    
 k_ppt21              0.6275640        1.000000        0.000000    
 k_ppt22              0.2274976        1.000000        0.000000    
 k_ppt23              0.3309080        1.000000        0.000000    
 k_ppt24              0.5912655        1.000000        0.000000    
 k_ppt25              0.4250894        1.000000        0.000000    
 k_ppt26               1.727702        1.000000        0.000000    
 k_ppt27               2.176646        1.000000        0.000000    
 k_ppt28              0.8220439        1.000000        0.000000    
 k_ppt29              0.5439618        1.000000        0.000000    
 k_ppt30               1.012739        1.000000        0.000000    
 k_ppt31              0.6257826        1.000000        0.000000    
 k_ppt32               1.191694        1.000000        0.000000    
 k_ppt33               1.033133        1.000000        0.000000    
 k_ppt34               2.747901        1.000000        0.000000    
 k_ppt35              0.7815512        1.000000        0.000000    
 k_ppt36              0.7821678        1.000000        0.000000    
 k_ppt37               1.113629        1.000000        0.000000    
 k_ppt38               2.202652        1.000000        0.000000    
 k_ppt39              0.6273353        1.000000        0.000000    
 k_ppt40               3.599024        1.000000        0.000000    
 k_ppt41              0.4531540        1.000000        0.000000    
 k_ppt42               1.101349        1.000000        0.000000    
 k_ppt43               1.135572        1.000000        0.000000    
 k_ppt44               1.418106        1.000000        0.000000    
 k_ppt45               1.413118        1.000000        0.000000    
 k_ppt46               1.989074        1.000000        0.000000    
 k_ppt47               1.609168        1.000000        0.000000    
 k_ppt48               1.685098        1.000000        0.000000    
 k_ppt49              0.3337887        1.000000        0.000000    
 k_ppt50               3.484677        1.000000        0.000000    
 k_ppt51               2.191567        1.000000        0.000000    
 k_ppt52               3.595309        1.000000        0.000000    
 k_ppt53               2.890229        1.000000        0.000000    
 k_ppt54               3.287795        1.000000        0.000000    
 k_ppt55               2.168146        1.000000        0.000000    
 k_ppt56               4.222431        1.000000        0.000000    
 k_ppt57              0.7861929        1.000000        0.000000    
 k_ppt58               2.122235        1.000000        0.000000    
 k_ppt59               2.529432        1.000000        0.000000    
 k_ppt60               2.785503        1.000000        0.000000    
 k_ppt61               3.215117        1.000000        0.000000    
 k_ppt62              0.9274768        1.000000        0.000000    
 k_ppt63               2.868674        1.000000        0.000000    
 k_ppt64               1.578956        1.000000        0.000000    
 k_ppt65              0.7187369        1.000000        0.000000    
 k_ppt66              0.7372650        1.000000        0.000000    
 k_ppt67               1.392689        1.000000        0.000000    
 k_ppt68               1.061881        1.000000        0.000000    
 k_ppt69              0.6301875        1.000000        0.000000    
 k_ppt70               1.734194        1.000000        0.000000    
 k_ppt71               3.077592        1.000000        0.000000    
 k_ppt72               2.762497        1.000000        0.000000    
 k_ppt73               1.751968        1.000000        0.000000    
 k_ppt74              0.6638291        1.000000        0.000000    
 k_ppt75              0.9770333        1.000000        0.000000    
 k_ppt76               1.107539        1.000000        0.000000    
 k_ppt77              0.5527471        1.000000        0.000000    
 k_ppt78              0.7155689        1.000000        0.000000    
 k_ppt79               3.497965        1.000000        0.000000    
 k_ppt80               1.921642        1.000000        0.000000    
 k_ppt81               1.170968        1.000000        0.000000    
 k_ppt82              0.4258327        1.000000        0.000000    
 k_ppt83               1.301877        1.000000        0.000000    
 k_ppt84               1.715792        1.000000        0.000000    
 k_ppt85               1.328987        1.000000        0.000000    
 k_ppt86               1.822116        1.000000        0.000000    
 k_ppt87               1.069080        1.000000        0.000000    
 k_ppt88              0.6505784        1.000000        0.000000    
 k_ppt89              0.7961308        1.000000        0.000000    
 k_ppt90              0.2212677        1.000000        0.000000    
 k_ppt91              0.6133799        1.000000        0.000000    
 k_ppt92              0.8214722        1.000000        0.000000    
 k_ppt93               1.486003        1.000000        0.000000    
 k_ppt94               1.910417        1.000000        0.000000    
 k_ppt95              0.6278563        1.000000        0.000000    
 k_ppt96              0.3934158        1.000000        0.000000    
 k_ppt97              0.5018792        1.000000        0.000000    
 k_ppt98              0.3709243        1.000000        0.000000    
 k_ppt99              0.5346552        1.000000        0.000000    
 k_ppt100             0.8070154        1.000000        0.000000    
 k_ppt101              1.115466        1.000000        0.000000    
 k_ppt102              1.043068        1.000000        0.000000    
 k_ppt103             0.4818111        1.000000        0.000000    
 k_ppt104             0.7037224        1.000000        0.000000    
