 single point
 k_ppt1               0.5766538        1.000000        0.000000    
 k_ppt2               0.9775912        1.000000        0.000000    
 k_ppt3                1.432587        1.000000        0.000000    
 k_ppt4               0.6439451        1.000000        0.000000    
 k_ppt5               0.4669380        1.000000        0.000000    
 k_ppt6               0.5391295        1.000000        0.000000    
 k_ppt7               0.6207811        1.000000        0.000000    
 k_ppt8               0.9198887        1.000000        0.000000    
 k_ppt9               0.9596080        1.000000        0.000000    
 k_ppt10              0.3838122        1.000000        0.000000    
 k_ppt11               1.667533        1.000000        0.000000    
 k_ppt12               1.177036        1.000000        0.000000    
 k_ppt13              0.5281356        1.000000        0.000000    
 k_ppt14              0.3781968        1.000000        0.000000    
 k_ppt15              0.3031180        1.000000        0.000000    
 k_ppt16              0.7577971        1.000000        0.000000    
 k_ppt17              0.3448964        1.000000        0.000000    
 k_ppt18              0.3864144        1.000000        0.000000    
 k_ppt19              0.2435240        1.000000        0.000000    
 k_ppt20              0.4053211        1.000000        0.000000    
 k_ppt21              0.9940717        1.000000        0.000000    
 k_ppt22              0.7168239        1.000000        0.000000    
 k_ppt23              0.8385130        1.000000        0.000000    
 k_ppt24               3.929101        1.000000        0.000000    
 k_ppt25              0.9216460        1.000000        0.000000    
 k_ppt26              0.7201191        1.000000        0.000000    
 k_ppt27               1.554820        1.000000        0.000000    
 k_ppt28              0.3908821        1.000000        0.000000    
 k_ppt29               1.519773        1.000000        0.000000    
 k_ppt30              0.4427883        1.000000        0.000000    
 k_ppt31               1.612151        1.000000        0.000000    
 k_ppt32               2.327015        1.000000        0.000000    
 k_ppt33               1.285634        1.000000        0.000000    
 k_ppt34              0.9315390        1.000000        0.000000    
 k_ppt35               1.138759        1.000000        0.000000    
 k_ppt36              0.3696377        1.000000        0.000000    
 k_ppt37              0.5937527        1.000000        0.000000    
 k_ppt38               1.447006        1.000000        0.000000    
 k_ppt39               1.502699        1.000000        0.000000    
 k_ppt40               1.473112        1.000000        0.000000    
 k_ppt41              0.7926007        1.000000        0.000000    
 k_ppt42               1.541923        1.000000        0.000000    
 k_ppt43               1.225090        1.000000        0.000000    
 k_ppt44              0.7742359        1.000000        0.000000    
 k_ppt45              0.8247890        1.000000        0.000000    
 k_ppt46               1.467193        1.000000        0.000000    
 k_ppt47               3.275860        1.000000        0.000000    
 k_ppt48               3.748292        1.000000        0.000000    
 k_ppt49               1.138189        1.000000        0.000000    
 k_ppt50               1.474510        1.000000        0.000000    
 k_ppt51               1.985541        1.000000        0.000000    
 k_ppt52               1.325892        1.000000        0.000000    
 k_ppt53              0.7845007        1.000000        0.000000    
 k_ppt54               1.731845        1.000000        0.000000    
 k_ppt55               2.570241        1.000000        0.000000    
 k_ppt56               2.420225        1.000000        0.000000    
 k_ppt57               1.339567        1.000000        0.000000    
 k_ppt58               1.384326        1.000000        0.000000    
 k_ppt59               5.462835        1.000000        0.000000    
 k_ppt60               5.303436        1.000000        0.000000    
 k_ppt61               1.446006        1.000000        0.000000    
 k_ppt62              0.6469465        1.000000        0.000000    
 k_ppt63               2.361555        1.000000        0.000000    
 k_ppt64               3.252151        1.000000        0.000000    
 k_ppt65              0.4767771        1.000000        0.000000    
 k_ppt66              0.7386524        1.000000        0.000000    
 k_ppt67               3.147891        1.000000        0.000000    
 k_ppt68               2.633952        1.000000        0.000000    
 k_ppt69               1.481875        1.000000        0.000000    
 k_ppt70               1.076355        1.000000        0.000000    
 k_ppt71               2.247080        1.000000        0.000000    
 k_ppt72               1.582998        1.000000        0.000000    
 k_ppt73              0.6935729        1.000000        0.000000    
 k_ppt74              0.9868953        1.000000        0.000000    
 k_ppt75               1.022127        1.000000        0.000000    
 k_ppt76               1.050950        1.000000        0.000000    
 k_ppt77               1.383755        1.000000        0.000000    
 k_ppt78               1.297070        1.000000        0.000000    
 k_ppt79              0.9058978        1.000000        0.000000    
 k_ppt80              0.9238042        1.000000        0.000000    
 k_ppt81               1.148962        1.000000        0.000000    
 k_ppt82              0.8650854        1.000000        0.000000    
 k_ppt83               1.439014        1.000000        0.000000    
 k_ppt84              0.8357423        1.000000        0.000000    
 k_ppt85              0.6713223        1.000000        0.000000    
 k_ppt86               1.604760        1.000000        0.000000    
 k_ppt87               1.891845        1.000000        0.000000    
 k_ppt88              0.5106307        1.000000        0.000000    
 k_ppt89               1.388892        1.000000        0.000000    
 k_ppt90              0.6868382        1.000000        0.000000    
 k_ppt91               1.272836        1.000000        0.000000    
 k_ppt92               2.260433        1.000000        0.000000    
 k_ppt93               1.126125        1.000000        0.000000    
 k_ppt94              0.9696991        1.000000        0.000000    
 k_ppt95              0.4800160        1.000000        0.000000    
 k_ppt96              0.6565924        1.000000        0.000000    
 k_ppt97              0.5711519        1.000000        0.000000    
 k_ppt98              0.6242647        1.000000        0.000000    
 k_ppt99              0.8570769        1.000000        0.000000    
 k_ppt100             0.6910945        1.000000        0.000000    
 k_ppt101              1.144600        1.000000        0.000000    
 k_ppt102             0.4369278        1.000000        0.000000    
 k_ppt103             0.5461047        1.000000        0.000000    
 k_ppt104             0.4205396        1.000000        0.000000    
