 single point
 k_ppt1                2.595905        1.000000        0.000000    
 k_ppt2                2.049735        1.000000        0.000000    
 k_ppt3                1.561879        1.000000        0.000000    
 k_ppt4               0.7886804        1.000000        0.000000    
 k_ppt5               0.9105564        1.000000        0.000000    
 k_ppt6                1.250978        1.000000        0.000000    
 k_ppt7               0.7544936        1.000000        0.000000    
 k_ppt8               0.1738778        1.000000        0.000000    
 k_ppt9                3.340548        1.000000        0.000000    
 k_ppt10               3.086924        1.000000        0.000000    
 k_ppt11              0.7511892        1.000000        0.000000    
 k_ppt12              0.4358726        1.000000        0.000000    
 k_ppt13              0.8915635        1.000000        0.000000    
 k_ppt14              0.6214294        1.000000        0.000000    
 k_ppt15              0.3080333        1.000000        0.000000    
 k_ppt16              0.2852674        1.000000        0.000000    
 k_ppt17               1.113223        1.000000        0.000000    
 k_ppt18              0.9538181        1.000000        0.000000    
 k_ppt19              0.2910501        1.000000        0.000000    
 k_ppt20              0.3849907        1.000000        0.000000    
 k_ppt21              0.4651890        1.000000        0.000000    
 k_ppt22              0.1730047        1.000000        0.000000    
 k_ppt23              9.6436362E-02    1.000000        0.000000    
 k_ppt24              0.3305587        1.000000        0.000000    
 k_ppt25               2.816010        1.000000        0.000000    
 k_ppt26               2.009616        1.000000        0.000000    
 k_ppt27               1.042128        1.000000        0.000000    
 k_ppt28              0.8925712        1.000000        0.000000    
 k_ppt29              0.4568838        1.000000        0.000000    
 k_ppt30              0.4742351        1.000000        0.000000    
 k_ppt31              0.3355813        1.000000        0.000000    
 k_ppt32              0.4213938        1.000000        0.000000    
 k_ppt33               1.398441        1.000000        0.000000    
 k_ppt34               1.963526        1.000000        0.000000    
 k_ppt35               1.454849        1.000000        0.000000    
 k_ppt36               1.482759        1.000000        0.000000    
 k_ppt37               2.336942        1.000000        0.000000    
 k_ppt38               2.029639        1.000000        0.000000    
 k_ppt39               1.444007        1.000000        0.000000    
 k_ppt40               1.266871        1.000000        0.000000    
 k_ppt41               3.041392        1.000000        0.000000    
 k_ppt42               1.607305        1.000000        0.000000    
 k_ppt43               1.240755        1.000000        0.000000    
 k_ppt44               2.087938        1.000000        0.000000    
 k_ppt45               3.893426        1.000000        0.000000    
 k_ppt46              0.8764331        1.000000        0.000000    
 k_ppt47              0.7983879        1.000000        0.000000    
 k_ppt48              0.7999739        1.000000        0.000000    
 k_ppt49               1.183454        1.000000        0.000000    
 k_ppt50               1.858124        1.000000        0.000000    
 k_ppt51               1.128917        1.000000        0.000000    
 k_ppt52               2.443231        1.000000        0.000000    
 k_ppt53               3.228800        1.000000        0.000000    
 k_ppt54               2.807143        1.000000        0.000000    
 k_ppt55              0.8830699        1.000000        0.000000    
 k_ppt56               1.636713        1.000000        0.000000    
 k_ppt57               1.385995        1.000000        0.000000    
 k_ppt58               2.472977        1.000000        0.000000    
 k_ppt59               2.491773        1.000000        0.000000    
 k_ppt60               2.728221        1.000000        0.000000    
 k_ppt61               3.300824        1.000000        0.000000    
 k_ppt62               5.124305        1.000000        0.000000    
 k_ppt63               1.103026        1.000000        0.000000    
 k_ppt64              0.3976820        1.000000        0.000000    
 k_ppt65               1.017710        1.000000        0.000000    
 k_ppt66               1.190577        1.000000        0.000000    
 k_ppt67               2.211305        1.000000        0.000000    
 k_ppt68               3.942836        1.000000        0.000000    
 k_ppt69               2.702120        1.000000        0.000000    
 k_ppt70               2.087739        1.000000        0.000000    
 k_ppt71               1.488655        1.000000        0.000000    
 k_ppt72              0.3918323        1.000000        0.000000    
 k_ppt73              0.7195709        1.000000        0.000000    
 k_ppt74               1.295719        1.000000        0.000000    
 k_ppt75              0.7524680        1.000000        0.000000    
 k_ppt76               1.489296        1.000000        0.000000    
 k_ppt77               1.342920        1.000000        0.000000    
 k_ppt78              0.9770066        1.000000        0.000000    
 k_ppt79               1.406442        1.000000        0.000000    
 k_ppt80               1.108364        1.000000        0.000000    
 k_ppt81               1.231040        1.000000        0.000000    
 k_ppt82               4.114145        1.000000        0.000000    
 k_ppt83               1.919916        1.000000        0.000000    
 k_ppt84               1.030025        1.000000        0.000000    
 k_ppt85              0.5216467        1.000000        0.000000    
 k_ppt86              0.3891657        1.000000        0.000000    
 k_ppt87              0.5299781        1.000000        0.000000    
 k_ppt88              0.9446277        1.000000        0.000000    
 k_ppt89               1.714323        1.000000        0.000000    
 k_ppt90               4.221847        1.000000        0.000000    
 k_ppt91               2.484138        1.000000        0.000000    
 k_ppt92               1.475557        1.000000        0.000000    
 k_ppt93               1.287491        1.000000        0.000000    
 k_ppt94              0.1412468        1.000000        0.000000    
 k_ppt95              0.2149530        1.000000        0.000000    
 k_ppt96              0.5459878        1.000000        0.000000    
 k_ppt97              0.5609765        1.000000        0.000000    
 k_ppt98               1.509712        1.000000        0.000000    
 k_ppt99               3.811952        1.000000        0.000000    
 k_ppt100              1.952375        1.000000        0.000000    
 k_ppt101             0.2495859        1.000000        0.000000    
 k_ppt102             0.1701763        1.000000        0.000000    
 k_ppt103             0.2069266        1.000000        0.000000    
 k_ppt104             0.4484203        1.000000        0.000000    
