 single point
 k_ppt1                2.654807        1.000000        0.000000    
 k_ppt2                2.598846        1.000000        0.000000    
 k_ppt3                1.811769        1.000000        0.000000    
 k_ppt4               0.8347686        1.000000        0.000000    
 k_ppt5                2.047131        1.000000        0.000000    
 k_ppt6                2.309204        1.000000        0.000000    
 k_ppt7               0.6869214        1.000000        0.000000    
 k_ppt8               7.4511484E-02    1.000000        0.000000    
 k_ppt9                2.763362        1.000000        0.000000    
 k_ppt10               2.721976        1.000000        0.000000    
 k_ppt11              0.7978736        1.000000        0.000000    
 k_ppt12              0.6623359        1.000000        0.000000    
 k_ppt13              0.3322798        1.000000        0.000000    
 k_ppt14               1.015692        1.000000        0.000000    
 k_ppt15              0.2903429        1.000000        0.000000    
 k_ppt16              0.1516500        1.000000        0.000000    
 k_ppt17               3.974012        1.000000        0.000000    
 k_ppt18               1.392083        1.000000        0.000000    
 k_ppt19              0.8794605        1.000000        0.000000    
 k_ppt20              0.2149302        1.000000        0.000000    
 k_ppt21               1.079827        1.000000        0.000000    
 k_ppt22              0.6100612        1.000000        0.000000    
 k_ppt23              0.3690695        1.000000        0.000000    
 k_ppt24              0.1446689        1.000000        0.000000    
 k_ppt25              0.7963148        1.000000        0.000000    
 k_ppt26               2.107827        1.000000        0.000000    
 k_ppt27              0.5627903        1.000000        0.000000    
 k_ppt28              0.8819700        1.000000        0.000000    
 k_ppt29              0.8148777        1.000000        0.000000    
 k_ppt30               1.114597        1.000000        0.000000    
 k_ppt31              0.6144940        1.000000        0.000000    
 k_ppt32              0.5777190        1.000000        0.000000    
 k_ppt33              0.5746750        1.000000        0.000000    
 k_ppt34               2.581674        1.000000        0.000000    
 k_ppt35               1.583532        1.000000        0.000000    
 k_ppt36               1.607189        1.000000        0.000000    
 k_ppt37               1.677882        1.000000        0.000000    
 k_ppt38               1.001241        1.000000        0.000000    
 k_ppt39              0.7759181        1.000000        0.000000    
 k_ppt40               1.058470        1.000000        0.000000    
 k_ppt41               1.645746        1.000000        0.000000    
 k_ppt42               3.331162        1.000000        0.000000    
 k_ppt43               1.783284        1.000000        0.000000    
 k_ppt44               1.956087        1.000000        0.000000    
 k_ppt45               1.097170        1.000000        0.000000    
 k_ppt46              0.8101964        1.000000        0.000000    
 k_ppt47               2.438500        1.000000        0.000000    
 k_ppt48               4.723083        1.000000        0.000000    
 k_ppt49               2.288402        1.000000        0.000000    
 k_ppt50               4.457843        1.000000        0.000000    
 k_ppt51               2.203310        1.000000        0.000000    
 k_ppt52               2.545078        1.000000        0.000000    
 k_ppt53               1.458447        1.000000        0.000000    
 k_ppt54               2.378152        1.000000        0.000000    
 k_ppt55               1.487493        1.000000        0.000000    
 k_ppt56               2.513389        1.000000        0.000000    
 k_ppt57               2.067988        1.000000        0.000000    
 k_ppt58               2.632208        1.000000        0.000000    
 k_ppt59               1.559853        1.000000        0.000000    
 k_ppt60              0.9728068        1.000000        0.000000    
 k_ppt61              0.4535270        1.000000        0.000000    
 k_ppt62               1.031234        1.000000        0.000000    
 k_ppt63               2.922284        1.000000        0.000000    
 k_ppt64               3.423310        1.000000        0.000000    
 k_ppt65               6.120451        1.000000        0.000000    
 k_ppt66               1.645436        1.000000        0.000000    
 k_ppt67              0.8414881        1.000000        0.000000    
 k_ppt68              0.5102332        1.000000        0.000000    
 k_ppt69              0.7520382        1.000000        0.000000    
 k_ppt70               1.895323        1.000000        0.000000    
 k_ppt71               2.896458        1.000000        0.000000    
 k_ppt72              0.9168871        1.000000        0.000000    
 k_ppt73               1.968046        1.000000        0.000000    
 k_ppt74               1.066849        1.000000        0.000000    
 k_ppt75              0.5037618        1.000000        0.000000    
 k_ppt76              0.6318738        1.000000        0.000000    
 k_ppt77               1.057540        1.000000        0.000000    
 k_ppt78               1.042638        1.000000        0.000000    
 k_ppt79               1.673079        1.000000        0.000000    
 k_ppt80               1.486891        1.000000        0.000000    
 k_ppt81               4.910697        1.000000        0.000000    
 k_ppt82               1.378568        1.000000        0.000000    
 k_ppt83               1.130852        1.000000        0.000000    
 k_ppt84               1.153267        1.000000        0.000000    
 k_ppt85              0.7875042        1.000000        0.000000    
 k_ppt86              0.3766542        1.000000        0.000000    
 k_ppt87              0.5767607        1.000000        0.000000    
 k_ppt88               1.185743        1.000000        0.000000    
 k_ppt89               3.059999        1.000000        0.000000    
 k_ppt90               2.650240        1.000000        0.000000    
 k_ppt91               1.075458        1.000000        0.000000    
 k_ppt92               1.177763        1.000000        0.000000    
 k_ppt93              0.3907845        1.000000        0.000000    
 k_ppt94              0.2711732        1.000000        0.000000    
 k_ppt95              0.5201987        1.000000        0.000000    
 k_ppt96              0.4597579        1.000000        0.000000    
 k_ppt97               4.411369        1.000000        0.000000    
 k_ppt98              0.6888566        1.000000        0.000000    
 k_ppt99               1.008192        1.000000        0.000000    
 k_ppt100             0.3013904        1.000000        0.000000    
 k_ppt101             0.1600365        1.000000        0.000000    
 k_ppt102             0.2328922        1.000000        0.000000    
 k_ppt103             0.2847967        1.000000        0.000000    
 k_ppt104             0.6490830        1.000000        0.000000    
