 single point
 k_ppt1                1.624023        1.000000        0.000000    
 k_ppt2                1.177496        1.000000        0.000000    
 k_ppt3               0.9956080        1.000000        0.000000    
 k_ppt4                1.219440        1.000000        0.000000    
 k_ppt5                1.796007        1.000000        0.000000    
 k_ppt6                3.020729        1.000000        0.000000    
 k_ppt7                3.171071        1.000000        0.000000    
 k_ppt8                2.684875        1.000000        0.000000    
 k_ppt9                1.904709        1.000000        0.000000    
 k_ppt10               1.294604        1.000000        0.000000    
 k_ppt11               1.589536        1.000000        0.000000    
 k_ppt12               3.015691        1.000000        0.000000    
 k_ppt13              0.9735001        1.000000        0.000000    
 k_ppt14               1.469107        1.000000        0.000000    
 k_ppt15               3.618247        1.000000        0.000000    
 k_ppt16               3.439128        1.000000        0.000000    
 k_ppt17              0.7603504        1.000000        0.000000    
 k_ppt18               3.140475        1.000000        0.000000    
 k_ppt19               2.758404        1.000000        0.000000    
 k_ppt20               3.174793        1.000000        0.000000    
 k_ppt21               2.303693        1.000000        0.000000    
 k_ppt22               1.001061        1.000000        0.000000    
 k_ppt23               1.916143        1.000000        0.000000    
 k_ppt24               2.282439        1.000000        0.000000    
 k_ppt25              0.4838391        1.000000        0.000000    
 k_ppt26               1.088676        1.000000        0.000000    
 k_ppt27               1.252839        1.000000        0.000000    
 k_ppt28               3.042979        1.000000        0.000000    
 k_ppt29               3.096762        1.000000        0.000000    
 k_ppt30               1.030274        1.000000        0.000000    
 k_ppt31              0.9611626        1.000000        0.000000    
 k_ppt32               1.534315        1.000000        0.000000    
 k_ppt33               1.079090        1.000000        0.000000    
 k_ppt34              0.7473119        1.000000        0.000000    
 k_ppt35              0.8898778        1.000000        0.000000    
 k_ppt36              0.9672304        1.000000        0.000000    
 k_ppt37              0.7389977        1.000000        0.000000    
 k_ppt38              0.8512095        1.000000        0.000000    
 k_ppt39              0.9958345        1.000000        0.000000    
 k_ppt40              0.6981783        1.000000        0.000000    
 k_ppt41              0.9613177        1.000000        0.000000    
 k_ppt42              0.9043850        1.000000        0.000000    
 k_ppt43               1.294031        1.000000        0.000000    
 k_ppt44              0.6656465        1.000000        0.000000    
 k_ppt45               1.286931        1.000000        0.000000    
 k_ppt46               1.929288        1.000000        0.000000    
 k_ppt47               2.843784        1.000000        0.000000    
 k_ppt48               1.257600        1.000000        0.000000    
 k_ppt49               2.251747        1.000000        0.000000    
 k_ppt50              0.5847357        1.000000        0.000000    
 k_ppt51              0.5846305        1.000000        0.000000    
 k_ppt52               1.332076        1.000000        0.000000    
 k_ppt53               1.537648        1.000000        0.000000    
 k_ppt54               2.764562        1.000000        0.000000    
 k_ppt55               2.597397        1.000000        0.000000    
 k_ppt56               2.032254        1.000000        0.000000    
 k_ppt57               1.123662        1.000000        0.000000    
 k_ppt58               1.018879        1.000000        0.000000    
 k_ppt59               2.487064        1.000000        0.000000    
 k_ppt60              0.9635811        1.000000        0.000000    
 k_ppt61               2.094708        1.000000        0.000000    
 k_ppt62              0.9180249        1.000000        0.000000    
 k_ppt63               2.501012        1.000000        0.000000    
 k_ppt64               2.747727        1.000000        0.000000    
 k_ppt65               1.259057        1.000000        0.000000    
 k_ppt66              0.7345482        1.000000        0.000000    
 k_ppt67               1.852539        1.000000        0.000000    
 k_ppt68              0.7412710        1.000000        0.000000    
 k_ppt69               2.057456        1.000000        0.000000    
 k_ppt70               2.306775        1.000000        0.000000    
 k_ppt71               3.401046        1.000000        0.000000    
 k_ppt72               1.240505        1.000000        0.000000    
 k_ppt73               2.879390        1.000000        0.000000    
 k_ppt74               2.162074        1.000000        0.000000    
 k_ppt75              0.5222227        1.000000        0.000000    
 k_ppt76              0.7288852        1.000000        0.000000    
 k_ppt77              0.7754498        1.000000        0.000000    
 k_ppt78              0.8184827        1.000000        0.000000    
 k_ppt79               4.254007        1.000000        0.000000    
 k_ppt80              0.9060417        1.000000        0.000000    
 k_ppt81               2.433219        1.000000        0.000000    
 k_ppt82              0.9832582        1.000000        0.000000    
 k_ppt83              0.5111496        1.000000        0.000000    
 k_ppt84              0.5518337        1.000000        0.000000    
 k_ppt85              0.9626253        1.000000        0.000000    
 k_ppt86               1.565347        1.000000        0.000000    
 k_ppt87               4.253914        1.000000        0.000000    
 k_ppt88               1.228699        1.000000        0.000000    
 k_ppt89              0.9552122        1.000000        0.000000    
 k_ppt90              0.5062439        1.000000        0.000000    
 k_ppt91              0.3282105        1.000000        0.000000    
 k_ppt92               1.335169        1.000000        0.000000    
 k_ppt93              0.3379558        1.000000        0.000000    
 k_ppt94              0.7334081        1.000000        0.000000    
 k_ppt95              0.8421217        1.000000        0.000000    
 k_ppt96              0.4639472        1.000000        0.000000    
 k_ppt97               2.034047        1.000000        0.000000    
 k_ppt98              0.2985194        1.000000        0.000000    
 k_ppt99              0.2490137        1.000000        0.000000    
 k_ppt100             0.4368758        1.000000        0.000000    
 k_ppt101             0.4556650        1.000000        0.000000    
 k_ppt102             0.3989313        1.000000        0.000000    
 k_ppt103              1.342245        1.000000        0.000000    
 k_ppt104              1.563020        1.000000        0.000000    
