 single point
 k_ppt1                6.485157        1.000000        0.000000    
 k_ppt2                1.325033        1.000000        0.000000    
 k_ppt3                1.164715        1.000000        0.000000    
 k_ppt4               0.7546646        1.000000        0.000000    
 k_ppt5                3.091360        1.000000        0.000000    
 k_ppt6                5.028177        1.000000        0.000000    
 k_ppt7                4.006419        1.000000        0.000000    
 k_ppt8               0.8283175        1.000000        0.000000    
 k_ppt9                9.340066        1.000000        0.000000    
 k_ppt10               1.583909        1.000000        0.000000    
 k_ppt11              0.3634531        1.000000        0.000000    
 k_ppt12              0.8043333        1.000000        0.000000    
 k_ppt13               2.218015        1.000000        0.000000    
 k_ppt14               2.084542        1.000000        0.000000    
 k_ppt15               4.365204        1.000000        0.000000    
 k_ppt16               2.265527        1.000000        0.000000    
 k_ppt17              0.8996709        1.000000        0.000000    
 k_ppt18               1.038499        1.000000        0.000000    
 k_ppt19              0.5029926        1.000000        0.000000    
 k_ppt20               1.536408        1.000000        0.000000    
 k_ppt21               1.948716        1.000000        0.000000    
 k_ppt22               3.344061        1.000000        0.000000    
 k_ppt23               8.565638        1.000000        0.000000    
 k_ppt24               5.371247        1.000000        0.000000    
 k_ppt25               2.169499        1.000000        0.000000    
 k_ppt26              0.3529166        1.000000        0.000000    
 k_ppt27              0.5332126        1.000000        0.000000    
 k_ppt28              0.5397396        1.000000        0.000000    
 k_ppt29               1.726859        1.000000        0.000000    
 k_ppt30               2.340660        1.000000        0.000000    
 k_ppt31               1.884311        1.000000        0.000000    
 k_ppt32               1.432100        1.000000        0.000000    
 k_ppt33               1.437500        1.000000        0.000000    
 k_ppt34              0.6607199        1.000000        0.000000    
 k_ppt35              0.4646465        1.000000        0.000000    
 k_ppt36               1.097907        1.000000        0.000000    
 k_ppt37               1.488120        1.000000        0.000000    
 k_ppt38               1.702002        1.000000        0.000000    
 k_ppt39              0.9632625        1.000000        0.000000    
 k_ppt40              0.7570564        1.000000        0.000000    
 k_ppt41               1.619050        1.000000        0.000000    
 k_ppt42               1.584739        1.000000        0.000000    
 k_ppt43              0.3556172        1.000000        0.000000    
 k_ppt44               1.522137        1.000000        0.000000    
 k_ppt45               1.539334        1.000000        0.000000    
 k_ppt46               1.263304        1.000000        0.000000    
 k_ppt47               2.567680        1.000000        0.000000    
 k_ppt48               2.287730        1.000000        0.000000    
 k_ppt49               1.906274        1.000000        0.000000    
 k_ppt50               1.012319        1.000000        0.000000    
 k_ppt51              0.6320295        1.000000        0.000000    
 k_ppt52              0.8049917        1.000000        0.000000    
 k_ppt53               3.129328        1.000000        0.000000    
 k_ppt54               1.918272        1.000000        0.000000    
 k_ppt55               4.306997        1.000000        0.000000    
 k_ppt56               3.705749        1.000000        0.000000    
 k_ppt57               2.557797        1.000000        0.000000    
 k_ppt58               1.352263        1.000000        0.000000    
 k_ppt59              0.4486258        1.000000        0.000000    
 k_ppt60              0.9918128        1.000000        0.000000    
 k_ppt61               1.527080        1.000000        0.000000    
 k_ppt62               6.451575        1.000000        0.000000    
 k_ppt63               5.798229        1.000000        0.000000    
 k_ppt64               1.516999        1.000000        0.000000    
 k_ppt65              0.3289109        1.000000        0.000000    
 k_ppt66               1.356371        1.000000        0.000000    
 k_ppt67               1.052828        1.000000        0.000000    
 k_ppt68              0.7712072        1.000000        0.000000    
 k_ppt69              0.5309198        1.000000        0.000000    
 k_ppt70               1.088061        1.000000        0.000000    
 k_ppt71               2.313012        1.000000        0.000000    
 k_ppt72               1.611786        1.000000        0.000000    
 k_ppt73               1.261506        1.000000        0.000000    
 k_ppt74               1.603602        1.000000        0.000000    
 k_ppt75              0.5653390        1.000000        0.000000    
 k_ppt76              0.5858922        1.000000        0.000000    
 k_ppt77              0.5263848        1.000000        0.000000    
 k_ppt78              0.5361289        1.000000        0.000000    
 k_ppt79               1.113848        1.000000        0.000000    
 k_ppt80              0.9694699        1.000000        0.000000    
 k_ppt81              0.8756531        1.000000        0.000000    
 k_ppt82              0.9008313        1.000000        0.000000    
 k_ppt83               2.210978        1.000000        0.000000    
 k_ppt84              0.8959764        1.000000        0.000000    
 k_ppt85              0.3080638        1.000000        0.000000    
 k_ppt86              0.3221666        1.000000        0.000000    
 k_ppt87               2.171268        1.000000        0.000000    
 k_ppt88               1.597812        1.000000        0.000000    
 k_ppt89               1.382532        1.000000        0.000000    
 k_ppt90              0.9067127        1.000000        0.000000    
 k_ppt91              0.4017342        1.000000        0.000000    
 k_ppt92               1.237463        1.000000        0.000000    
 k_ppt93              0.8455182        1.000000        0.000000    
 k_ppt94              0.4962777        1.000000        0.000000    
 k_ppt95               2.416048        1.000000        0.000000    
 k_ppt96               5.089411        1.000000        0.000000    
 k_ppt97              0.9230623        1.000000        0.000000    
 k_ppt98              0.5458460        1.000000        0.000000    
 k_ppt99              0.2478946        1.000000        0.000000    
 k_ppt100             0.3952036        1.000000        0.000000    
 k_ppt101             0.6497769        1.000000        0.000000    
 k_ppt102             0.2460367        1.000000        0.000000    
 k_ppt103             0.6530427        1.000000        0.000000    
 k_ppt104              1.760675        1.000000        0.000000    
