 single point
 k_ppt1               0.1355325        1.000000        0.000000    
 k_ppt2               9.9874465E-02    1.000000        0.000000    
 k_ppt3               0.5051518        1.000000        0.000000    
 k_ppt4               0.4228604        1.000000        0.000000    
 k_ppt5               0.1347523        1.000000        0.000000    
 k_ppt6                1.186494        1.000000        0.000000    
 k_ppt7                1.283401        1.000000        0.000000    
 k_ppt8                1.528386        1.000000        0.000000    
 k_ppt9               0.2921843        1.000000        0.000000    
 k_ppt10              0.1430455        1.000000        0.000000    
 k_ppt11              0.3319852        1.000000        0.000000    
 k_ppt12              0.5769199        1.000000        0.000000    
 k_ppt13               1.104941        1.000000        0.000000    
 k_ppt14               3.100121        1.000000        0.000000    
 k_ppt15               2.776003        1.000000        0.000000    
 k_ppt16               2.622839        1.000000        0.000000    
 k_ppt17              0.1944755        1.000000        0.000000    
 k_ppt18              0.5880597        1.000000        0.000000    
 k_ppt19              0.3422878        1.000000        0.000000    
 k_ppt20              0.4395323        1.000000        0.000000    
 k_ppt21               1.175615        1.000000        0.000000    
 k_ppt22               5.158359        1.000000        0.000000    
 k_ppt23               4.886378        1.000000        0.000000    
 k_ppt24               7.317937        1.000000        0.000000    
 k_ppt25              0.2219225        1.000000        0.000000    
 k_ppt26              0.7361865        1.000000        0.000000    
 k_ppt27              0.8678984        1.000000        0.000000    
 k_ppt28              0.5988614        1.000000        0.000000    
 k_ppt29              0.6147422        1.000000        0.000000    
 k_ppt30               1.305792        1.000000        0.000000    
 k_ppt31               2.644677        1.000000        0.000000    
 k_ppt32               5.703079        1.000000        0.000000    
 k_ppt33              0.2997646        1.000000        0.000000    
 k_ppt34               2.361904        1.000000        0.000000    
 k_ppt35               1.408285        1.000000        0.000000    
 k_ppt36              0.5030272        1.000000        0.000000    
 k_ppt37              0.7330568        1.000000        0.000000    
 k_ppt38               1.156970        1.000000        0.000000    
 k_ppt39               2.237565        1.000000        0.000000    
 k_ppt40               3.753866        1.000000        0.000000    
 k_ppt41              0.2779992        1.000000        0.000000    
 k_ppt42              0.8058486        1.000000        0.000000    
 k_ppt43               4.573389        1.000000        0.000000    
 k_ppt44              0.5240560        1.000000        0.000000    
 k_ppt45              0.8360954        1.000000        0.000000    
 k_ppt46               1.377999        1.000000        0.000000    
 k_ppt47               2.454547        1.000000        0.000000    
 k_ppt48               1.883365        1.000000        0.000000    
 k_ppt49              0.4601529        1.000000        0.000000    
 k_ppt50              0.8720120        1.000000        0.000000    
 k_ppt51               2.292350        1.000000        0.000000    
 k_ppt52               1.054072        1.000000        0.000000    
 k_ppt53              0.9225484        1.000000        0.000000    
 k_ppt54               2.022425        1.000000        0.000000    
 k_ppt55               1.557661        1.000000        0.000000    
 k_ppt56               2.647668        1.000000        0.000000    
 k_ppt57              0.6458066        1.000000        0.000000    
 k_ppt58              0.3475756        1.000000        0.000000    
 k_ppt59              0.7384227        1.000000        0.000000    
 k_ppt60               2.080725        1.000000        0.000000    
 k_ppt61               2.284831        1.000000        0.000000    
 k_ppt62               2.535697        1.000000        0.000000    
 k_ppt63               4.155406        1.000000        0.000000    
 k_ppt64               4.276434        1.000000        0.000000    
 k_ppt65              0.4445250        1.000000        0.000000    
 k_ppt66              0.9415091        1.000000        0.000000    
 k_ppt67              0.5896060        1.000000        0.000000    
 k_ppt68               1.009938        1.000000        0.000000    
 k_ppt69               3.108697        1.000000        0.000000    
 k_ppt70               3.875678        1.000000        0.000000    
 k_ppt71               2.643777        1.000000        0.000000    
 k_ppt72               2.795489        1.000000        0.000000    
 k_ppt73               1.170062        1.000000        0.000000    
 k_ppt74              0.3971761        1.000000        0.000000    
 k_ppt75               1.433155        1.000000        0.000000    
 k_ppt76               1.247320        1.000000        0.000000    
 k_ppt77               1.003281        1.000000        0.000000    
 k_ppt78               1.494747        1.000000        0.000000    
 k_ppt79               1.975952        1.000000        0.000000    
 k_ppt80               1.849622        1.000000        0.000000    
 k_ppt81               1.239053        1.000000        0.000000    
 k_ppt82              0.6842508        1.000000        0.000000    
 k_ppt83               2.005781        1.000000        0.000000    
 k_ppt84               2.052204        1.000000        0.000000    
 k_ppt85               1.201281        1.000000        0.000000    
 k_ppt86              0.4864495        1.000000        0.000000    
 k_ppt87              0.5598809        1.000000        0.000000    
 k_ppt88               1.343917        1.000000        0.000000    
 k_ppt89              0.6662015        1.000000        0.000000    
 k_ppt90              0.4639755        1.000000        0.000000    
 k_ppt91              0.6336285        1.000000        0.000000    
 k_ppt92              0.8593094        1.000000        0.000000    
 k_ppt93              0.7565973        1.000000        0.000000    
 k_ppt94               1.971172        1.000000        0.000000    
 k_ppt95               2.577089        1.000000        0.000000    
 k_ppt96               1.176641        1.000000        0.000000    
 k_ppt97              0.4629159        1.000000        0.000000    
 k_ppt98              0.2562758        1.000000        0.000000    
 k_ppt99              0.6339329        1.000000        0.000000    
 k_ppt100             0.2990382        1.000000        0.000000    
 k_ppt101             0.6572738        1.000000        0.000000    
 k_ppt102             0.3933844        1.000000        0.000000    
 k_ppt103              1.031708        1.000000        0.000000    
 k_ppt104              1.250316        1.000000        0.000000    
