 single point
 k_ppt1               0.7124732        1.000000        0.000000    
 k_ppt2                3.035224        1.000000        0.000000    
 k_ppt3                2.537379        1.000000        0.000000    
 k_ppt4                1.498324        1.000000        0.000000    
 k_ppt5               0.3077641        1.000000        0.000000    
 k_ppt6               0.4329918        1.000000        0.000000    
 k_ppt7               0.3269255        1.000000        0.000000    
 k_ppt8               0.3657081        1.000000        0.000000    
 k_ppt9                1.139263        1.000000        0.000000    
 k_ppt10               1.773725        1.000000        0.000000    
 k_ppt11               1.304926        1.000000        0.000000    
 k_ppt12              0.5426848        1.000000        0.000000    
 k_ppt13              0.2227626        1.000000        0.000000    
 k_ppt14              0.2491001        1.000000        0.000000    
 k_ppt15              0.2891600        1.000000        0.000000    
 k_ppt16              0.3627306        1.000000        0.000000    
 k_ppt17              0.6998400        1.000000        0.000000    
 k_ppt18               2.038362        1.000000        0.000000    
 k_ppt19               1.010472        1.000000        0.000000    
 k_ppt20               1.019087        1.000000        0.000000    
 k_ppt21              0.3273734        1.000000        0.000000    
 k_ppt22              0.2525035        1.000000        0.000000    
 k_ppt23              0.4587085        1.000000        0.000000    
 k_ppt24              0.5819497        1.000000        0.000000    
 k_ppt25               1.395958        1.000000        0.000000    
 k_ppt26              0.9644218        1.000000        0.000000    
 k_ppt27              0.8781550        1.000000        0.000000    
 k_ppt28               1.406170        1.000000        0.000000    
 k_ppt29              0.6111573        1.000000        0.000000    
 k_ppt30              0.1979547        1.000000        0.000000    
 k_ppt31              0.7485464        1.000000        0.000000    
 k_ppt32              0.6831761        1.000000        0.000000    
 k_ppt33               2.789560        1.000000        0.000000    
 k_ppt34               1.043044        1.000000        0.000000    
 k_ppt35               1.319684        1.000000        0.000000    
 k_ppt36               1.269721        1.000000        0.000000    
 k_ppt37               1.104647        1.000000        0.000000    
 k_ppt38               1.239643        1.000000        0.000000    
 k_ppt39               2.068055        1.000000        0.000000    
 k_ppt40              0.8446109        1.000000        0.000000    
 k_ppt41               2.968330        1.000000        0.000000    
 k_ppt42               2.127687        1.000000        0.000000    
 k_ppt43               1.250615        1.000000        0.000000    
 k_ppt44               1.264216        1.000000        0.000000    
 k_ppt45               2.442758        1.000000        0.000000    
 k_ppt46               2.238441        1.000000        0.000000    
 k_ppt47               1.607169        1.000000        0.000000    
 k_ppt48              0.5254440        1.000000        0.000000    
 k_ppt49               2.710837        1.000000        0.000000    
 k_ppt50               1.166061        1.000000        0.000000    
 k_ppt51              0.9685134        1.000000        0.000000    
 k_ppt52               2.056637        1.000000        0.000000    
 k_ppt53               1.198877        1.000000        0.000000    
 k_ppt54               6.225609        1.000000        0.000000    
 k_ppt55              0.7943568        1.000000        0.000000    
 k_ppt56               1.549581        1.000000        0.000000    
 k_ppt57               1.210884        1.000000        0.000000    
 k_ppt58               1.325436        1.000000        0.000000    
 k_ppt59               1.455578        1.000000        0.000000    
 k_ppt60               2.972971        1.000000        0.000000    
 k_ppt61               2.223348        1.000000        0.000000    
 k_ppt62               2.022126        1.000000        0.000000    
 k_ppt63               1.719760        1.000000        0.000000    
 k_ppt64              0.4811870        1.000000        0.000000    
 k_ppt65               1.072066        1.000000        0.000000    
 k_ppt66               1.099608        1.000000        0.000000    
 k_ppt67               1.226514        1.000000        0.000000    
 k_ppt68               3.884836        1.000000        0.000000    
 k_ppt69               1.680393        1.000000        0.000000    
 k_ppt70               1.291834        1.000000        0.000000    
 k_ppt71              0.7642369        1.000000        0.000000    
 k_ppt72              0.5474295        1.000000        0.000000    
 k_ppt73               1.323200        1.000000        0.000000    
 k_ppt74               2.201831        1.000000        0.000000    
 k_ppt75               1.097238        1.000000        0.000000    
 k_ppt76               2.699528        1.000000        0.000000    
 k_ppt77               1.052859        1.000000        0.000000    
 k_ppt78               1.092923        1.000000        0.000000    
 k_ppt79              0.7359420        1.000000        0.000000    
 k_ppt80              0.4451629        1.000000        0.000000    
 k_ppt81               1.491639        1.000000        0.000000    
 k_ppt82               1.178978        1.000000        0.000000    
 k_ppt83               1.432007        1.000000        0.000000    
 k_ppt84               1.766481        1.000000        0.000000    
 k_ppt85               1.992323        1.000000        0.000000    
 k_ppt86               1.965397        1.000000        0.000000    
 k_ppt87              0.8384758        1.000000        0.000000    
 k_ppt88              0.3732809        1.000000        0.000000    
 k_ppt89               1.148701        1.000000        0.000000    
 k_ppt90              0.3406585        1.000000        0.000000    
 k_ppt91              0.3920651        1.000000        0.000000    
 k_ppt92               1.001671        1.000000        0.000000    
 k_ppt93               1.307399        1.000000        0.000000    
 k_ppt94               2.349113        1.000000        0.000000    
 k_ppt95              0.8812486        1.000000        0.000000    
 k_ppt96               1.259066        1.000000        0.000000    
 k_ppt97              0.7581574        1.000000        0.000000    
 k_ppt98              0.3824252        1.000000        0.000000    
 k_ppt99              0.7360617        1.000000        0.000000    
 k_ppt100              1.508403        1.000000        0.000000    
 k_ppt101             0.7817924        1.000000        0.000000    
 k_ppt102             0.4989346        1.000000        0.000000    
 k_ppt103             0.4639596        1.000000        0.000000    
 k_ppt104             0.3880000        1.000000        0.000000    
