 single point
 k_ppt1               0.3036441        1.000000        0.000000    
 k_ppt2               0.3321388        1.000000        0.000000    
 k_ppt3               0.5417283        1.000000        0.000000    
 k_ppt4               0.8284301        1.000000        0.000000    
 k_ppt5               0.6716136        1.000000        0.000000    
 k_ppt6                3.057481        1.000000        0.000000    
 k_ppt7                3.268875        1.000000        0.000000    
 k_ppt8                1.730266        1.000000        0.000000    
 k_ppt9                1.084372        1.000000        0.000000    
 k_ppt10              0.6296504        1.000000        0.000000    
 k_ppt11              0.4478593        1.000000        0.000000    
 k_ppt12              0.9134062        1.000000        0.000000    
 k_ppt13              0.9032642        1.000000        0.000000    
 k_ppt14               1.256692        1.000000        0.000000    
 k_ppt15               1.273196        1.000000        0.000000    
 k_ppt16              0.4287162        1.000000        0.000000    
 k_ppt17               1.035393        1.000000        0.000000    
 k_ppt18              0.8879278        1.000000        0.000000    
 k_ppt19              0.4495708        1.000000        0.000000    
 k_ppt20              0.7326271        1.000000        0.000000    
 k_ppt21               1.761434        1.000000        0.000000    
 k_ppt22               2.143792        1.000000        0.000000    
 k_ppt23               1.843882        1.000000        0.000000    
 k_ppt24              0.5807635        1.000000        0.000000    
 k_ppt25               1.715202        1.000000        0.000000    
 k_ppt26              0.5469351        1.000000        0.000000    
 k_ppt27              0.5129015        1.000000        0.000000    
 k_ppt28               1.232059        1.000000        0.000000    
 k_ppt29               1.543333        1.000000        0.000000    
 k_ppt30               2.851900        1.000000        0.000000    
 k_ppt31               1.836398        1.000000        0.000000    
 k_ppt32              0.4608430        1.000000        0.000000    
 k_ppt33              0.9435752        1.000000        0.000000    
 k_ppt34               1.037468        1.000000        0.000000    
 k_ppt35              0.9164702        1.000000        0.000000    
 k_ppt36              0.5452896        1.000000        0.000000    
 k_ppt37               1.956918        1.000000        0.000000    
 k_ppt38               2.209491        1.000000        0.000000    
 k_ppt39               2.032937        1.000000        0.000000    
 k_ppt40               2.240762        1.000000        0.000000    
 k_ppt41               1.115784        1.000000        0.000000    
 k_ppt42               1.250916        1.000000        0.000000    
 k_ppt43              0.6870131        1.000000        0.000000    
 k_ppt44               1.187611        1.000000        0.000000    
 k_ppt45               1.116172        1.000000        0.000000    
 k_ppt46              0.9455879        1.000000        0.000000    
 k_ppt47               5.175344        1.000000        0.000000    
 k_ppt48               3.337925        1.000000        0.000000    
 k_ppt49              0.7978151        1.000000        0.000000    
 k_ppt50              0.5045004        1.000000        0.000000    
 k_ppt51              0.7549512        1.000000        0.000000    
 k_ppt52              0.6232726        1.000000        0.000000    
 k_ppt53               1.328892        1.000000        0.000000    
 k_ppt54               1.509389        1.000000        0.000000    
 k_ppt55               3.616403        1.000000        0.000000    
 k_ppt56               2.069031        1.000000        0.000000    
 k_ppt57               1.494099        1.000000        0.000000    
 k_ppt58              0.6553947        1.000000        0.000000    
 k_ppt59               1.162658        1.000000        0.000000    
 k_ppt60              0.8659845        1.000000        0.000000    
 k_ppt61               1.993246        1.000000        0.000000    
 k_ppt62               5.248388        1.000000        0.000000    
 k_ppt63               3.137511        1.000000        0.000000    
 k_ppt64              0.9573252        1.000000        0.000000    
 k_ppt65               1.516465        1.000000        0.000000    
 k_ppt66               3.455524        1.000000        0.000000    
 k_ppt67               3.685780        1.000000        0.000000    
 k_ppt68               2.739326        1.000000        0.000000    
 k_ppt69               2.367560        1.000000        0.000000    
 k_ppt70               2.016444        1.000000        0.000000    
 k_ppt71               1.226321        1.000000        0.000000    
 k_ppt72              0.7912635        1.000000        0.000000    
 k_ppt73               1.141460        1.000000        0.000000    
 k_ppt74               2.038281        1.000000        0.000000    
 k_ppt75               1.207046        1.000000        0.000000    
 k_ppt76               2.155330        1.000000        0.000000    
 k_ppt77               1.315803        1.000000        0.000000    
 k_ppt78               1.658611        1.000000        0.000000    
 k_ppt79               1.208044        1.000000        0.000000    
 k_ppt80              0.6661223        1.000000        0.000000    
 k_ppt81               1.485852        1.000000        0.000000    
 k_ppt82               2.615853        1.000000        0.000000    
 k_ppt83               1.275598        1.000000        0.000000    
 k_ppt84              0.7028444        1.000000        0.000000    
 k_ppt85               1.102049        1.000000        0.000000    
 k_ppt86              0.6849152        1.000000        0.000000    
 k_ppt87               1.055600        1.000000        0.000000    
 k_ppt88              0.6918132        1.000000        0.000000    
 k_ppt89              0.3321740        1.000000        0.000000    
 k_ppt90               1.277054        1.000000        0.000000    
 k_ppt91               1.924300        1.000000        0.000000    
 k_ppt92              0.8313944        1.000000        0.000000    
 k_ppt93              0.4825049        1.000000        0.000000    
 k_ppt94              0.2956635        1.000000        0.000000    
 k_ppt95              0.8037660        1.000000        0.000000    
 k_ppt96              0.9883586        1.000000        0.000000    
 k_ppt97              0.6709655        1.000000        0.000000    
 k_ppt98              0.8438421        1.000000        0.000000    
 k_ppt99              0.6903898        1.000000        0.000000    
 k_ppt100             0.8203115        1.000000        0.000000    
 k_ppt101             0.3355893        1.000000        0.000000    
 k_ppt102             0.5166119        1.000000        0.000000    
 k_ppt103             0.7481101        1.000000        0.000000    
 k_ppt104             0.5135399        1.000000        0.000000    
