 single point
 k_ppt1                1.256974        1.000000        0.000000    
 k_ppt2               0.5752659        1.000000        0.000000    
 k_ppt3               0.6273365        1.000000        0.000000    
 k_ppt4               0.7674415        1.000000        0.000000    
 k_ppt5               0.6163688        1.000000        0.000000    
 k_ppt6                5.895981        1.000000        0.000000    
 k_ppt7                7.791197        1.000000        0.000000    
 k_ppt8                7.713460        1.000000        0.000000    
 k_ppt9               0.8807753        1.000000        0.000000    
 k_ppt10              0.8069870        1.000000        0.000000    
 k_ppt11              0.9442618        1.000000        0.000000    
 k_ppt12               1.192437        1.000000        0.000000    
 k_ppt13               1.405229        1.000000        0.000000    
 k_ppt14               3.119821        1.000000        0.000000    
 k_ppt15               2.342160        1.000000        0.000000    
 k_ppt16               3.478917        1.000000        0.000000    
 k_ppt17               2.648957        1.000000        0.000000    
 k_ppt18              0.8122300        1.000000        0.000000    
 k_ppt19               1.334745        1.000000        0.000000    
 k_ppt20               1.041680        1.000000        0.000000    
 k_ppt21               2.827871        1.000000        0.000000    
 k_ppt22               1.231709        1.000000        0.000000    
 k_ppt23              0.5641443        1.000000        0.000000    
 k_ppt24              0.7040045        1.000000        0.000000    
 k_ppt25              0.4582152        1.000000        0.000000    
 k_ppt26              0.4984797        1.000000        0.000000    
 k_ppt27              0.8286150        1.000000        0.000000    
 k_ppt28              0.7761607        1.000000        0.000000    
 k_ppt29               2.616388        1.000000        0.000000    
 k_ppt30               1.959213        1.000000        0.000000    
 k_ppt31              0.7773343        1.000000        0.000000    
 k_ppt32              0.9487687        1.000000        0.000000    
 k_ppt33              0.9051821        1.000000        0.000000    
 k_ppt34              0.5457618        1.000000        0.000000    
 k_ppt35              0.5813024        1.000000        0.000000    
 k_ppt36              0.8329161        1.000000        0.000000    
 k_ppt37               2.734586        1.000000        0.000000    
 k_ppt38              0.6057222        1.000000        0.000000    
 k_ppt39               1.201267        1.000000        0.000000    
 k_ppt40               1.048955        1.000000        0.000000    
 k_ppt41               2.587098        1.000000        0.000000    
 k_ppt42              0.7182716        1.000000        0.000000    
 k_ppt43              0.3560007        1.000000        0.000000    
 k_ppt44               2.289904        1.000000        0.000000    
 k_ppt45               1.869707        1.000000        0.000000    
 k_ppt46              0.8810658        1.000000        0.000000    
 k_ppt47               1.983759        1.000000        0.000000    
 k_ppt48               2.252355        1.000000        0.000000    
 k_ppt49               1.034248        1.000000        0.000000    
 k_ppt50               1.446383        1.000000        0.000000    
 k_ppt51               1.880888        1.000000        0.000000    
 k_ppt52               1.388890        1.000000        0.000000    
 k_ppt53               1.191865        1.000000        0.000000    
 k_ppt54               2.181359        1.000000        0.000000    
 k_ppt55               3.148497        1.000000        0.000000    
 k_ppt56               4.070111        1.000000        0.000000    
 k_ppt57              0.7141766        1.000000        0.000000    
 k_ppt58               1.533088        1.000000        0.000000    
 k_ppt59               1.385331        1.000000        0.000000    
 k_ppt60              0.7651653        1.000000        0.000000    
 k_ppt61               2.982709        1.000000        0.000000    
 k_ppt62               3.437364        1.000000        0.000000    
 k_ppt63               1.926945        1.000000        0.000000    
 k_ppt64               1.864184        1.000000        0.000000    
 k_ppt65              0.3957318        1.000000        0.000000    
 k_ppt66               1.529831        1.000000        0.000000    
 k_ppt67               1.869130        1.000000        0.000000    
 k_ppt68               1.777190        1.000000        0.000000    
 k_ppt69               3.265023        1.000000        0.000000    
 k_ppt70               1.380027        1.000000        0.000000    
 k_ppt71               2.919390        1.000000        0.000000    
 k_ppt72               3.903365        1.000000        0.000000    
 k_ppt73               1.257029        1.000000        0.000000    
 k_ppt74               1.776013        1.000000        0.000000    
 k_ppt75               1.000235        1.000000        0.000000    
 k_ppt76              0.8187360        1.000000        0.000000    
 k_ppt77               1.084350        1.000000        0.000000    
 k_ppt78              0.8969274        1.000000        0.000000    
 k_ppt79               4.572423        1.000000        0.000000    
 k_ppt80               4.042153        1.000000        0.000000    
 k_ppt81              0.6692698        1.000000        0.000000    
 k_ppt82               1.247153        1.000000        0.000000    
 k_ppt83               1.582111        1.000000        0.000000    
 k_ppt84              0.3790589        1.000000        0.000000    
 k_ppt85              0.9604663        1.000000        0.000000    
 k_ppt86              0.9474698        1.000000        0.000000    
 k_ppt87               1.961930        1.000000        0.000000    
 k_ppt88               1.345063        1.000000        0.000000    
 k_ppt89               1.212854        1.000000        0.000000    
 k_ppt90              0.9672132        1.000000        0.000000    
 k_ppt91               1.002433        1.000000        0.000000    
 k_ppt92              0.6842225        1.000000        0.000000    
 k_ppt93              0.5883648        1.000000        0.000000    
 k_ppt94              0.6990569        1.000000        0.000000    
 k_ppt95              0.6349952        1.000000        0.000000    
 k_ppt96              0.6772567        1.000000        0.000000    
 k_ppt97              0.5960122        1.000000        0.000000    
 k_ppt98              0.8134626        1.000000        0.000000    
 k_ppt99               1.056354        1.000000        0.000000    
 k_ppt100             0.4164427        1.000000        0.000000    
 k_ppt101             0.2062160        1.000000        0.000000    
 k_ppt102             0.5262827        1.000000        0.000000    
 k_ppt103             0.6344643        1.000000        0.000000    
 k_ppt104             0.4637492        1.000000        0.000000    
