 single point
 k_ppt1                6.044695        1.000000        0.000000    
 k_ppt2                15.25331        1.000000        0.000000    
 k_ppt3                11.12079        1.000000        0.000000    
 k_ppt4                2.329061        1.000000        0.000000    
 k_ppt5                1.461167        1.000000        0.000000    
 k_ppt6                1.274891        1.000000        0.000000    
 k_ppt7               0.3787765        1.000000        0.000000    
 k_ppt8               0.9052826        1.000000        0.000000    
 k_ppt9                5.099440        1.000000        0.000000    
 k_ppt10               6.215467        1.000000        0.000000    
 k_ppt11               2.973418        1.000000        0.000000    
 k_ppt12               1.611071        1.000000        0.000000    
 k_ppt13               3.594679        1.000000        0.000000    
 k_ppt14               1.021747        1.000000        0.000000    
 k_ppt15               1.167543        1.000000        0.000000    
 k_ppt16              0.3211095        1.000000        0.000000    
 k_ppt17               1.798099        1.000000        0.000000    
 k_ppt18               5.031079        1.000000        0.000000    
 k_ppt19              0.7978763        1.000000        0.000000    
 k_ppt20              0.9405923        1.000000        0.000000    
 k_ppt21              0.7246259        1.000000        0.000000    
 k_ppt22              0.7186886        1.000000        0.000000    
 k_ppt23              0.6758208        1.000000        0.000000    
 k_ppt24              0.9461434        1.000000        0.000000    
 k_ppt25              0.3278198        1.000000        0.000000    
 k_ppt26               1.689858        1.000000        0.000000    
 k_ppt27               1.174281        1.000000        0.000000    
 k_ppt28              0.9200432        1.000000        0.000000    
 k_ppt29              0.6113122        1.000000        0.000000    
 k_ppt30              0.7254371        1.000000        0.000000    
 k_ppt31              0.7770633        1.000000        0.000000    
 k_ppt32               1.242558        1.000000        0.000000    
 k_ppt33               1.395120        1.000000        0.000000    
 k_ppt34               1.212513        1.000000        0.000000    
 k_ppt35               6.465576        1.000000        0.000000    
 k_ppt36              0.6709989        1.000000        0.000000    
 k_ppt37              0.6316417        1.000000        0.000000    
 k_ppt38              0.6905102        1.000000        0.000000    
 k_ppt39              0.9885834        1.000000        0.000000    
 k_ppt40               1.232363        1.000000        0.000000    
 k_ppt41               1.097056        1.000000        0.000000    
 k_ppt42               1.953656        1.000000        0.000000    
 k_ppt43               5.038043        1.000000        0.000000    
 k_ppt44              0.6614246        1.000000        0.000000    
 k_ppt45              0.3286288        1.000000        0.000000    
 k_ppt46               1.589438        1.000000        0.000000    
 k_ppt47               2.255949        1.000000        0.000000    
 k_ppt48               2.108093        1.000000        0.000000    
 k_ppt49               1.075362        1.000000        0.000000    
 k_ppt50               1.063469        1.000000        0.000000    
 k_ppt51               1.834571        1.000000        0.000000    
 k_ppt52               4.001946        1.000000        0.000000    
 k_ppt53              0.9460615        1.000000        0.000000    
 k_ppt54              0.9590300        1.000000        0.000000    
 k_ppt55               1.829550        1.000000        0.000000    
 k_ppt56               4.585578        1.000000        0.000000    
 k_ppt57               1.227747        1.000000        0.000000    
 k_ppt58               1.032198        1.000000        0.000000    
 k_ppt59               2.349178        1.000000        0.000000    
 k_ppt60               1.835408        1.000000        0.000000    
 k_ppt61              0.9028862        1.000000        0.000000    
 k_ppt62              0.5753351        1.000000        0.000000    
 k_ppt63               1.689503        1.000000        0.000000    
 k_ppt64               2.733401        1.000000        0.000000    
 k_ppt65               4.349812        1.000000        0.000000    
 k_ppt66               1.974042        1.000000        0.000000    
 k_ppt67               2.354427        1.000000        0.000000    
 k_ppt68               4.843755        1.000000        0.000000    
 k_ppt69               1.585979        1.000000        0.000000    
 k_ppt70               1.504347        1.000000        0.000000    
 k_ppt71              0.5678377        1.000000        0.000000    
 k_ppt72               1.113288        1.000000        0.000000    
 k_ppt73               3.862429        1.000000        0.000000    
 k_ppt74               2.812533        1.000000        0.000000    
 k_ppt75               2.280424        1.000000        0.000000    
 k_ppt76               1.013408        1.000000        0.000000    
 k_ppt77              0.7048969        1.000000        0.000000    
 k_ppt78               1.141610        1.000000        0.000000    
 k_ppt79              0.9924982        1.000000        0.000000    
 k_ppt80               1.543651        1.000000        0.000000    
 k_ppt81               1.851077        1.000000        0.000000    
 k_ppt82               1.923524        1.000000        0.000000    
 k_ppt83               1.403464        1.000000        0.000000    
 k_ppt84              0.9237489        1.000000        0.000000    
 k_ppt85              0.5804412        1.000000        0.000000    
 k_ppt86              0.4417192        1.000000        0.000000    
 k_ppt87              0.7583593        1.000000        0.000000    
 k_ppt88              0.8713378        1.000000        0.000000    
 k_ppt89               1.227436        1.000000        0.000000    
 k_ppt90              0.9637975        1.000000        0.000000    
 k_ppt91               3.339867        1.000000        0.000000    
 k_ppt92               2.259398        1.000000        0.000000    
 k_ppt93              0.4588428        1.000000        0.000000    
 k_ppt94              0.8703197        1.000000        0.000000    
 k_ppt95              0.2495896        1.000000        0.000000    
 k_ppt96              0.4760334        1.000000        0.000000    
 k_ppt97              0.7967819        1.000000        0.000000    
 k_ppt98              0.6452844        1.000000        0.000000    
 k_ppt99               1.100633        1.000000        0.000000    
 k_ppt100             0.9105356        1.000000        0.000000    
 k_ppt101             0.4297678        1.000000        0.000000    
 k_ppt102             0.3689468        1.000000        0.000000    
 k_ppt103             0.2485401        1.000000        0.000000    
 k_ppt104             0.4402781        1.000000        0.000000    
