 single point
 k_ppt1               0.4004566        1.000000        0.000000    
 k_ppt2               0.9908601        1.000000        0.000000    
 k_ppt3               0.3645351        1.000000        0.000000    
 k_ppt4               0.5978689        1.000000        0.000000    
 k_ppt5               0.7007180        1.000000        0.000000    
 k_ppt6               0.6930386        1.000000        0.000000    
 k_ppt7               0.7532270        1.000000        0.000000    
 k_ppt8                2.243830        1.000000        0.000000    
 k_ppt9                1.265678        1.000000        0.000000    
 k_ppt10              0.9581473        1.000000        0.000000    
 k_ppt11              0.4731962        1.000000        0.000000    
 k_ppt12              0.8337012        1.000000        0.000000    
 k_ppt13              0.5968329        1.000000        0.000000    
 k_ppt14              0.4824617        1.000000        0.000000    
 k_ppt15              0.8417324        1.000000        0.000000    
 k_ppt16               2.754336        1.000000        0.000000    
 k_ppt17              0.6909900        1.000000        0.000000    
 k_ppt18              0.6544450        1.000000        0.000000    
 k_ppt19              0.4579673        1.000000        0.000000    
 k_ppt20              0.6705685        1.000000        0.000000    
 k_ppt21              0.4336610        1.000000        0.000000    
 k_ppt22               1.195175        1.000000        0.000000    
 k_ppt23               1.916728        1.000000        0.000000    
 k_ppt24               2.418244        1.000000        0.000000    
 k_ppt25               1.627971        1.000000        0.000000    
 k_ppt26              0.7102117        1.000000        0.000000    
 k_ppt27              0.4385895        1.000000        0.000000    
 k_ppt28              0.3275418        1.000000        0.000000    
 k_ppt29              0.5475059        1.000000        0.000000    
 k_ppt30               1.659588        1.000000        0.000000    
 k_ppt31               1.781798        1.000000        0.000000    
 k_ppt32               2.778919        1.000000        0.000000    
 k_ppt33               2.280401        1.000000        0.000000    
 k_ppt34              0.7955868        1.000000        0.000000    
 k_ppt35              0.3934709        1.000000        0.000000    
 k_ppt36              0.9705411        1.000000        0.000000    
 k_ppt37               2.138502        1.000000        0.000000    
 k_ppt38               2.127963        1.000000        0.000000    
 k_ppt39              0.9115655        1.000000        0.000000    
 k_ppt40              0.8941806        1.000000        0.000000    
 k_ppt41               1.172398        1.000000        0.000000    
 k_ppt42              0.4360591        1.000000        0.000000    
 k_ppt43              0.3028874        1.000000        0.000000    
 k_ppt44               1.210846        1.000000        0.000000    
 k_ppt45               3.074473        1.000000        0.000000    
 k_ppt46               1.206431        1.000000        0.000000    
 k_ppt47               2.003588        1.000000        0.000000    
 k_ppt48              0.4267169        1.000000        0.000000    
 k_ppt49              0.8552466        1.000000        0.000000    
 k_ppt50              0.4287743        1.000000        0.000000    
 k_ppt51              0.9998145        1.000000        0.000000    
 k_ppt52               2.018168        1.000000        0.000000    
 k_ppt53               5.074858        1.000000        0.000000    
 k_ppt54               3.683437        1.000000        0.000000    
 k_ppt55               1.656900        1.000000        0.000000    
 k_ppt56               2.425055        1.000000        0.000000    
 k_ppt57               1.009424        1.000000        0.000000    
 k_ppt58               1.167531        1.000000        0.000000    
 k_ppt59               1.455294        1.000000        0.000000    
 k_ppt60              0.6991843        1.000000        0.000000    
 k_ppt61               1.927575        1.000000        0.000000    
 k_ppt62               5.208314        1.000000        0.000000    
 k_ppt63               2.407137        1.000000        0.000000    
 k_ppt64               2.943325        1.000000        0.000000    
 k_ppt65               1.151389        1.000000        0.000000    
 k_ppt66              0.8847526        1.000000        0.000000    
 k_ppt67               1.459465        1.000000        0.000000    
 k_ppt68               3.245151        1.000000        0.000000    
 k_ppt69               2.534235        1.000000        0.000000    
 k_ppt70               3.797154        1.000000        0.000000    
 k_ppt71               6.209555        1.000000        0.000000    
 k_ppt72               2.366772        1.000000        0.000000    
 k_ppt73              0.8842423        1.000000        0.000000    
 k_ppt74               1.397087        1.000000        0.000000    
 k_ppt75               1.092299        1.000000        0.000000    
 k_ppt76              0.8007949        1.000000        0.000000    
 k_ppt77              0.6748170        1.000000        0.000000    
 k_ppt78               1.692378        1.000000        0.000000    
 k_ppt79               1.383927        1.000000        0.000000    
 k_ppt80               5.757432        1.000000        0.000000    
 k_ppt81              0.7450266        1.000000        0.000000    
 k_ppt82               1.208692        1.000000        0.000000    
 k_ppt83               1.452506        1.000000        0.000000    
 k_ppt84              0.5209744        1.000000        0.000000    
 k_ppt85              0.2835520        1.000000        0.000000    
 k_ppt86              0.9282007        1.000000        0.000000    
 k_ppt87              0.6692619        1.000000        0.000000    
 k_ppt88               1.586550        1.000000        0.000000    
 k_ppt89              0.4049523        1.000000        0.000000    
 k_ppt90              0.3139620        1.000000        0.000000    
 k_ppt91               1.132978        1.000000        0.000000    
 k_ppt92               1.058148        1.000000        0.000000    
 k_ppt93              0.8854362        1.000000        0.000000    
 k_ppt94               1.181194        1.000000        0.000000    
 k_ppt95               1.109666        1.000000        0.000000    
 k_ppt96              0.7679851        1.000000        0.000000    
 k_ppt97              0.3616772        1.000000        0.000000    
 k_ppt98              0.8581877        1.000000        0.000000    
 k_ppt99              0.6937794        1.000000        0.000000    
 k_ppt100             0.3546069        1.000000        0.000000    
 k_ppt101             0.2663152        1.000000        0.000000    
 k_ppt102              1.253843        1.000000        0.000000    
 k_ppt103              1.167051        1.000000        0.000000    
 k_ppt104             0.8151432        1.000000        0.000000    
