 single point
 k_ppt1               0.2022046        1.000000        0.000000    
 k_ppt2               0.3396631        1.000000        0.000000    
 k_ppt3               0.2529929        1.000000        0.000000    
 k_ppt4               0.3845488        1.000000        0.000000    
 k_ppt5               0.7142205        1.000000        0.000000    
 k_ppt6                1.134901        1.000000        0.000000    
 k_ppt7                1.344649        1.000000        0.000000    
 k_ppt8               0.6547652        1.000000        0.000000    
 k_ppt9               0.1163478        1.000000        0.000000    
 k_ppt10              0.3258317        1.000000        0.000000    
 k_ppt11              0.1586278        1.000000        0.000000    
 k_ppt12              0.5345200        1.000000        0.000000    
 k_ppt13               1.064232        1.000000        0.000000    
 k_ppt14               1.018213        1.000000        0.000000    
 k_ppt15               1.096398        1.000000        0.000000    
 k_ppt16               1.137985        1.000000        0.000000    
 k_ppt17              0.2711919        1.000000        0.000000    
 k_ppt18              0.1311911        1.000000        0.000000    
 k_ppt19              0.3528628        1.000000        0.000000    
 k_ppt20              0.4694189        1.000000        0.000000    
 k_ppt21              0.4745951        1.000000        0.000000    
 k_ppt22               1.653968        1.000000        0.000000    
 k_ppt23               2.434041        1.000000        0.000000    
 k_ppt24               2.563815        1.000000        0.000000    
 k_ppt25               1.155265        1.000000        0.000000    
 k_ppt26              0.5839704        1.000000        0.000000    
 k_ppt27              0.4881476        1.000000        0.000000    
 k_ppt28              0.6930341        1.000000        0.000000    
 k_ppt29              0.9976386        1.000000        0.000000    
 k_ppt30               2.559631        1.000000        0.000000    
 k_ppt31               1.690724        1.000000        0.000000    
 k_ppt32               3.273356        1.000000        0.000000    
 k_ppt33              0.9014611        1.000000        0.000000    
 k_ppt34              0.6362132        1.000000        0.000000    
 k_ppt35              0.3478278        1.000000        0.000000    
 k_ppt36              0.8017996        1.000000        0.000000    
 k_ppt37               1.369137        1.000000        0.000000    
 k_ppt38              0.9512789        1.000000        0.000000    
 k_ppt39               1.955913        1.000000        0.000000    
 k_ppt40               5.166649        1.000000        0.000000    
 k_ppt41              0.8761303        1.000000        0.000000    
 k_ppt42              0.9081428        1.000000        0.000000    
 k_ppt43              0.5246322        1.000000        0.000000    
 k_ppt44              0.7018575        1.000000        0.000000    
 k_ppt45               1.881966        1.000000        0.000000    
 k_ppt46               1.361129        1.000000        0.000000    
 k_ppt47               1.381946        1.000000        0.000000    
 k_ppt48               4.182716        1.000000        0.000000    
 k_ppt49               1.876115        1.000000        0.000000    
 k_ppt50               1.140173        1.000000        0.000000    
 k_ppt51              0.6487023        1.000000        0.000000    
 k_ppt52               1.437797        1.000000        0.000000    
 k_ppt53               3.212066        1.000000        0.000000    
 k_ppt54               2.075476        1.000000        0.000000    
 k_ppt55               2.932184        1.000000        0.000000    
 k_ppt56               1.932934        1.000000        0.000000    
 k_ppt57               1.512890        1.000000        0.000000    
 k_ppt58               1.006456        1.000000        0.000000    
 k_ppt59              0.6755415        1.000000        0.000000    
 k_ppt60               1.174490        1.000000        0.000000    
 k_ppt61               1.939644        1.000000        0.000000    
 k_ppt62               2.374484        1.000000        0.000000    
 k_ppt63               3.422378        1.000000        0.000000    
 k_ppt64               2.597112        1.000000        0.000000    
 k_ppt65              0.3245475        1.000000        0.000000    
 k_ppt66              0.6363875        1.000000        0.000000    
 k_ppt67               1.669593        1.000000        0.000000    
 k_ppt68              0.8159437        1.000000        0.000000    
 k_ppt69               1.925861        1.000000        0.000000    
 k_ppt70               2.224415        1.000000        0.000000    
 k_ppt71               3.861217        1.000000        0.000000    
 k_ppt72               4.738290        1.000000        0.000000    
 k_ppt73               1.719251        1.000000        0.000000    
 k_ppt74               3.223807        1.000000        0.000000    
 k_ppt75               1.884433        1.000000        0.000000    
 k_ppt76               1.098971        1.000000        0.000000    
 k_ppt77               1.800690        1.000000        0.000000    
 k_ppt78              0.8299308        1.000000        0.000000    
 k_ppt79               1.626745        1.000000        0.000000    
 k_ppt80               5.376847        1.000000        0.000000    
 k_ppt81               1.623765        1.000000        0.000000    
 k_ppt82              0.6859249        1.000000        0.000000    
 k_ppt83              0.4172398        1.000000        0.000000    
 k_ppt84               1.097318        1.000000        0.000000    
 k_ppt85              0.6448911        1.000000        0.000000    
 k_ppt86              0.5185415        1.000000        0.000000    
 k_ppt87              0.9741669        1.000000        0.000000    
 k_ppt88               2.490093        1.000000        0.000000    
 k_ppt89               1.360241        1.000000        0.000000    
 k_ppt90              0.3848663        1.000000        0.000000    
 k_ppt91              0.6538710        1.000000        0.000000    
 k_ppt92              0.2812687        1.000000        0.000000    
 k_ppt93              0.1787420        1.000000        0.000000    
 k_ppt94              0.6615252        1.000000        0.000000    
 k_ppt95               1.911906        1.000000        0.000000    
 k_ppt96               1.925483        1.000000        0.000000    
 k_ppt97              0.9891654        1.000000        0.000000    
 k_ppt98              0.3243266        1.000000        0.000000    
 k_ppt99              0.1607803        1.000000        0.000000    
 k_ppt100             0.3496639        1.000000        0.000000    
 k_ppt101             0.3089436        1.000000        0.000000    
 k_ppt102             0.6092894        1.000000        0.000000    
 k_ppt103              1.569985        1.000000        0.000000    
 k_ppt104              1.336529        1.000000        0.000000    
