 single point
 k_ppt1               0.8739084        1.000000        0.000000    
 k_ppt2                1.643552        1.000000        0.000000    
 k_ppt3                1.886738        1.000000        0.000000    
 k_ppt4                3.286827        1.000000        0.000000    
 k_ppt5                1.254688        1.000000        0.000000    
 k_ppt6                1.372432        1.000000        0.000000    
 k_ppt7               0.4846895        1.000000        0.000000    
 k_ppt8               0.1767725        1.000000        0.000000    
 k_ppt9                1.182160        1.000000        0.000000    
 k_ppt10              0.9802033        1.000000        0.000000    
 k_ppt11               1.674599        1.000000        0.000000    
 k_ppt12               2.114313        1.000000        0.000000    
 k_ppt13               1.832130        1.000000        0.000000    
 k_ppt14              0.4575751        1.000000        0.000000    
 k_ppt15              0.5326242        1.000000        0.000000    
 k_ppt16              0.2384725        1.000000        0.000000    
 k_ppt17              0.3956469        1.000000        0.000000    
 k_ppt18              0.4584977        1.000000        0.000000    
 k_ppt19              0.8474243        1.000000        0.000000    
 k_ppt20              0.7494465        1.000000        0.000000    
 k_ppt21               1.158151        1.000000        0.000000    
 k_ppt22              0.7687868        1.000000        0.000000    
 k_ppt23               1.314624        1.000000        0.000000    
 k_ppt24              0.4687004        1.000000        0.000000    
 k_ppt25              0.6768050        1.000000        0.000000    
 k_ppt26               1.230985        1.000000        0.000000    
 k_ppt27              0.5682490        1.000000        0.000000    
 k_ppt28               2.068888        1.000000        0.000000    
 k_ppt29              0.5849592        1.000000        0.000000    
 k_ppt30               1.376436        1.000000        0.000000    
 k_ppt31               1.673001        1.000000        0.000000    
 k_ppt32              0.8280820        1.000000        0.000000    
 k_ppt33               1.369697        1.000000        0.000000    
 k_ppt34               1.194636        1.000000        0.000000    
 k_ppt35               3.066949        1.000000        0.000000    
 k_ppt36               1.348879        1.000000        0.000000    
 k_ppt37              0.4953216        1.000000        0.000000    
 k_ppt38               1.347219        1.000000        0.000000    
 k_ppt39               1.012521        1.000000        0.000000    
 k_ppt40              0.9624651        1.000000        0.000000    
 k_ppt41              0.6750955        1.000000        0.000000    
 k_ppt42               2.939573        1.000000        0.000000    
 k_ppt43               3.806072        1.000000        0.000000    
 k_ppt44              0.9768710        1.000000        0.000000    
 k_ppt45              0.8530681        1.000000        0.000000    
 k_ppt46              0.9956703        1.000000        0.000000    
 k_ppt47               1.131235        1.000000        0.000000    
 k_ppt48               1.621408        1.000000        0.000000    
 k_ppt49               1.622760        1.000000        0.000000    
 k_ppt50               1.921280        1.000000        0.000000    
 k_ppt51               1.379967        1.000000        0.000000    
 k_ppt52               1.101049        1.000000        0.000000    
 k_ppt53               1.079514        1.000000        0.000000    
 k_ppt54               1.279577        1.000000        0.000000    
 k_ppt55              0.8528370        1.000000        0.000000    
 k_ppt56               4.851711        1.000000        0.000000    
 k_ppt57               1.575750        1.000000        0.000000    
 k_ppt58              0.8567814        1.000000        0.000000    
 k_ppt59               1.306560        1.000000        0.000000    
 k_ppt60               1.992883        1.000000        0.000000    
 k_ppt61               1.423077        1.000000        0.000000    
 k_ppt62              0.8124431        1.000000        0.000000    
 k_ppt63              0.9860813        1.000000        0.000000    
 k_ppt64               6.470917        1.000000        0.000000    
 k_ppt65               1.190906        1.000000        0.000000    
 k_ppt66              0.8823525        1.000000        0.000000    
 k_ppt67               1.010366        1.000000        0.000000    
 k_ppt68               1.028417        1.000000        0.000000    
 k_ppt69               2.002530        1.000000        0.000000    
 k_ppt70               5.054277        1.000000        0.000000    
 k_ppt71               1.590312        1.000000        0.000000    
 k_ppt72               2.764213        1.000000        0.000000    
 k_ppt73               3.226451        1.000000        0.000000    
 k_ppt74               1.754818        1.000000        0.000000    
 k_ppt75              0.4326877        1.000000        0.000000    
 k_ppt76               1.391271        1.000000        0.000000    
 k_ppt77               2.858470        1.000000        0.000000    
 k_ppt78               3.079510        1.000000        0.000000    
 k_ppt79               4.272224        1.000000        0.000000    
 k_ppt80               2.471077        1.000000        0.000000    
 k_ppt81               2.199337        1.000000        0.000000    
 k_ppt82               1.852460        1.000000        0.000000    
 k_ppt83              0.3064345        1.000000        0.000000    
 k_ppt84              0.6362633        1.000000        0.000000    
 k_ppt85               1.053452        1.000000        0.000000    
 k_ppt86              0.4320145        1.000000        0.000000    
 k_ppt87              0.6377200        1.000000        0.000000    
 k_ppt88              0.9452598        1.000000        0.000000    
 k_ppt89              0.5983789        1.000000        0.000000    
 k_ppt90               1.369769        1.000000        0.000000    
 k_ppt91              0.4036686        1.000000        0.000000    
 k_ppt92              0.4891831        1.000000        0.000000    
 k_ppt93              0.3007436        1.000000        0.000000    
 k_ppt94              0.2766505        1.000000        0.000000    
 k_ppt95              0.3273154        1.000000        0.000000    
 k_ppt96               1.233836        1.000000        0.000000    
 k_ppt97              0.7942546        1.000000        0.000000    
 k_ppt98              0.9194583        1.000000        0.000000    
 k_ppt99              0.5284788        1.000000        0.000000    
 k_ppt100             0.4407812        1.000000        0.000000    
 k_ppt101             0.5327804        1.000000        0.000000    
 k_ppt102             0.4856136        1.000000        0.000000    
 k_ppt103             0.6756078        1.000000        0.000000    
 k_ppt104              1.662742        1.000000        0.000000    
