 single point
 k_ppt1               0.6633665        1.000000        0.000000    
 k_ppt2               0.3819624        1.000000        0.000000    
 k_ppt3               0.4327013        1.000000        0.000000    
 k_ppt4                1.063934        1.000000        0.000000    
 k_ppt5                2.519845        1.000000        0.000000    
 k_ppt6                1.991049        1.000000        0.000000    
 k_ppt7                1.179317        1.000000        0.000000    
 k_ppt8               0.7864123        1.000000        0.000000    
 k_ppt9                1.153141        1.000000        0.000000    
 k_ppt10              0.7767228        1.000000        0.000000    
 k_ppt11              0.3620029        1.000000        0.000000    
 k_ppt12              0.5925944        1.000000        0.000000    
 k_ppt13               1.773375        1.000000        0.000000    
 k_ppt14               2.902911        1.000000        0.000000    
 k_ppt15              0.9582069        1.000000        0.000000    
 k_ppt16              0.5558965        1.000000        0.000000    
 k_ppt17              0.9465491        1.000000        0.000000    
 k_ppt18              0.7863667        1.000000        0.000000    
 k_ppt19              0.5911867        1.000000        0.000000    
 k_ppt20              0.4695910        1.000000        0.000000    
 k_ppt21              0.9604954        1.000000        0.000000    
 k_ppt22               3.863395        1.000000        0.000000    
 k_ppt23               1.349216        1.000000        0.000000    
 k_ppt24              0.4303041        1.000000        0.000000    
 k_ppt25               1.084242        1.000000        0.000000    
 k_ppt26               1.508634        1.000000        0.000000    
 k_ppt27              0.5886624        1.000000        0.000000    
 k_ppt28               1.664978        1.000000        0.000000    
 k_ppt29               1.215533        1.000000        0.000000    
 k_ppt30               1.682998        1.000000        0.000000    
 k_ppt31              0.9988162        1.000000        0.000000    
 k_ppt32              0.7499957        1.000000        0.000000    
 k_ppt33              0.5855445        1.000000        0.000000    
 k_ppt34              0.8773203        1.000000        0.000000    
 k_ppt35              0.8746082        1.000000        0.000000    
 k_ppt36               1.449132        1.000000        0.000000    
 k_ppt37               1.320952        1.000000        0.000000    
 k_ppt38               2.276795        1.000000        0.000000    
 k_ppt39               1.337977        1.000000        0.000000    
 k_ppt40              0.7339461        1.000000        0.000000    
 k_ppt41              0.7668266        1.000000        0.000000    
 k_ppt42              0.5309589        1.000000        0.000000    
 k_ppt43               1.108771        1.000000        0.000000    
 k_ppt44               2.136949        1.000000        0.000000    
 k_ppt45               1.630313        1.000000        0.000000    
 k_ppt46               1.541566        1.000000        0.000000    
 k_ppt47               1.261238        1.000000        0.000000    
 k_ppt48               1.603151        1.000000        0.000000    
 k_ppt49              0.8221845        1.000000        0.000000    
 k_ppt50              0.6074406        1.000000        0.000000    
 k_ppt51               1.339603        1.000000        0.000000    
 k_ppt52               3.104673        1.000000        0.000000    
 k_ppt53               1.861486        1.000000        0.000000    
 k_ppt54               1.047654        1.000000        0.000000    
 k_ppt55               1.955402        1.000000        0.000000    
 k_ppt56               2.174012        1.000000        0.000000    
 k_ppt57               1.267281        1.000000        0.000000    
 k_ppt58              0.8145497        1.000000        0.000000    
 k_ppt59               2.647588        1.000000        0.000000    
 k_ppt60               4.487612        1.000000        0.000000    
 k_ppt61               1.003717        1.000000        0.000000    
 k_ppt62               1.778905        1.000000        0.000000    
 k_ppt63               1.826597        1.000000        0.000000    
 k_ppt64              0.8486277        1.000000        0.000000    
 k_ppt65              0.2189819        1.000000        0.000000    
 k_ppt66               1.636858        1.000000        0.000000    
 k_ppt67               3.836297        1.000000        0.000000    
 k_ppt68               2.429776        1.000000        0.000000    
 k_ppt69               1.807273        1.000000        0.000000    
 k_ppt70               4.103686        1.000000        0.000000    
 k_ppt71               3.013887        1.000000        0.000000    
 k_ppt72               2.760540        1.000000        0.000000    
 k_ppt73              0.4950778        1.000000        0.000000    
 k_ppt74               1.954038        1.000000        0.000000    
 k_ppt75               2.610517        1.000000        0.000000    
 k_ppt76               2.290077        1.000000        0.000000    
 k_ppt77               2.116648        1.000000        0.000000    
 k_ppt78               1.412163        1.000000        0.000000    
 k_ppt79               1.598120        1.000000        0.000000    
 k_ppt80               1.623521        1.000000        0.000000    
 k_ppt81              0.8914420        1.000000        0.000000    
 k_ppt82               1.860038        1.000000        0.000000    
 k_ppt83               3.023443        1.000000        0.000000    
 k_ppt84              0.8982026        1.000000        0.000000    
 k_ppt85               1.118936        1.000000        0.000000    
 k_ppt86               1.218176        1.000000        0.000000    
 k_ppt87              0.9853849        1.000000        0.000000    
 k_ppt88               1.197219        1.000000        0.000000    
 k_ppt89              0.5553000        1.000000        0.000000    
 k_ppt90               1.035179        1.000000        0.000000    
 k_ppt91              0.4690671        1.000000        0.000000    
 k_ppt92              0.4744732        1.000000        0.000000    
 k_ppt93              0.3848907        1.000000        0.000000    
 k_ppt94               1.047861        1.000000        0.000000    
 k_ppt95              0.4836671        1.000000        0.000000    
 k_ppt96               1.174929        1.000000        0.000000    
 k_ppt97              0.7998450        1.000000        0.000000    
 k_ppt98              0.4395663        1.000000        0.000000    
 k_ppt99              0.3244467        1.000000        0.000000    
 k_ppt100             0.7251362        1.000000        0.000000    
 k_ppt101             0.8127830        1.000000        0.000000    
 k_ppt102             0.5551328        1.000000        0.000000    
 k_ppt103             0.6980307        1.000000        0.000000    
 k_ppt104             0.5082139        1.000000        0.000000    
