 single point
 k_ppt1               0.3405006        1.000000        0.000000    
 k_ppt2               0.1029209        1.000000        0.000000    
 k_ppt3               0.1210266        1.000000        0.000000    
 k_ppt4               0.1439286        1.000000        0.000000    
 k_ppt5               0.4896031        1.000000        0.000000    
 k_ppt6               0.3743524        1.000000        0.000000    
 k_ppt7               0.1891943        1.000000        0.000000    
 k_ppt8               0.1835187        1.000000        0.000000    
 k_ppt9               0.2605696        1.000000        0.000000    
 k_ppt10              0.1335519        1.000000        0.000000    
 k_ppt11              0.1537935        1.000000        0.000000    
 k_ppt12              0.3724210        1.000000        0.000000    
 k_ppt13              0.9553309        1.000000        0.000000    
 k_ppt14              0.4003301        1.000000        0.000000    
 k_ppt15              0.4601333        1.000000        0.000000    
 k_ppt16              0.4716574        1.000000        0.000000    
 k_ppt17              0.2901584        1.000000        0.000000    
 k_ppt18              0.5066278        1.000000        0.000000    
 k_ppt19              0.3564956        1.000000        0.000000    
 k_ppt20               1.202011        1.000000        0.000000    
 k_ppt21               1.535344        1.000000        0.000000    
 k_ppt22              0.7158578        1.000000        0.000000    
 k_ppt23              0.8054683        1.000000        0.000000    
 k_ppt24               1.336890        1.000000        0.000000    
 k_ppt25              0.5890815        1.000000        0.000000    
 k_ppt26              0.8277895        1.000000        0.000000    
 k_ppt27              0.6730986        1.000000        0.000000    
 k_ppt28              0.7341819        1.000000        0.000000    
 k_ppt29               2.432509        1.000000        0.000000    
 k_ppt30               1.395106        1.000000        0.000000    
 k_ppt31              0.7246130        1.000000        0.000000    
 k_ppt32              0.9602537        1.000000        0.000000    
 k_ppt33              0.4846044        1.000000        0.000000    
 k_ppt34              0.8182727        1.000000        0.000000    
 k_ppt35               1.827005        1.000000        0.000000    
 k_ppt36               2.006879        1.000000        0.000000    
 k_ppt37               2.067043        1.000000        0.000000    
 k_ppt38               2.371781        1.000000        0.000000    
 k_ppt39              0.5440569        1.000000        0.000000    
 k_ppt40              0.7268234        1.000000        0.000000    
 k_ppt41               1.201190        1.000000        0.000000    
 k_ppt42               3.720122        1.000000        0.000000    
 k_ppt43               1.075058        1.000000        0.000000    
 k_ppt44               2.202253        1.000000        0.000000    
 k_ppt45               1.740685        1.000000        0.000000    
 k_ppt46               1.544689        1.000000        0.000000    
 k_ppt47              0.9198921        1.000000        0.000000    
 k_ppt48               1.764288        1.000000        0.000000    
 k_ppt49              0.9149092        1.000000        0.000000    
 k_ppt50              0.6331813        1.000000        0.000000    
 k_ppt51              0.4939873        1.000000        0.000000    
 k_ppt52               2.628671        1.000000        0.000000    
 k_ppt53               3.271041        1.000000        0.000000    
 k_ppt54               2.067930        1.000000        0.000000    
 k_ppt55               2.034541        1.000000        0.000000    
 k_ppt56               4.680909        1.000000        0.000000    
 k_ppt57              0.8936380        1.000000        0.000000    
 k_ppt58              0.9074033        1.000000        0.000000    
 k_ppt59               2.269246        1.000000        0.000000    
 k_ppt60               1.684184        1.000000        0.000000    
 k_ppt61               2.527048        1.000000        0.000000    
 k_ppt62               1.742161        1.000000        0.000000    
 k_ppt63               1.844926        1.000000        0.000000    
 k_ppt64               3.084648        1.000000        0.000000    
 k_ppt65               1.000376        1.000000        0.000000    
 k_ppt66               1.588337        1.000000        0.000000    
 k_ppt67               1.085050        1.000000        0.000000    
 k_ppt68               2.625949        1.000000        0.000000    
 k_ppt69               1.255727        1.000000        0.000000    
 k_ppt70               1.729027        1.000000        0.000000    
 k_ppt71               3.330023        1.000000        0.000000    
 k_ppt72               2.115082        1.000000        0.000000    
 k_ppt73               1.446124        1.000000        0.000000    
 k_ppt74               3.218085        1.000000        0.000000    
 k_ppt75               3.036084        1.000000        0.000000    
 k_ppt76               2.526249        1.000000        0.000000    
 k_ppt77               1.810650        1.000000        0.000000    
 k_ppt78               1.009777        1.000000        0.000000    
 k_ppt79               3.171256        1.000000        0.000000    
 k_ppt80               1.337716        1.000000        0.000000    
 k_ppt81               2.443811        1.000000        0.000000    
 k_ppt82               1.381583        1.000000        0.000000    
 k_ppt83               1.169192        1.000000        0.000000    
 k_ppt84               1.099157        1.000000        0.000000    
 k_ppt85              0.8106844        1.000000        0.000000    
 k_ppt86              0.5027933        1.000000        0.000000    
 k_ppt87              0.6813865        1.000000        0.000000    
 k_ppt88              0.5898357        1.000000        0.000000    
 k_ppt89               1.527575        1.000000        0.000000    
 k_ppt90              0.4853421        1.000000        0.000000    
 k_ppt91              0.4657322        1.000000        0.000000    
 k_ppt92              0.9678302        1.000000        0.000000    
 k_ppt93              0.5934417        1.000000        0.000000    
 k_ppt94              0.3504685        1.000000        0.000000    
 k_ppt95              0.4883774        1.000000        0.000000    
 k_ppt96              0.3668931        1.000000        0.000000    
 k_ppt97               1.303489        1.000000        0.000000    
 k_ppt98              0.4346094        1.000000        0.000000    
 k_ppt99              0.3037619        1.000000        0.000000    
 k_ppt100             0.4619745        1.000000        0.000000    
 k_ppt101              1.382090        1.000000        0.000000    
 k_ppt102             0.9419977        1.000000        0.000000    
 k_ppt103             0.3926613        1.000000        0.000000    
 k_ppt104             0.5695107        1.000000        0.000000    
