 single point
 k_ppt1                1.783259        1.000000        0.000000    
 k_ppt2                1.044257        1.000000        0.000000    
 k_ppt3               0.4377615        1.000000        0.000000    
 k_ppt4               0.5779031        1.000000        0.000000    
 k_ppt5                1.109217        1.000000        0.000000    
 k_ppt6               0.8839033        1.000000        0.000000    
 k_ppt7                2.300232        1.000000        0.000000    
 k_ppt8               0.7899895        1.000000        0.000000    
 k_ppt9                2.760593        1.000000        0.000000    
 k_ppt10               1.558625        1.000000        0.000000    
 k_ppt11              0.9550602        1.000000        0.000000    
 k_ppt12              0.9187071        1.000000        0.000000    
 k_ppt13              0.9213997        1.000000        0.000000    
 k_ppt14               1.569907        1.000000        0.000000    
 k_ppt15               2.557614        1.000000        0.000000    
 k_ppt16               1.557783        1.000000        0.000000    
 k_ppt17               1.173644        1.000000        0.000000    
 k_ppt18               1.264052        1.000000        0.000000    
 k_ppt19               2.420341        1.000000        0.000000    
 k_ppt20               1.401834        1.000000        0.000000    
 k_ppt21              0.7712632        1.000000        0.000000    
 k_ppt22               1.802041        1.000000        0.000000    
 k_ppt23               1.604419        1.000000        0.000000    
 k_ppt24               1.949650        1.000000        0.000000    
 k_ppt25               2.491166        1.000000        0.000000    
 k_ppt26               1.167754        1.000000        0.000000    
 k_ppt27               1.179672        1.000000        0.000000    
 k_ppt28              0.6312918        1.000000        0.000000    
 k_ppt29               2.267610        1.000000        0.000000    
 k_ppt30               2.655390        1.000000        0.000000    
 k_ppt31               5.233326        1.000000        0.000000    
 k_ppt32               1.174835        1.000000        0.000000    
 k_ppt33               1.298349        1.000000        0.000000    
 k_ppt34               1.306457        1.000000        0.000000    
 k_ppt35              0.2610710        1.000000        0.000000    
 k_ppt36              0.2630154        1.000000        0.000000    
 k_ppt37              0.7170729        1.000000        0.000000    
 k_ppt38               1.142525        1.000000        0.000000    
 k_ppt39               2.496033        1.000000        0.000000    
 k_ppt40               2.512422        1.000000        0.000000    
 k_ppt41               2.605275        1.000000        0.000000    
 k_ppt42               1.330391        1.000000        0.000000    
 k_ppt43              0.5453244        1.000000        0.000000    
 k_ppt44              0.7918238        1.000000        0.000000    
 k_ppt45              0.8117262        1.000000        0.000000    
 k_ppt46              0.6511147        1.000000        0.000000    
 k_ppt47               2.351699        1.000000        0.000000    
 k_ppt48              0.9072459        1.000000        0.000000    
 k_ppt49               2.952939        1.000000        0.000000    
 k_ppt50               1.365239        1.000000        0.000000    
 k_ppt51              0.6200515        1.000000        0.000000    
 k_ppt52               2.220555        1.000000        0.000000    
 k_ppt53               1.551466        1.000000        0.000000    
 k_ppt54               3.009193        1.000000        0.000000    
 k_ppt55               2.620383        1.000000        0.000000    
 k_ppt56               1.214843        1.000000        0.000000    
 k_ppt57               1.914766        1.000000        0.000000    
 k_ppt58              0.5474383        1.000000        0.000000    
 k_ppt59               1.404804        1.000000        0.000000    
 k_ppt60               1.241205        1.000000        0.000000    
 k_ppt61               1.203816        1.000000        0.000000    
 k_ppt62               3.630681        1.000000        0.000000    
 k_ppt63               1.668355        1.000000        0.000000    
 k_ppt64              0.6745115        1.000000        0.000000    
 k_ppt65              0.9380887        1.000000        0.000000    
 k_ppt66               1.258909        1.000000        0.000000    
 k_ppt67              0.6775657        1.000000        0.000000    
 k_ppt68               1.172211        1.000000        0.000000    
 k_ppt69               2.781039        1.000000        0.000000    
 k_ppt70               5.542121        1.000000        0.000000    
 k_ppt71               3.110199        1.000000        0.000000    
 k_ppt72              0.8134458        1.000000        0.000000    
 k_ppt73              0.6727438        1.000000        0.000000    
 k_ppt74               1.209448        1.000000        0.000000    
 k_ppt75              0.9974719        1.000000        0.000000    
 k_ppt76               1.609337        1.000000        0.000000    
 k_ppt77               1.320920        1.000000        0.000000    
 k_ppt78               1.106363        1.000000        0.000000    
 k_ppt79               1.445530        1.000000        0.000000    
 k_ppt80              0.3779860        1.000000        0.000000    
 k_ppt81              0.8625600        1.000000        0.000000    
 k_ppt82               1.249909        1.000000        0.000000    
 k_ppt83               1.946270        1.000000        0.000000    
 k_ppt84               2.429170        1.000000        0.000000    
 k_ppt85               1.121853        1.000000        0.000000    
 k_ppt86              0.9048421        1.000000        0.000000    
 k_ppt87               2.016021        1.000000        0.000000    
 k_ppt88               1.085930        1.000000        0.000000    
 k_ppt89               1.100874        1.000000        0.000000    
 k_ppt90              0.9708142        1.000000        0.000000    
 k_ppt91               1.287985        1.000000        0.000000    
 k_ppt92              0.8011168        1.000000        0.000000    
 k_ppt93              0.8016037        1.000000        0.000000    
 k_ppt94              0.6311383        1.000000        0.000000    
 k_ppt95               1.231892        1.000000        0.000000    
 k_ppt96              0.8832422        1.000000        0.000000    
 k_ppt97              0.5042933        1.000000        0.000000    
 k_ppt98              0.9199590        1.000000        0.000000    
 k_ppt99              0.3369727        1.000000        0.000000    
 k_ppt100             0.9542880        1.000000        0.000000    
 k_ppt101             0.3427816        1.000000        0.000000    
 k_ppt102             0.3653058        1.000000        0.000000    
 k_ppt103              1.343560        1.000000        0.000000    
 k_ppt104             0.3816931        1.000000        0.000000    
