 single point
 k_ppt1                1.683357        1.000000        0.000000    
 k_ppt2               0.8364515        1.000000        0.000000    
 k_ppt3                1.198583        1.000000        0.000000    
 k_ppt4                1.725546        1.000000        0.000000    
 k_ppt5                1.990061        1.000000        0.000000    
 k_ppt6                3.399475        1.000000        0.000000    
 k_ppt7                2.076200        1.000000        0.000000    
 k_ppt8                2.347008        1.000000        0.000000    
 k_ppt9                2.133259        1.000000        0.000000    
 k_ppt10               1.750311        1.000000        0.000000    
 k_ppt11               1.422756        1.000000        0.000000    
 k_ppt12               1.405638        1.000000        0.000000    
 k_ppt13               1.846788        1.000000        0.000000    
 k_ppt14               1.459779        1.000000        0.000000    
 k_ppt15               2.597279        1.000000        0.000000    
 k_ppt16               1.087312        1.000000        0.000000    
 k_ppt17               1.333077        1.000000        0.000000    
 k_ppt18              0.9400663        1.000000        0.000000    
 k_ppt19               2.472747        1.000000        0.000000    
 k_ppt20               1.951368        1.000000        0.000000    
 k_ppt21               1.942688        1.000000        0.000000    
 k_ppt22               1.173025        1.000000        0.000000    
 k_ppt23               2.141166        1.000000        0.000000    
 k_ppt24               2.116282        1.000000        0.000000    
 k_ppt25               1.214371        1.000000        0.000000    
 k_ppt26              0.7094934        1.000000        0.000000    
 k_ppt27               1.342910        1.000000        0.000000    
 k_ppt28               1.006669        1.000000        0.000000    
 k_ppt29               1.272598        1.000000        0.000000    
 k_ppt30              0.8588334        1.000000        0.000000    
 k_ppt31               1.531009        1.000000        0.000000    
 k_ppt32               1.348641        1.000000        0.000000    
 k_ppt33              0.9402624        1.000000        0.000000    
 k_ppt34              0.9219998        1.000000        0.000000    
 k_ppt35              0.7794205        1.000000        0.000000    
 k_ppt36               1.152843        1.000000        0.000000    
 k_ppt37              0.9413845        1.000000        0.000000    
 k_ppt38              0.7467269        1.000000        0.000000    
 k_ppt39               1.897748        1.000000        0.000000    
 k_ppt40               1.774989        1.000000        0.000000    
 k_ppt41               1.879905        1.000000        0.000000    
 k_ppt42               1.448940        1.000000        0.000000    
 k_ppt43               1.998354        1.000000        0.000000    
 k_ppt44               1.583066        1.000000        0.000000    
 k_ppt45               1.078699        1.000000        0.000000    
 k_ppt46               2.096399        1.000000        0.000000    
 k_ppt47              0.7790854        1.000000        0.000000    
 k_ppt48               1.137161        1.000000        0.000000    
 k_ppt49              0.9305809        1.000000        0.000000    
 k_ppt50               1.281894        1.000000        0.000000    
 k_ppt51              0.8275774        1.000000        0.000000    
 k_ppt52               1.678168        1.000000        0.000000    
 k_ppt53               1.143915        1.000000        0.000000    
 k_ppt54               1.191237        1.000000        0.000000    
 k_ppt55              0.6044990        1.000000        0.000000    
 k_ppt56               1.409532        1.000000        0.000000    
 k_ppt57               1.474528        1.000000        0.000000    
 k_ppt58               1.126982        1.000000        0.000000    
 k_ppt59               1.082598        1.000000        0.000000    
 k_ppt60               2.431694        1.000000        0.000000    
 k_ppt61               3.221498        1.000000        0.000000    
 k_ppt62               2.135533        1.000000        0.000000    
 k_ppt63              0.7333344        1.000000        0.000000    
 k_ppt64              0.9662654        1.000000        0.000000    
 k_ppt65              0.5656783        1.000000        0.000000    
 k_ppt66               1.623375        1.000000        0.000000    
 k_ppt67               1.296531        1.000000        0.000000    
 k_ppt68               5.356967        1.000000        0.000000    
 k_ppt69               3.445650        1.000000        0.000000    
 k_ppt70               4.279861        1.000000        0.000000    
 k_ppt71              0.9349089        1.000000        0.000000    
 k_ppt72               1.345600        1.000000        0.000000    
 k_ppt73               1.772442        1.000000        0.000000    
 k_ppt74               1.040574        1.000000        0.000000    
 k_ppt75              0.5233149        1.000000        0.000000    
 k_ppt76              0.8194240        1.000000        0.000000    
 k_ppt77              0.6062263        1.000000        0.000000    
 k_ppt78               1.260962        1.000000        0.000000    
 k_ppt79               1.010271        1.000000        0.000000    
 k_ppt80               1.250142        1.000000        0.000000    
 k_ppt81              0.7214295        1.000000        0.000000    
 k_ppt82              0.5689794        1.000000        0.000000    
 k_ppt83              0.3638289        1.000000        0.000000    
 k_ppt84               1.004119        1.000000        0.000000    
 k_ppt85               2.092333        1.000000        0.000000    
 k_ppt86               2.128966        1.000000        0.000000    
 k_ppt87               1.095268        1.000000        0.000000    
 k_ppt88              0.8023403        1.000000        0.000000    
 k_ppt89              0.7371164        1.000000        0.000000    
 k_ppt90              0.5829320        1.000000        0.000000    
 k_ppt91               1.961244        1.000000        0.000000    
 k_ppt92              0.9968032        1.000000        0.000000    
 k_ppt93               1.396154        1.000000        0.000000    
 k_ppt94               1.435690        1.000000        0.000000    
 k_ppt95               1.990144        1.000000        0.000000    
 k_ppt96              0.5515444        1.000000        0.000000    
 k_ppt97              0.7076007        1.000000        0.000000    
 k_ppt98              0.3846583        1.000000        0.000000    
 k_ppt99              0.7660711        1.000000        0.000000    
 k_ppt100             0.8317881        1.000000        0.000000    
 k_ppt101             0.5428494        1.000000        0.000000    
 k_ppt102             0.7300759        1.000000        0.000000    
 k_ppt103             0.7832443        1.000000        0.000000    
 k_ppt104             0.4683576        1.000000        0.000000    
