 single point
 k_ppt1                1.884522        1.000000        0.000000    
 k_ppt2                1.976858        1.000000        0.000000    
 k_ppt3                1.932465        1.000000        0.000000    
 k_ppt4               0.5639459        1.000000        0.000000    
 k_ppt5               0.5038165        1.000000        0.000000    
 k_ppt6               0.3553817        1.000000        0.000000    
 k_ppt7                1.946789        1.000000        0.000000    
 k_ppt8                1.218134        1.000000        0.000000    
 k_ppt9               0.4871175        1.000000        0.000000    
 k_ppt10              0.8608224        1.000000        0.000000    
 k_ppt11               1.518160        1.000000        0.000000    
 k_ppt12               1.380250        1.000000        0.000000    
 k_ppt13              0.5644897        1.000000        0.000000    
 k_ppt14               1.440565        1.000000        0.000000    
 k_ppt15               1.549008        1.000000        0.000000    
 k_ppt16               1.165640        1.000000        0.000000    
 k_ppt17               1.712788        1.000000        0.000000    
 k_ppt18              0.9215207        1.000000        0.000000    
 k_ppt19               1.296507        1.000000        0.000000    
 k_ppt20              0.7142472        1.000000        0.000000    
 k_ppt21              0.7589448        1.000000        0.000000    
 k_ppt22              0.4849995        1.000000        0.000000    
 k_ppt23              0.7679969        1.000000        0.000000    
 k_ppt24              0.9512892        1.000000        0.000000    
 k_ppt25               1.978302        1.000000        0.000000    
 k_ppt26               1.539333        1.000000        0.000000    
 k_ppt27               1.596956        1.000000        0.000000    
 k_ppt28               1.932810        1.000000        0.000000    
 k_ppt29               1.389295        1.000000        0.000000    
 k_ppt30              0.2828919        1.000000        0.000000    
 k_ppt31              0.9115119        1.000000        0.000000    
 k_ppt32               1.257180        1.000000        0.000000    
 k_ppt33              0.6879625        1.000000        0.000000    
 k_ppt34               2.672317        1.000000        0.000000    
 k_ppt35               1.776594        1.000000        0.000000    
 k_ppt36               1.255360        1.000000        0.000000    
 k_ppt37              0.9956278        1.000000        0.000000    
 k_ppt38              0.6510585        1.000000        0.000000    
 k_ppt39               2.140353        1.000000        0.000000    
 k_ppt40               1.453398        1.000000        0.000000    
 k_ppt41              0.2316493        1.000000        0.000000    
 k_ppt42              0.4717181        1.000000        0.000000    
 k_ppt43               1.296150        1.000000        0.000000    
 k_ppt44               1.840405        1.000000        0.000000    
 k_ppt45              0.9008404        1.000000        0.000000    
 k_ppt46               2.274652        1.000000        0.000000    
 k_ppt47               5.571830        1.000000        0.000000    
 k_ppt48               3.466281        1.000000        0.000000    
 k_ppt49              0.9138907        1.000000        0.000000    
 k_ppt50               1.027556        1.000000        0.000000    
 k_ppt51               2.241939        1.000000        0.000000    
 k_ppt52               2.344062        1.000000        0.000000    
 k_ppt53               2.491615        1.000000        0.000000    
 k_ppt54               3.045890        1.000000        0.000000    
 k_ppt55               1.530786        1.000000        0.000000    
 k_ppt56               1.730912        1.000000        0.000000    
 k_ppt57               1.127518        1.000000        0.000000    
 k_ppt58               2.753678        1.000000        0.000000    
 k_ppt59               1.042604        1.000000        0.000000    
 k_ppt60              0.6930572        1.000000        0.000000    
 k_ppt61              0.4779883        1.000000        0.000000    
 k_ppt62               1.671658        1.000000        0.000000    
 k_ppt63               1.794611        1.000000        0.000000    
 k_ppt64               1.209627        1.000000        0.000000    
 k_ppt65               1.187496        1.000000        0.000000    
 k_ppt66               1.382371        1.000000        0.000000    
 k_ppt67              0.8184414        1.000000        0.000000    
 k_ppt68               1.037664        1.000000        0.000000    
 k_ppt69               1.219934        1.000000        0.000000    
 k_ppt70               1.649661        1.000000        0.000000    
 k_ppt71               6.483399        1.000000        0.000000    
 k_ppt72              0.8302158        1.000000        0.000000    
 k_ppt73               1.076310        1.000000        0.000000    
 k_ppt74               1.661792        1.000000        0.000000    
 k_ppt75              0.5873571        1.000000        0.000000    
 k_ppt76               2.119881        1.000000        0.000000    
 k_ppt77               1.848528        1.000000        0.000000    
 k_ppt78               1.618427        1.000000        0.000000    
 k_ppt79               2.002395        1.000000        0.000000    
 k_ppt80               2.355598        1.000000        0.000000    
 k_ppt81               1.514739        1.000000        0.000000    
 k_ppt82               2.773671        1.000000        0.000000    
 k_ppt83               1.268650        1.000000        0.000000    
 k_ppt84               3.448926        1.000000        0.000000    
 k_ppt85              0.6566296        1.000000        0.000000    
 k_ppt86              0.5809353        1.000000        0.000000    
 k_ppt87               1.561287        1.000000        0.000000    
 k_ppt88              0.8282028        1.000000        0.000000    
 k_ppt89              0.7465019        1.000000        0.000000    
 k_ppt90              0.5595308        1.000000        0.000000    
 k_ppt91              0.6128078        1.000000        0.000000    
 k_ppt92              0.4965018        1.000000        0.000000    
 k_ppt93               1.028212        1.000000        0.000000    
 k_ppt94              0.4083899        1.000000        0.000000    
 k_ppt95              0.7605470        1.000000        0.000000    
 k_ppt96               1.124195        1.000000        0.000000    
 k_ppt97              0.9253752        1.000000        0.000000    
 k_ppt98              0.3891352        1.000000        0.000000    
 k_ppt99              0.8246605        1.000000        0.000000    
 k_ppt100             0.4432259        1.000000        0.000000    
 k_ppt101             0.5047609        1.000000        0.000000    
 k_ppt102             0.9828554        1.000000        0.000000    
 k_ppt103             0.3066421        1.000000        0.000000    
 k_ppt104             0.7091299        1.000000        0.000000    
