 single point
 k_ppt1                1.137370        1.000000        0.000000    
 k_ppt2               0.9622923        1.000000        0.000000    
 k_ppt3               0.4539420        1.000000        0.000000    
 k_ppt4                1.772350        1.000000        0.000000    
 k_ppt5                4.408612        1.000000        0.000000    
 k_ppt6                1.993127        1.000000        0.000000    
 k_ppt7               0.8160202        1.000000        0.000000    
 k_ppt8               0.6411273        1.000000        0.000000    
 k_ppt9               0.6124169        1.000000        0.000000    
 k_ppt10              0.8014218        1.000000        0.000000    
 k_ppt11              0.8848368        1.000000        0.000000    
 k_ppt12               1.262207        1.000000        0.000000    
 k_ppt13               1.066197        1.000000        0.000000    
 k_ppt14               1.129150        1.000000        0.000000    
 k_ppt15               1.790883        1.000000        0.000000    
 k_ppt16               2.038168        1.000000        0.000000    
 k_ppt17              0.7930351        1.000000        0.000000    
 k_ppt18              0.5566755        1.000000        0.000000    
 k_ppt19              0.3362340        1.000000        0.000000    
 k_ppt20              0.3887797        1.000000        0.000000    
 k_ppt21              0.5061412        1.000000        0.000000    
 k_ppt22              0.4194454        1.000000        0.000000    
 k_ppt23               1.753333        1.000000        0.000000    
 k_ppt24              0.5702406        1.000000        0.000000    
 k_ppt25              0.9827794        1.000000        0.000000    
 k_ppt26              0.8479199        1.000000        0.000000    
 k_ppt27              0.6992814        1.000000        0.000000    
 k_ppt28              0.5883232        1.000000        0.000000    
 k_ppt29              0.4910849        1.000000        0.000000    
 k_ppt30              0.6839393        1.000000        0.000000    
 k_ppt31               1.240481        1.000000        0.000000    
 k_ppt32              0.9502908        1.000000        0.000000    
 k_ppt33               1.135261        1.000000        0.000000    
 k_ppt34              0.6021290        1.000000        0.000000    
 k_ppt35               1.135536        1.000000        0.000000    
 k_ppt36               1.461357        1.000000        0.000000    
 k_ppt37              0.5473135        1.000000        0.000000    
 k_ppt38               1.502043        1.000000        0.000000    
 k_ppt39               2.097913        1.000000        0.000000    
 k_ppt40               1.496753        1.000000        0.000000    
 k_ppt41               1.182501        1.000000        0.000000    
 k_ppt42              0.5004719        1.000000        0.000000    
 k_ppt43              0.7719335        1.000000        0.000000    
 k_ppt44               1.937609        1.000000        0.000000    
 k_ppt45               1.835859        1.000000        0.000000    
 k_ppt46               2.202584        1.000000        0.000000    
 k_ppt47               6.443632        1.000000        0.000000    
 k_ppt48               1.817147        1.000000        0.000000    
 k_ppt49               1.723661        1.000000        0.000000    
 k_ppt50              0.9594090        1.000000        0.000000    
 k_ppt51              0.7836022        1.000000        0.000000    
 k_ppt52               2.071955        1.000000        0.000000    
 k_ppt53              0.7808026        1.000000        0.000000    
 k_ppt54               2.583733        1.000000        0.000000    
 k_ppt55               2.957221        1.000000        0.000000    
 k_ppt56               3.828590        1.000000        0.000000    
 k_ppt57               1.093257        1.000000        0.000000    
 k_ppt58               1.363425        1.000000        0.000000    
 k_ppt59               1.563427        1.000000        0.000000    
 k_ppt60               6.590869        1.000000        0.000000    
 k_ppt61               1.496111        1.000000        0.000000    
 k_ppt62              0.8254387        1.000000        0.000000    
 k_ppt63               1.939156        1.000000        0.000000    
 k_ppt64               2.395201        1.000000        0.000000    
 k_ppt65               1.193210        1.000000        0.000000    
 k_ppt66               1.045909        1.000000        0.000000    
 k_ppt67               2.129415        1.000000        0.000000    
 k_ppt68               2.838108        1.000000        0.000000    
 k_ppt69               2.706427        1.000000        0.000000    
 k_ppt70               1.381774        1.000000        0.000000    
 k_ppt71              0.5851540        1.000000        0.000000    
 k_ppt72              0.8733909        1.000000        0.000000    
 k_ppt73              0.6400781        1.000000        0.000000    
 k_ppt74               1.040529        1.000000        0.000000    
 k_ppt75               1.336714        1.000000        0.000000    
 k_ppt76              0.7956243        1.000000        0.000000    
 k_ppt77               1.819241        1.000000        0.000000    
 k_ppt78               1.673460        1.000000        0.000000    
 k_ppt79              0.9224411        1.000000        0.000000    
 k_ppt80               1.064448        1.000000        0.000000    
 k_ppt81               1.677976        1.000000        0.000000    
 k_ppt82               1.917049        1.000000        0.000000    
 k_ppt83               2.132928        1.000000        0.000000    
 k_ppt84               1.305658        1.000000        0.000000    
 k_ppt85               1.633063        1.000000        0.000000    
 k_ppt86              0.9218743        1.000000        0.000000    
 k_ppt87               1.297876        1.000000        0.000000    
 k_ppt88               1.109874        1.000000        0.000000    
 k_ppt89               1.124254        1.000000        0.000000    
 k_ppt90              0.9526369        1.000000        0.000000    
 k_ppt91               1.140093        1.000000        0.000000    
 k_ppt92               1.446763        1.000000        0.000000    
 k_ppt93               1.080707        1.000000        0.000000    
 k_ppt94              0.2030715        1.000000        0.000000    
 k_ppt95              0.7363040        1.000000        0.000000    
 k_ppt96              0.5630968        1.000000        0.000000    
 k_ppt97              0.4591967        1.000000        0.000000    
 k_ppt98               1.042365        1.000000        0.000000    
 k_ppt99              0.7225625        1.000000        0.000000    
 k_ppt100             0.9972622        1.000000        0.000000    
 k_ppt101             0.6849490        1.000000        0.000000    
 k_ppt102             0.3733077        1.000000        0.000000    
 k_ppt103             0.2357318        1.000000        0.000000    
 k_ppt104             0.5854392        1.000000        0.000000    
