 single point
 k_ppt1                3.418255        1.000000        0.000000    
 k_ppt2                3.000314        1.000000        0.000000    
 k_ppt3                3.393641        1.000000        0.000000    
 k_ppt4                1.026038        1.000000        0.000000    
 k_ppt5               0.5845329        1.000000        0.000000    
 k_ppt6               0.9081608        1.000000        0.000000    
 k_ppt7                1.031326        1.000000        0.000000    
 k_ppt8               0.5855975        1.000000        0.000000    
 k_ppt9                3.049163        1.000000        0.000000    
 k_ppt10               2.225745        1.000000        0.000000    
 k_ppt11               1.946770        1.000000        0.000000    
 k_ppt12               1.569907        1.000000        0.000000    
 k_ppt13              0.4489699        1.000000        0.000000    
 k_ppt14              0.3149532        1.000000        0.000000    
 k_ppt15               1.078151        1.000000        0.000000    
 k_ppt16              0.5190661        1.000000        0.000000    
 k_ppt17               1.103222        1.000000        0.000000    
 k_ppt18               2.532126        1.000000        0.000000    
 k_ppt19               3.955486        1.000000        0.000000    
 k_ppt20               1.037815        1.000000        0.000000    
 k_ppt21              0.2163970        1.000000        0.000000    
 k_ppt22              0.3003053        1.000000        0.000000    
 k_ppt23               1.547749        1.000000        0.000000    
 k_ppt24               3.803305        1.000000        0.000000    
 k_ppt25               1.334538        1.000000        0.000000    
 k_ppt26               3.196870        1.000000        0.000000    
 k_ppt27               4.313237        1.000000        0.000000    
 k_ppt28              0.8350586        1.000000        0.000000    
 k_ppt29              0.2762300        1.000000        0.000000    
 k_ppt30              0.7662082        1.000000        0.000000    
 k_ppt31               1.992187        1.000000        0.000000    
 k_ppt32               2.106411        1.000000        0.000000    
 k_ppt33               1.746932        1.000000        0.000000    
 k_ppt34               1.452409        1.000000        0.000000    
 k_ppt35               1.178693        1.000000        0.000000    
 k_ppt36              0.8231116        1.000000        0.000000    
 k_ppt37              0.3916855        1.000000        0.000000    
 k_ppt38              0.7528037        1.000000        0.000000    
 k_ppt39              0.5807662        1.000000        0.000000    
 k_ppt40               2.788584        1.000000        0.000000    
 k_ppt41               1.641322        1.000000        0.000000    
 k_ppt42               1.207736        1.000000        0.000000    
 k_ppt43               1.129084        1.000000        0.000000    
 k_ppt44               1.321019        1.000000        0.000000    
 k_ppt45               1.624416        1.000000        0.000000    
 k_ppt46              0.6129187        1.000000        0.000000    
 k_ppt47              0.5827822        1.000000        0.000000    
 k_ppt48               3.344977        1.000000        0.000000    
 k_ppt49               2.465899        1.000000        0.000000    
 k_ppt50               1.180583        1.000000        0.000000    
 k_ppt51               1.155649        1.000000        0.000000    
 k_ppt52               1.758140        1.000000        0.000000    
 k_ppt53               1.783458        1.000000        0.000000    
 k_ppt54               1.418423        1.000000        0.000000    
 k_ppt55               1.148602        1.000000        0.000000    
 k_ppt56               2.226044        1.000000        0.000000    
 k_ppt57              0.7178260        1.000000        0.000000    
 k_ppt58              0.4784697        1.000000        0.000000    
 k_ppt59               1.665370        1.000000        0.000000    
 k_ppt60               3.912504        1.000000        0.000000    
 k_ppt61               6.607059        1.000000        0.000000    
 k_ppt62               1.940380        1.000000        0.000000    
 k_ppt63               1.896865        1.000000        0.000000    
 k_ppt64               3.012895        1.000000        0.000000    
 k_ppt65              0.9859174        1.000000        0.000000    
 k_ppt66               1.002783        1.000000        0.000000    
 k_ppt67               1.604026        1.000000        0.000000    
 k_ppt68               2.392574        1.000000        0.000000    
 k_ppt69               1.708736        1.000000        0.000000    
 k_ppt70               1.765394        1.000000        0.000000    
 k_ppt71               1.934211        1.000000        0.000000    
 k_ppt72              0.8677021        1.000000        0.000000    
 k_ppt73               1.579121        1.000000        0.000000    
 k_ppt74               1.549020        1.000000        0.000000    
 k_ppt75               1.084301        1.000000        0.000000    
 k_ppt76               1.490998        1.000000        0.000000    
 k_ppt77               1.985120        1.000000        0.000000    
 k_ppt78               2.489943        1.000000        0.000000    
 k_ppt79               1.861996        1.000000        0.000000    
 k_ppt80               1.229816        1.000000        0.000000    
 k_ppt81               1.585944        1.000000        0.000000    
 k_ppt82               1.274818        1.000000        0.000000    
 k_ppt83               1.883253        1.000000        0.000000    
 k_ppt84              0.5321718        1.000000        0.000000    
 k_ppt85               1.095150        1.000000        0.000000    
 k_ppt86               1.420049        1.000000        0.000000    
 k_ppt87              0.8500714        1.000000        0.000000    
 k_ppt88              0.6697597        1.000000        0.000000    
 k_ppt89              0.3500376        1.000000        0.000000    
 k_ppt90              0.6254414        1.000000        0.000000    
 k_ppt91              0.6110401        1.000000        0.000000    
 k_ppt92              0.3436342        1.000000        0.000000    
 k_ppt93              0.8698534        1.000000        0.000000    
 k_ppt94              0.4924740        1.000000        0.000000    
 k_ppt95              0.2486134        1.000000        0.000000    
 k_ppt96              0.9503010        1.000000        0.000000    
 k_ppt97              0.9630111        1.000000        0.000000    
 k_ppt98              0.9706207        1.000000        0.000000    
 k_ppt99              0.3828334        1.000000        0.000000    
 k_ppt100             0.7728711        1.000000        0.000000    
 k_ppt101             0.6878782        1.000000        0.000000    
 k_ppt102             0.5757981        1.000000        0.000000    
 k_ppt103             0.3606528        1.000000        0.000000    
 k_ppt104              1.039663        1.000000        0.000000    
