 single point
 k_ppt1                3.820667        1.000000        0.000000    
 k_ppt2                3.047701        1.000000        0.000000    
 k_ppt3                3.412023        1.000000        0.000000    
 k_ppt4                4.552152        1.000000        0.000000    
 k_ppt5                15.42849        1.000000        0.000000    
 k_ppt6                2.506372        1.000000        0.000000    
 k_ppt7               0.8311394        1.000000        0.000000    
 k_ppt8                1.185594        1.000000        0.000000    
 k_ppt9                1.310923        1.000000        0.000000    
 k_ppt10               2.447413        1.000000        0.000000    
 k_ppt11               2.120533        1.000000        0.000000    
 k_ppt12               2.253923        1.000000        0.000000    
 k_ppt13               3.112658        1.000000        0.000000    
 k_ppt14               4.458226        1.000000        0.000000    
 k_ppt15               1.670331        1.000000        0.000000    
 k_ppt16              0.8185280        1.000000        0.000000    
 k_ppt17              0.7893023        1.000000        0.000000    
 k_ppt18               1.203762        1.000000        0.000000    
 k_ppt19               3.351303        1.000000        0.000000    
 k_ppt20               1.798022        1.000000        0.000000    
 k_ppt21               2.019229        1.000000        0.000000    
 k_ppt22               1.136937        1.000000        0.000000    
 k_ppt23               2.301131        1.000000        0.000000    
 k_ppt24               2.183501        1.000000        0.000000    
 k_ppt25              0.4949233        1.000000        0.000000    
 k_ppt26               1.297754        1.000000        0.000000    
 k_ppt27               2.140375        1.000000        0.000000    
 k_ppt28              0.4657344        1.000000        0.000000    
 k_ppt29               1.013628        1.000000        0.000000    
 k_ppt30               2.663917        1.000000        0.000000    
 k_ppt31               2.040637        1.000000        0.000000    
 k_ppt32               1.291801        1.000000        0.000000    
 k_ppt33              0.4968645        1.000000        0.000000    
 k_ppt34               1.194155        1.000000        0.000000    
 k_ppt35               1.348540        1.000000        0.000000    
 k_ppt36              0.3570349        1.000000        0.000000    
 k_ppt37               2.147446        1.000000        0.000000    
 k_ppt38              0.9262932        1.000000        0.000000    
 k_ppt39               1.811808        1.000000        0.000000    
 k_ppt40              0.6146237        1.000000        0.000000    
 k_ppt41              0.4621821        1.000000        0.000000    
 k_ppt42              0.7924641        1.000000        0.000000    
 k_ppt43              0.9688236        1.000000        0.000000    
 k_ppt44              0.6858832        1.000000        0.000000    
 k_ppt45               6.192046        1.000000        0.000000    
 k_ppt46               4.952865        1.000000        0.000000    
 k_ppt47              0.6178313        1.000000        0.000000    
 k_ppt48              0.4797785        1.000000        0.000000    
 k_ppt49              0.4758822        1.000000        0.000000    
 k_ppt50              0.8208417        1.000000        0.000000    
 k_ppt51               1.886854        1.000000        0.000000    
 k_ppt52               1.483483        1.000000        0.000000    
 k_ppt53               2.516353        1.000000        0.000000    
 k_ppt54               11.91577        1.000000        0.000000    
 k_ppt55               3.788635        1.000000        0.000000    
 k_ppt56              0.5470375        1.000000        0.000000    
 k_ppt57              0.7280822        1.000000        0.000000    
 k_ppt58               2.134156        1.000000        0.000000    
 k_ppt59               4.148678        1.000000        0.000000    
 k_ppt60               1.523971        1.000000        0.000000    
 k_ppt61               1.931433        1.000000        0.000000    
 k_ppt62               4.302120        1.000000        0.000000    
 k_ppt63               3.044639        1.000000        0.000000    
 k_ppt64               1.946800        1.000000        0.000000    
 k_ppt65               1.050423        1.000000        0.000000    
 k_ppt66               1.413838        1.000000        0.000000    
 k_ppt67               1.630662        1.000000        0.000000    
 k_ppt68              0.5271301        1.000000        0.000000    
 k_ppt69               2.157519        1.000000        0.000000    
 k_ppt70               6.248098        1.000000        0.000000    
 k_ppt71               1.269881        1.000000        0.000000    
 k_ppt72               1.021505        1.000000        0.000000    
 k_ppt73              0.8995479        1.000000        0.000000    
 k_ppt74               1.804334        1.000000        0.000000    
 k_ppt75               1.188824        1.000000        0.000000    
 k_ppt76              0.9242477        1.000000        0.000000    
 k_ppt77               1.849064        1.000000        0.000000    
 k_ppt78               2.200432        1.000000        0.000000    
 k_ppt79               1.800683        1.000000        0.000000    
 k_ppt80              0.6880547        1.000000        0.000000    
 k_ppt81               2.826332        1.000000        0.000000    
 k_ppt82               1.258803        1.000000        0.000000    
 k_ppt83              0.4110148        1.000000        0.000000    
 k_ppt84              0.5329962        1.000000        0.000000    
 k_ppt85               1.094542        1.000000        0.000000    
 k_ppt86               1.057096        1.000000        0.000000    
 k_ppt87               1.280593        1.000000        0.000000    
 k_ppt88              0.6774370        1.000000        0.000000    
 k_ppt89               1.333105        1.000000        0.000000    
 k_ppt90              0.3866582        1.000000        0.000000    
 k_ppt91              0.1702247        1.000000        0.000000    
 k_ppt92              0.7577203        1.000000        0.000000    
 k_ppt93              0.6515395        1.000000        0.000000    
 k_ppt94              0.7816826        1.000000        0.000000    
 k_ppt95               1.785287        1.000000        0.000000    
 k_ppt96              0.9675084        1.000000        0.000000    
 k_ppt97              0.5638013        1.000000        0.000000    
 k_ppt98               1.113126        1.000000        0.000000    
 k_ppt99              0.5794576        1.000000        0.000000    
 k_ppt100             0.3121787        1.000000        0.000000    
 k_ppt101             0.6083974        1.000000        0.000000    
 k_ppt102             0.7345945        1.000000        0.000000    
 k_ppt103             0.9006707        1.000000        0.000000    
 k_ppt104             0.7180773        1.000000        0.000000    
