 single point
 k_ppt1               0.5697649        1.000000        0.000000    
 k_ppt2               0.7035462        1.000000        0.000000    
 k_ppt3                1.726156        1.000000        0.000000    
 k_ppt4                1.023417        1.000000        0.000000    
 k_ppt5               0.6032772        1.000000        0.000000    
 k_ppt6                1.388436        1.000000        0.000000    
 k_ppt7               0.7934009        1.000000        0.000000    
 k_ppt8                1.197797        1.000000        0.000000    
 k_ppt9               0.2796336        1.000000        0.000000    
 k_ppt10              0.8736363        1.000000        0.000000    
 k_ppt11              0.3168021        1.000000        0.000000    
 k_ppt12              0.5624302        1.000000        0.000000    
 k_ppt13              0.1523547        1.000000        0.000000    
 k_ppt14              0.3553940        1.000000        0.000000    
 k_ppt15              0.3782728        1.000000        0.000000    
 k_ppt16               1.062181        1.000000        0.000000    
 k_ppt17              0.5092940        1.000000        0.000000    
 k_ppt18               1.222995        1.000000        0.000000    
 k_ppt19              0.9910068        1.000000        0.000000    
 k_ppt20              0.7449559        1.000000        0.000000    
 k_ppt21              0.6643659        1.000000        0.000000    
 k_ppt22              0.5622161        1.000000        0.000000    
 k_ppt23              0.8945211        1.000000        0.000000    
 k_ppt24               1.687229        1.000000        0.000000    
 k_ppt25               1.696126        1.000000        0.000000    
 k_ppt26              0.5775966        1.000000        0.000000    
 k_ppt27               1.535196        1.000000        0.000000    
 k_ppt28               1.724195        1.000000        0.000000    
 k_ppt29               1.228311        1.000000        0.000000    
 k_ppt30              0.4455787        1.000000        0.000000    
 k_ppt31               1.653662        1.000000        0.000000    
 k_ppt32               3.449518        1.000000        0.000000    
 k_ppt33               1.405154        1.000000        0.000000    
 k_ppt34              0.4378183        1.000000        0.000000    
 k_ppt35              0.7576584        1.000000        0.000000    
 k_ppt36               2.080089        1.000000        0.000000    
 k_ppt37               2.181537        1.000000        0.000000    
 k_ppt38               2.216800        1.000000        0.000000    
 k_ppt39              0.7249753        1.000000        0.000000    
 k_ppt40               1.786882        1.000000        0.000000    
 k_ppt41              0.8602579        1.000000        0.000000    
 k_ppt42              0.6219012        1.000000        0.000000    
 k_ppt43              0.8363221        1.000000        0.000000    
 k_ppt44               1.044123        1.000000        0.000000    
 k_ppt45               1.106473        1.000000        0.000000    
 k_ppt46               1.870637        1.000000        0.000000    
 k_ppt47              0.5295650        1.000000        0.000000    
 k_ppt48              0.9781540        1.000000        0.000000    
 k_ppt49               1.428699        1.000000        0.000000    
 k_ppt50              0.5351096        1.000000        0.000000    
 k_ppt51              0.5262185        1.000000        0.000000    
 k_ppt52              0.8663160        1.000000        0.000000    
 k_ppt53               1.217789        1.000000        0.000000    
 k_ppt54               2.480802        1.000000        0.000000    
 k_ppt55               2.129329        1.000000        0.000000    
 k_ppt56               1.357301        1.000000        0.000000    
 k_ppt57               1.627059        1.000000        0.000000    
 k_ppt58               1.955044        1.000000        0.000000    
 k_ppt59               2.499643        1.000000        0.000000    
 k_ppt60               2.397779        1.000000        0.000000    
 k_ppt61               3.347589        1.000000        0.000000    
 k_ppt62               1.896788        1.000000        0.000000    
 k_ppt63               2.103058        1.000000        0.000000    
 k_ppt64               1.401507        1.000000        0.000000    
 k_ppt65               1.729819        1.000000        0.000000    
 k_ppt66               1.406134        1.000000        0.000000    
 k_ppt67               1.053813        1.000000        0.000000    
 k_ppt68               1.556393        1.000000        0.000000    
 k_ppt69               2.352247        1.000000        0.000000    
 k_ppt70               3.640390        1.000000        0.000000    
 k_ppt71              0.8510448        1.000000        0.000000    
 k_ppt72               2.498364        1.000000        0.000000    
 k_ppt73              0.6497329        1.000000        0.000000    
 k_ppt74              0.7374881        1.000000        0.000000    
 k_ppt75              0.4123379        1.000000        0.000000    
 k_ppt76               1.207272        1.000000        0.000000    
 k_ppt77               3.240817        1.000000        0.000000    
 k_ppt78               2.809016        1.000000        0.000000    
 k_ppt79               2.446520        1.000000        0.000000    
 k_ppt80               4.028685        1.000000        0.000000    
 k_ppt81              0.9564014        1.000000        0.000000    
 k_ppt82              0.4448625        1.000000        0.000000    
 k_ppt83              0.5293434        1.000000        0.000000    
 k_ppt84              0.7087006        1.000000        0.000000    
 k_ppt85               2.115565        1.000000        0.000000    
 k_ppt86               1.611686        1.000000        0.000000    
 k_ppt87              0.4790559        1.000000        0.000000    
 k_ppt88              0.5722343        1.000000        0.000000    
 k_ppt89               2.202614        1.000000        0.000000    
 k_ppt90               1.720667        1.000000        0.000000    
 k_ppt91              0.4363916        1.000000        0.000000    
 k_ppt92              0.8532122        1.000000        0.000000    
 k_ppt93              0.9196423        1.000000        0.000000    
 k_ppt94              0.6559285        1.000000        0.000000    
 k_ppt95               1.023136        1.000000        0.000000    
 k_ppt96              0.4117901        1.000000        0.000000    
 k_ppt97               1.125131        1.000000        0.000000    
 k_ppt98              0.4457598        1.000000        0.000000    
 k_ppt99              0.5529362        1.000000        0.000000    
 k_ppt100             0.7502919        1.000000        0.000000    
 k_ppt101             0.7557306        1.000000        0.000000    
 k_ppt102             0.6392659        1.000000        0.000000    
 k_ppt103             0.8214575        1.000000        0.000000    
 k_ppt104             0.4550952        1.000000        0.000000    
