 single point
 k_ppt1               0.2506811        1.000000        0.000000    
 k_ppt2               0.3628470        1.000000        0.000000    
 k_ppt3               0.4246966        1.000000        0.000000    
 k_ppt4               0.7746654        1.000000        0.000000    
 k_ppt5               0.5783096        1.000000        0.000000    
 k_ppt6               0.4250237        1.000000        0.000000    
 k_ppt7               0.4549933        1.000000        0.000000    
 k_ppt8               0.1938782        1.000000        0.000000    
 k_ppt9               0.4064965        1.000000        0.000000    
 k_ppt10              0.6295315        1.000000        0.000000    
 k_ppt11              0.7996009        1.000000        0.000000    
 k_ppt12              0.3558336        1.000000        0.000000    
 k_ppt13              0.9232077        1.000000        0.000000    
 k_ppt14               1.034472        1.000000        0.000000    
 k_ppt15              0.5535232        1.000000        0.000000    
 k_ppt16              0.2166024        1.000000        0.000000    
 k_ppt17              0.7377820        1.000000        0.000000    
 k_ppt18              0.2943416        1.000000        0.000000    
 k_ppt19              0.4029458        1.000000        0.000000    
 k_ppt20              0.7325360        1.000000        0.000000    
 k_ppt21               3.018400        1.000000        0.000000    
 k_ppt22               1.671601        1.000000        0.000000    
 k_ppt23               1.856754        1.000000        0.000000    
 k_ppt24              0.7736106        1.000000        0.000000    
 k_ppt25              0.6914645        1.000000        0.000000    
 k_ppt26              0.5711522        1.000000        0.000000    
 k_ppt27              0.5352738        1.000000        0.000000    
 k_ppt28               1.590812        1.000000        0.000000    
 k_ppt29               1.279234        1.000000        0.000000    
 k_ppt30               3.143258        1.000000        0.000000    
 k_ppt31               1.548491        1.000000        0.000000    
 k_ppt32               1.150766        1.000000        0.000000    
 k_ppt33              0.8623537        1.000000        0.000000    
 k_ppt34              0.8310287        1.000000        0.000000    
 k_ppt35               1.250763        1.000000        0.000000    
 k_ppt36               1.256203        1.000000        0.000000    
 k_ppt37              0.9187350        1.000000        0.000000    
 k_ppt38               3.168630        1.000000        0.000000    
 k_ppt39               2.212036        1.000000        0.000000    
 k_ppt40              0.5686980        1.000000        0.000000    
 k_ppt41              0.3009470        1.000000        0.000000    
 k_ppt42               1.354912        1.000000        0.000000    
 k_ppt43               1.930916        1.000000        0.000000    
 k_ppt44               6.288767        1.000000        0.000000    
 k_ppt45               2.503537        1.000000        0.000000    
 k_ppt46               1.625576        1.000000        0.000000    
 k_ppt47              0.4918698        1.000000        0.000000    
 k_ppt48              0.4605158        1.000000        0.000000    
 k_ppt49              0.7115366        1.000000        0.000000    
 k_ppt50               1.876069        1.000000        0.000000    
 k_ppt51               1.660619        1.000000        0.000000    
 k_ppt52               4.677689        1.000000        0.000000    
 k_ppt53               2.551204        1.000000        0.000000    
 k_ppt54               3.416188        1.000000        0.000000    
 k_ppt55               1.452779        1.000000        0.000000    
 k_ppt56               1.954682        1.000000        0.000000    
 k_ppt57              0.2151221        1.000000        0.000000    
 k_ppt58               1.203828        1.000000        0.000000    
 k_ppt59               1.056277        1.000000        0.000000    
 k_ppt60               5.044314        1.000000        0.000000    
 k_ppt61               3.450486        1.000000        0.000000    
 k_ppt62               1.071242        1.000000        0.000000    
 k_ppt63               1.433930        1.000000        0.000000    
 k_ppt64              0.6334412        1.000000        0.000000    
 k_ppt65              0.6596289        1.000000        0.000000    
 k_ppt66               1.018984        1.000000        0.000000    
 k_ppt67               2.664595        1.000000        0.000000    
 k_ppt68               2.751512        1.000000        0.000000    
 k_ppt69               3.408663        1.000000        0.000000    
 k_ppt70               2.724615        1.000000        0.000000    
 k_ppt71               1.921972        1.000000        0.000000    
 k_ppt72              0.5165598        1.000000        0.000000    
 k_ppt73              0.8277471        1.000000        0.000000    
 k_ppt74               1.212421        1.000000        0.000000    
 k_ppt75               2.580649        1.000000        0.000000    
 k_ppt76               1.965687        1.000000        0.000000    
 k_ppt77               1.539944        1.000000        0.000000    
 k_ppt78              0.6483366        1.000000        0.000000    
 k_ppt79              0.2933065        1.000000        0.000000    
 k_ppt80              0.5475727        1.000000        0.000000    
 k_ppt81               1.400013        1.000000        0.000000    
 k_ppt82               1.178216        1.000000        0.000000    
 k_ppt83               2.695049        1.000000        0.000000    
 k_ppt84               2.750449        1.000000        0.000000    
 k_ppt85              0.8685087        1.000000        0.000000    
 k_ppt86              0.5951895        1.000000        0.000000    
 k_ppt87              0.5844567        1.000000        0.000000    
 k_ppt88               1.123282        1.000000        0.000000    
 k_ppt89              0.5670787        1.000000        0.000000    
 k_ppt90              0.7167366        1.000000        0.000000    
 k_ppt91               3.986721        1.000000        0.000000    
 k_ppt92               1.856241        1.000000        0.000000    
 k_ppt93              0.8773839        1.000000        0.000000    
 k_ppt94              0.5969638        1.000000        0.000000    
 k_ppt95              0.6563565        1.000000        0.000000    
 k_ppt96              0.9135935        1.000000        0.000000    
 k_ppt97              0.3392207        1.000000        0.000000    
 k_ppt98              0.5409212        1.000000        0.000000    
 k_ppt99               1.388328        1.000000        0.000000    
 k_ppt100             0.9950671        1.000000        0.000000    
 k_ppt101             0.4557214        1.000000        0.000000    
 k_ppt102             0.5097054        1.000000        0.000000    
 k_ppt103             0.3501813        1.000000        0.000000    
 k_ppt104             0.6131616        1.000000        0.000000    
