 single point
 k_ppt1               0.3353830        1.000000        0.000000    
 k_ppt2               0.2856676        1.000000        0.000000    
 k_ppt3               0.2760797        1.000000        0.000000    
 k_ppt4               0.1987528        1.000000        0.000000    
 k_ppt5               0.3174964        1.000000        0.000000    
 k_ppt6               0.3884711        1.000000        0.000000    
 k_ppt7                1.468720        1.000000        0.000000    
 k_ppt8                1.472694        1.000000        0.000000    
 k_ppt9               0.6628218        1.000000        0.000000    
 k_ppt10              0.1225980        1.000000        0.000000    
 k_ppt11              0.3569969        1.000000        0.000000    
 k_ppt12              0.2711955        1.000000        0.000000    
 k_ppt13              0.4746320        1.000000        0.000000    
 k_ppt14              0.1601831        1.000000        0.000000    
 k_ppt15               1.790727        1.000000        0.000000    
 k_ppt16               1.665315        1.000000        0.000000    
 k_ppt17               2.362024        1.000000        0.000000    
 k_ppt18              0.3531278        1.000000        0.000000    
 k_ppt19              0.5161396        1.000000        0.000000    
 k_ppt20              0.4004616        1.000000        0.000000    
 k_ppt21              0.9014019        1.000000        0.000000    
 k_ppt22              0.6149772        1.000000        0.000000    
 k_ppt23              0.7766384        1.000000        0.000000    
 k_ppt24               1.420652        1.000000        0.000000    
 k_ppt25              0.5842272        1.000000        0.000000    
 k_ppt26               1.005568        1.000000        0.000000    
 k_ppt27              0.5389479        1.000000        0.000000    
 k_ppt28              0.4579922        1.000000        0.000000    
 k_ppt29              0.8742563        1.000000        0.000000    
 k_ppt30              0.6513000        1.000000        0.000000    
 k_ppt31              0.8393281        1.000000        0.000000    
 k_ppt32               4.398402        1.000000        0.000000    
 k_ppt33              0.5510809        1.000000        0.000000    
 k_ppt34              0.7352077        1.000000        0.000000    
 k_ppt35              0.9348668        1.000000        0.000000    
 k_ppt36               1.636872        1.000000        0.000000    
 k_ppt37              0.4751086        1.000000        0.000000    
 k_ppt38               1.337222        1.000000        0.000000    
 k_ppt39               1.074495        1.000000        0.000000    
 k_ppt40               2.290324        1.000000        0.000000    
 k_ppt41               1.156301        1.000000        0.000000    
 k_ppt42              0.9270590        1.000000        0.000000    
 k_ppt43               1.280784        1.000000        0.000000    
 k_ppt44               2.078731        1.000000        0.000000    
 k_ppt45               1.785723        1.000000        0.000000    
 k_ppt46              0.4083758        1.000000        0.000000    
 k_ppt47              0.5571383        1.000000        0.000000    
 k_ppt48               1.960054        1.000000        0.000000    
 k_ppt49               1.372755        1.000000        0.000000    
 k_ppt50              0.6735585        1.000000        0.000000    
 k_ppt51               1.174562        1.000000        0.000000    
 k_ppt52               4.336646        1.000000        0.000000    
 k_ppt53               3.772350        1.000000        0.000000    
 k_ppt54               1.556198        1.000000        0.000000    
 k_ppt55              0.7371464        1.000000        0.000000    
 k_ppt56               2.735954        1.000000        0.000000    
 k_ppt57               1.492875        1.000000        0.000000    
 k_ppt58              0.7118754        1.000000        0.000000    
 k_ppt59              0.5387472        1.000000        0.000000    
 k_ppt60               3.608685        1.000000        0.000000    
 k_ppt61               4.190316        1.000000        0.000000    
 k_ppt62               2.891177        1.000000        0.000000    
 k_ppt63               2.883722        1.000000        0.000000    
 k_ppt64               2.921162        1.000000        0.000000    
 k_ppt65              0.6228066        1.000000        0.000000    
 k_ppt66              0.6279982        1.000000        0.000000    
 k_ppt67               1.149944        1.000000        0.000000    
 k_ppt68               2.863936        1.000000        0.000000    
 k_ppt69               1.713308        1.000000        0.000000    
 k_ppt70               4.268797        1.000000        0.000000    
 k_ppt71               1.850857        1.000000        0.000000    
 k_ppt72               5.228731        1.000000        0.000000    
 k_ppt73              0.3702482        1.000000        0.000000    
 k_ppt74              0.6329974        1.000000        0.000000    
 k_ppt75               1.417957        1.000000        0.000000    
 k_ppt76               2.320538        1.000000        0.000000    
 k_ppt77              0.9782193        1.000000        0.000000    
 k_ppt78               1.054057        1.000000        0.000000    
 k_ppt79               1.922775        1.000000        0.000000    
 k_ppt80               5.150973        1.000000        0.000000    
 k_ppt81              0.9101725        1.000000        0.000000    
 k_ppt82               1.554914        1.000000        0.000000    
 k_ppt83               1.437201        1.000000        0.000000    
 k_ppt84              0.8913829        1.000000        0.000000    
 k_ppt85              0.7756778        1.000000        0.000000    
 k_ppt86              0.4848847        1.000000        0.000000    
 k_ppt87               1.254425        1.000000        0.000000    
 k_ppt88               3.193400        1.000000        0.000000    
 k_ppt89              0.6003199        1.000000        0.000000    
 k_ppt90              0.6966434        1.000000        0.000000    
 k_ppt91               1.025615        1.000000        0.000000    
 k_ppt92              0.2345216        1.000000        0.000000    
 k_ppt93              0.3600532        1.000000        0.000000    
 k_ppt94               1.006507        1.000000        0.000000    
 k_ppt95               1.144601        1.000000        0.000000    
 k_ppt96               1.014808        1.000000        0.000000    
 k_ppt97              0.8997204        1.000000        0.000000    
 k_ppt98              0.2617552        1.000000        0.000000    
 k_ppt99              0.5182853        1.000000        0.000000    
 k_ppt100             0.7812394        1.000000        0.000000    
 k_ppt101             0.2931031        1.000000        0.000000    
 k_ppt102             0.5821493        1.000000        0.000000    
 k_ppt103             0.7067832        1.000000        0.000000    
 k_ppt104              1.337554        1.000000        0.000000    
