 single point
 k_ppt1                20.31451        1.000000        0.000000    
 k_ppt2                9.709926        1.000000        0.000000    
 k_ppt3                3.794176        1.000000        0.000000    
 k_ppt4                7.508226        1.000000        0.000000    
 k_ppt5                5.401722        1.000000        0.000000    
 k_ppt6                1.644474        1.000000        0.000000    
 k_ppt7                1.742681        1.000000        0.000000    
 k_ppt8                5.424677        1.000000        0.000000    
 k_ppt9                6.316662        1.000000        0.000000    
 k_ppt10               2.199723        1.000000        0.000000    
 k_ppt11               3.743173        1.000000        0.000000    
 k_ppt12               2.191684        1.000000        0.000000    
 k_ppt13               1.088373        1.000000        0.000000    
 k_ppt14               1.192894        1.000000        0.000000    
 k_ppt15               1.926389        1.000000        0.000000    
 k_ppt16               2.332800        1.000000        0.000000    
 k_ppt17               4.604110        1.000000        0.000000    
 k_ppt18               1.214871        1.000000        0.000000    
 k_ppt19              0.5780884        1.000000        0.000000    
 k_ppt20               1.601162        1.000000        0.000000    
 k_ppt21               1.579462        1.000000        0.000000    
 k_ppt22              0.9344008        1.000000        0.000000    
 k_ppt23              0.5796355        1.000000        0.000000    
 k_ppt24              0.8488989        1.000000        0.000000    
 k_ppt25               2.735086        1.000000        0.000000    
 k_ppt26               1.027783        1.000000        0.000000    
 k_ppt27              0.6340645        1.000000        0.000000    
 k_ppt28              0.8882532        1.000000        0.000000    
 k_ppt29              0.8803090        1.000000        0.000000    
 k_ppt30               1.251934        1.000000        0.000000    
 k_ppt31              0.7576533        1.000000        0.000000    
 k_ppt32               1.425135        1.000000        0.000000    
 k_ppt33              0.5442914        1.000000        0.000000    
 k_ppt34               1.096361        1.000000        0.000000    
 k_ppt35               1.029681        1.000000        0.000000    
 k_ppt36               1.218082        1.000000        0.000000    
 k_ppt37               2.244610        1.000000        0.000000    
 k_ppt38              0.8171124        1.000000        0.000000    
 k_ppt39              0.7644966        1.000000        0.000000    
 k_ppt40               1.597707        1.000000        0.000000    
 k_ppt41              0.7954782        1.000000        0.000000    
 k_ppt42               1.518903        1.000000        0.000000    
 k_ppt43               1.588789        1.000000        0.000000    
 k_ppt44               2.925822        1.000000        0.000000    
 k_ppt45               3.388641        1.000000        0.000000    
 k_ppt46               1.080158        1.000000        0.000000    
 k_ppt47              0.8129770        1.000000        0.000000    
 k_ppt48              0.6861322        1.000000        0.000000    
 k_ppt49               1.698149        1.000000        0.000000    
 k_ppt50              0.9788317        1.000000        0.000000    
 k_ppt51               1.182097        1.000000        0.000000    
 k_ppt52               1.544670        1.000000        0.000000    
 k_ppt53               2.846627        1.000000        0.000000    
 k_ppt54               2.309807        1.000000        0.000000    
 k_ppt55               3.664627        1.000000        0.000000    
 k_ppt56               2.427482        1.000000        0.000000    
 k_ppt57               1.534743        1.000000        0.000000    
 k_ppt58               1.217366        1.000000        0.000000    
 k_ppt59               1.619676        1.000000        0.000000    
 k_ppt60               2.104981        1.000000        0.000000    
 k_ppt61               1.385487        1.000000        0.000000    
 k_ppt62               3.040023        1.000000        0.000000    
 k_ppt63               2.496941        1.000000        0.000000    
 k_ppt64               1.779588        1.000000        0.000000    
 k_ppt65               2.022518        1.000000        0.000000    
 k_ppt66              0.8941068        1.000000        0.000000    
 k_ppt67              0.7244228        1.000000        0.000000    
 k_ppt68               1.726667        1.000000        0.000000    
 k_ppt69              0.5576052        1.000000        0.000000    
 k_ppt70               1.707636        1.000000        0.000000    
 k_ppt71               3.968852        1.000000        0.000000    
 k_ppt72               1.944348        1.000000        0.000000    
 k_ppt73               1.058963        1.000000        0.000000    
 k_ppt74               2.437613        1.000000        0.000000    
 k_ppt75               2.135308        1.000000        0.000000    
 k_ppt76              0.6751360        1.000000        0.000000    
 k_ppt77              0.6352875        1.000000        0.000000    
 k_ppt78               1.086984        1.000000        0.000000    
 k_ppt79               2.400216        1.000000        0.000000    
 k_ppt80               1.716314        1.000000        0.000000    
 k_ppt81               1.022529        1.000000        0.000000    
 k_ppt82               2.561046        1.000000        0.000000    
 k_ppt83              0.6297096        1.000000        0.000000    
 k_ppt84              0.5956046        1.000000        0.000000    
 k_ppt85               1.556543        1.000000        0.000000    
 k_ppt86               1.275988        1.000000        0.000000    
 k_ppt87              0.5025919        1.000000        0.000000    
 k_ppt88               1.207365        1.000000        0.000000    
 k_ppt89              0.9510244        1.000000        0.000000    
 k_ppt90              0.2789719        1.000000        0.000000    
 k_ppt91              0.5882012        1.000000        0.000000    
 k_ppt92              0.2930275        1.000000        0.000000    
 k_ppt93               1.135130        1.000000        0.000000    
 k_ppt94               1.001590        1.000000        0.000000    
 k_ppt95              0.7729738        1.000000        0.000000    
 k_ppt96               1.147923        1.000000        0.000000    
 k_ppt97              0.6720386        1.000000        0.000000    
 k_ppt98              0.2462895        1.000000        0.000000    
 k_ppt99              0.8165816        1.000000        0.000000    
 k_ppt100             0.7463923        1.000000        0.000000    
 k_ppt101             0.5011806        1.000000        0.000000    
 k_ppt102             0.5584948        1.000000        0.000000    
 k_ppt103             0.9226157        1.000000        0.000000    
 k_ppt104             0.8899703        1.000000        0.000000    
