 single point
 k_ppt1                2.350681        1.000000        0.000000    
 k_ppt2                6.353556        1.000000        0.000000    
 k_ppt3                4.715926        1.000000        0.000000    
 k_ppt4                5.421830        1.000000        0.000000    
 k_ppt5                1.552097        1.000000        0.000000    
 k_ppt6               0.7823364        1.000000        0.000000    
 k_ppt7               0.6471326        1.000000        0.000000    
 k_ppt8               0.3496296        1.000000        0.000000    
 k_ppt9                2.722119        1.000000        0.000000    
 k_ppt10               3.792105        1.000000        0.000000    
 k_ppt11               4.522151        1.000000        0.000000    
 k_ppt12               1.935708        1.000000        0.000000    
 k_ppt13               1.651775        1.000000        0.000000    
 k_ppt14               1.030930        1.000000        0.000000    
 k_ppt15              0.2318207        1.000000        0.000000    
 k_ppt16              0.2078104        1.000000        0.000000    
 k_ppt17               7.957225        1.000000        0.000000    
 k_ppt18               1.993540        1.000000        0.000000    
 k_ppt19               3.281669        1.000000        0.000000    
 k_ppt20               2.436210        1.000000        0.000000    
 k_ppt21              0.4102758        1.000000        0.000000    
 k_ppt22              0.2402983        1.000000        0.000000    
 k_ppt23              0.1414247        1.000000        0.000000    
 k_ppt24              0.2989272        1.000000        0.000000    
 k_ppt25               5.149342        1.000000        0.000000    
 k_ppt26               5.694000        1.000000        0.000000    
 k_ppt27               2.722563        1.000000        0.000000    
 k_ppt28               2.556253        1.000000        0.000000    
 k_ppt29              0.8346796        1.000000        0.000000    
 k_ppt30              0.4272031        1.000000        0.000000    
 k_ppt31              0.3709631        1.000000        0.000000    
 k_ppt32              0.5940611        1.000000        0.000000    
 k_ppt33              0.9849270        1.000000        0.000000    
 k_ppt34               1.332502        1.000000        0.000000    
 k_ppt35               1.214388        1.000000        0.000000    
 k_ppt36               2.874173        1.000000        0.000000    
 k_ppt37               1.109933        1.000000        0.000000    
 k_ppt38               1.011229        1.000000        0.000000    
 k_ppt39               1.232806        1.000000        0.000000    
 k_ppt40              0.5582195        1.000000        0.000000    
 k_ppt41              0.3577357        1.000000        0.000000    
 k_ppt42              0.8530555        1.000000        0.000000    
 k_ppt43               1.652894        1.000000        0.000000    
 k_ppt44              0.8561704        1.000000        0.000000    
 k_ppt45               2.081532        1.000000        0.000000    
 k_ppt46               1.716908        1.000000        0.000000    
 k_ppt47               1.850898        1.000000        0.000000    
 k_ppt48              0.9554745        1.000000        0.000000    
 k_ppt49              0.9229968        1.000000        0.000000    
 k_ppt50               2.062079        1.000000        0.000000    
 k_ppt51              0.8360643        1.000000        0.000000    
 k_ppt52               1.690061        1.000000        0.000000    
 k_ppt53              0.7253115        1.000000        0.000000    
 k_ppt54               1.292560        1.000000        0.000000    
 k_ppt55               1.496710        1.000000        0.000000    
 k_ppt56              0.7939768        1.000000        0.000000    
 k_ppt57               1.770715        1.000000        0.000000    
 k_ppt58              0.5231099        1.000000        0.000000    
 k_ppt59               3.078046        1.000000        0.000000    
 k_ppt60               2.464241        1.000000        0.000000    
 k_ppt61               2.408857        1.000000        0.000000    
 k_ppt62               2.188771        1.000000        0.000000    
 k_ppt63               1.349400        1.000000        0.000000    
 k_ppt64               1.236659        1.000000        0.000000    
 k_ppt65              0.8648107        1.000000        0.000000    
 k_ppt66               2.305123        1.000000        0.000000    
 k_ppt67               2.405599        1.000000        0.000000    
 k_ppt68               1.588196        1.000000        0.000000    
 k_ppt69               2.503761        1.000000        0.000000    
 k_ppt70               3.025424        1.000000        0.000000    
 k_ppt71               1.647654        1.000000        0.000000    
 k_ppt72              0.9861801        1.000000        0.000000    
 k_ppt73               1.204518        1.000000        0.000000    
 k_ppt74               1.997895        1.000000        0.000000    
 k_ppt75               1.279747        1.000000        0.000000    
 k_ppt76               2.420964        1.000000        0.000000    
 k_ppt77               1.012798        1.000000        0.000000    
 k_ppt78               1.009631        1.000000        0.000000    
 k_ppt79               1.506317        1.000000        0.000000    
 k_ppt80               1.273109        1.000000        0.000000    
 k_ppt81               1.172568        1.000000        0.000000    
 k_ppt82               1.868585        1.000000        0.000000    
 k_ppt83              0.7421099        1.000000        0.000000    
 k_ppt84               1.551612        1.000000        0.000000    
 k_ppt85               1.099586        1.000000        0.000000    
 k_ppt86               1.189844        1.000000        0.000000    
 k_ppt87               1.066465        1.000000        0.000000    
 k_ppt88               1.602847        1.000000        0.000000    
 k_ppt89               1.194655        1.000000        0.000000    
 k_ppt90              0.8223132        1.000000        0.000000    
 k_ppt91              0.4746481        1.000000        0.000000    
 k_ppt92              0.7219607        1.000000        0.000000    
 k_ppt93              0.6644207        1.000000        0.000000    
 k_ppt94              0.7591367        1.000000        0.000000    
 k_ppt95              0.5815240        1.000000        0.000000    
 k_ppt96              0.2115636        1.000000        0.000000    
 k_ppt97               1.787320        1.000000        0.000000    
 k_ppt98              0.9199096        1.000000        0.000000    
 k_ppt99              0.6067711        1.000000        0.000000    
 k_ppt100             0.4760037        1.000000        0.000000    
 k_ppt101             0.5729786        1.000000        0.000000    
 k_ppt102              1.183958        1.000000        0.000000    
 k_ppt103             0.5632816        1.000000        0.000000    
 k_ppt104             0.2476046        1.000000        0.000000    
