 single point
 k_ppt1                1.693962        1.000000        0.000000    
 k_ppt2                1.540517        1.000000        0.000000    
 k_ppt3                1.332697        1.000000        0.000000    
 k_ppt4               0.6637953        1.000000        0.000000    
 k_ppt5                1.080599        1.000000        0.000000    
 k_ppt6                1.591856        1.000000        0.000000    
 k_ppt7               0.9299223        1.000000        0.000000    
 k_ppt8               0.7444867        1.000000        0.000000    
 k_ppt9                3.362546        1.000000        0.000000    
 k_ppt10               2.008504        1.000000        0.000000    
 k_ppt11              0.3526541        1.000000        0.000000    
 k_ppt12              0.6459191        1.000000        0.000000    
 k_ppt13              0.8626234        1.000000        0.000000    
 k_ppt14              0.9220781        1.000000        0.000000    
 k_ppt15              0.3167478        1.000000        0.000000    
 k_ppt16              0.3973904        1.000000        0.000000    
 k_ppt17               1.134138        1.000000        0.000000    
 k_ppt18              0.6363278        1.000000        0.000000    
 k_ppt19              0.4954235        1.000000        0.000000    
 k_ppt20              0.3957886        1.000000        0.000000    
 k_ppt21              0.8278731        1.000000        0.000000    
 k_ppt22              0.3240860        1.000000        0.000000    
 k_ppt23              0.3940193        1.000000        0.000000    
 k_ppt24              0.2012271        1.000000        0.000000    
 k_ppt25              0.5591321        1.000000        0.000000    
 k_ppt26              0.7638303        1.000000        0.000000    
 k_ppt27              0.7569346        1.000000        0.000000    
 k_ppt28               1.482006        1.000000        0.000000    
 k_ppt29              0.9826566        1.000000        0.000000    
 k_ppt30              0.8455837        1.000000        0.000000    
 k_ppt31               1.042668        1.000000        0.000000    
 k_ppt32              0.7599865        1.000000        0.000000    
 k_ppt33               4.357061        1.000000        0.000000    
 k_ppt34               1.144274        1.000000        0.000000    
 k_ppt35              0.8540722        1.000000        0.000000    
 k_ppt36               1.516994        1.000000        0.000000    
 k_ppt37               1.044913        1.000000        0.000000    
 k_ppt38               1.220615        1.000000        0.000000    
 k_ppt39               1.147541        1.000000        0.000000    
 k_ppt40              0.9014567        1.000000        0.000000    
 k_ppt41               2.722460        1.000000        0.000000    
 k_ppt42              0.9050047        1.000000        0.000000    
 k_ppt43              0.7469621        1.000000        0.000000    
 k_ppt44              0.4622221        1.000000        0.000000    
 k_ppt45              0.4220699        1.000000        0.000000    
 k_ppt46               1.534618        1.000000        0.000000    
 k_ppt47               2.378447        1.000000        0.000000    
 k_ppt48               2.383329        1.000000        0.000000    
 k_ppt49               2.275660        1.000000        0.000000    
 k_ppt50               2.035039        1.000000        0.000000    
 k_ppt51               1.447544        1.000000        0.000000    
 k_ppt52               1.266384        1.000000        0.000000    
 k_ppt53              0.5631889        1.000000        0.000000    
 k_ppt54               2.647289        1.000000        0.000000    
 k_ppt55              0.7701639        1.000000        0.000000    
 k_ppt56               2.629973        1.000000        0.000000    
 k_ppt57               4.650963        1.000000        0.000000    
 k_ppt58               1.571625        1.000000        0.000000    
 k_ppt59               1.092048        1.000000        0.000000    
 k_ppt60               1.855430        1.000000        0.000000    
 k_ppt61               3.451136        1.000000        0.000000    
 k_ppt62               5.857990        1.000000        0.000000    
 k_ppt63               1.373285        1.000000        0.000000    
 k_ppt64               1.288660        1.000000        0.000000    
 k_ppt65               1.930380        1.000000        0.000000    
 k_ppt66               2.795206        1.000000        0.000000    
 k_ppt67               3.493253        1.000000        0.000000    
 k_ppt68               2.230580        1.000000        0.000000    
 k_ppt69               1.068031        1.000000        0.000000    
 k_ppt70               1.447274        1.000000        0.000000    
 k_ppt71               1.946868        1.000000        0.000000    
 k_ppt72               1.137334        1.000000        0.000000    
 k_ppt73               1.939439        1.000000        0.000000    
 k_ppt74               7.627963        1.000000        0.000000    
 k_ppt75               7.788772        1.000000        0.000000    
 k_ppt76               2.479204        1.000000        0.000000    
 k_ppt77              0.6457771        1.000000        0.000000    
 k_ppt78              0.5190110        1.000000        0.000000    
 k_ppt79              0.5102141        1.000000        0.000000    
 k_ppt80              0.5049302        1.000000        0.000000    
 k_ppt81               3.831318        1.000000        0.000000    
 k_ppt82               2.011675        1.000000        0.000000    
 k_ppt83               2.287253        1.000000        0.000000    
 k_ppt84               1.477776        1.000000        0.000000    
 k_ppt85              0.8011034        1.000000        0.000000    
 k_ppt86              0.5156197        1.000000        0.000000    
 k_ppt87              0.4632630        1.000000        0.000000    
 k_ppt88               1.068314        1.000000        0.000000    
 k_ppt89              0.6910759        1.000000        0.000000    
 k_ppt90               1.387659        1.000000        0.000000    
 k_ppt91              0.5669865        1.000000        0.000000    
 k_ppt92              0.5466940        1.000000        0.000000    
 k_ppt93              0.3897590        1.000000        0.000000    
 k_ppt94              0.2580120        1.000000        0.000000    
 k_ppt95              0.5323406        1.000000        0.000000    
 k_ppt96              0.3865902        1.000000        0.000000    
 k_ppt97               1.603398        1.000000        0.000000    
 k_ppt98              0.7532298        1.000000        0.000000    
 k_ppt99              0.6653738        1.000000        0.000000    
 k_ppt100             0.5154287        1.000000        0.000000    
 k_ppt101             0.5023953        1.000000        0.000000    
 k_ppt102             0.6382638        1.000000        0.000000    
 k_ppt103             0.5135281        1.000000        0.000000    
 k_ppt104             0.5822800        1.000000        0.000000    
