 single point
 k_ppt1                3.996407        1.000000        0.000000    
 k_ppt2                6.344999        1.000000        0.000000    
 k_ppt3                2.659187        1.000000        0.000000    
 k_ppt4                1.700934        1.000000        0.000000    
 k_ppt5                2.645254        1.000000        0.000000    
 k_ppt6                3.142063        1.000000        0.000000    
 k_ppt7                3.637790        1.000000        0.000000    
 k_ppt8                1.517941        1.000000        0.000000    
 k_ppt9                2.328110        1.000000        0.000000    
 k_ppt10               3.147468        1.000000        0.000000    
 k_ppt11               1.953902        1.000000        0.000000    
 k_ppt12               2.822144        1.000000        0.000000    
 k_ppt13               2.504891        1.000000        0.000000    
 k_ppt14               1.095064        1.000000        0.000000    
 k_ppt15              0.9836697        1.000000        0.000000    
 k_ppt16               1.208822        1.000000        0.000000    
 k_ppt17              0.5657315        1.000000        0.000000    
 k_ppt18               1.694335        1.000000        0.000000    
 k_ppt19               2.219396        1.000000        0.000000    
 k_ppt20               1.564415        1.000000        0.000000    
 k_ppt21               1.615034        1.000000        0.000000    
 k_ppt22              0.4018704        1.000000        0.000000    
 k_ppt23              0.8871209        1.000000        0.000000    
 k_ppt24              0.3427176        1.000000        0.000000    
 k_ppt25              0.6590484        1.000000        0.000000    
 k_ppt26              0.9209471        1.000000        0.000000    
 k_ppt27               6.235109        1.000000        0.000000    
 k_ppt28               2.388858        1.000000        0.000000    
 k_ppt29               1.926085        1.000000        0.000000    
 k_ppt30               1.782844        1.000000        0.000000    
 k_ppt31               1.259474        1.000000        0.000000    
 k_ppt32               1.387579        1.000000        0.000000    
 k_ppt33               1.336774        1.000000        0.000000    
 k_ppt34               1.406807        1.000000        0.000000    
 k_ppt35               2.158521        1.000000        0.000000    
 k_ppt36              0.6417342        1.000000        0.000000    
 k_ppt37               1.712981        1.000000        0.000000    
 k_ppt38              0.7182982        1.000000        0.000000    
 k_ppt39               1.616687        1.000000        0.000000    
 k_ppt40               1.139188        1.000000        0.000000    
 k_ppt41               2.018608        1.000000        0.000000    
 k_ppt42               1.199505        1.000000        0.000000    
 k_ppt43               1.131205        1.000000        0.000000    
 k_ppt44              0.6341864        1.000000        0.000000    
 k_ppt45              0.7088194        1.000000        0.000000    
 k_ppt46              0.5269153        1.000000        0.000000    
 k_ppt47              0.7783382        1.000000        0.000000    
 k_ppt48               1.111101        1.000000        0.000000    
 k_ppt49               1.697981        1.000000        0.000000    
 k_ppt50               1.049781        1.000000        0.000000    
 k_ppt51              0.5549648        1.000000        0.000000    
 k_ppt52              0.5336342        1.000000        0.000000    
 k_ppt53              0.6849323        1.000000        0.000000    
 k_ppt54               1.107462        1.000000        0.000000    
 k_ppt55              0.5036526        1.000000        0.000000    
 k_ppt56               2.798270        1.000000        0.000000    
 k_ppt57               1.459702        1.000000        0.000000    
 k_ppt58               1.354888        1.000000        0.000000    
 k_ppt59              0.9428699        1.000000        0.000000    
 k_ppt60               1.149612        1.000000        0.000000    
 k_ppt61               1.462370        1.000000        0.000000    
 k_ppt62               1.532898        1.000000        0.000000    
 k_ppt63               1.672646        1.000000        0.000000    
 k_ppt64               1.503926        1.000000        0.000000    
 k_ppt65               4.957826        1.000000        0.000000    
 k_ppt66               1.155400        1.000000        0.000000    
 k_ppt67              0.7308489        1.000000        0.000000    
 k_ppt68              0.7442558        1.000000        0.000000    
 k_ppt69               3.756780        1.000000        0.000000    
 k_ppt70               2.478993        1.000000        0.000000    
 k_ppt71               5.143835        1.000000        0.000000    
 k_ppt72               1.446653        1.000000        0.000000    
 k_ppt73               4.069060        1.000000        0.000000    
 k_ppt74              0.7160146        1.000000        0.000000    
 k_ppt75              0.5648100        1.000000        0.000000    
 k_ppt76               1.064685        1.000000        0.000000    
 k_ppt77               1.833148        1.000000        0.000000    
 k_ppt78               3.654715        1.000000        0.000000    
 k_ppt79               2.704282        1.000000        0.000000    
 k_ppt80               1.436431        1.000000        0.000000    
 k_ppt81               2.287675        1.000000        0.000000    
 k_ppt82               1.934927        1.000000        0.000000    
 k_ppt83              0.5730567        1.000000        0.000000    
 k_ppt84               1.806772        1.000000        0.000000    
 k_ppt85               3.176472        1.000000        0.000000    
 k_ppt86               2.328156        1.000000        0.000000    
 k_ppt87              0.9201430        1.000000        0.000000    
 k_ppt88               1.273517        1.000000        0.000000    
 k_ppt89              0.6226823        1.000000        0.000000    
 k_ppt90              0.6431121        1.000000        0.000000    
 k_ppt91              0.4659165        1.000000        0.000000    
 k_ppt92              0.5416118        1.000000        0.000000    
 k_ppt93              0.5330776        1.000000        0.000000    
 k_ppt94               1.277260        1.000000        0.000000    
 k_ppt95              0.5250054        1.000000        0.000000    
 k_ppt96              0.3323724        1.000000        0.000000    
 k_ppt97              0.4856236        1.000000        0.000000    
 k_ppt98               1.295182        1.000000        0.000000    
 k_ppt99              0.6185463        1.000000        0.000000    
 k_ppt100             0.4638428        1.000000        0.000000    
 k_ppt101             0.6959818        1.000000        0.000000    
 k_ppt102             0.8656677        1.000000        0.000000    
 k_ppt103             0.5633975        1.000000        0.000000    
 k_ppt104             0.4175369        1.000000        0.000000    
