 single point
 k_ppt1                1.576153        1.000000        0.000000    
 k_ppt2                1.093322        1.000000        0.000000    
 k_ppt3                1.919038        1.000000        0.000000    
 k_ppt4               0.7465887        1.000000        0.000000    
 k_ppt5                1.477960        1.000000        0.000000    
 k_ppt6                1.310222        1.000000        0.000000    
 k_ppt7               0.7317192        1.000000        0.000000    
 k_ppt8                1.401252        1.000000        0.000000    
 k_ppt9                2.547251        1.000000        0.000000    
 k_ppt10               1.439655        1.000000        0.000000    
 k_ppt11               1.121510        1.000000        0.000000    
 k_ppt12              0.5470187        1.000000        0.000000    
 k_ppt13              0.7379462        1.000000        0.000000    
 k_ppt14              0.7408193        1.000000        0.000000    
 k_ppt15              0.2920149        1.000000        0.000000    
 k_ppt16              0.4724532        1.000000        0.000000    
 k_ppt17               2.374579        1.000000        0.000000    
 k_ppt18               2.197394        1.000000        0.000000    
 k_ppt19              0.9349891        1.000000        0.000000    
 k_ppt20              0.2867427        1.000000        0.000000    
 k_ppt21              0.3856134        1.000000        0.000000    
 k_ppt22              0.3820920        1.000000        0.000000    
 k_ppt23              0.6934393        1.000000        0.000000    
 k_ppt24              0.3950240        1.000000        0.000000    
 k_ppt25               1.390911        1.000000        0.000000    
 k_ppt26               3.638806        1.000000        0.000000    
 k_ppt27               1.911976        1.000000        0.000000    
 k_ppt28              0.5225233        1.000000        0.000000    
 k_ppt29              0.4301462        1.000000        0.000000    
 k_ppt30              0.2851497        1.000000        0.000000    
 k_ppt31              0.8960759        1.000000        0.000000    
 k_ppt32               1.541597        1.000000        0.000000    
 k_ppt33               1.103293        1.000000        0.000000    
 k_ppt34               2.682711        1.000000        0.000000    
 k_ppt35               1.659598        1.000000        0.000000    
 k_ppt36              0.3931396        1.000000        0.000000    
 k_ppt37              0.4147248        1.000000        0.000000    
 k_ppt38               1.217562        1.000000        0.000000    
 k_ppt39               2.028437        1.000000        0.000000    
 k_ppt40               1.017434        1.000000        0.000000    
 k_ppt41               1.479626        1.000000        0.000000    
 k_ppt42               1.405502        1.000000        0.000000    
 k_ppt43               1.470330        1.000000        0.000000    
 k_ppt44               1.301816        1.000000        0.000000    
 k_ppt45               1.216514        1.000000        0.000000    
 k_ppt46               1.150071        1.000000        0.000000    
 k_ppt47               2.736296        1.000000        0.000000    
 k_ppt48               1.567641        1.000000        0.000000    
 k_ppt49               1.330518        1.000000        0.000000    
 k_ppt50               6.638227        1.000000        0.000000    
 k_ppt51               2.199281        1.000000        0.000000    
 k_ppt52               1.541849        1.000000        0.000000    
 k_ppt53               1.485646        1.000000        0.000000    
 k_ppt54               2.424945        1.000000        0.000000    
 k_ppt55               1.445377        1.000000        0.000000    
 k_ppt56               1.951878        1.000000        0.000000    
 k_ppt57              0.7133190        1.000000        0.000000    
 k_ppt58               3.124808        1.000000        0.000000    
 k_ppt59               1.562081        1.000000        0.000000    
 k_ppt60               2.128340        1.000000        0.000000    
 k_ppt61               1.184482        1.000000        0.000000    
 k_ppt62               1.332683        1.000000        0.000000    
 k_ppt63               1.017704        1.000000        0.000000    
 k_ppt64               1.764610        1.000000        0.000000    
 k_ppt65               1.545648        1.000000        0.000000    
 k_ppt66               1.878565        1.000000        0.000000    
 k_ppt67               1.697166        1.000000        0.000000    
 k_ppt68               1.005916        1.000000        0.000000    
 k_ppt69              0.7352225        1.000000        0.000000    
 k_ppt70               1.570838        1.000000        0.000000    
 k_ppt71              0.9652362        1.000000        0.000000    
 k_ppt72               1.668393        1.000000        0.000000    
 k_ppt73               2.908725        1.000000        0.000000    
 k_ppt74               1.916079        1.000000        0.000000    
 k_ppt75               1.662096        1.000000        0.000000    
 k_ppt76               3.237574        1.000000        0.000000    
 k_ppt77              0.6807796        1.000000        0.000000    
 k_ppt78               1.471706        1.000000        0.000000    
 k_ppt79              0.6312494        1.000000        0.000000    
 k_ppt80               2.465398        1.000000        0.000000    
 k_ppt81               1.144826        1.000000        0.000000    
 k_ppt82              0.9422102        1.000000        0.000000    
 k_ppt83               1.054989        1.000000        0.000000    
 k_ppt84               1.296564        1.000000        0.000000    
 k_ppt85              0.5459305        1.000000        0.000000    
 k_ppt86              0.7321815        1.000000        0.000000    
 k_ppt87              0.7414983        1.000000        0.000000    
 k_ppt88               1.282584        1.000000        0.000000    
 k_ppt89              0.7409997        1.000000        0.000000    
 k_ppt90              0.8208669        1.000000        0.000000    
 k_ppt91               1.172540        1.000000        0.000000    
 k_ppt92               1.293757        1.000000        0.000000    
 k_ppt93               3.453196        1.000000        0.000000    
 k_ppt94              0.3885222        1.000000        0.000000    
 k_ppt95              0.5410658        1.000000        0.000000    
 k_ppt96              0.4829933        1.000000        0.000000    
 k_ppt97              0.5419064        1.000000        0.000000    
 k_ppt98              0.6207748        1.000000        0.000000    
 k_ppt99              0.7967063        1.000000        0.000000    
 k_ppt100              1.162288        1.000000        0.000000    
 k_ppt101             0.9110291        1.000000        0.000000    
 k_ppt102             0.3235536        1.000000        0.000000    
 k_ppt103             0.2608787        1.000000        0.000000    
 k_ppt104             0.5379463        1.000000        0.000000    
