 single point
 k_ppt1                1.850472        1.000000        0.000000    
 k_ppt2                1.444625        1.000000        0.000000    
 k_ppt3               0.4221268        1.000000        0.000000    
 k_ppt4               0.1581036        1.000000        0.000000    
 k_ppt5               0.2842836        1.000000        0.000000    
 k_ppt6               0.6487932        1.000000        0.000000    
 k_ppt7               0.7522753        1.000000        0.000000    
 k_ppt8                1.078927        1.000000        0.000000    
 k_ppt9                1.754580        1.000000        0.000000    
 k_ppt10              0.7615593        1.000000        0.000000    
 k_ppt11              0.6391268        1.000000        0.000000    
 k_ppt12              0.4689063        1.000000        0.000000    
 k_ppt13              0.2274159        1.000000        0.000000    
 k_ppt14              0.2664473        1.000000        0.000000    
 k_ppt15              0.5438684        1.000000        0.000000    
 k_ppt16               1.066299        1.000000        0.000000    
 k_ppt17               1.281443        1.000000        0.000000    
 k_ppt18              0.9322738        1.000000        0.000000    
 k_ppt19              0.8931709        1.000000        0.000000    
 k_ppt20              0.5993697        1.000000        0.000000    
 k_ppt21              0.6025002        1.000000        0.000000    
 k_ppt22              0.6685962        1.000000        0.000000    
 k_ppt23               1.183484        1.000000        0.000000    
 k_ppt24               1.575362        1.000000        0.000000    
 k_ppt25               1.269772        1.000000        0.000000    
 k_ppt26               1.583693        1.000000        0.000000    
 k_ppt27               1.247863        1.000000        0.000000    
 k_ppt28              0.6221698        1.000000        0.000000    
 k_ppt29               1.660550        1.000000        0.000000    
 k_ppt30               1.311931        1.000000        0.000000    
 k_ppt31               1.664615        1.000000        0.000000    
 k_ppt32              0.8006790        1.000000        0.000000    
 k_ppt33              0.8580481        1.000000        0.000000    
 k_ppt34               1.702254        1.000000        0.000000    
 k_ppt35               1.218161        1.000000        0.000000    
 k_ppt36               1.194094        1.000000        0.000000    
 k_ppt37               1.482531        1.000000        0.000000    
 k_ppt38              0.8233230        1.000000        0.000000    
 k_ppt39              0.8340581        1.000000        0.000000    
 k_ppt40               1.120346        1.000000        0.000000    
 k_ppt41              0.5210555        1.000000        0.000000    
 k_ppt42              0.9706238        1.000000        0.000000    
 k_ppt43               1.754172        1.000000        0.000000    
 k_ppt44               1.061626        1.000000        0.000000    
 k_ppt45              0.8673566        1.000000        0.000000    
 k_ppt46               1.087309        1.000000        0.000000    
 k_ppt47              0.8714829        1.000000        0.000000    
 k_ppt48              0.6326563        1.000000        0.000000    
 k_ppt49              0.7847451        1.000000        0.000000    
 k_ppt50               1.264317        1.000000        0.000000    
 k_ppt51               1.369507        1.000000        0.000000    
 k_ppt52               1.596963        1.000000        0.000000    
 k_ppt53               2.590672        1.000000        0.000000    
 k_ppt54               1.863120        1.000000        0.000000    
 k_ppt55              0.8891569        1.000000        0.000000    
 k_ppt56               2.136712        1.000000        0.000000    
 k_ppt57               1.296413        1.000000        0.000000    
 k_ppt58               2.021492        1.000000        0.000000    
 k_ppt59               1.489626        1.000000        0.000000    
 k_ppt60               2.876787        1.000000        0.000000    
 k_ppt61               1.346788        1.000000        0.000000    
 k_ppt62               1.185530        1.000000        0.000000    
 k_ppt63              0.9310285        1.000000        0.000000    
 k_ppt64              0.6295744        1.000000        0.000000    
 k_ppt65               3.163473        1.000000        0.000000    
 k_ppt66               2.371643        1.000000        0.000000    
 k_ppt67               1.479097        1.000000        0.000000    
 k_ppt68               1.607283        1.000000        0.000000    
 k_ppt69               2.180699        1.000000        0.000000    
 k_ppt70              0.9487163        1.000000        0.000000    
 k_ppt71               2.334975        1.000000        0.000000    
 k_ppt72               2.456049        1.000000        0.000000    
 k_ppt73               4.453980        1.000000        0.000000    
 k_ppt74               1.571330        1.000000        0.000000    
 k_ppt75               1.123692        1.000000        0.000000    
 k_ppt76               2.808280        1.000000        0.000000    
 k_ppt77               2.659824        1.000000        0.000000    
 k_ppt78              0.5283564        1.000000        0.000000    
 k_ppt79              0.9792946        1.000000        0.000000    
 k_ppt80               1.026322        1.000000        0.000000    
 k_ppt81               1.133332        1.000000        0.000000    
 k_ppt82               1.642189        1.000000        0.000000    
 k_ppt83               1.837560        1.000000        0.000000    
 k_ppt84               1.432276        1.000000        0.000000    
 k_ppt85               1.034058        1.000000        0.000000    
 k_ppt86              0.3548926        1.000000        0.000000    
 k_ppt87              0.7522300        1.000000        0.000000    
 k_ppt88               1.464478        1.000000        0.000000    
 k_ppt89              0.7045491        1.000000        0.000000    
 k_ppt90              0.9171859        1.000000        0.000000    
 k_ppt91              0.5364183        1.000000        0.000000    
 k_ppt92              0.3565289        1.000000        0.000000    
 k_ppt93              0.3622111        1.000000        0.000000    
 k_ppt94               1.003413        1.000000        0.000000    
 k_ppt95               1.253866        1.000000        0.000000    
 k_ppt96              0.9796511        1.000000        0.000000    
 k_ppt97               1.277558        1.000000        0.000000    
 k_ppt98              0.4017658        1.000000        0.000000    
 k_ppt99              0.3054842        1.000000        0.000000    
 k_ppt100             0.3409993        1.000000        0.000000    
 k_ppt101             0.4498680        1.000000        0.000000    
 k_ppt102             0.6258648        1.000000        0.000000    
 k_ppt103              1.181687        1.000000        0.000000    
 k_ppt104              1.021558        1.000000        0.000000    
