 single point
 k_ppt1               0.2469513        1.000000        0.000000    
 k_ppt2               0.2661373        1.000000        0.000000    
 k_ppt3               0.3755203        1.000000        0.000000    
 k_ppt4               0.4259914        1.000000        0.000000    
 k_ppt5               0.2643002        1.000000        0.000000    
 k_ppt6               0.1519233        1.000000        0.000000    
 k_ppt7               0.2637569        1.000000        0.000000    
 k_ppt8               0.3435357        1.000000        0.000000    
 k_ppt9                1.112586        1.000000        0.000000    
 k_ppt10              0.4289014        1.000000        0.000000    
 k_ppt11              0.2843091        1.000000        0.000000    
 k_ppt12              0.5412008        1.000000        0.000000    
 k_ppt13              0.5030525        1.000000        0.000000    
 k_ppt14              0.1256933        1.000000        0.000000    
 k_ppt15              0.4563232        1.000000        0.000000    
 k_ppt16              0.5125245        1.000000        0.000000    
 k_ppt17              0.6191564        1.000000        0.000000    
 k_ppt18              0.8858206        1.000000        0.000000    
 k_ppt19              0.6940707        1.000000        0.000000    
 k_ppt20               1.872967        1.000000        0.000000    
 k_ppt21              0.6549699        1.000000        0.000000    
 k_ppt22              0.2233036        1.000000        0.000000    
 k_ppt23              0.2531752        1.000000        0.000000    
 k_ppt24               1.477328        1.000000        0.000000    
 k_ppt25              0.7154765        1.000000        0.000000    
 k_ppt26              0.8429004        1.000000        0.000000    
 k_ppt27               1.007422        1.000000        0.000000    
 k_ppt28               1.431973        1.000000        0.000000    
 k_ppt29              0.7117061        1.000000        0.000000    
 k_ppt30              0.2787321        1.000000        0.000000    
 k_ppt31              0.5835062        1.000000        0.000000    
 k_ppt32               1.048760        1.000000        0.000000    
 k_ppt33               1.351573        1.000000        0.000000    
 k_ppt34               2.435418        1.000000        0.000000    
 k_ppt35               1.570344        1.000000        0.000000    
 k_ppt36               1.472390        1.000000        0.000000    
 k_ppt37              0.8595593        1.000000        0.000000    
 k_ppt38              0.7865126        1.000000        0.000000    
 k_ppt39               1.256224        1.000000        0.000000    
 k_ppt40               2.101830        1.000000        0.000000    
 k_ppt41               1.881687        1.000000        0.000000    
 k_ppt42               2.039269        1.000000        0.000000    
 k_ppt43               5.433317        1.000000        0.000000    
 k_ppt44               2.477629        1.000000        0.000000    
 k_ppt45               1.906722        1.000000        0.000000    
 k_ppt46               1.602818        1.000000        0.000000    
 k_ppt47               1.718274        1.000000        0.000000    
 k_ppt48               1.755439        1.000000        0.000000    
 k_ppt49               1.036244        1.000000        0.000000    
 k_ppt50               3.276856        1.000000        0.000000    
 k_ppt51               1.384128        1.000000        0.000000    
 k_ppt52               1.777440        1.000000        0.000000    
 k_ppt53               1.724287        1.000000        0.000000    
 k_ppt54               1.738176        1.000000        0.000000    
 k_ppt55               1.534436        1.000000        0.000000    
 k_ppt56              0.3337592        1.000000        0.000000    
 k_ppt57               1.054681        1.000000        0.000000    
 k_ppt58               1.292673        1.000000        0.000000    
 k_ppt59               1.461753        1.000000        0.000000    
 k_ppt60              0.7363841        1.000000        0.000000    
 k_ppt61               1.169217        1.000000        0.000000    
 k_ppt62               3.152155        1.000000        0.000000    
 k_ppt63               1.794888        1.000000        0.000000    
 k_ppt64               1.334925        1.000000        0.000000    
 k_ppt65              0.8925486        1.000000        0.000000    
 k_ppt66              0.9334758        1.000000        0.000000    
 k_ppt67               1.151341        1.000000        0.000000    
 k_ppt68               1.075858        1.000000        0.000000    
 k_ppt69               2.790052        1.000000        0.000000    
 k_ppt70               6.835360        1.000000        0.000000    
 k_ppt71               5.089719        1.000000        0.000000    
 k_ppt72               3.662945        1.000000        0.000000    
 k_ppt73               1.147284        1.000000        0.000000    
 k_ppt74               1.855985        1.000000        0.000000    
 k_ppt75               1.077962        1.000000        0.000000    
 k_ppt76               1.502660        1.000000        0.000000    
 k_ppt77               1.689702        1.000000        0.000000    
 k_ppt78               6.104418        1.000000        0.000000    
 k_ppt79               1.243781        1.000000        0.000000    
 k_ppt80               1.703559        1.000000        0.000000    
 k_ppt81               1.638847        1.000000        0.000000    
 k_ppt82               2.964080        1.000000        0.000000    
 k_ppt83              0.6343350        1.000000        0.000000    
 k_ppt84              0.7271850        1.000000        0.000000    
 k_ppt85              0.9429827        1.000000        0.000000    
 k_ppt86               1.219679        1.000000        0.000000    
 k_ppt87               2.240371        1.000000        0.000000    
 k_ppt88               1.529173        1.000000        0.000000    
 k_ppt89               1.283014        1.000000        0.000000    
 k_ppt90               1.162198        1.000000        0.000000    
 k_ppt91              0.5900446        1.000000        0.000000    
 k_ppt92              0.1809908        1.000000        0.000000    
 k_ppt93              0.2419706        1.000000        0.000000    
 k_ppt94              0.1160758        1.000000        0.000000    
 k_ppt95              0.3256521        1.000000        0.000000    
 k_ppt96              0.8475953        1.000000        0.000000    
 k_ppt97              0.9543837        1.000000        0.000000    
 k_ppt98              0.9520005        1.000000        0.000000    
 k_ppt99               1.266869        1.000000        0.000000    
 k_ppt100             0.7742026        1.000000        0.000000    
 k_ppt101             0.1436642        1.000000        0.000000    
 k_ppt102             0.4034702        1.000000        0.000000    
 k_ppt103             0.9852520        1.000000        0.000000    
 k_ppt104             0.6364272        1.000000        0.000000    
