 single point
 k_ppt1               0.4956468        1.000000        0.000000    
 k_ppt2               0.1516074        1.000000        0.000000    
 k_ppt3               7.4223914E-02    1.000000        0.000000    
 k_ppt4               8.2286051E-02    1.000000        0.000000    
 k_ppt5               0.1259732        1.000000        0.000000    
 k_ppt6               0.3427373        1.000000        0.000000    
 k_ppt7               0.7849813        1.000000        0.000000    
 k_ppt8               0.1786100        1.000000        0.000000    
 k_ppt9               0.4748549        1.000000        0.000000    
 k_ppt10              0.1014769        1.000000        0.000000    
 k_ppt11              0.1536374        1.000000        0.000000    
 k_ppt12              5.2673036E-02    1.000000        0.000000    
 k_ppt13              0.1744068        1.000000        0.000000    
 k_ppt14              0.3967258        1.000000        0.000000    
 k_ppt15              0.2755965        1.000000        0.000000    
 k_ppt16              9.2966039E-02    1.000000        0.000000    
 k_ppt17              0.3247283        1.000000        0.000000    
 k_ppt18              0.2258870        1.000000        0.000000    
 k_ppt19              0.1331768        1.000000        0.000000    
 k_ppt20              9.8381768E-02    1.000000        0.000000    
 k_ppt21              0.1533555        1.000000        0.000000    
 k_ppt22              0.1351375        1.000000        0.000000    
 k_ppt23              4.2262386E-02    1.000000        0.000000    
 k_ppt24              0.1084228        1.000000        0.000000    
 k_ppt25              0.6385330        1.000000        0.000000    
 k_ppt26              0.4419920        1.000000        0.000000    
 k_ppt27              0.3917640        1.000000        0.000000    
 k_ppt28              0.1374532        1.000000        0.000000    
 k_ppt29              0.1002128        1.000000        0.000000    
 k_ppt30              8.1323908E-02    1.000000        0.000000    
 k_ppt31              0.1305455        1.000000        0.000000    
 k_ppt32              0.2676074        1.000000        0.000000    
 k_ppt33               2.000006        1.000000        0.000000    
 k_ppt34              0.6888587        1.000000        0.000000    
 k_ppt35               1.096436        1.000000        0.000000    
 k_ppt36              0.1383302        1.000000        0.000000    
 k_ppt37              7.1438959E-02    1.000000        0.000000    
 k_ppt38              0.1549431        1.000000        0.000000    
 k_ppt39              0.5117461        1.000000        0.000000    
 k_ppt40              0.5226083        1.000000        0.000000    
 k_ppt41               3.351050        1.000000        0.000000    
 k_ppt42               1.647709        1.000000        0.000000    
 k_ppt43              0.6868446        1.000000        0.000000    
 k_ppt44              0.1620503        1.000000        0.000000    
 k_ppt45              0.1262511        1.000000        0.000000    
 k_ppt46              0.3081659        1.000000        0.000000    
 k_ppt47              0.3736988        1.000000        0.000000    
 k_ppt48              0.3577665        1.000000        0.000000    
 k_ppt49               4.484008        1.000000        0.000000    
 k_ppt50               4.431746        1.000000        0.000000    
 k_ppt51               1.052708        1.000000        0.000000    
 k_ppt52              0.1875413        1.000000        0.000000    
 k_ppt53              0.1863354        1.000000        0.000000    
 k_ppt54              0.9533875        1.000000        0.000000    
 k_ppt55               1.295024        1.000000        0.000000    
 k_ppt56               1.678618        1.000000        0.000000    
 k_ppt57               4.330942        1.000000        0.000000    
 k_ppt58               2.414445        1.000000        0.000000    
 k_ppt59               2.331217        1.000000        0.000000    
 k_ppt60              0.3955900        1.000000        0.000000    
 k_ppt61              0.4292719        1.000000        0.000000    
 k_ppt62               1.297303        1.000000        0.000000    
 k_ppt63               2.940198        1.000000        0.000000    
 k_ppt64               1.422678        1.000000        0.000000    
 k_ppt65               1.370238        1.000000        0.000000    
 k_ppt66              0.7592693        1.000000        0.000000    
 k_ppt67              0.8447861        1.000000        0.000000    
 k_ppt68               2.737787        1.000000        0.000000    
 k_ppt69               1.529340        1.000000        0.000000    
 k_ppt70               2.236939        1.000000        0.000000    
 k_ppt71               2.221683        1.000000        0.000000    
 k_ppt72               1.617116        1.000000        0.000000    
 k_ppt73               1.807535        1.000000        0.000000    
 k_ppt74               1.073521        1.000000        0.000000    
 k_ppt75               1.724378        1.000000        0.000000    
 k_ppt76               3.087149        1.000000        0.000000    
 k_ppt77               1.806270        1.000000        0.000000    
 k_ppt78               3.140200        1.000000        0.000000    
 k_ppt79               2.148714        1.000000        0.000000    
 k_ppt80              0.6473714        1.000000        0.000000    
 k_ppt81               1.111067        1.000000        0.000000    
 k_ppt82              0.5134040        1.000000        0.000000    
 k_ppt83              0.9130636        1.000000        0.000000    
 k_ppt84               2.968475        1.000000        0.000000    
 k_ppt85               1.427455        1.000000        0.000000    
 k_ppt86               1.441584        1.000000        0.000000    
 k_ppt87              0.9022848        1.000000        0.000000    
 k_ppt88              0.5638493        1.000000        0.000000    
 k_ppt89              0.4867214        1.000000        0.000000    
 k_ppt90              0.3291844        1.000000        0.000000    
 k_ppt91               1.408050        1.000000        0.000000    
 k_ppt92               1.383464        1.000000        0.000000    
 k_ppt93              0.6568005        1.000000        0.000000    
 k_ppt94               1.111286        1.000000        0.000000    
 k_ppt95              0.4174661        1.000000        0.000000    
 k_ppt96              0.3040056        1.000000        0.000000    
 k_ppt97              0.3142564        1.000000        0.000000    
 k_ppt98              0.2974910        1.000000        0.000000    
 k_ppt99              0.6165240        1.000000        0.000000    
 k_ppt100             0.8136121        1.000000        0.000000    
 k_ppt101             0.9160734        1.000000        0.000000    
 k_ppt102             0.4783576        1.000000        0.000000    
 k_ppt103             0.7435566        1.000000        0.000000    
 k_ppt104             0.9052160        1.000000        0.000000    
