 single point
 k_ppt1                2.334534        1.000000        0.000000    
 k_ppt2                12.18964        1.000000        0.000000    
 k_ppt3                3.188094        1.000000        0.000000    
 k_ppt4                3.370625        1.000000        0.000000    
 k_ppt5                5.371162        1.000000        0.000000    
 k_ppt6                4.994139        1.000000        0.000000    
 k_ppt7                2.980176        1.000000        0.000000    
 k_ppt8                2.146644        1.000000        0.000000    
 k_ppt9                1.300955        1.000000        0.000000    
 k_ppt10               4.867772        1.000000        0.000000    
 k_ppt11               3.678592        1.000000        0.000000    
 k_ppt12               1.819255        1.000000        0.000000    
 k_ppt13               3.991063        1.000000        0.000000    
 k_ppt14               12.14934        1.000000        0.000000    
 k_ppt15               5.065380        1.000000        0.000000    
 k_ppt16               2.203556        1.000000        0.000000    
 k_ppt17               1.245970        1.000000        0.000000    
 k_ppt18              0.5026224        1.000000        0.000000    
 k_ppt19              0.5049614        1.000000        0.000000    
 k_ppt20               2.954873        1.000000        0.000000    
 k_ppt21               7.102970        1.000000        0.000000    
 k_ppt22               6.642071        1.000000        0.000000    
 k_ppt23               1.706279        1.000000        0.000000    
 k_ppt24               1.876395        1.000000        0.000000    
 k_ppt25               1.257573        1.000000        0.000000    
 k_ppt26              0.9565359        1.000000        0.000000    
 k_ppt27              0.7404026        1.000000        0.000000    
 k_ppt28              0.8741953        1.000000        0.000000    
 k_ppt29               3.150730        1.000000        0.000000    
 k_ppt30               4.428515        1.000000        0.000000    
 k_ppt31               3.390948        1.000000        0.000000    
 k_ppt32               1.093774        1.000000        0.000000    
 k_ppt33               1.453178        1.000000        0.000000    
 k_ppt34               1.544068        1.000000        0.000000    
 k_ppt35               1.561356        1.000000        0.000000    
 k_ppt36              0.4978837        1.000000        0.000000    
 k_ppt37               2.620278        1.000000        0.000000    
 k_ppt38               5.180341        1.000000        0.000000    
 k_ppt39               3.367732        1.000000        0.000000    
 k_ppt40              0.7359582        1.000000        0.000000    
 k_ppt41               2.055398        1.000000        0.000000    
 k_ppt42               2.136752        1.000000        0.000000    
 k_ppt43               1.716575        1.000000        0.000000    
 k_ppt44              0.7514356        1.000000        0.000000    
 k_ppt45               1.192324        1.000000        0.000000    
 k_ppt46               4.732885        1.000000        0.000000    
 k_ppt47               5.345203        1.000000        0.000000    
 k_ppt48               1.417149        1.000000        0.000000    
 k_ppt49              0.6174505        1.000000        0.000000    
 k_ppt50              0.6922801        1.000000        0.000000    
 k_ppt51               1.107021        1.000000        0.000000    
 k_ppt52               1.027782        1.000000        0.000000    
 k_ppt53               2.141756        1.000000        0.000000    
 k_ppt54               3.823281        1.000000        0.000000    
 k_ppt55               11.71986        1.000000        0.000000    
 k_ppt56               6.164048        1.000000        0.000000    
 k_ppt57               2.672614        1.000000        0.000000    
 k_ppt58              0.2872950        1.000000        0.000000    
 k_ppt59               1.898520        1.000000        0.000000    
 k_ppt60               3.123537        1.000000        0.000000    
 k_ppt61               7.675122        1.000000        0.000000    
 k_ppt62               8.535250        1.000000        0.000000    
 k_ppt63               22.74621        1.000000        0.000000    
 k_ppt64               16.21986        1.000000        0.000000    
 k_ppt65               1.809091        1.000000        0.000000    
 k_ppt66              0.7897397        1.000000        0.000000    
 k_ppt67              0.8472779        1.000000        0.000000    
 k_ppt68               2.142933        1.000000        0.000000    
 k_ppt69               8.220138        1.000000        0.000000    
 k_ppt70               6.112484        1.000000        0.000000    
 k_ppt71               14.41786        1.000000        0.000000    
 k_ppt72               18.49838        1.000000        0.000000    
 k_ppt73               9.329577        1.000000        0.000000    
 k_ppt74               2.393684        1.000000        0.000000    
 k_ppt75              0.5848055        1.000000        0.000000    
 k_ppt76              0.5991005        1.000000        0.000000    
 k_ppt77               1.641053        1.000000        0.000000    
 k_ppt78               3.711553        1.000000        0.000000    
 k_ppt79               9.783733        1.000000        0.000000    
 k_ppt80               9.631818        1.000000        0.000000    
 k_ppt81               2.318559        1.000000        0.000000    
 k_ppt82              0.5619562        1.000000        0.000000    
 k_ppt83              0.4928948        1.000000        0.000000    
 k_ppt84              0.1662867        1.000000        0.000000    
 k_ppt85              0.8941195        1.000000        0.000000    
 k_ppt86               4.443924        1.000000        0.000000    
 k_ppt87               3.947648        1.000000        0.000000    
 k_ppt88               8.763550        1.000000        0.000000    
 k_ppt89               1.676994        1.000000        0.000000    
 k_ppt90              0.3205104        1.000000        0.000000    
 k_ppt91              0.2887321        1.000000        0.000000    
 k_ppt92              0.4979835        1.000000        0.000000    
 k_ppt93              0.9862183        1.000000        0.000000    
 k_ppt94               1.325191        1.000000        0.000000    
 k_ppt95               1.803363        1.000000        0.000000    
 k_ppt96               4.367115        1.000000        0.000000    
 k_ppt97              0.5723561        1.000000        0.000000    
 k_ppt98              0.5719394        1.000000        0.000000    
 k_ppt99              0.4479288        1.000000        0.000000    
 k_ppt100             0.4627667        1.000000        0.000000    
 k_ppt101             0.4512833        1.000000        0.000000    
 k_ppt102             0.6056510        1.000000        0.000000    
 k_ppt103              3.129340        1.000000        0.000000    
 k_ppt104              2.233562        1.000000        0.000000    
