 single point
 k_ppt1               0.1279458        1.000000        0.000000    
 k_ppt2               0.5864297        1.000000        0.000000    
 k_ppt3                3.896228        1.000000        0.000000    
 k_ppt4               0.8796158        1.000000        0.000000    
 k_ppt5               0.7578582        1.000000        0.000000    
 k_ppt6                1.644004        1.000000        0.000000    
 k_ppt7               0.8676040        1.000000        0.000000    
 k_ppt8                1.012379        1.000000        0.000000    
 k_ppt9               0.1980904        1.000000        0.000000    
 k_ppt10              0.2910935        1.000000        0.000000    
 k_ppt11              0.7945837        1.000000        0.000000    
 k_ppt12              0.6221598        1.000000        0.000000    
 k_ppt13              0.3551646        1.000000        0.000000    
 k_ppt14              0.8908469        1.000000        0.000000    
 k_ppt15               1.182119        1.000000        0.000000    
 k_ppt16              0.6996998        1.000000        0.000000    
 k_ppt17               1.077447        1.000000        0.000000    
 k_ppt18              0.4215052        1.000000        0.000000    
 k_ppt19              0.3105913        1.000000        0.000000    
 k_ppt20              0.6392041        1.000000        0.000000    
 k_ppt21              0.6929568        1.000000        0.000000    
 k_ppt22              0.7856395        1.000000        0.000000    
 k_ppt23              0.6161108        1.000000        0.000000    
 k_ppt24              0.1947298        1.000000        0.000000    
 k_ppt25              0.8053993        1.000000        0.000000    
 k_ppt26               1.385078        1.000000        0.000000    
 k_ppt27              0.9739836        1.000000        0.000000    
 k_ppt28              0.5800720        1.000000        0.000000    
 k_ppt29               1.377864        1.000000        0.000000    
 k_ppt30               4.094465        1.000000        0.000000    
 k_ppt31               1.063157        1.000000        0.000000    
 k_ppt32              0.4529739        1.000000        0.000000    
 k_ppt33              0.7235909        1.000000        0.000000    
 k_ppt34              0.9085688        1.000000        0.000000    
 k_ppt35               5.768148        1.000000        0.000000    
 k_ppt36               3.756084        1.000000        0.000000    
 k_ppt37               2.096396        1.000000        0.000000    
 k_ppt38               1.213759        1.000000        0.000000    
 k_ppt39              0.6455912        1.000000        0.000000    
 k_ppt40              0.9947655        1.000000        0.000000    
 k_ppt41               1.027337        1.000000        0.000000    
 k_ppt42              0.8974527        1.000000        0.000000    
 k_ppt43               2.082859        1.000000        0.000000    
 k_ppt44               2.664900        1.000000        0.000000    
 k_ppt45               3.752594        1.000000        0.000000    
 k_ppt46               2.717896        1.000000        0.000000    
 k_ppt47              0.8733757        1.000000        0.000000    
 k_ppt48              0.9181868        1.000000        0.000000    
 k_ppt49              0.9029129        1.000000        0.000000    
 k_ppt50              0.5642979        1.000000        0.000000    
 k_ppt51              0.1963674        1.000000        0.000000    
 k_ppt52               1.517031        1.000000        0.000000    
 k_ppt53               2.269512        1.000000        0.000000    
 k_ppt54               1.281827        1.000000        0.000000    
 k_ppt55               1.544522        1.000000        0.000000    
 k_ppt56               1.178963        1.000000        0.000000    
 k_ppt57              0.4575571        1.000000        0.000000    
 k_ppt58              0.3687440        1.000000        0.000000    
 k_ppt59              0.7362649        1.000000        0.000000    
 k_ppt60              0.5909535        1.000000        0.000000    
 k_ppt61               1.625550        1.000000        0.000000    
 k_ppt62               1.712960        1.000000        0.000000    
 k_ppt63              0.7819449        1.000000        0.000000    
 k_ppt64              0.4206888        1.000000        0.000000    
 k_ppt65              0.6483598        1.000000        0.000000    
 k_ppt66              0.6324206        1.000000        0.000000    
 k_ppt67              0.6285755        1.000000        0.000000    
 k_ppt68              0.6198600        1.000000        0.000000    
 k_ppt69              0.5708692        1.000000        0.000000    
 k_ppt70              0.6457431        1.000000        0.000000    
 k_ppt71              0.7714203        1.000000        0.000000    
 k_ppt72               1.158314        1.000000        0.000000    
 k_ppt73              0.5156539        1.000000        0.000000    
 k_ppt74               1.618840        1.000000        0.000000    
 k_ppt75               1.278965        1.000000        0.000000    
 k_ppt76               1.208900        1.000000        0.000000    
 k_ppt77              0.9857096        1.000000        0.000000    
 k_ppt78               1.172165        1.000000        0.000000    
 k_ppt79               2.470724        1.000000        0.000000    
 k_ppt80              0.7277645        1.000000        0.000000    
 k_ppt81              0.3775000        1.000000        0.000000    
 k_ppt82              0.8202734        1.000000        0.000000    
 k_ppt83              0.7130284        1.000000        0.000000    
 k_ppt84               3.319457        1.000000        0.000000    
 k_ppt85              0.8476189        1.000000        0.000000    
 k_ppt86               4.016831        1.000000        0.000000    
 k_ppt87               2.757230        1.000000        0.000000    
 k_ppt88              0.4168400        1.000000        0.000000    
 k_ppt89              0.9337475        1.000000        0.000000    
 k_ppt90               1.031378        1.000000        0.000000    
 k_ppt91               2.326440        1.000000        0.000000    
 k_ppt92               1.561485        1.000000        0.000000    
 k_ppt93               1.564413        1.000000        0.000000    
 k_ppt94               2.398973        1.000000        0.000000    
 k_ppt95               2.108846        1.000000        0.000000    
 k_ppt96              0.4710207        1.000000        0.000000    
 k_ppt97              0.8214056        1.000000        0.000000    
 k_ppt98              0.3757495        1.000000        0.000000    
 k_ppt99               1.207274        1.000000        0.000000    
 k_ppt100              1.186999        1.000000        0.000000    
 k_ppt101              1.927977        1.000000        0.000000    
 k_ppt102             0.8784763        1.000000        0.000000    
 k_ppt103             0.7545262        1.000000        0.000000    
 k_ppt104             0.9448189        1.000000        0.000000    
