 single point
 k_ppt1                2.112161        1.000000        0.000000    
 k_ppt2                2.634333        1.000000        0.000000    
 k_ppt3                1.584024        1.000000        0.000000    
 k_ppt4                1.206172        1.000000        0.000000    
 k_ppt5                1.699170        1.000000        0.000000    
 k_ppt6                1.840138        1.000000        0.000000    
 k_ppt7               0.9922723        1.000000        0.000000    
 k_ppt8               0.5812646        1.000000        0.000000    
 k_ppt9               0.8233485        1.000000        0.000000    
 k_ppt10              0.6502941        1.000000        0.000000    
 k_ppt11               1.069861        1.000000        0.000000    
 k_ppt12              0.8540387        1.000000        0.000000    
 k_ppt13              0.9092942        1.000000        0.000000    
 k_ppt14               1.047605        1.000000        0.000000    
 k_ppt15               1.912160        1.000000        0.000000    
 k_ppt16              0.7766169        1.000000        0.000000    
 k_ppt17               1.393806        1.000000        0.000000    
 k_ppt18              0.7566890        1.000000        0.000000    
 k_ppt19              0.7915457        1.000000        0.000000    
 k_ppt20              0.8338157        1.000000        0.000000    
 k_ppt21               1.765214        1.000000        0.000000    
 k_ppt22              0.6921198        1.000000        0.000000    
 k_ppt23              0.9525609        1.000000        0.000000    
 k_ppt24               1.129870        1.000000        0.000000    
 k_ppt25               1.114182        1.000000        0.000000    
 k_ppt26               1.209477        1.000000        0.000000    
 k_ppt27              0.6395275        1.000000        0.000000    
 k_ppt28              0.2226722        1.000000        0.000000    
 k_ppt29              0.2121771        1.000000        0.000000    
 k_ppt30              0.4860478        1.000000        0.000000    
 k_ppt31              0.6556971        1.000000        0.000000    
 k_ppt32              0.8949219        1.000000        0.000000    
 k_ppt33              0.6201802        1.000000        0.000000    
 k_ppt34              0.4184796        1.000000        0.000000    
 k_ppt35              0.3835844        1.000000        0.000000    
 k_ppt36              9.0130586E-02    1.000000        0.000000    
 k_ppt37              0.2006560        1.000000        0.000000    
 k_ppt38              0.5455377        1.000000        0.000000    
 k_ppt39              0.4640108        1.000000        0.000000    
 k_ppt40              0.2210238        1.000000        0.000000    
 k_ppt41              0.2547057        1.000000        0.000000    
 k_ppt42              0.2899789        1.000000        0.000000    
 k_ppt43              0.2620953        1.000000        0.000000    
 k_ppt44              0.2301984        1.000000        0.000000    
 k_ppt45              0.2491846        1.000000        0.000000    
 k_ppt46              9.7397480E-02    1.000000        0.000000    
 k_ppt47              0.1121406        1.000000        0.000000    
 k_ppt48              8.6670529E-02    1.000000        0.000000    
 k_ppt49              0.1802191        1.000000        0.000000    
 k_ppt50              0.1263867        1.000000        0.000000    
 k_ppt51              0.2702752        1.000000        0.000000    
 k_ppt52              0.1876323        1.000000        0.000000    
 k_ppt53              0.1095582        1.000000        0.000000    
 k_ppt54              0.2083081        1.000000        0.000000    
 k_ppt55              0.1249569        1.000000        0.000000    
 k_ppt56              6.4216702E-02    1.000000        0.000000    
 k_ppt57              0.4995849        1.000000        0.000000    
 k_ppt58              0.1483515        1.000000        0.000000    
 k_ppt59              0.1621135        1.000000        0.000000    
 k_ppt60              0.2910102        1.000000        0.000000    
 k_ppt61              0.1464283        1.000000        0.000000    
 k_ppt62              9.6564747E-02    1.000000        0.000000    
 k_ppt63              0.2325813        1.000000        0.000000    
 k_ppt64              0.1476318        1.000000        0.000000    
 k_ppt65               4.531468        1.000000        0.000000    
 k_ppt66               2.196859        1.000000        0.000000    
 k_ppt67              0.4374738        1.000000        0.000000    
 k_ppt68              0.3050036        1.000000        0.000000    
 k_ppt69              9.8624141E-02    1.000000        0.000000    
 k_ppt70              8.2788606E-02    1.000000        0.000000    
 k_ppt71              0.1276778        1.000000        0.000000    
 k_ppt72              0.2755769        1.000000        0.000000    
 k_ppt73               1.845756        1.000000        0.000000    
 k_ppt74              0.4462775        1.000000        0.000000    
 k_ppt75              0.2988733        1.000000        0.000000    
 k_ppt76              0.2260207        1.000000        0.000000    
 k_ppt77              6.6197530E-02    1.000000        0.000000    
 k_ppt78              5.5345223E-02    1.000000        0.000000    
 k_ppt79              0.1352143        1.000000        0.000000    
 k_ppt80              0.2769498        1.000000        0.000000    
 k_ppt81              0.9722541        1.000000        0.000000    
 k_ppt82              0.3524156        1.000000        0.000000    
 k_ppt83              0.5904215        1.000000        0.000000    
 k_ppt84              0.4616635        1.000000        0.000000    
 k_ppt85              0.1732193        1.000000        0.000000    
 k_ppt86              0.1758437        1.000000        0.000000    
 k_ppt87              0.1873761        1.000000        0.000000    
 k_ppt88              0.3249473        1.000000        0.000000    
 k_ppt89              0.8303809        1.000000        0.000000    
 k_ppt90              0.3176472        1.000000        0.000000    
 k_ppt91              0.3900425        1.000000        0.000000    
 k_ppt92              0.6685598        1.000000        0.000000    
 k_ppt93              0.3886874        1.000000        0.000000    
 k_ppt94              0.3204909        1.000000        0.000000    
 k_ppt95              0.2040339        1.000000        0.000000    
 k_ppt96              0.4199431        1.000000        0.000000    
 k_ppt97              0.3166582        1.000000        0.000000    
 k_ppt98              0.5123679        1.000000        0.000000    
 k_ppt99              0.6659209        1.000000        0.000000    
 k_ppt100             0.8352482        1.000000        0.000000    
 k_ppt101             0.7365289        1.000000        0.000000    
 k_ppt102             0.3995647        1.000000        0.000000    
 k_ppt103             0.9892515        1.000000        0.000000    
 k_ppt104             0.6703949        1.000000        0.000000    
