 single point
 k_ppt1               0.9834794        1.000000        0.000000    
 k_ppt2               0.7128406        1.000000        0.000000    
 k_ppt3               0.9080345        1.000000        0.000000    
 k_ppt4                2.237743        1.000000        0.000000    
 k_ppt5               0.2546450        1.000000        0.000000    
 k_ppt6               0.6683525        1.000000        0.000000    
 k_ppt7               0.6253498        1.000000        0.000000    
 k_ppt8               0.2925646        1.000000        0.000000    
 k_ppt9                4.721288        1.000000        0.000000    
 k_ppt10               1.211166        1.000000        0.000000    
 k_ppt11              0.8550158        1.000000        0.000000    
 k_ppt12              0.9916916        1.000000        0.000000    
 k_ppt13              0.2351644        1.000000        0.000000    
 k_ppt14              0.2647698        1.000000        0.000000    
 k_ppt15              0.9166122        1.000000        0.000000    
 k_ppt16               1.027702        1.000000        0.000000    
 k_ppt17               6.220257        1.000000        0.000000    
 k_ppt18               5.382636        1.000000        0.000000    
 k_ppt19               2.200481        1.000000        0.000000    
 k_ppt20              0.8724728        1.000000        0.000000    
 k_ppt21              0.2811090        1.000000        0.000000    
 k_ppt22              0.6632596        1.000000        0.000000    
 k_ppt23              0.7421663        1.000000        0.000000    
 k_ppt24               2.447947        1.000000        0.000000    
 k_ppt25               5.396513        1.000000        0.000000    
 k_ppt26               4.884806        1.000000        0.000000    
 k_ppt27               1.077002        1.000000        0.000000    
 k_ppt28               1.092727        1.000000        0.000000    
 k_ppt29              0.8648756        1.000000        0.000000    
 k_ppt30              0.3945020        1.000000        0.000000    
 k_ppt31              0.7403644        1.000000        0.000000    
 k_ppt32               1.317916        1.000000        0.000000    
 k_ppt33               2.027260        1.000000        0.000000    
 k_ppt34               1.163256        1.000000        0.000000    
 k_ppt35              0.6647037        1.000000        0.000000    
 k_ppt36              0.2906791        1.000000        0.000000    
 k_ppt37               1.074343        1.000000        0.000000    
 k_ppt38               2.339300        1.000000        0.000000    
 k_ppt39               1.795837        1.000000        0.000000    
 k_ppt40               2.783185        1.000000        0.000000    
 k_ppt41               2.355088        1.000000        0.000000    
 k_ppt42              0.3450247        1.000000        0.000000    
 k_ppt43              0.2134733        1.000000        0.000000    
 k_ppt44              0.1211301        1.000000        0.000000    
 k_ppt45              0.4645089        1.000000        0.000000    
 k_ppt46              0.6751007        1.000000        0.000000    
 k_ppt47               1.248854        1.000000        0.000000    
 k_ppt48               1.837328        1.000000        0.000000    
 k_ppt49               1.019355        1.000000        0.000000    
 k_ppt50              0.3526188        1.000000        0.000000    
 k_ppt51              0.1439959        1.000000        0.000000    
 k_ppt52              0.1575580        1.000000        0.000000    
 k_ppt53              0.2164420        1.000000        0.000000    
 k_ppt54               1.082892        1.000000        0.000000    
 k_ppt55               1.008775        1.000000        0.000000    
 k_ppt56               1.077430        1.000000        0.000000    
 k_ppt57              0.3760155        1.000000        0.000000    
 k_ppt58              0.2436225        1.000000        0.000000    
 k_ppt59              0.1021270        1.000000        0.000000    
 k_ppt60              0.1887369        1.000000        0.000000    
 k_ppt61              0.7360021        1.000000        0.000000    
 k_ppt62              0.4631121        1.000000        0.000000    
 k_ppt63               1.496570        1.000000        0.000000    
 k_ppt64              0.4956461        1.000000        0.000000    
 k_ppt65              0.8935064        1.000000        0.000000    
 k_ppt66              0.4698201        1.000000        0.000000    
 k_ppt67              0.5114283        1.000000        0.000000    
 k_ppt68              0.7312248        1.000000        0.000000    
 k_ppt69               1.142284        1.000000        0.000000    
 k_ppt70              0.5571110        1.000000        0.000000    
 k_ppt71              0.5797140        1.000000        0.000000    
 k_ppt72               1.011920        1.000000        0.000000    
 k_ppt73              0.9217020        1.000000        0.000000    
 k_ppt74              0.6704198        1.000000        0.000000    
 k_ppt75              0.8333808        1.000000        0.000000    
 k_ppt76               1.316227        1.000000        0.000000    
 k_ppt77               1.186022        1.000000        0.000000    
 k_ppt78              0.6292490        1.000000        0.000000    
 k_ppt79               1.402633        1.000000        0.000000    
 k_ppt80               2.117109        1.000000        0.000000    
 k_ppt81               1.473377        1.000000        0.000000    
 k_ppt82              0.4427253        1.000000        0.000000    
 k_ppt83               2.420736        1.000000        0.000000    
 k_ppt84               2.014707        1.000000        0.000000    
 k_ppt85               3.330237        1.000000        0.000000    
 k_ppt86               1.461999        1.000000        0.000000    
 k_ppt87               4.329331        1.000000        0.000000    
 k_ppt88               2.389745        1.000000        0.000000    
 k_ppt89               1.062673        1.000000        0.000000    
 k_ppt90               1.225193        1.000000        0.000000    
 k_ppt91               3.996115        1.000000        0.000000    
 k_ppt92               6.137364        1.000000        0.000000    
 k_ppt93               1.971657        1.000000        0.000000    
 k_ppt94               2.641601        1.000000        0.000000    
 k_ppt95               3.727924        1.000000        0.000000    
 k_ppt96               3.801367        1.000000        0.000000    
 k_ppt97               1.876744        1.000000        0.000000    
 k_ppt98               1.235131        1.000000        0.000000    
 k_ppt99               3.596268        1.000000        0.000000    
 k_ppt100              2.385660        1.000000        0.000000    
 k_ppt101             0.7972079        1.000000        0.000000    
 k_ppt102              2.548754        1.000000        0.000000    
 k_ppt103              3.006233        1.000000        0.000000    
 k_ppt104              1.515102        1.000000        0.000000    
