 single point
 k_ppt1               0.3507212        1.000000        0.000000    
 k_ppt2               0.5620013        1.000000        0.000000    
 k_ppt3               0.1868055        1.000000        0.000000    
 k_ppt4               9.2687938E-02    1.000000        0.000000    
 k_ppt5               3.1670859E-02    1.000000        0.000000    
 k_ppt6               6.9647518E-02    1.000000        0.000000    
 k_ppt7               0.1937625        1.000000        0.000000    
 k_ppt8               0.1980907        1.000000        0.000000    
 k_ppt9               0.3148394        1.000000        0.000000    
 k_ppt10              0.4860158        1.000000        0.000000    
 k_ppt11              0.4412590        1.000000        0.000000    
 k_ppt12              7.7430450E-02    1.000000        0.000000    
 k_ppt13              0.1337869        1.000000        0.000000    
 k_ppt14              5.7864227E-02    1.000000        0.000000    
 k_ppt15              0.3300334        1.000000        0.000000    
 k_ppt16              0.3366436        1.000000        0.000000    
 k_ppt17              0.2834375        1.000000        0.000000    
 k_ppt18              0.5167210        1.000000        0.000000    
 k_ppt19              0.3503389        1.000000        0.000000    
 k_ppt20              0.2420035        1.000000        0.000000    
 k_ppt21              0.3999039        1.000000        0.000000    
 k_ppt22              0.2724079        1.000000        0.000000    
 k_ppt23              0.1278210        1.000000        0.000000    
 k_ppt24              0.2978643        1.000000        0.000000    
 k_ppt25              0.4332137        1.000000        0.000000    
 k_ppt26              0.1920017        1.000000        0.000000    
 k_ppt27              0.2910690        1.000000        0.000000    
 k_ppt28              0.3377940        1.000000        0.000000    
 k_ppt29              0.4384909        1.000000        0.000000    
 k_ppt30              0.1902845        1.000000        0.000000    
 k_ppt31              9.7124751E-02    1.000000        0.000000    
 k_ppt32              0.3450033        1.000000        0.000000    
 k_ppt33              0.6136913        1.000000        0.000000    
 k_ppt34              0.5908089        1.000000        0.000000    
 k_ppt35               1.150379        1.000000        0.000000    
 k_ppt36              0.3860551        1.000000        0.000000    
 k_ppt37              0.4200128        1.000000        0.000000    
 k_ppt38              0.3926723        1.000000        0.000000    
 k_ppt39              0.1984798        1.000000        0.000000    
 k_ppt40              0.4518996        1.000000        0.000000    
 k_ppt41               1.079088        1.000000        0.000000    
 k_ppt42              0.6572530        1.000000        0.000000    
 k_ppt43              0.5451533        1.000000        0.000000    
 k_ppt44               2.117237        1.000000        0.000000    
 k_ppt45              0.6820232        1.000000        0.000000    
 k_ppt46              0.2962316        1.000000        0.000000    
 k_ppt47              0.4649600        1.000000        0.000000    
 k_ppt48              0.5234222        1.000000        0.000000    
 k_ppt49              0.2844366        1.000000        0.000000    
 k_ppt50              0.6283613        1.000000        0.000000    
 k_ppt51              0.7427341        1.000000        0.000000    
 k_ppt52               1.542999        1.000000        0.000000    
 k_ppt53               1.925583        1.000000        0.000000    
 k_ppt54               1.054315        1.000000        0.000000    
 k_ppt55              0.3139197        1.000000        0.000000    
 k_ppt56              0.7716592        1.000000        0.000000    
 k_ppt57              0.2793182        1.000000        0.000000    
 k_ppt58              0.4398044        1.000000        0.000000    
 k_ppt59               1.513471        1.000000        0.000000    
 k_ppt60               2.493254        1.000000        0.000000    
 k_ppt61               1.790194        1.000000        0.000000    
 k_ppt62               1.616601        1.000000        0.000000    
 k_ppt63               1.344790        1.000000        0.000000    
 k_ppt64              0.2250648        1.000000        0.000000    
 k_ppt65              0.2999722        1.000000        0.000000    
 k_ppt66              0.5373287        1.000000        0.000000    
 k_ppt67               1.352213        1.000000        0.000000    
 k_ppt68               2.252096        1.000000        0.000000    
 k_ppt69               2.503908        1.000000        0.000000    
 k_ppt70              0.9279909        1.000000        0.000000    
 k_ppt71               1.121411        1.000000        0.000000    
 k_ppt72              0.4779682        1.000000        0.000000    
 k_ppt73              0.9603017        1.000000        0.000000    
 k_ppt74               2.547001        1.000000        0.000000    
 k_ppt75               1.447455        1.000000        0.000000    
 k_ppt76               1.457525        1.000000        0.000000    
 k_ppt77               1.328479        1.000000        0.000000    
 k_ppt78              0.6242010        1.000000        0.000000    
 k_ppt79              0.7516977        1.000000        0.000000    
 k_ppt80              0.6284904        1.000000        0.000000    
 k_ppt81              0.9450503        1.000000        0.000000    
 k_ppt82               2.701724        1.000000        0.000000    
 k_ppt83               1.139769        1.000000        0.000000    
 k_ppt84              0.3582069        1.000000        0.000000    
 k_ppt85              0.3886526        1.000000        0.000000    
 k_ppt86              0.4123150        1.000000        0.000000    
 k_ppt87              0.9517529        1.000000        0.000000    
 k_ppt88              0.4537998        1.000000        0.000000    
 k_ppt89              0.9821798        1.000000        0.000000    
 k_ppt90               1.366917        1.000000        0.000000    
 k_ppt91               1.258015        1.000000        0.000000    
 k_ppt92              0.5726568        1.000000        0.000000    
 k_ppt93              0.3491098        1.000000        0.000000    
 k_ppt94              0.5183696        1.000000        0.000000    
 k_ppt95              0.2644297        1.000000        0.000000    
 k_ppt96              0.5750775        1.000000        0.000000    
 k_ppt97               1.991446        1.000000        0.000000    
 k_ppt98               1.094544        1.000000        0.000000    
 k_ppt99               1.128351        1.000000        0.000000    
 k_ppt100              1.641813        1.000000        0.000000    
 k_ppt101             0.6192683        1.000000        0.000000    
 k_ppt102             0.3320766        1.000000        0.000000    
 k_ppt103             0.2103056        1.000000        0.000000    
 k_ppt104             0.4562255        1.000000        0.000000    
