 single point
 k_ppt1                1.963215        1.000000        0.000000    
 k_ppt2                1.100495        1.000000        0.000000    
 k_ppt3               0.6125139        1.000000        0.000000    
 k_ppt4               0.3634818        1.000000        0.000000    
 k_ppt5                1.390844        1.000000        0.000000    
 k_ppt6               0.5326802        1.000000        0.000000    
 k_ppt7               0.5899568        1.000000        0.000000    
 k_ppt8               0.6096115        1.000000        0.000000    
 k_ppt9                1.801709        1.000000        0.000000    
 k_ppt10              0.4235913        1.000000        0.000000    
 k_ppt11              0.3286440        1.000000        0.000000    
 k_ppt12              0.1714115        1.000000        0.000000    
 k_ppt13              0.7643862        1.000000        0.000000    
 k_ppt14               2.359723        1.000000        0.000000    
 k_ppt15              0.8030645        1.000000        0.000000    
 k_ppt16               1.128512        1.000000        0.000000    
 k_ppt17               1.202287        1.000000        0.000000    
 k_ppt18               1.465480        1.000000        0.000000    
 k_ppt19              0.8673325        1.000000        0.000000    
 k_ppt20              0.3701387        1.000000        0.000000    
 k_ppt21              0.9284701        1.000000        0.000000    
 k_ppt22               1.019848        1.000000        0.000000    
 k_ppt23              0.6354421        1.000000        0.000000    
 k_ppt24               2.138642        1.000000        0.000000    
 k_ppt25              0.8876545        1.000000        0.000000    
 k_ppt26               5.357159        1.000000        0.000000    
 k_ppt27               1.625327        1.000000        0.000000    
 k_ppt28              0.7095571        1.000000        0.000000    
 k_ppt29              0.8167774        1.000000        0.000000    
 k_ppt30              0.5684291        1.000000        0.000000    
 k_ppt31              0.4828712        1.000000        0.000000    
 k_ppt32              0.6168773        1.000000        0.000000    
 k_ppt33               3.146239        1.000000        0.000000    
 k_ppt34               2.835977        1.000000        0.000000    
 k_ppt35               2.147809        1.000000        0.000000    
 k_ppt36               1.290064        1.000000        0.000000    
 k_ppt37              0.7811207        1.000000        0.000000    
 k_ppt38              0.4380457        1.000000        0.000000    
 k_ppt39              0.9781215        1.000000        0.000000    
 k_ppt40              0.8169312        1.000000        0.000000    
 k_ppt41               4.301858        1.000000        0.000000    
 k_ppt42               1.621157        1.000000        0.000000    
 k_ppt43               4.346976        1.000000        0.000000    
 k_ppt44               2.027892        1.000000        0.000000    
 k_ppt45              0.7029673        1.000000        0.000000    
 k_ppt46              0.3095546        1.000000        0.000000    
 k_ppt47              0.2387805        1.000000        0.000000    
 k_ppt48              0.7443633        1.000000        0.000000    
 k_ppt49              0.8684243        1.000000        0.000000    
 k_ppt50               1.174459        1.000000        0.000000    
 k_ppt51               2.654445        1.000000        0.000000    
 k_ppt52               1.948525        1.000000        0.000000    
 k_ppt53              0.6611650        1.000000        0.000000    
 k_ppt54              0.4282442        1.000000        0.000000    
 k_ppt55              0.5668130        1.000000        0.000000    
 k_ppt56              0.6826644        1.000000        0.000000    
 k_ppt57              0.3577133        1.000000        0.000000    
 k_ppt58              0.8943771        1.000000        0.000000    
 k_ppt59              0.9779637        1.000000        0.000000    
 k_ppt60              0.7536236        1.000000        0.000000    
 k_ppt61              0.9125591        1.000000        0.000000    
 k_ppt62              0.7678138        1.000000        0.000000    
 k_ppt63               3.018242        1.000000        0.000000    
 k_ppt64               1.602445        1.000000        0.000000    
 k_ppt65               1.781806        1.000000        0.000000    
 k_ppt66               1.506652        1.000000        0.000000    
 k_ppt67               2.268298        1.000000        0.000000    
 k_ppt68               1.221018        1.000000        0.000000    
 k_ppt69               1.006977        1.000000        0.000000    
 k_ppt70               1.294975        1.000000        0.000000    
 k_ppt71               2.601207        1.000000        0.000000    
 k_ppt72              0.9784492        1.000000        0.000000    
 k_ppt73               1.648281        1.000000        0.000000    
 k_ppt74               3.059009        1.000000        0.000000    
 k_ppt75               1.254715        1.000000        0.000000    
 k_ppt76              0.5751298        1.000000        0.000000    
 k_ppt77              0.8522930        1.000000        0.000000    
 k_ppt78               1.250926        1.000000        0.000000    
 k_ppt79               2.012347        1.000000        0.000000    
 k_ppt80               2.219734        1.000000        0.000000    
 k_ppt81               1.770462        1.000000        0.000000    
 k_ppt82               1.043212        1.000000        0.000000    
 k_ppt83              0.4086154        1.000000        0.000000    
 k_ppt84               2.028134        1.000000        0.000000    
 k_ppt85               1.010639        1.000000        0.000000    
 k_ppt86               1.420886        1.000000        0.000000    
 k_ppt87               1.053050        1.000000        0.000000    
 k_ppt88              0.8680748        1.000000        0.000000    
 k_ppt89               3.465628        1.000000        0.000000    
 k_ppt90              0.9534731        1.000000        0.000000    
 k_ppt91              0.3580274        1.000000        0.000000    
 k_ppt92              0.6993496        1.000000        0.000000    
 k_ppt93               1.389234        1.000000        0.000000    
 k_ppt94               1.259599        1.000000        0.000000    
 k_ppt95               1.106037        1.000000        0.000000    
 k_ppt96               1.487781        1.000000        0.000000    
 k_ppt97               11.40230        1.000000        0.000000    
 k_ppt98              0.9852736        1.000000        0.000000    
 k_ppt99              0.3447934        1.000000        0.000000    
 k_ppt100             0.6130960        1.000000        0.000000    
 k_ppt101             0.8345591        1.000000        0.000000    
 k_ppt102              1.988374        1.000000        0.000000    
 k_ppt103              1.356077        1.000000        0.000000    
 k_ppt104              1.025527        1.000000        0.000000    
