 single point
 k_ppt1               0.2316529        1.000000        0.000000    
 k_ppt2               0.7911395        1.000000        0.000000    
 k_ppt3                1.983665        1.000000        0.000000    
 k_ppt4                5.078296        1.000000        0.000000    
 k_ppt5                2.638014        1.000000        0.000000    
 k_ppt6                2.603457        1.000000        0.000000    
 k_ppt7                6.432908        1.000000        0.000000    
 k_ppt8                5.495981        1.000000        0.000000    
 k_ppt9               0.7902638        1.000000        0.000000    
 k_ppt10               1.456130        1.000000        0.000000    
 k_ppt11               3.126278        1.000000        0.000000    
 k_ppt12               10.56498        1.000000        0.000000    
 k_ppt13               1.598888        1.000000        0.000000    
 k_ppt14               4.433493        1.000000        0.000000    
 k_ppt15               2.163256        1.000000        0.000000    
 k_ppt16               3.467189        1.000000        0.000000    
 k_ppt17              0.8367268        1.000000        0.000000    
 k_ppt18               2.231939        1.000000        0.000000    
 k_ppt19               2.614392        1.000000        0.000000    
 k_ppt20               3.262715        1.000000        0.000000    
 k_ppt21               3.167438        1.000000        0.000000    
 k_ppt22               5.121121        1.000000        0.000000    
 k_ppt23               5.153035        1.000000        0.000000    
 k_ppt24               4.970742        1.000000        0.000000    
 k_ppt25               1.160894        1.000000        0.000000    
 k_ppt26               1.830753        1.000000        0.000000    
 k_ppt27               2.916224        1.000000        0.000000    
 k_ppt28               3.453256        1.000000        0.000000    
 k_ppt29               7.584479        1.000000        0.000000    
 k_ppt30               9.566921        1.000000        0.000000    
 k_ppt31               10.58282        1.000000        0.000000    
 k_ppt32               3.951312        1.000000        0.000000    
 k_ppt33               2.461439        1.000000        0.000000    
 k_ppt34               2.424113        1.000000        0.000000    
 k_ppt35               1.272380        1.000000        0.000000    
 k_ppt36               1.027062        1.000000        0.000000    
 k_ppt37               2.664470        1.000000        0.000000    
 k_ppt38               6.275267        1.000000        0.000000    
 k_ppt39               2.842936        1.000000        0.000000    
 k_ppt40               2.503775        1.000000        0.000000    
 k_ppt41               4.027484        1.000000        0.000000    
 k_ppt42               1.900912        1.000000        0.000000    
 k_ppt43              0.8842954        1.000000        0.000000    
 k_ppt44               3.513397        1.000000        0.000000    
 k_ppt45               2.421340        1.000000        0.000000    
 k_ppt46               2.076276        1.000000        0.000000    
 k_ppt47              0.9380608        1.000000        0.000000    
 k_ppt48               2.242722        1.000000        0.000000    
 k_ppt49               1.774845        1.000000        0.000000    
 k_ppt50              0.5619129        1.000000        0.000000    
 k_ppt51              0.5534965        1.000000        0.000000    
 k_ppt52              0.7654196        1.000000        0.000000    
 k_ppt53               3.607391        1.000000        0.000000    
 k_ppt54              0.7898329        1.000000        0.000000    
 k_ppt55              0.6219506        1.000000        0.000000    
 k_ppt56              0.6081269        1.000000        0.000000    
 k_ppt57              0.9880169        1.000000        0.000000    
 k_ppt58              0.4669172        1.000000        0.000000    
 k_ppt59              0.2409724        1.000000        0.000000    
 k_ppt60              0.2101653        1.000000        0.000000    
 k_ppt61              0.4021812        1.000000        0.000000    
 k_ppt62              0.4279830        1.000000        0.000000    
 k_ppt63               1.002466        1.000000        0.000000    
 k_ppt64              0.1672587        1.000000        0.000000    
 k_ppt65              0.9654867        1.000000        0.000000    
 k_ppt66              0.2249764        1.000000        0.000000    
 k_ppt67              0.5294587        1.000000        0.000000    
 k_ppt68              0.1569768        1.000000        0.000000    
 k_ppt69              0.1409367        1.000000        0.000000    
 k_ppt70              0.3900211        1.000000        0.000000    
 k_ppt71              0.5792317        1.000000        0.000000    
 k_ppt72              0.1512565        1.000000        0.000000    
 k_ppt73              0.8850019        1.000000        0.000000    
 k_ppt74              0.2297984        1.000000        0.000000    
 k_ppt75              0.1816306        1.000000        0.000000    
 k_ppt76              0.2146299        1.000000        0.000000    
 k_ppt77              0.1173399        1.000000        0.000000    
 k_ppt78              0.1230165        1.000000        0.000000    
 k_ppt79              0.2563060        1.000000        0.000000    
 k_ppt80              0.3195652        1.000000        0.000000    
 k_ppt81              0.6580250        1.000000        0.000000    
 k_ppt82              0.4003129        1.000000        0.000000    
 k_ppt83              0.1990484        1.000000        0.000000    
 k_ppt84              9.1131782E-02    1.000000        0.000000    
 k_ppt85              0.1501619        1.000000        0.000000    
 k_ppt86              7.3964868E-02    1.000000        0.000000    
 k_ppt87              0.1979454        1.000000        0.000000    
 k_ppt88              0.2245922        1.000000        0.000000    
 k_ppt89               1.643213        1.000000        0.000000    
 k_ppt90              0.8181715        1.000000        0.000000    
 k_ppt91              0.2463164        1.000000        0.000000    
 k_ppt92              0.1231526        1.000000        0.000000    
 k_ppt93              0.6617629        1.000000        0.000000    
 k_ppt94              0.2139972        1.000000        0.000000    
 k_ppt95              0.5665298        1.000000        0.000000    
 k_ppt96              0.4018711        1.000000        0.000000    
 k_ppt97               2.076038        1.000000        0.000000    
 k_ppt98              0.6911484        1.000000        0.000000    
 k_ppt99              0.1437795        1.000000        0.000000    
 k_ppt100             0.1642396        1.000000        0.000000    
 k_ppt101             0.2715460        1.000000        0.000000    
 k_ppt102             0.3603627        1.000000        0.000000    
 k_ppt103             0.6675030        1.000000        0.000000    
 k_ppt104              1.316709        1.000000        0.000000    
