 single point
 k_ppt1               0.4435193        1.000000        0.000000    
 k_ppt2               0.1651703        1.000000        0.000000    
 k_ppt3               0.2917379        1.000000        0.000000    
 k_ppt4               0.3742227        1.000000        0.000000    
 k_ppt5                1.203730        1.000000        0.000000    
 k_ppt6                1.145978        1.000000        0.000000    
 k_ppt7               0.3692943        1.000000        0.000000    
 k_ppt8               0.3120092        1.000000        0.000000    
 k_ppt9               0.3532621        1.000000        0.000000    
 k_ppt10              0.5341456        1.000000        0.000000    
 k_ppt11              0.3453127        1.000000        0.000000    
 k_ppt12              0.6043749        1.000000        0.000000    
 k_ppt13              0.2767238        1.000000        0.000000    
 k_ppt14              0.7334726        1.000000        0.000000    
 k_ppt15              0.3386240        1.000000        0.000000    
 k_ppt16              0.5597745        1.000000        0.000000    
 k_ppt17              0.5285843        1.000000        0.000000    
 k_ppt18               1.092339        1.000000        0.000000    
 k_ppt19              0.2567569        1.000000        0.000000    
 k_ppt20              0.2059441        1.000000        0.000000    
 k_ppt21              0.2925393        1.000000        0.000000    
 k_ppt22              0.3192848        1.000000        0.000000    
 k_ppt23              0.3620831        1.000000        0.000000    
 k_ppt24              0.5152106        1.000000        0.000000    
 k_ppt25              0.9372698        1.000000        0.000000    
 k_ppt26              0.6600415        1.000000        0.000000    
 k_ppt27              0.1735470        1.000000        0.000000    
 k_ppt28              0.1441738        1.000000        0.000000    
 k_ppt29              0.6183389        1.000000        0.000000    
 k_ppt30              0.3275429        1.000000        0.000000    
 k_ppt31              0.6399194        1.000000        0.000000    
 k_ppt32               1.073603        1.000000        0.000000    
 k_ppt33               1.177089        1.000000        0.000000    
 k_ppt34              0.7813346        1.000000        0.000000    
 k_ppt35              0.6043481        1.000000        0.000000    
 k_ppt36              0.2082655        1.000000        0.000000    
 k_ppt37              0.5415092        1.000000        0.000000    
 k_ppt38              0.4356904        1.000000        0.000000    
 k_ppt39              0.6628942        1.000000        0.000000    
 k_ppt40               2.002378        1.000000        0.000000    
 k_ppt41              0.5166134        1.000000        0.000000    
 k_ppt42              0.2031250        1.000000        0.000000    
 k_ppt43              0.2859434        1.000000        0.000000    
 k_ppt44              0.1386683        1.000000        0.000000    
 k_ppt45              0.1911455        1.000000        0.000000    
 k_ppt46              0.1865559        1.000000        0.000000    
 k_ppt47              0.2913251        1.000000        0.000000    
 k_ppt48              0.7522769        1.000000        0.000000    
 k_ppt49              0.3517734        1.000000        0.000000    
 k_ppt50              0.1783395        1.000000        0.000000    
 k_ppt51              7.5126061E-02    1.000000        0.000000    
 k_ppt52              0.1955876        1.000000        0.000000    
 k_ppt53              0.1907576        1.000000        0.000000    
 k_ppt54              0.2424803        1.000000        0.000000    
 k_ppt55              0.3258968        1.000000        0.000000    
 k_ppt56              0.7506326        1.000000        0.000000    
 k_ppt57              0.4641859        1.000000        0.000000    
 k_ppt58              0.2124823        1.000000        0.000000    
 k_ppt59              9.5266173E-02    1.000000        0.000000    
 k_ppt60              0.2090772        1.000000        0.000000    
 k_ppt61              0.1234380        1.000000        0.000000    
 k_ppt62              0.1423000        1.000000        0.000000    
 k_ppt63              0.1826359        1.000000        0.000000    
 k_ppt64              0.3297604        1.000000        0.000000    
 k_ppt65              0.1410209        1.000000        0.000000    
 k_ppt66              9.8140877E-02    1.000000        0.000000    
 k_ppt67              6.9757135E-02    1.000000        0.000000    
 k_ppt68              0.2515435        1.000000        0.000000    
 k_ppt69              0.1734726        1.000000        0.000000    
 k_ppt70              0.2336308        1.000000        0.000000    
 k_ppt71              0.2320309        1.000000        0.000000    
 k_ppt72              0.5057296        1.000000        0.000000    
 k_ppt73              0.1572765        1.000000        0.000000    
 k_ppt74              0.1404280        1.000000        0.000000    
 k_ppt75              0.1834518        1.000000        0.000000    
 k_ppt76              0.1537182        1.000000        0.000000    
 k_ppt77              0.2150707        1.000000        0.000000    
 k_ppt78              0.5891202        1.000000        0.000000    
 k_ppt79              0.8289460        1.000000        0.000000    
 k_ppt80              0.3781422        1.000000        0.000000    
 k_ppt81              0.3791149        1.000000        0.000000    
 k_ppt82              0.4100808        1.000000        0.000000    
 k_ppt83              0.2819509        1.000000        0.000000    
 k_ppt84              0.5514992        1.000000        0.000000    
 k_ppt85              0.7370575        1.000000        0.000000    
 k_ppt86              0.4154866        1.000000        0.000000    
 k_ppt87              0.2426987        1.000000        0.000000    
 k_ppt88              0.2796819        1.000000        0.000000    
 k_ppt89              0.6147791        1.000000        0.000000    
 k_ppt90              0.3454947        1.000000        0.000000    
 k_ppt91              0.9344512        1.000000        0.000000    
 k_ppt92               2.571591        1.000000        0.000000    
 k_ppt93               1.019283        1.000000        0.000000    
 k_ppt94               1.852392        1.000000        0.000000    
 k_ppt95              0.3504292        1.000000        0.000000    
 k_ppt96              0.1071455        1.000000        0.000000    
 k_ppt97               1.211406        1.000000        0.000000    
 k_ppt98               1.906965        1.000000        0.000000    
 k_ppt99               2.715039        1.000000        0.000000    
 k_ppt100              7.017026        1.000000        0.000000    
 k_ppt101              10.05435        1.000000        0.000000    
 k_ppt102              1.141087        1.000000        0.000000    
 k_ppt103             0.4984414        1.000000        0.000000    
 k_ppt104             8.8741084E-02    1.000000        0.000000    
