 single point
 k_ppt1                2.818805        1.000000        0.000000    
 k_ppt2                1.117255        1.000000        0.000000    
 k_ppt3               0.6589702        1.000000        0.000000    
 k_ppt4               0.3953185        1.000000        0.000000    
 k_ppt5               0.2576687        1.000000        0.000000    
 k_ppt6               0.3263494        1.000000        0.000000    
 k_ppt7               0.4628740        1.000000        0.000000    
 k_ppt8               0.7548904        1.000000        0.000000    
 k_ppt9                1.427357        1.000000        0.000000    
 k_ppt10              0.8247199        1.000000        0.000000    
 k_ppt11               1.217078        1.000000        0.000000    
 k_ppt12              0.5224995        1.000000        0.000000    
 k_ppt13              0.4048803        1.000000        0.000000    
 k_ppt14              0.6085803        1.000000        0.000000    
 k_ppt15              0.5887625        1.000000        0.000000    
 k_ppt16               2.190785        1.000000        0.000000    
 k_ppt17               3.160170        1.000000        0.000000    
 k_ppt18               2.336886        1.000000        0.000000    
 k_ppt19               4.610124        1.000000        0.000000    
 k_ppt20               2.572296        1.000000        0.000000    
 k_ppt21               2.599046        1.000000        0.000000    
 k_ppt22               2.994236        1.000000        0.000000    
 k_ppt23               1.132920        1.000000        0.000000    
 k_ppt24               2.919659        1.000000        0.000000    
 k_ppt25               1.367461        1.000000        0.000000    
 k_ppt26               1.955997        1.000000        0.000000    
 k_ppt27               4.393825        1.000000        0.000000    
 k_ppt28               4.148698        1.000000        0.000000    
 k_ppt29               6.668500        1.000000        0.000000    
 k_ppt30               3.091557        1.000000        0.000000    
 k_ppt31               1.116277        1.000000        0.000000    
 k_ppt32               2.749284        1.000000        0.000000    
 k_ppt33              0.6898824        1.000000        0.000000    
 k_ppt34              0.9016448        1.000000        0.000000    
 k_ppt35               1.788726        1.000000        0.000000    
 k_ppt36               4.419086        1.000000        0.000000    
 k_ppt37               1.620948        1.000000        0.000000    
 k_ppt38               3.803120        1.000000        0.000000    
 k_ppt39               2.307915        1.000000        0.000000    
 k_ppt40               3.580025        1.000000        0.000000    
 k_ppt41              0.3889208        1.000000        0.000000    
 k_ppt42              0.2157469        1.000000        0.000000    
 k_ppt43              0.2604738        1.000000        0.000000    
 k_ppt44               1.659825        1.000000        0.000000    
 k_ppt45              0.8213133        1.000000        0.000000    
 k_ppt46               2.896314        1.000000        0.000000    
 k_ppt47               3.584967        1.000000        0.000000    
 k_ppt48               3.845034        1.000000        0.000000    
 k_ppt49               1.282683        1.000000        0.000000    
 k_ppt50              0.6948317        1.000000        0.000000    
 k_ppt51              0.4250449        1.000000        0.000000    
 k_ppt52               1.009862        1.000000        0.000000    
 k_ppt53               4.947327        1.000000        0.000000    
 k_ppt54               6.231408        1.000000        0.000000    
 k_ppt55               4.481510        1.000000        0.000000    
 k_ppt56               4.487367        1.000000        0.000000    
 k_ppt57               1.906168        1.000000        0.000000    
 k_ppt58              0.3800543        1.000000        0.000000    
 k_ppt59               1.010470        1.000000        0.000000    
 k_ppt60              0.8044989        1.000000        0.000000    
 k_ppt61               2.168016        1.000000        0.000000    
 k_ppt62               3.107102        1.000000        0.000000    
 k_ppt63               3.258113        1.000000        0.000000    
 k_ppt64               2.725481        1.000000        0.000000    
 k_ppt65               3.511538        1.000000        0.000000    
 k_ppt66               1.474430        1.000000        0.000000    
 k_ppt67               1.304226        1.000000        0.000000    
 k_ppt68               2.629615        1.000000        0.000000    
 k_ppt69               1.615651        1.000000        0.000000    
 k_ppt70               2.266491        1.000000        0.000000    
 k_ppt71               2.462991        1.000000        0.000000    
 k_ppt72               2.815054        1.000000        0.000000    
 k_ppt73               2.769027        1.000000        0.000000    
 k_ppt74               6.347740        1.000000        0.000000    
 k_ppt75               5.732327        1.000000        0.000000    
 k_ppt76               6.828463        1.000000        0.000000    
 k_ppt77               8.360100        1.000000        0.000000    
 k_ppt78               4.046075        1.000000        0.000000    
 k_ppt79               1.410999        1.000000        0.000000    
 k_ppt80              0.7427751        1.000000        0.000000    
 k_ppt81               4.070748        1.000000        0.000000    
 k_ppt82               3.799519        1.000000        0.000000    
 k_ppt83               6.522984        1.000000        0.000000    
 k_ppt84               14.20040        1.000000        0.000000    
 k_ppt85               7.896011        1.000000        0.000000    
 k_ppt86               1.976618        1.000000        0.000000    
 k_ppt87               2.916461        1.000000        0.000000    
 k_ppt88              0.5015028        1.000000        0.000000    
 k_ppt89               1.908087        1.000000        0.000000    
 k_ppt90               3.616922        1.000000        0.000000    
 k_ppt91               6.192985        1.000000        0.000000    
 k_ppt92               14.19263        1.000000        0.000000    
 k_ppt93               11.08659        1.000000        0.000000    
 k_ppt94               2.397852        1.000000        0.000000    
 k_ppt95               2.580880        1.000000        0.000000    
 k_ppt96              0.5282191        1.000000        0.000000    
 k_ppt97               1.880845        1.000000        0.000000    
 k_ppt98               1.837283        1.000000        0.000000    
 k_ppt99               6.036912        1.000000        0.000000    
 k_ppt100              3.828068        1.000000        0.000000    
 k_ppt101              2.728846        1.000000        0.000000    
 k_ppt102              1.812936        1.000000        0.000000    
 k_ppt103              1.365563        1.000000        0.000000    
 k_ppt104             0.5460567        1.000000        0.000000    
