 single point
 k_ppt1                5.257128        1.000000        0.000000    
 k_ppt2               0.6132334        1.000000        0.000000    
 k_ppt3                1.186946        1.000000        0.000000    
 k_ppt4               0.9025621        1.000000        0.000000    
 k_ppt5               0.5816949        1.000000        0.000000    
 k_ppt6               0.3696396        1.000000        0.000000    
 k_ppt7                1.054779        1.000000        0.000000    
 k_ppt8               0.6197778        1.000000        0.000000    
 k_ppt9                1.929647        1.000000        0.000000    
 k_ppt10               2.375469        1.000000        0.000000    
 k_ppt11              0.6735114        1.000000        0.000000    
 k_ppt12              0.2894733        1.000000        0.000000    
 k_ppt13              0.7607758        1.000000        0.000000    
 k_ppt14              0.6800969        1.000000        0.000000    
 k_ppt15              0.8919098        1.000000        0.000000    
 k_ppt16              0.9093188        1.000000        0.000000    
 k_ppt17               1.516581        1.000000        0.000000    
 k_ppt18               1.638366        1.000000        0.000000    
 k_ppt19               1.168710        1.000000        0.000000    
 k_ppt20              0.5997688        1.000000        0.000000    
 k_ppt21              0.7993967        1.000000        0.000000    
 k_ppt22              0.9498710        1.000000        0.000000    
 k_ppt23              0.8263920        1.000000        0.000000    
 k_ppt24              0.6897064        1.000000        0.000000    
 k_ppt25               1.744775        1.000000        0.000000    
 k_ppt26               2.074590        1.000000        0.000000    
 k_ppt27              0.8807188        1.000000        0.000000    
 k_ppt28               1.267290        1.000000        0.000000    
 k_ppt29               1.434806        1.000000        0.000000    
 k_ppt30              0.7055402        1.000000        0.000000    
 k_ppt31              0.9834842        1.000000        0.000000    
 k_ppt32              0.4257708        1.000000        0.000000    
 k_ppt33               5.628385        1.000000        0.000000    
 k_ppt34               1.704100        1.000000        0.000000    
 k_ppt35               2.484300        1.000000        0.000000    
 k_ppt36               7.065651        1.000000        0.000000    
 k_ppt37               2.112143        1.000000        0.000000    
 k_ppt38               2.902630        1.000000        0.000000    
 k_ppt39               2.926785        1.000000        0.000000    
 k_ppt40              0.6365360        1.000000        0.000000    
 k_ppt41               1.318802        1.000000        0.000000    
 k_ppt42               2.488135        1.000000        0.000000    
 k_ppt43               2.591552        1.000000        0.000000    
 k_ppt44               10.77436        1.000000        0.000000    
 k_ppt45               8.015215        1.000000        0.000000    
 k_ppt46               6.312137        1.000000        0.000000    
 k_ppt47               9.685615        1.000000        0.000000    
 k_ppt48               4.233891        1.000000        0.000000    
 k_ppt49               1.430210        1.000000        0.000000    
 k_ppt50               1.284167        1.000000        0.000000    
 k_ppt51               2.174608        1.000000        0.000000    
 k_ppt52               4.610286        1.000000        0.000000    
 k_ppt53               4.374317        1.000000        0.000000    
 k_ppt54               18.23400        1.000000        0.000000    
 k_ppt55               11.49704        1.000000        0.000000    
 k_ppt56               10.65025        1.000000        0.000000    
 k_ppt57              0.6077025        1.000000        0.000000    
 k_ppt58               1.030368        1.000000        0.000000    
 k_ppt59               1.508479        1.000000        0.000000    
 k_ppt60               8.983462        1.000000        0.000000    
 k_ppt61               4.082539        1.000000        0.000000    
 k_ppt62               3.576893        1.000000        0.000000    
 k_ppt63               20.67138        1.000000        0.000000    
 k_ppt64               12.43810        1.000000        0.000000    
 k_ppt65               2.513183        1.000000        0.000000    
 k_ppt66               3.570021        1.000000        0.000000    
 k_ppt67               3.348473        1.000000        0.000000    
 k_ppt68               11.09004        1.000000        0.000000    
 k_ppt69               3.001402        1.000000        0.000000    
 k_ppt70               2.552564        1.000000        0.000000    
 k_ppt71               7.121955        1.000000        0.000000    
 k_ppt72               16.95916        1.000000        0.000000    
 k_ppt73               2.451398        1.000000        0.000000    
 k_ppt74               2.025454        1.000000        0.000000    
 k_ppt75               2.778820        1.000000        0.000000    
 k_ppt76               6.224900        1.000000        0.000000    
 k_ppt77               3.067126        1.000000        0.000000    
 k_ppt78               3.852054        1.000000        0.000000    
 k_ppt79               6.314875        1.000000        0.000000    
 k_ppt80               10.84173        1.000000        0.000000    
 k_ppt81              0.9722828        1.000000        0.000000    
 k_ppt82               1.207449        1.000000        0.000000    
 k_ppt83               1.307799        1.000000        0.000000    
 k_ppt84               2.770827        1.000000        0.000000    
 k_ppt85               2.224578        1.000000        0.000000    
 k_ppt86               9.814084        1.000000        0.000000    
 k_ppt87               5.911958        1.000000        0.000000    
 k_ppt88               3.117288        1.000000        0.000000    
 k_ppt89              0.9690893        1.000000        0.000000    
 k_ppt90               1.660367        1.000000        0.000000    
 k_ppt91               1.178492        1.000000        0.000000    
 k_ppt92               1.768741        1.000000        0.000000    
 k_ppt93               2.501894        1.000000        0.000000    
 k_ppt94               5.479884        1.000000        0.000000    
 k_ppt95               2.414745        1.000000        0.000000    
 k_ppt96               1.528546        1.000000        0.000000    
 k_ppt97               1.061743        1.000000        0.000000    
 k_ppt98              0.6135778        1.000000        0.000000    
 k_ppt99              0.9219156        1.000000        0.000000    
 k_ppt100              3.686692        1.000000        0.000000    
 k_ppt101              13.43158        1.000000        0.000000    
 k_ppt102              6.894626        1.000000        0.000000    
 k_ppt103              2.478548        1.000000        0.000000    
 k_ppt104              4.471236        1.000000        0.000000    
