 single point
 k_ppt1               0.6705703        1.000000        0.000000    
 k_ppt2               0.5598225        1.000000        0.000000    
 k_ppt3               0.2621984        1.000000        0.000000    
 k_ppt4               0.5217526        1.000000        0.000000    
 k_ppt5               0.8052965        1.000000        0.000000    
 k_ppt6               0.6209950        1.000000        0.000000    
 k_ppt7               0.6732506        1.000000        0.000000    
 k_ppt8               0.9930591        1.000000        0.000000    
 k_ppt9                2.435049        1.000000        0.000000    
 k_ppt10               3.818578        1.000000        0.000000    
 k_ppt11               1.954623        1.000000        0.000000    
 k_ppt12               1.346947        1.000000        0.000000    
 k_ppt13               1.465151        1.000000        0.000000    
 k_ppt14              0.7099908        1.000000        0.000000    
 k_ppt15              0.3542291        1.000000        0.000000    
 k_ppt16              0.9521769        1.000000        0.000000    
 k_ppt17               1.197567        1.000000        0.000000    
 k_ppt18               1.719061        1.000000        0.000000    
 k_ppt19               1.621841        1.000000        0.000000    
 k_ppt20               4.272424        1.000000        0.000000    
 k_ppt21               5.379975        1.000000        0.000000    
 k_ppt22               1.959680        1.000000        0.000000    
 k_ppt23               1.000251        1.000000        0.000000    
 k_ppt24               1.247295        1.000000        0.000000    
 k_ppt25               1.029162        1.000000        0.000000    
 k_ppt26              0.5913829        1.000000        0.000000    
 k_ppt27               1.373545        1.000000        0.000000    
 k_ppt28               2.160947        1.000000        0.000000    
 k_ppt29               3.168087        1.000000        0.000000    
 k_ppt30               3.950951        1.000000        0.000000    
 k_ppt31               1.340482        1.000000        0.000000    
 k_ppt32               2.033192        1.000000        0.000000    
 k_ppt33               1.145604        1.000000        0.000000    
 k_ppt34               1.029202        1.000000        0.000000    
 k_ppt35               2.192084        1.000000        0.000000    
 k_ppt36               2.573449        1.000000        0.000000    
 k_ppt37               3.011026        1.000000        0.000000    
 k_ppt38               5.721532        1.000000        0.000000    
 k_ppt39               2.617829        1.000000        0.000000    
 k_ppt40               3.819840        1.000000        0.000000    
 k_ppt41               1.085786        1.000000        0.000000    
 k_ppt42               1.795381        1.000000        0.000000    
 k_ppt43               1.385013        1.000000        0.000000    
 k_ppt44               4.711542        1.000000        0.000000    
 k_ppt45               1.660110        1.000000        0.000000    
 k_ppt46               2.318069        1.000000        0.000000    
 k_ppt47               2.815698        1.000000        0.000000    
 k_ppt48               4.249794        1.000000        0.000000    
 k_ppt49               3.402412        1.000000        0.000000    
 k_ppt50               4.345333        1.000000        0.000000    
 k_ppt51               2.735478        1.000000        0.000000    
 k_ppt52               2.235631        1.000000        0.000000    
 k_ppt53               1.756098        1.000000        0.000000    
 k_ppt54               1.468550        1.000000        0.000000    
 k_ppt55               3.328797        1.000000        0.000000    
 k_ppt56               1.854335        1.000000        0.000000    
 k_ppt57               1.831445        1.000000        0.000000    
 k_ppt58               4.666593        1.000000        0.000000    
 k_ppt59               2.838671        1.000000        0.000000    
 k_ppt60               2.038640        1.000000        0.000000    
 k_ppt61               7.863588        1.000000        0.000000    
 k_ppt62               2.194272        1.000000        0.000000    
 k_ppt63               3.131907        1.000000        0.000000    
 k_ppt64               2.259543        1.000000        0.000000    
 k_ppt65               1.894588        1.000000        0.000000    
 k_ppt66               3.202633        1.000000        0.000000    
 k_ppt67               2.785241        1.000000        0.000000    
 k_ppt68               2.628162        1.000000        0.000000    
 k_ppt69               2.701296        1.000000        0.000000    
 k_ppt70               1.651617        1.000000        0.000000    
 k_ppt71               1.107004        1.000000        0.000000    
 k_ppt72               1.846612        1.000000        0.000000    
 k_ppt73               4.102378        1.000000        0.000000    
 k_ppt74               3.738036        1.000000        0.000000    
 k_ppt75               1.770528        1.000000        0.000000    
 k_ppt76               1.761679        1.000000        0.000000    
 k_ppt77               1.878969        1.000000        0.000000    
 k_ppt78              0.9892837        1.000000        0.000000    
 k_ppt79              0.7917770        1.000000        0.000000    
 k_ppt80               1.358675        1.000000        0.000000    
 k_ppt81               3.425421        1.000000        0.000000    
 k_ppt82               3.263980        1.000000        0.000000    
 k_ppt83               1.718876        1.000000        0.000000    
 k_ppt84              0.8417030        1.000000        0.000000    
 k_ppt85               1.434075        1.000000        0.000000    
 k_ppt86              0.4975193        1.000000        0.000000    
 k_ppt87              0.3119883        1.000000        0.000000    
 k_ppt88              0.7676061        1.000000        0.000000    
 k_ppt89               1.799837        1.000000        0.000000    
 k_ppt90               1.897085        1.000000        0.000000    
 k_ppt91               2.234431        1.000000        0.000000    
 k_ppt92               2.080678        1.000000        0.000000    
 k_ppt93              0.6183544        1.000000        0.000000    
 k_ppt94               2.564121        1.000000        0.000000    
 k_ppt95              0.9189267        1.000000        0.000000    
 k_ppt96               1.416609        1.000000        0.000000    
 k_ppt97               1.403495        1.000000        0.000000    
 k_ppt98               1.231377        1.000000        0.000000    
 k_ppt99               1.014346        1.000000        0.000000    
 k_ppt100              1.693398        1.000000        0.000000    
 k_ppt101              1.727768        1.000000        0.000000    
 k_ppt102             0.7568021        1.000000        0.000000    
 k_ppt103             0.7839008        1.000000        0.000000    
 k_ppt104              1.013928        1.000000        0.000000    
