 single point
 k_ppt1               0.8708854        1.000000        0.000000    
 k_ppt2               0.4882276        1.000000        0.000000    
 k_ppt3                1.470833        1.000000        0.000000    
 k_ppt4               0.9745781        1.000000        0.000000    
 k_ppt5                2.425001        1.000000        0.000000    
 k_ppt6               0.5171826        1.000000        0.000000    
 k_ppt7                1.174369        1.000000        0.000000    
 k_ppt8                3.098432        1.000000        0.000000    
 k_ppt9               0.3147671        1.000000        0.000000    
 k_ppt10              0.5574065        1.000000        0.000000    
 k_ppt11               1.694320        1.000000        0.000000    
 k_ppt12               2.138653        1.000000        0.000000    
 k_ppt13               2.693950        1.000000        0.000000    
 k_ppt14               1.768014        1.000000        0.000000    
 k_ppt15               1.086321        1.000000        0.000000    
 k_ppt16               2.353467        1.000000        0.000000    
 k_ppt17              0.2677588        1.000000        0.000000    
 k_ppt18              0.3133283        1.000000        0.000000    
 k_ppt19              0.3055086        1.000000        0.000000    
 k_ppt20              0.9597802        1.000000        0.000000    
 k_ppt21               4.565526        1.000000        0.000000    
 k_ppt22               2.761206        1.000000        0.000000    
 k_ppt23               2.114128        1.000000        0.000000    
 k_ppt24               2.871819        1.000000        0.000000    
 k_ppt25              0.4400043        1.000000        0.000000    
 k_ppt26              0.4207912        1.000000        0.000000    
 k_ppt27              0.3959831        1.000000        0.000000    
 k_ppt28              0.6591327        1.000000        0.000000    
 k_ppt29               2.669368        1.000000        0.000000    
 k_ppt30               5.036037        1.000000        0.000000    
 k_ppt31               2.377424        1.000000        0.000000    
 k_ppt32               2.571688        1.000000        0.000000    
 k_ppt33              0.5456904        1.000000        0.000000    
 k_ppt34              0.8162420        1.000000        0.000000    
 k_ppt35               1.262774        1.000000        0.000000    
 k_ppt36              0.5687484        1.000000        0.000000    
 k_ppt37              0.9587778        1.000000        0.000000    
 k_ppt38               1.235199        1.000000        0.000000    
 k_ppt39               2.631682        1.000000        0.000000    
 k_ppt40               1.928610        1.000000        0.000000    
 k_ppt41              0.7011252        1.000000        0.000000    
 k_ppt42               1.054326        1.000000        0.000000    
 k_ppt43              0.5118213        1.000000        0.000000    
 k_ppt44              0.7378664        1.000000        0.000000    
 k_ppt45              0.5461555        1.000000        0.000000    
 k_ppt46               1.520287        1.000000        0.000000    
 k_ppt47               1.908314        1.000000        0.000000    
 k_ppt48               1.766240        1.000000        0.000000    
 k_ppt49               1.505441        1.000000        0.000000    
 k_ppt50               1.541287        1.000000        0.000000    
 k_ppt51               1.036671        1.000000        0.000000    
 k_ppt52               1.211980        1.000000        0.000000    
 k_ppt53               1.739100        1.000000        0.000000    
 k_ppt54               5.270918        1.000000        0.000000    
 k_ppt55               2.772271        1.000000        0.000000    
 k_ppt56               10.22638        1.000000        0.000000    
 k_ppt57              0.8948629        1.000000        0.000000    
 k_ppt58               1.715890        1.000000        0.000000    
 k_ppt59               1.906818        1.000000        0.000000    
 k_ppt60               3.122701        1.000000        0.000000    
 k_ppt61               2.225123        1.000000        0.000000    
 k_ppt62               2.891119        1.000000        0.000000    
 k_ppt63               2.047122        1.000000        0.000000    
 k_ppt64               4.588065        1.000000        0.000000    
 k_ppt65               2.634749        1.000000        0.000000    
 k_ppt66               2.479217        1.000000        0.000000    
 k_ppt67               1.219338        1.000000        0.000000    
 k_ppt68               1.378935        1.000000        0.000000    
 k_ppt69               1.689329        1.000000        0.000000    
 k_ppt70               2.404187        1.000000        0.000000    
 k_ppt71               1.748841        1.000000        0.000000    
 k_ppt72               2.814265        1.000000        0.000000    
 k_ppt73               3.506446        1.000000        0.000000    
 k_ppt74               2.834643        1.000000        0.000000    
 k_ppt75               1.186542        1.000000        0.000000    
 k_ppt76              0.3575395        1.000000        0.000000    
 k_ppt77               1.693501        1.000000        0.000000    
 k_ppt78               3.507185        1.000000        0.000000    
 k_ppt79               4.159610        1.000000        0.000000    
 k_ppt80              0.7979362        1.000000        0.000000    
 k_ppt81               2.375315        1.000000        0.000000    
 k_ppt82               1.308161        1.000000        0.000000    
 k_ppt83               1.413430        1.000000        0.000000    
 k_ppt84              0.4942066        1.000000        0.000000    
 k_ppt85               1.270276        1.000000        0.000000    
 k_ppt86              0.9436793        1.000000        0.000000    
 k_ppt87              0.8578887        1.000000        0.000000    
 k_ppt88              0.4168936        1.000000        0.000000    
 k_ppt89               10.73036        1.000000        0.000000    
 k_ppt90               1.783399        1.000000        0.000000    
 k_ppt91               2.446686        1.000000        0.000000    
 k_ppt92              0.7056938        1.000000        0.000000    
 k_ppt93              0.5938011        1.000000        0.000000    
 k_ppt94              0.5461939        1.000000        0.000000    
 k_ppt95              0.5232408        1.000000        0.000000    
 k_ppt96              0.4854610        1.000000        0.000000    
 k_ppt97               3.564344        1.000000        0.000000    
 k_ppt98               1.599677        1.000000        0.000000    
 k_ppt99              0.8028812        1.000000        0.000000    
 k_ppt100             0.9732907        1.000000        0.000000    
 k_ppt101             0.2924307        1.000000        0.000000    
 k_ppt102             0.1339469        1.000000        0.000000    
 k_ppt103             0.2989430        1.000000        0.000000    
 k_ppt104             0.2274649        1.000000        0.000000    
