 single point
 k_ppt1                2.070727        1.000000        0.000000    
 k_ppt2                3.608721        1.000000        0.000000    
 k_ppt3                3.429043        1.000000        0.000000    
 k_ppt4                1.482318        1.000000        0.000000    
 k_ppt5                3.783318        1.000000        0.000000    
 k_ppt6                2.596102        1.000000        0.000000    
 k_ppt7                1.738731        1.000000        0.000000    
 k_ppt8                4.216220        1.000000        0.000000    
 k_ppt9                3.499295        1.000000        0.000000    
 k_ppt10               6.068677        1.000000        0.000000    
 k_ppt11               5.033784        1.000000        0.000000    
 k_ppt12               4.091044        1.000000        0.000000    
 k_ppt13               6.423052        1.000000        0.000000    
 k_ppt14               2.174022        1.000000        0.000000    
 k_ppt15               1.546443        1.000000        0.000000    
 k_ppt16              0.8218417        1.000000        0.000000    
 k_ppt17               3.550840        1.000000        0.000000    
 k_ppt18               2.901182        1.000000        0.000000    
 k_ppt19               4.315512        1.000000        0.000000    
 k_ppt20               2.096157        1.000000        0.000000    
 k_ppt21               4.252017        1.000000        0.000000    
 k_ppt22               5.414126        1.000000        0.000000    
 k_ppt23               2.992672        1.000000        0.000000    
 k_ppt24               1.374079        1.000000        0.000000    
 k_ppt25               1.056234        1.000000        0.000000    
 k_ppt26               1.237888        1.000000        0.000000    
 k_ppt27               1.233089        1.000000        0.000000    
 k_ppt28               1.820541        1.000000        0.000000    
 k_ppt29               6.277161        1.000000        0.000000    
 k_ppt30               4.385392        1.000000        0.000000    
 k_ppt31               5.854613        1.000000        0.000000    
 k_ppt32               3.040188        1.000000        0.000000    
 k_ppt33               1.304015        1.000000        0.000000    
 k_ppt34              0.6349661        1.000000        0.000000    
 k_ppt35              0.2886148        1.000000        0.000000    
 k_ppt36              0.6382888        1.000000        0.000000    
 k_ppt37               2.164724        1.000000        0.000000    
 k_ppt38               5.239865        1.000000        0.000000    
 k_ppt39               4.045185        1.000000        0.000000    
 k_ppt40               1.699349        1.000000        0.000000    
 k_ppt41               1.157634        1.000000        0.000000    
 k_ppt42               1.239341        1.000000        0.000000    
 k_ppt43               1.619755        1.000000        0.000000    
 k_ppt44              0.3584963        1.000000        0.000000    
 k_ppt45               2.346501        1.000000        0.000000    
 k_ppt46               8.195712        1.000000        0.000000    
 k_ppt47               2.910105        1.000000        0.000000    
 k_ppt48               1.667835        1.000000        0.000000    
 k_ppt49               1.807197        1.000000        0.000000    
 k_ppt50               1.095091        1.000000        0.000000    
 k_ppt51              0.4918435        1.000000        0.000000    
 k_ppt52              0.7322393        1.000000        0.000000    
 k_ppt53               1.355180        1.000000        0.000000    
 k_ppt54               2.518573        1.000000        0.000000    
 k_ppt55               5.204609        1.000000        0.000000    
 k_ppt56               3.464079        1.000000        0.000000    
 k_ppt57               4.262577        1.000000        0.000000    
 k_ppt58               1.643330        1.000000        0.000000    
 k_ppt59              0.4212248        1.000000        0.000000    
 k_ppt60               1.131669        1.000000        0.000000    
 k_ppt61               1.461537        1.000000        0.000000    
 k_ppt62               4.480453        1.000000        0.000000    
 k_ppt63               6.265213        1.000000        0.000000    
 k_ppt64               2.932216        1.000000        0.000000    
 k_ppt65               1.095583        1.000000        0.000000    
 k_ppt66               2.232114        1.000000        0.000000    
 k_ppt67               1.144660        1.000000        0.000000    
 k_ppt68              0.7968622        1.000000        0.000000    
 k_ppt69              0.6898063        1.000000        0.000000    
 k_ppt70               1.737740        1.000000        0.000000    
 k_ppt71               5.141870        1.000000        0.000000    
 k_ppt72               5.532754        1.000000        0.000000    
 k_ppt73               1.616254        1.000000        0.000000    
 k_ppt74               3.853473        1.000000        0.000000    
 k_ppt75               2.033280        1.000000        0.000000    
 k_ppt76               1.554749        1.000000        0.000000    
 k_ppt77               1.825521        1.000000        0.000000    
 k_ppt78               4.421720        1.000000        0.000000    
 k_ppt79               9.944554        1.000000        0.000000    
 k_ppt80               9.866667        1.000000        0.000000    
 k_ppt81               1.383223        1.000000        0.000000    
 k_ppt82               3.502679        1.000000        0.000000    
 k_ppt83               1.488331        1.000000        0.000000    
 k_ppt84              0.3577089        1.000000        0.000000    
 k_ppt85              0.9995710        1.000000        0.000000    
 k_ppt86               2.816518        1.000000        0.000000    
 k_ppt87               17.51287        1.000000        0.000000    
 k_ppt88               13.10857        1.000000        0.000000    
 k_ppt89               2.106070        1.000000        0.000000    
 k_ppt90               6.936790        1.000000        0.000000    
 k_ppt91               2.265264        1.000000        0.000000    
 k_ppt92              0.4044172        1.000000        0.000000    
 k_ppt93               1.965574        1.000000        0.000000    
 k_ppt94               5.844152        1.000000        0.000000    
 k_ppt95               8.970328        1.000000        0.000000    
 k_ppt96               8.948121        1.000000        0.000000    
 k_ppt97               10.40712        1.000000        0.000000    
 k_ppt98               4.699528        1.000000        0.000000    
 k_ppt99               3.453273        1.000000        0.000000    
 k_ppt100             0.9652935        1.000000        0.000000    
 k_ppt101              3.873984        1.000000        0.000000    
 k_ppt102              5.738412        1.000000        0.000000    
 k_ppt103              3.358370        1.000000        0.000000    
 k_ppt104              2.493198        1.000000        0.000000    
