 single point
 k_ppt1                1.220584        1.000000        0.000000    
 k_ppt2               0.4476099        1.000000        0.000000    
 k_ppt3               0.8931259        1.000000        0.000000    
 k_ppt4                2.404468        1.000000        0.000000    
 k_ppt5                4.239291        1.000000        0.000000    
 k_ppt6                2.776413        1.000000        0.000000    
 k_ppt7                5.363509        1.000000        0.000000    
 k_ppt8                4.271407        1.000000        0.000000    
 k_ppt9               0.8571363        1.000000        0.000000    
 k_ppt10              0.7307744        1.000000        0.000000    
 k_ppt11               1.569122        1.000000        0.000000    
 k_ppt12               1.007236        1.000000        0.000000    
 k_ppt13               1.989824        1.000000        0.000000    
 k_ppt14               3.699879        1.000000        0.000000    
 k_ppt15               6.572363        1.000000        0.000000    
 k_ppt16               4.918300        1.000000        0.000000    
 k_ppt17              0.7659278        1.000000        0.000000    
 k_ppt18              0.5125702        1.000000        0.000000    
 k_ppt19              0.4671198        1.000000        0.000000    
 k_ppt20              0.7963317        1.000000        0.000000    
 k_ppt21               1.334065        1.000000        0.000000    
 k_ppt22               1.548172        1.000000        0.000000    
 k_ppt23               1.363265        1.000000        0.000000    
 k_ppt24               1.106567        1.000000        0.000000    
 k_ppt25               1.020304        1.000000        0.000000    
 k_ppt26              0.8401922        1.000000        0.000000    
 k_ppt27              0.9432207        1.000000        0.000000    
 k_ppt28               1.405630        1.000000        0.000000    
 k_ppt29              0.7120655        1.000000        0.000000    
 k_ppt30              0.6647763        1.000000        0.000000    
 k_ppt31              0.4360822        1.000000        0.000000    
 k_ppt32               1.205609        1.000000        0.000000    
 k_ppt33              0.4326962        1.000000        0.000000    
 k_ppt34               1.401727        1.000000        0.000000    
 k_ppt35              0.7538358        1.000000        0.000000    
 k_ppt36               1.078257        1.000000        0.000000    
 k_ppt37              0.5934841        1.000000        0.000000    
 k_ppt38              0.8307968        1.000000        0.000000    
 k_ppt39               1.446877        1.000000        0.000000    
 k_ppt40               1.276449        1.000000        0.000000    
 k_ppt41              0.5755543        1.000000        0.000000    
 k_ppt42               2.180940        1.000000        0.000000    
 k_ppt43               1.418348        1.000000        0.000000    
 k_ppt44              0.9156544        1.000000        0.000000    
 k_ppt45              0.8628027        1.000000        0.000000    
 k_ppt46               1.656008        1.000000        0.000000    
 k_ppt47               1.005987        1.000000        0.000000    
 k_ppt48               2.646821        1.000000        0.000000    
 k_ppt49              0.3385482        1.000000        0.000000    
 k_ppt50              0.6149036        1.000000        0.000000    
 k_ppt51               3.104998        1.000000        0.000000    
 k_ppt52               1.257521        1.000000        0.000000    
 k_ppt53               1.147694        1.000000        0.000000    
 k_ppt54               2.177181        1.000000        0.000000    
 k_ppt55               1.149800        1.000000        0.000000    
 k_ppt56               5.367717        1.000000        0.000000    
 k_ppt57              0.2378246        1.000000        0.000000    
 k_ppt58              0.4530100        1.000000        0.000000    
 k_ppt59               1.993414        1.000000        0.000000    
 k_ppt60               2.775807        1.000000        0.000000    
 k_ppt61              0.8169059        1.000000        0.000000    
 k_ppt62               1.474390        1.000000        0.000000    
 k_ppt63               3.295774        1.000000        0.000000    
 k_ppt64               2.574838        1.000000        0.000000    
 k_ppt65              0.4770308        1.000000        0.000000    
 k_ppt66              0.2863285        1.000000        0.000000    
 k_ppt67              0.3094790        1.000000        0.000000    
 k_ppt68              0.5360727        1.000000        0.000000    
 k_ppt69              0.4380296        1.000000        0.000000    
 k_ppt70              0.2769907        1.000000        0.000000    
 k_ppt71               1.184868        1.000000        0.000000    
 k_ppt72               5.510927        1.000000        0.000000    
 k_ppt73              0.4695560        1.000000        0.000000    
 k_ppt74              0.5799567        1.000000        0.000000    
 k_ppt75              0.2780953        1.000000        0.000000    
 k_ppt76               1.165436        1.000000        0.000000    
 k_ppt77              0.4287222        1.000000        0.000000    
 k_ppt78              0.2765702        1.000000        0.000000    
 k_ppt79              0.6445335        1.000000        0.000000    
 k_ppt80              0.9117339        1.000000        0.000000    
 k_ppt81               1.693947        1.000000        0.000000    
 k_ppt82               1.519964        1.000000        0.000000    
 k_ppt83              0.6350800        1.000000        0.000000    
 k_ppt84              0.4875292        1.000000        0.000000    
 k_ppt85              0.2815533        1.000000        0.000000    
 k_ppt86              0.3447527        1.000000        0.000000    
 k_ppt87              0.1882792        1.000000        0.000000    
 k_ppt88              0.5331264        1.000000        0.000000    
 k_ppt89              0.4167280        1.000000        0.000000    
 k_ppt90               1.320929        1.000000        0.000000    
 k_ppt91              0.9314395        1.000000        0.000000    
 k_ppt92              0.3479927        1.000000        0.000000    
 k_ppt93              0.4165312        1.000000        0.000000    
 k_ppt94              0.5687867        1.000000        0.000000    
 k_ppt95              0.1863589        1.000000        0.000000    
 k_ppt96              0.3107795        1.000000        0.000000    
 k_ppt97              0.6893070        1.000000        0.000000    
 k_ppt98              0.6800279        1.000000        0.000000    
 k_ppt99              0.8409990        1.000000        0.000000    
 k_ppt100             0.1734916        1.000000        0.000000    
 k_ppt101             0.4973036        1.000000        0.000000    
 k_ppt102              1.022022        1.000000        0.000000    
 k_ppt103             0.6783033        1.000000        0.000000    
 k_ppt104             0.3522529        1.000000        0.000000    
