 single point
 k_ppt1                21.79193        1.000000        0.000000    
 k_ppt2                10.02245        1.000000        0.000000    
 k_ppt3                10.64281        1.000000        0.000000    
 k_ppt4                8.081736        1.000000        0.000000    
 k_ppt5                2.996214        1.000000        0.000000    
 k_ppt6                1.260368        1.000000        0.000000    
 k_ppt7                1.438915        1.000000        0.000000    
 k_ppt8                1.782981        1.000000        0.000000    
 k_ppt9                6.692757        1.000000        0.000000    
 k_ppt10               1.522528        1.000000        0.000000    
 k_ppt11               4.225885        1.000000        0.000000    
 k_ppt12               2.740865        1.000000        0.000000    
 k_ppt13               2.668435        1.000000        0.000000    
 k_ppt14              0.5423681        1.000000        0.000000    
 k_ppt15              0.9403987        1.000000        0.000000    
 k_ppt16              0.5633047        1.000000        0.000000    
 k_ppt17               1.701651        1.000000        0.000000    
 k_ppt18               2.464461        1.000000        0.000000    
 k_ppt19               3.928861        1.000000        0.000000    
 k_ppt20               1.845648        1.000000        0.000000    
 k_ppt21               1.299793        1.000000        0.000000    
 k_ppt22              0.3370280        1.000000        0.000000    
 k_ppt23              0.8733639        1.000000        0.000000    
 k_ppt24              0.6181981        1.000000        0.000000    
 k_ppt25               1.685560        1.000000        0.000000    
 k_ppt26               5.101454        1.000000        0.000000    
 k_ppt27               3.050131        1.000000        0.000000    
 k_ppt28               1.273808        1.000000        0.000000    
 k_ppt29               1.180321        1.000000        0.000000    
 k_ppt30              0.3735737        1.000000        0.000000    
 k_ppt31              0.8864354        1.000000        0.000000    
 k_ppt32               1.230253        1.000000        0.000000    
 k_ppt33               1.845008        1.000000        0.000000    
 k_ppt34               8.095553        1.000000        0.000000    
 k_ppt35               4.627102        1.000000        0.000000    
 k_ppt36               3.320263        1.000000        0.000000    
 k_ppt37               2.598056        1.000000        0.000000    
 k_ppt38              0.9658242        1.000000        0.000000    
 k_ppt39               1.709625        1.000000        0.000000    
 k_ppt40               3.484903        1.000000        0.000000    
 k_ppt41               1.612675        1.000000        0.000000    
 k_ppt42               3.993562        1.000000        0.000000    
 k_ppt43               2.493573        1.000000        0.000000    
 k_ppt44               2.228870        1.000000        0.000000    
 k_ppt45               1.618221        1.000000        0.000000    
 k_ppt46               1.509663        1.000000        0.000000    
 k_ppt47               3.605336        1.000000        0.000000    
 k_ppt48               3.321099        1.000000        0.000000    
 k_ppt49               3.139358        1.000000        0.000000    
 k_ppt50               2.228075        1.000000        0.000000    
 k_ppt51               2.054340        1.000000        0.000000    
 k_ppt52               4.013891        1.000000        0.000000    
 k_ppt53               11.64825        1.000000        0.000000    
 k_ppt54               8.965058        1.000000        0.000000    
 k_ppt55               3.681661        1.000000        0.000000    
 k_ppt56               1.524087        1.000000        0.000000    
 k_ppt57               1.780163        1.000000        0.000000    
 k_ppt58              0.7247494        1.000000        0.000000    
 k_ppt59               2.448840        1.000000        0.000000    
 k_ppt60               9.953472        1.000000        0.000000    
 k_ppt61               19.34382        1.000000        0.000000    
 k_ppt62               8.597839        1.000000        0.000000    
 k_ppt63               1.697958        1.000000        0.000000    
 k_ppt64               1.258772        1.000000        0.000000    
 k_ppt65               5.642946        1.000000        0.000000    
 k_ppt66               1.034227        1.000000        0.000000    
 k_ppt67               1.684813        1.000000        0.000000    
 k_ppt68               8.001426        1.000000        0.000000    
 k_ppt69               7.148915        1.000000        0.000000    
 k_ppt70               6.857723        1.000000        0.000000    
 k_ppt71               2.331500        1.000000        0.000000    
 k_ppt72              0.5275600        1.000000        0.000000    
 k_ppt73               1.918068        1.000000        0.000000    
 k_ppt74               1.571474        1.000000        0.000000    
 k_ppt75               2.208918        1.000000        0.000000    
 k_ppt76               4.008206        1.000000        0.000000    
 k_ppt77               7.647432        1.000000        0.000000    
 k_ppt78               2.341320        1.000000        0.000000    
 k_ppt79               1.499426        1.000000        0.000000    
 k_ppt80               4.782499        1.000000        0.000000    
 k_ppt81               2.612253        1.000000        0.000000    
 k_ppt82               1.763829        1.000000        0.000000    
 k_ppt83               1.580253        1.000000        0.000000    
 k_ppt84               1.664953        1.000000        0.000000    
 k_ppt85               4.289790        1.000000        0.000000    
 k_ppt86               2.669741        1.000000        0.000000    
 k_ppt87              0.8688594        1.000000        0.000000    
 k_ppt88               1.505572        1.000000        0.000000    
 k_ppt89               4.081729        1.000000        0.000000    
 k_ppt90               6.433708        1.000000        0.000000    
 k_ppt91               1.685228        1.000000        0.000000    
 k_ppt92               3.129492        1.000000        0.000000    
 k_ppt93               2.200986        1.000000        0.000000    
 k_ppt94               3.102189        1.000000        0.000000    
 k_ppt95               3.393500        1.000000        0.000000    
 k_ppt96              0.8511377        1.000000        0.000000    
 k_ppt97               5.196273        1.000000        0.000000    
 k_ppt98               3.198621        1.000000        0.000000    
 k_ppt99               2.480239        1.000000        0.000000    
 k_ppt100              3.147948        1.000000        0.000000    
 k_ppt101              3.146201        1.000000        0.000000    
 k_ppt102              4.201019        1.000000        0.000000    
 k_ppt103              4.887647        1.000000        0.000000    
 k_ppt104              1.614103        1.000000        0.000000    
