 single point
 k_ppt1               0.5787836        1.000000        0.000000    
 k_ppt2               0.7663756        1.000000        0.000000    
 k_ppt3               0.7167948        1.000000        0.000000    
 k_ppt4               0.4451356        1.000000        0.000000    
 k_ppt5               0.3090609        1.000000        0.000000    
 k_ppt6               0.4043129        1.000000        0.000000    
 k_ppt7               0.2283270        1.000000        0.000000    
 k_ppt8               0.1581871        1.000000        0.000000    
 k_ppt9               0.6045812        1.000000        0.000000    
 k_ppt10              0.1969855        1.000000        0.000000    
 k_ppt11              0.9927378        1.000000        0.000000    
 k_ppt12              0.4598322        1.000000        0.000000    
 k_ppt13              0.1382069        1.000000        0.000000    
 k_ppt14              0.1768126        1.000000        0.000000    
 k_ppt15              0.1417907        1.000000        0.000000    
 k_ppt16              0.1186472        1.000000        0.000000    
 k_ppt17              0.2194756        1.000000        0.000000    
 k_ppt18              0.5761920        1.000000        0.000000    
 k_ppt19              0.3583563        1.000000        0.000000    
 k_ppt20              0.2446051        1.000000        0.000000    
 k_ppt21              0.2965260        1.000000        0.000000    
 k_ppt22              0.1361959        1.000000        0.000000    
 k_ppt23              0.4239352        1.000000        0.000000    
 k_ppt24              0.2329376        1.000000        0.000000    
 k_ppt25               1.186224        1.000000        0.000000    
 k_ppt26              0.4745237        1.000000        0.000000    
 k_ppt27              0.2273047        1.000000        0.000000    
 k_ppt28              0.5097206        1.000000        0.000000    
 k_ppt29              0.5924436        1.000000        0.000000    
 k_ppt30              0.4780943        1.000000        0.000000    
 k_ppt31              0.6460064        1.000000        0.000000    
 k_ppt32              0.4731003        1.000000        0.000000    
 k_ppt33               1.467318        1.000000        0.000000    
 k_ppt34               1.459166        1.000000        0.000000    
 k_ppt35              0.9700363        1.000000        0.000000    
 k_ppt36               2.473839        1.000000        0.000000    
 k_ppt37              0.5589015        1.000000        0.000000    
 k_ppt38              0.3161297        1.000000        0.000000    
 k_ppt39              0.3959766        1.000000        0.000000    
 k_ppt40              0.8117107        1.000000        0.000000    
 k_ppt41              0.9253251        1.000000        0.000000    
 k_ppt42              0.8850108        1.000000        0.000000    
 k_ppt43               1.571933        1.000000        0.000000    
 k_ppt44               1.441049        1.000000        0.000000    
 k_ppt45               1.281931        1.000000        0.000000    
 k_ppt46              0.9107935        1.000000        0.000000    
 k_ppt47              0.6064373        1.000000        0.000000    
 k_ppt48               1.033900        1.000000        0.000000    
 k_ppt49              0.6516830        1.000000        0.000000    
 k_ppt50               1.024323        1.000000        0.000000    
 k_ppt51               1.873639        1.000000        0.000000    
 k_ppt52               1.133454        1.000000        0.000000    
 k_ppt53               1.381880        1.000000        0.000000    
 k_ppt54              0.8221677        1.000000        0.000000    
 k_ppt55               1.018738        1.000000        0.000000    
 k_ppt56              0.7967927        1.000000        0.000000    
 k_ppt57              0.2794923        1.000000        0.000000    
 k_ppt58              0.8962608        1.000000        0.000000    
 k_ppt59               1.371491        1.000000        0.000000    
 k_ppt60               1.917946        1.000000        0.000000    
 k_ppt61              0.9868781        1.000000        0.000000    
 k_ppt62              0.6158162        1.000000        0.000000    
 k_ppt63               1.047292        1.000000        0.000000    
 k_ppt64               1.176863        1.000000        0.000000    
 k_ppt65              0.6822563        1.000000        0.000000    
 k_ppt66               1.843251        1.000000        0.000000    
 k_ppt67               2.879748        1.000000        0.000000    
 k_ppt68               7.950804        1.000000        0.000000    
 k_ppt69               4.122168        1.000000        0.000000    
 k_ppt70               1.556869        1.000000        0.000000    
 k_ppt71               1.376324        1.000000        0.000000    
 k_ppt72               1.231001        1.000000        0.000000    
 k_ppt73               1.934559        1.000000        0.000000    
 k_ppt74               4.696731        1.000000        0.000000    
 k_ppt75               16.92515        1.000000        0.000000    
 k_ppt76               12.71244        1.000000        0.000000    
 k_ppt77               9.478160        1.000000        0.000000    
 k_ppt78               1.928338        1.000000        0.000000    
 k_ppt79               1.610131        1.000000        0.000000    
 k_ppt80              0.6273846        1.000000        0.000000    
 k_ppt81               3.337918        1.000000        0.000000    
 k_ppt82               4.876604        1.000000        0.000000    
 k_ppt83               22.73124        1.000000        0.000000    
 k_ppt84               8.120016        1.000000        0.000000    
 k_ppt85               14.38864        1.000000        0.000000    
 k_ppt86               2.057344        1.000000        0.000000    
 k_ppt87               2.737473        1.000000        0.000000    
 k_ppt88              0.6087371        1.000000        0.000000    
 k_ppt89               2.671014        1.000000        0.000000    
 k_ppt90               3.640660        1.000000        0.000000    
 k_ppt91               14.63033        1.000000        0.000000    
 k_ppt92               10.29742        1.000000        0.000000    
 k_ppt93               3.848841        1.000000        0.000000    
 k_ppt94               15.29899        1.000000        0.000000    
 k_ppt95               4.193214        1.000000        0.000000    
 k_ppt96               2.177821        1.000000        0.000000    
 k_ppt97               1.431555        1.000000        0.000000    
 k_ppt98               1.300846        1.000000        0.000000    
 k_ppt99               3.393791        1.000000        0.000000    
 k_ppt100              5.462000        1.000000        0.000000    
 k_ppt101              5.139912        1.000000        0.000000    
 k_ppt102              6.044989        1.000000        0.000000    
 k_ppt103              2.344164        1.000000        0.000000    
 k_ppt104              1.296897        1.000000        0.000000    
