 single point
 k_ppt1                2.802198        1.000000        0.000000    
 k_ppt2                3.458950        1.000000        0.000000    
 k_ppt3                4.849067        1.000000        0.000000    
 k_ppt4                12.92742        1.000000        0.000000    
 k_ppt5                2.977691        1.000000        0.000000    
 k_ppt6               0.8105710        1.000000        0.000000    
 k_ppt7                1.170494        1.000000        0.000000    
 k_ppt8                1.149826        1.000000        0.000000    
 k_ppt9                2.002279        1.000000        0.000000    
 k_ppt10               6.902954        1.000000        0.000000    
 k_ppt11               3.949381        1.000000        0.000000    
 k_ppt12               3.601407        1.000000        0.000000    
 k_ppt13               6.683339        1.000000        0.000000    
 k_ppt14               1.932549        1.000000        0.000000    
 k_ppt15              0.6749800        1.000000        0.000000    
 k_ppt16               1.658049        1.000000        0.000000    
 k_ppt17               3.380540        1.000000        0.000000    
 k_ppt18               4.762126        1.000000        0.000000    
 k_ppt19               3.472329        1.000000        0.000000    
 k_ppt20               8.794623        1.000000        0.000000    
 k_ppt21               3.305301        1.000000        0.000000    
 k_ppt22              0.6140764        1.000000        0.000000    
 k_ppt23              0.5796341        1.000000        0.000000    
 k_ppt24              0.7911550        1.000000        0.000000    
 k_ppt25               4.052669        1.000000        0.000000    
 k_ppt26               8.817280        1.000000        0.000000    
 k_ppt27               5.086463        1.000000        0.000000    
 k_ppt28               10.11008        1.000000        0.000000    
 k_ppt29               1.412868        1.000000        0.000000    
 k_ppt30               1.132365        1.000000        0.000000    
 k_ppt31              0.8758255        1.000000        0.000000    
 k_ppt32               1.468222        1.000000        0.000000    
 k_ppt33               3.125266        1.000000        0.000000    
 k_ppt34               4.503448        1.000000        0.000000    
 k_ppt35               5.814096        1.000000        0.000000    
 k_ppt36               7.392100        1.000000        0.000000    
 k_ppt37               2.977208        1.000000        0.000000    
 k_ppt38               1.062258        1.000000        0.000000    
 k_ppt39              0.9284667        1.000000        0.000000    
 k_ppt40               1.364245        1.000000        0.000000    
 k_ppt41               2.585320        1.000000        0.000000    
 k_ppt42               4.703736        1.000000        0.000000    
 k_ppt43               5.316886        1.000000        0.000000    
 k_ppt44               9.573092        1.000000        0.000000    
 k_ppt45               1.542969        1.000000        0.000000    
 k_ppt46               1.051928        1.000000        0.000000    
 k_ppt47               2.314419        1.000000        0.000000    
 k_ppt48               1.364602        1.000000        0.000000    
 k_ppt49               1.492890        1.000000        0.000000    
 k_ppt50               7.149815        1.000000        0.000000    
 k_ppt51               5.360906        1.000000        0.000000    
 k_ppt52               5.294651        1.000000        0.000000    
 k_ppt53              0.8499022        1.000000        0.000000    
 k_ppt54               1.527747        1.000000        0.000000    
 k_ppt55               1.495697        1.000000        0.000000    
 k_ppt56               2.542639        1.000000        0.000000    
 k_ppt57              0.8551028        1.000000        0.000000    
 k_ppt58               5.331562        1.000000        0.000000    
 k_ppt59               5.650709        1.000000        0.000000    
 k_ppt60               1.357623        1.000000        0.000000    
 k_ppt61              0.7504636        1.000000        0.000000    
 k_ppt62               2.206016        1.000000        0.000000    
 k_ppt63               2.023980        1.000000        0.000000    
 k_ppt64               3.136918        1.000000        0.000000    
 k_ppt65               1.876660        1.000000        0.000000    
 k_ppt66               3.389950        1.000000        0.000000    
 k_ppt67               2.435289        1.000000        0.000000    
 k_ppt68               1.239110        1.000000        0.000000    
 k_ppt69               1.399347        1.000000        0.000000    
 k_ppt70               1.420956        1.000000        0.000000    
 k_ppt71              0.9564452        1.000000        0.000000    
 k_ppt72               2.481893        1.000000        0.000000    
 k_ppt73              0.9472905        1.000000        0.000000    
 k_ppt74              0.4582958        1.000000        0.000000    
 k_ppt75               1.130002        1.000000        0.000000    
 k_ppt76              0.5464411        1.000000        0.000000    
 k_ppt77              0.6856811        1.000000        0.000000    
 k_ppt78               1.351735        1.000000        0.000000    
 k_ppt79               1.164080        1.000000        0.000000    
 k_ppt80              0.4760876        1.000000        0.000000    
 k_ppt81               1.247976        1.000000        0.000000    
 k_ppt82              0.9410321        1.000000        0.000000    
 k_ppt83              0.8150036        1.000000        0.000000    
 k_ppt84               1.416366        1.000000        0.000000    
 k_ppt85              0.4025578        1.000000        0.000000    
 k_ppt86              0.4326127        1.000000        0.000000    
 k_ppt87              0.4465281        1.000000        0.000000    
 k_ppt88              0.6240315        1.000000        0.000000    
 k_ppt89               3.723184        1.000000        0.000000    
 k_ppt90               1.692412        1.000000        0.000000    
 k_ppt91               1.773263        1.000000        0.000000    
 k_ppt92               1.198858        1.000000        0.000000    
 k_ppt93              0.3734532        1.000000        0.000000    
 k_ppt94              0.9819063        1.000000        0.000000    
 k_ppt95              0.5040491        1.000000        0.000000    
 k_ppt96              0.8084613        1.000000        0.000000    
 k_ppt97               2.391790        1.000000        0.000000    
 k_ppt98               1.043061        1.000000        0.000000    
 k_ppt99              0.8119621        1.000000        0.000000    
 k_ppt100              1.732876        1.000000        0.000000    
 k_ppt101             0.9300287        1.000000        0.000000    
 k_ppt102              1.048817        1.000000        0.000000    
 k_ppt103              1.064406        1.000000        0.000000    
 k_ppt104              1.024399        1.000000        0.000000    
