 single point
 k_ppt1               0.3230439        1.000000        0.000000    
 k_ppt2               0.2483833        1.000000        0.000000    
 k_ppt3               0.3641299        1.000000        0.000000    
 k_ppt4               0.2104774        1.000000        0.000000    
 k_ppt5               0.8295751        1.000000        0.000000    
 k_ppt6               0.1472662        1.000000        0.000000    
 k_ppt7               0.2977714        1.000000        0.000000    
 k_ppt8               0.1298825        1.000000        0.000000    
 k_ppt9               0.1783744        1.000000        0.000000    
 k_ppt10              0.2758034        1.000000        0.000000    
 k_ppt11              0.4711147        1.000000        0.000000    
 k_ppt12              0.1781653        1.000000        0.000000    
 k_ppt13              0.3990144        1.000000        0.000000    
 k_ppt14              0.2794315        1.000000        0.000000    
 k_ppt15              0.1727841        1.000000        0.000000    
 k_ppt16              0.2111171        1.000000        0.000000    
 k_ppt17              0.1601420        1.000000        0.000000    
 k_ppt18              0.2541286        1.000000        0.000000    
 k_ppt19              0.4079596        1.000000        0.000000    
 k_ppt20              0.8666402        1.000000        0.000000    
 k_ppt21              0.2746432        1.000000        0.000000    
 k_ppt22              0.3692928        1.000000        0.000000    
 k_ppt23              0.2669700        1.000000        0.000000    
 k_ppt24              0.4387805        1.000000        0.000000    
 k_ppt25              0.3852940        1.000000        0.000000    
 k_ppt26              0.3112780        1.000000        0.000000    
 k_ppt27              0.3102453        1.000000        0.000000    
 k_ppt28              0.2624135        1.000000        0.000000    
 k_ppt29              0.1631101        1.000000        0.000000    
 k_ppt30              0.1941519        1.000000        0.000000    
 k_ppt31              0.3301076        1.000000        0.000000    
 k_ppt32              0.7591047        1.000000        0.000000    
 k_ppt33              0.7314401        1.000000        0.000000    
 k_ppt34              0.3459615        1.000000        0.000000    
 k_ppt35              0.2199480        1.000000        0.000000    
 k_ppt36              0.1577060        1.000000        0.000000    
 k_ppt37              0.2399861        1.000000        0.000000    
 k_ppt38              0.4003721        1.000000        0.000000    
 k_ppt39              0.1438362        1.000000        0.000000    
 k_ppt40              0.1783616        1.000000        0.000000    
 k_ppt41              0.3747693        1.000000        0.000000    
 k_ppt42              0.3604687        1.000000        0.000000    
 k_ppt43              0.3011977        1.000000        0.000000    
 k_ppt44              0.1674152        1.000000        0.000000    
 k_ppt45              0.1974250        1.000000        0.000000    
 k_ppt46              0.4762282        1.000000        0.000000    
 k_ppt47              0.2521740        1.000000        0.000000    
 k_ppt48              0.1744488        1.000000        0.000000    
 k_ppt49              0.3477536        1.000000        0.000000    
 k_ppt50              0.5354778        1.000000        0.000000    
 k_ppt51              0.3590311        1.000000        0.000000    
 k_ppt52              0.2493159        1.000000        0.000000    
 k_ppt53              0.3134556        1.000000        0.000000    
 k_ppt54              0.3795383        1.000000        0.000000    
 k_ppt55              0.6513017        1.000000        0.000000    
 k_ppt56              0.2444845        1.000000        0.000000    
 k_ppt57              0.2566864        1.000000        0.000000    
 k_ppt58              0.7367663        1.000000        0.000000    
 k_ppt59              0.2633786        1.000000        0.000000    
 k_ppt60              0.7371102        1.000000        0.000000    
 k_ppt61               1.218273        1.000000        0.000000    
 k_ppt62              0.4840639        1.000000        0.000000    
 k_ppt63              0.3859920        1.000000        0.000000    
 k_ppt64              0.2174833        1.000000        0.000000    
 k_ppt65               1.127944        1.000000        0.000000    
 k_ppt66              0.4153832        1.000000        0.000000    
 k_ppt67              0.4161410        1.000000        0.000000    
 k_ppt68               1.176928        1.000000        0.000000    
 k_ppt69              0.5657979        1.000000        0.000000    
 k_ppt70               1.441676        1.000000        0.000000    
 k_ppt71              0.6233840        1.000000        0.000000    
 k_ppt72              0.5822644        1.000000        0.000000    
 k_ppt73              0.9003312        1.000000        0.000000    
 k_ppt74              0.8186077        1.000000        0.000000    
 k_ppt75              0.9096343        1.000000        0.000000    
 k_ppt76               1.351586        1.000000        0.000000    
 k_ppt77               1.368018        1.000000        0.000000    
 k_ppt78               2.095582        1.000000        0.000000    
 k_ppt79               1.238852        1.000000        0.000000    
 k_ppt80              0.4504950        1.000000        0.000000    
 k_ppt81               1.214405        1.000000        0.000000    
 k_ppt82               1.111220        1.000000        0.000000    
 k_ppt83               2.092431        1.000000        0.000000    
 k_ppt84               1.229507        1.000000        0.000000    
 k_ppt85               2.649554        1.000000        0.000000    
 k_ppt86               1.330506        1.000000        0.000000    
 k_ppt87               2.075269        1.000000        0.000000    
 k_ppt88               1.135348        1.000000        0.000000    
 k_ppt89               4.320505        1.000000        0.000000    
 k_ppt90               1.631223        1.000000        0.000000    
 k_ppt91              0.7653743        1.000000        0.000000    
 k_ppt92               1.763061        1.000000        0.000000    
 k_ppt93               1.591765        1.000000        0.000000    
 k_ppt94               1.797597        1.000000        0.000000    
 k_ppt95               1.206072        1.000000        0.000000    
 k_ppt96              0.7806653        1.000000        0.000000    
 k_ppt97               4.405620        1.000000        0.000000    
 k_ppt98               2.810852        1.000000        0.000000    
 k_ppt99               4.277475        1.000000        0.000000    
 k_ppt100              1.794297        1.000000        0.000000    
 k_ppt101              3.232187        1.000000        0.000000    
 k_ppt102              1.332712        1.000000        0.000000    
 k_ppt103             0.5100029        1.000000        0.000000    
 k_ppt104             0.8637347        1.000000        0.000000    
