 single point
 k_ppt1                3.259570        1.000000        0.000000    
 k_ppt2                3.382245        1.000000        0.000000    
 k_ppt3                3.830152        1.000000        0.000000    
 k_ppt4                4.227996        1.000000        0.000000    
 k_ppt5                4.950367        1.000000        0.000000    
 k_ppt6                3.719579        1.000000        0.000000    
 k_ppt7                2.547959        1.000000        0.000000    
 k_ppt8                9.740458        1.000000        0.000000    
 k_ppt9                3.492822        1.000000        0.000000    
 k_ppt10               4.581008        1.000000        0.000000    
 k_ppt11               3.061937        1.000000        0.000000    
 k_ppt12               1.782402        1.000000        0.000000    
 k_ppt13               3.811709        1.000000        0.000000    
 k_ppt14               7.396630        1.000000        0.000000    
 k_ppt15               2.213997        1.000000        0.000000    
 k_ppt16               2.768744        1.000000        0.000000    
 k_ppt17               2.172600        1.000000        0.000000    
 k_ppt18              0.7159237        1.000000        0.000000    
 k_ppt19               1.416454        1.000000        0.000000    
 k_ppt20               1.354621        1.000000        0.000000    
 k_ppt21               2.901499        1.000000        0.000000    
 k_ppt22               9.309878        1.000000        0.000000    
 k_ppt23               9.752834        1.000000        0.000000    
 k_ppt24               4.956000        1.000000        0.000000    
 k_ppt25               1.046980        1.000000        0.000000    
 k_ppt26               2.157530        1.000000        0.000000    
 k_ppt27              0.8785342        1.000000        0.000000    
 k_ppt28               1.384706        1.000000        0.000000    
 k_ppt29               1.453517        1.000000        0.000000    
 k_ppt30               2.045459        1.000000        0.000000    
 k_ppt31               3.099136        1.000000        0.000000    
 k_ppt32               3.143984        1.000000        0.000000    
 k_ppt33               1.591732        1.000000        0.000000    
 k_ppt34               1.302872        1.000000        0.000000    
 k_ppt35              0.5718553        1.000000        0.000000    
 k_ppt36              0.3069047        1.000000        0.000000    
 k_ppt37              0.4907595        1.000000        0.000000    
 k_ppt38              0.8390399        1.000000        0.000000    
 k_ppt39              0.8142898        1.000000        0.000000    
 k_ppt40               2.271961        1.000000        0.000000    
 k_ppt41              0.7798603        1.000000        0.000000    
 k_ppt42              0.7245708        1.000000        0.000000    
 k_ppt43              0.7767618        1.000000        0.000000    
 k_ppt44              0.2028713        1.000000        0.000000    
 k_ppt45              0.3900433        1.000000        0.000000    
 k_ppt46              0.7190937        1.000000        0.000000    
 k_ppt47              0.7910918        1.000000        0.000000    
 k_ppt48              0.6654118        1.000000        0.000000    
 k_ppt49              0.2085647        1.000000        0.000000    
 k_ppt50              0.2425370        1.000000        0.000000    
 k_ppt51              0.3066895        1.000000        0.000000    
 k_ppt52              0.2073120        1.000000        0.000000    
 k_ppt53              0.4749473        1.000000        0.000000    
 k_ppt54              0.9386372        1.000000        0.000000    
 k_ppt55              0.7455871        1.000000        0.000000    
 k_ppt56              0.5354099        1.000000        0.000000    
 k_ppt57              9.7056563E-02    1.000000        0.000000    
 k_ppt58              0.1362691        1.000000        0.000000    
 k_ppt59              0.1417070        1.000000        0.000000    
 k_ppt60              0.1779395        1.000000        0.000000    
 k_ppt61               1.163387        1.000000        0.000000    
 k_ppt62              0.7674270        1.000000        0.000000    
 k_ppt63              0.5860457        1.000000        0.000000    
 k_ppt64               1.163260        1.000000        0.000000    
 k_ppt65              0.1732747        1.000000        0.000000    
 k_ppt66              0.2240056        1.000000        0.000000    
 k_ppt67              0.3430874        1.000000        0.000000    
 k_ppt68              0.4185148        1.000000        0.000000    
 k_ppt69              0.2835430        1.000000        0.000000    
 k_ppt70              0.2018984        1.000000        0.000000    
 k_ppt71              0.4400561        1.000000        0.000000    
 k_ppt72               1.139319        1.000000        0.000000    
 k_ppt73              0.1008695        1.000000        0.000000    
 k_ppt74              0.1866776        1.000000        0.000000    
 k_ppt75              0.3828614        1.000000        0.000000    
 k_ppt76              9.7419426E-02    1.000000        0.000000    
 k_ppt77              0.2632982        1.000000        0.000000    
 k_ppt78              0.2118889        1.000000        0.000000    
 k_ppt79              0.9004596        1.000000        0.000000    
 k_ppt80              0.7447721        1.000000        0.000000    
 k_ppt81              0.1999198        1.000000        0.000000    
 k_ppt82              0.3288011        1.000000        0.000000    
 k_ppt83              0.4901294        1.000000        0.000000    
 k_ppt84              0.1910280        1.000000        0.000000    
 k_ppt85              0.2260312        1.000000        0.000000    
 k_ppt86              0.2856476        1.000000        0.000000    
 k_ppt87              0.7293972        1.000000        0.000000    
 k_ppt88              0.9683983        1.000000        0.000000    
 k_ppt89              0.3899332        1.000000        0.000000    
 k_ppt90              0.2386748        1.000000        0.000000    
 k_ppt91              0.6306001        1.000000        0.000000    
 k_ppt92              0.1732223        1.000000        0.000000    
 k_ppt93              0.2207973        1.000000        0.000000    
 k_ppt94              0.5007811        1.000000        0.000000    
 k_ppt95              0.8693234        1.000000        0.000000    
 k_ppt96              0.4386892        1.000000        0.000000    
 k_ppt97              0.2516449        1.000000        0.000000    
 k_ppt98              0.2124073        1.000000        0.000000    
 k_ppt99              0.4074190        1.000000        0.000000    
 k_ppt100             0.3673676        1.000000        0.000000    
 k_ppt101             0.5187363        1.000000        0.000000    
 k_ppt102             0.7035182        1.000000        0.000000    
 k_ppt103             0.7670630        1.000000        0.000000    
 k_ppt104             0.6377446        1.000000        0.000000    
