 single point
 k_ppt1                1.805021        1.000000        0.000000    
 k_ppt2                1.484201        1.000000        0.000000    
 k_ppt3                2.116268        1.000000        0.000000    
 k_ppt4               0.6779390        1.000000        0.000000    
 k_ppt5               0.4221660        1.000000        0.000000    
 k_ppt6               0.8823653        1.000000        0.000000    
 k_ppt7               0.6920804        1.000000        0.000000    
 k_ppt8                1.591419        1.000000        0.000000    
 k_ppt9                1.893473        1.000000        0.000000    
 k_ppt10               2.326045        1.000000        0.000000    
 k_ppt11              0.9302633        1.000000        0.000000    
 k_ppt12               1.076356        1.000000        0.000000    
 k_ppt13              0.4353810        1.000000        0.000000    
 k_ppt14              0.4077974        1.000000        0.000000    
 k_ppt15              0.8705500        1.000000        0.000000    
 k_ppt16               1.099030        1.000000        0.000000    
 k_ppt17              0.4057527        1.000000        0.000000    
 k_ppt18              0.5737464        1.000000        0.000000    
 k_ppt19               1.555500        1.000000        0.000000    
 k_ppt20               1.349765        1.000000        0.000000    
 k_ppt21               1.335938        1.000000        0.000000    
 k_ppt22               1.647471        1.000000        0.000000    
 k_ppt23              0.3480292        1.000000        0.000000    
 k_ppt24              0.9137078        1.000000        0.000000    
 k_ppt25              0.6222834        1.000000        0.000000    
 k_ppt26              0.4581482        1.000000        0.000000    
 k_ppt27               1.734764        1.000000        0.000000    
 k_ppt28               1.613859        1.000000        0.000000    
 k_ppt29               2.053903        1.000000        0.000000    
 k_ppt30               1.684700        1.000000        0.000000    
 k_ppt31               1.966315        1.000000        0.000000    
 k_ppt32               1.566633        1.000000        0.000000    
 k_ppt33              0.6947173        1.000000        0.000000    
 k_ppt34              0.5793805        1.000000        0.000000    
 k_ppt35              0.7136202        1.000000        0.000000    
 k_ppt36               1.236695        1.000000        0.000000    
 k_ppt37              0.7000533        1.000000        0.000000    
 k_ppt38              0.9313153        1.000000        0.000000    
 k_ppt39               1.939695        1.000000        0.000000    
 k_ppt40              0.7420858        1.000000        0.000000    
 k_ppt41              0.6854226        1.000000        0.000000    
 k_ppt42               1.006103        1.000000        0.000000    
 k_ppt43              0.9806139        1.000000        0.000000    
 k_ppt44               1.465193        1.000000        0.000000    
 k_ppt45               1.407640        1.000000        0.000000    
 k_ppt46               1.118209        1.000000        0.000000    
 k_ppt47               1.844886        1.000000        0.000000    
 k_ppt48              0.6430823        1.000000        0.000000    
 k_ppt49              0.8715478        1.000000        0.000000    
 k_ppt50              0.6248988        1.000000        0.000000    
 k_ppt51              0.9191081        1.000000        0.000000    
 k_ppt52              0.2596159        1.000000        0.000000    
 k_ppt53              0.4404373        1.000000        0.000000    
 k_ppt54              0.8735060        1.000000        0.000000    
 k_ppt55              0.4403619        1.000000        0.000000    
 k_ppt56               1.106535        1.000000        0.000000    
 k_ppt57              0.6435220        1.000000        0.000000    
 k_ppt58              0.9170224        1.000000        0.000000    
 k_ppt59              0.8859292        1.000000        0.000000    
 k_ppt60              0.2793310        1.000000        0.000000    
 k_ppt61              0.2489452        1.000000        0.000000    
 k_ppt62              0.5010966        1.000000        0.000000    
 k_ppt63              0.8519311        1.000000        0.000000    
 k_ppt64              0.6249873        1.000000        0.000000    
 k_ppt65              0.5466686        1.000000        0.000000    
 k_ppt66              0.8827642        1.000000        0.000000    
 k_ppt67              0.6588335        1.000000        0.000000    
 k_ppt68              0.1240882        1.000000        0.000000    
 k_ppt69              0.2806319        1.000000        0.000000    
 k_ppt70              0.9623658        1.000000        0.000000    
 k_ppt71               1.009768        1.000000        0.000000    
 k_ppt72              0.7942049        1.000000        0.000000    
 k_ppt73              0.3802815        1.000000        0.000000    
 k_ppt74              0.6304190        1.000000        0.000000    
 k_ppt75              0.2721180        1.000000        0.000000    
 k_ppt76              0.1312542        1.000000        0.000000    
 k_ppt77              0.2846977        1.000000        0.000000    
 k_ppt78              0.9534407        1.000000        0.000000    
 k_ppt79              0.8200189        1.000000        0.000000    
 k_ppt80              0.7284040        1.000000        0.000000    
 k_ppt81              0.1990634        1.000000        0.000000    
 k_ppt82              0.4553608        1.000000        0.000000    
 k_ppt83              0.2014244        1.000000        0.000000    
 k_ppt84              0.2909372        1.000000        0.000000    
 k_ppt85              0.4925321        1.000000        0.000000    
 k_ppt86              0.4299826        1.000000        0.000000    
 k_ppt87              0.7688412        1.000000        0.000000    
 k_ppt88               1.128590        1.000000        0.000000    
 k_ppt89              0.4372600        1.000000        0.000000    
 k_ppt90              0.4398712        1.000000        0.000000    
 k_ppt91              0.3429158        1.000000        0.000000    
 k_ppt92              0.6819678        1.000000        0.000000    
 k_ppt93               1.047987        1.000000        0.000000    
 k_ppt94              0.6016639        1.000000        0.000000    
 k_ppt95               1.203427        1.000000        0.000000    
 k_ppt96               1.856335        1.000000        0.000000    
 k_ppt97              0.6871389        1.000000        0.000000    
 k_ppt98              0.2743300        1.000000        0.000000    
 k_ppt99              0.4272666        1.000000        0.000000    
 k_ppt100             0.4977983        1.000000        0.000000    
 k_ppt101             0.8673245        1.000000        0.000000    
 k_ppt102             0.4429407        1.000000        0.000000    
 k_ppt103             0.9641277        1.000000        0.000000    
 k_ppt104              1.184901        1.000000        0.000000    
