 single point
 k_ppt1                1.488855        1.000000        0.000000    
 k_ppt2                1.842091        1.000000        0.000000    
 k_ppt3                1.528646        1.000000        0.000000    
 k_ppt4                1.115252        1.000000        0.000000    
 k_ppt5                2.930874        1.000000        0.000000    
 k_ppt6                2.919506        1.000000        0.000000    
 k_ppt7                2.910578        1.000000        0.000000    
 k_ppt8                1.004316        1.000000        0.000000    
 k_ppt9                2.042275        1.000000        0.000000    
 k_ppt10               1.478614        1.000000        0.000000    
 k_ppt11               2.584808        1.000000        0.000000    
 k_ppt12               1.703320        1.000000        0.000000    
 k_ppt13               5.488785        1.000000        0.000000    
 k_ppt14               4.253396        1.000000        0.000000    
 k_ppt15               1.814707        1.000000        0.000000    
 k_ppt16               1.764729        1.000000        0.000000    
 k_ppt17               1.537334        1.000000        0.000000    
 k_ppt18               1.053466        1.000000        0.000000    
 k_ppt19               5.569634        1.000000        0.000000    
 k_ppt20               4.797237        1.000000        0.000000    
 k_ppt21               5.458699        1.000000        0.000000    
 k_ppt22               2.448683        1.000000        0.000000    
 k_ppt23               1.998458        1.000000        0.000000    
 k_ppt24               3.176102        1.000000        0.000000    
 k_ppt25              0.9563364        1.000000        0.000000    
 k_ppt26              0.9445785        1.000000        0.000000    
 k_ppt27               1.747402        1.000000        0.000000    
 k_ppt28               3.720672        1.000000        0.000000    
 k_ppt29               1.810535        1.000000        0.000000    
 k_ppt30               4.361128        1.000000        0.000000    
 k_ppt31               4.022842        1.000000        0.000000    
 k_ppt32               3.417271        1.000000        0.000000    
 k_ppt33              0.2931271        1.000000        0.000000    
 k_ppt34               1.972094        1.000000        0.000000    
 k_ppt35               1.914864        1.000000        0.000000    
 k_ppt36               2.888228        1.000000        0.000000    
 k_ppt37               1.535389        1.000000        0.000000    
 k_ppt38               2.122948        1.000000        0.000000    
 k_ppt39               3.159490        1.000000        0.000000    
 k_ppt40              0.6869683        1.000000        0.000000    
 k_ppt41              0.6512026        1.000000        0.000000    
 k_ppt42               2.299162        1.000000        0.000000    
 k_ppt43               2.673684        1.000000        0.000000    
 k_ppt44               3.403899        1.000000        0.000000    
 k_ppt45               1.149738        1.000000        0.000000    
 k_ppt46               2.186008        1.000000        0.000000    
 k_ppt47               1.503451        1.000000        0.000000    
 k_ppt48               2.073450        1.000000        0.000000    
 k_ppt49               1.476881        1.000000        0.000000    
 k_ppt50               2.548718        1.000000        0.000000    
 k_ppt51               2.383893        1.000000        0.000000    
 k_ppt52              0.7501841        1.000000        0.000000    
 k_ppt53              0.9725136        1.000000        0.000000    
 k_ppt54               1.026021        1.000000        0.000000    
 k_ppt55               2.879370        1.000000        0.000000    
 k_ppt56               1.999406        1.000000        0.000000    
 k_ppt57               3.486513        1.000000        0.000000    
 k_ppt58               2.476035        1.000000        0.000000    
 k_ppt59               3.713536        1.000000        0.000000    
 k_ppt60              0.6187726        1.000000        0.000000    
 k_ppt61              0.3835191        1.000000        0.000000    
 k_ppt62               1.919901        1.000000        0.000000    
 k_ppt63              0.8095153        1.000000        0.000000    
 k_ppt64               6.342027        1.000000        0.000000    
 k_ppt65               1.908560        1.000000        0.000000    
 k_ppt66               1.098126        1.000000        0.000000    
 k_ppt67               2.584555        1.000000        0.000000    
 k_ppt68               1.554650        1.000000        0.000000    
 k_ppt69              0.5016142        1.000000        0.000000    
 k_ppt70               1.380109        1.000000        0.000000    
 k_ppt71               2.236417        1.000000        0.000000    
 k_ppt72               4.106367        1.000000        0.000000    
 k_ppt73               1.582233        1.000000        0.000000    
 k_ppt74               1.465433        1.000000        0.000000    
 k_ppt75              0.6964681        1.000000        0.000000    
 k_ppt76               1.320848        1.000000        0.000000    
 k_ppt77               1.077097        1.000000        0.000000    
 k_ppt78               3.538198        1.000000        0.000000    
 k_ppt79               4.110452        1.000000        0.000000    
 k_ppt80               4.219335        1.000000        0.000000    
 k_ppt81              0.4626956        1.000000        0.000000    
 k_ppt82              0.8475431        1.000000        0.000000    
 k_ppt83              0.9196513        1.000000        0.000000    
 k_ppt84               1.651816        1.000000        0.000000    
 k_ppt85               1.610123        1.000000        0.000000    
 k_ppt86               3.685358        1.000000        0.000000    
 k_ppt87               1.466923        1.000000        0.000000    
 k_ppt88               1.365524        1.000000        0.000000    
 k_ppt89              0.1925458        1.000000        0.000000    
 k_ppt90              0.8095571        1.000000        0.000000    
 k_ppt91               1.408022        1.000000        0.000000    
 k_ppt92              0.6209554        1.000000        0.000000    
 k_ppt93               1.998045        1.000000        0.000000    
 k_ppt94               2.943886        1.000000        0.000000    
 k_ppt95              0.8373067        1.000000        0.000000    
 k_ppt96              0.6213397        1.000000        0.000000    
 k_ppt97              0.1532463        1.000000        0.000000    
 k_ppt98              0.4084644        1.000000        0.000000    
 k_ppt99              0.4195248        1.000000        0.000000    
 k_ppt100             0.9591886        1.000000        0.000000    
 k_ppt101              1.650001        1.000000        0.000000    
 k_ppt102              3.255757        1.000000        0.000000    
 k_ppt103             0.4236378        1.000000        0.000000    
 k_ppt104             0.2075210        1.000000        0.000000    
