 single point
 k_ppt1               0.1830420        1.000000        0.000000    
 k_ppt2               7.1202247E-02    1.000000        0.000000    
 k_ppt3               0.1012411        1.000000        0.000000    
 k_ppt4               9.5795747E-02    1.000000        0.000000    
 k_ppt5               8.9782054E-02    1.000000        0.000000    
 k_ppt6               0.4167477        1.000000        0.000000    
 k_ppt7               0.5145669        1.000000        0.000000    
 k_ppt8               0.9722097        1.000000        0.000000    
 k_ppt9               0.3495212        1.000000        0.000000    
 k_ppt10              0.3076884        1.000000        0.000000    
 k_ppt11              0.2537033        1.000000        0.000000    
 k_ppt12              0.3291780        1.000000        0.000000    
 k_ppt13              0.1074521        1.000000        0.000000    
 k_ppt14              0.1895296        1.000000        0.000000    
 k_ppt15              0.7013707        1.000000        0.000000    
 k_ppt16              0.8926258        1.000000        0.000000    
 k_ppt17               1.052358        1.000000        0.000000    
 k_ppt18              0.5887020        1.000000        0.000000    
 k_ppt19              0.6939777        1.000000        0.000000    
 k_ppt20              0.6701818        1.000000        0.000000    
 k_ppt21              0.1702950        1.000000        0.000000    
 k_ppt22              0.6567699        1.000000        0.000000    
 k_ppt23              0.6780692        1.000000        0.000000    
 k_ppt24              0.6586335        1.000000        0.000000    
 k_ppt25               2.997860        1.000000        0.000000    
 k_ppt26              0.9718393        1.000000        0.000000    
 k_ppt27              0.9558890        1.000000        0.000000    
 k_ppt28              0.6529215        1.000000        0.000000    
 k_ppt29              0.5027482        1.000000        0.000000    
 k_ppt30              0.4269047        1.000000        0.000000    
 k_ppt31              0.3074888        1.000000        0.000000    
 k_ppt32               1.449248        1.000000        0.000000    
 k_ppt33               1.553541        1.000000        0.000000    
 k_ppt34               1.460296        1.000000        0.000000    
 k_ppt35              0.9959990        1.000000        0.000000    
 k_ppt36              0.8570218        1.000000        0.000000    
 k_ppt37               1.554612        1.000000        0.000000    
 k_ppt38               3.248306        1.000000        0.000000    
 k_ppt39               1.379600        1.000000        0.000000    
 k_ppt40               2.542172        1.000000        0.000000    
 k_ppt41               3.151438        1.000000        0.000000    
 k_ppt42              0.6027003        1.000000        0.000000    
 k_ppt43              0.6409225        1.000000        0.000000    
 k_ppt44               1.893755        1.000000        0.000000    
 k_ppt45               4.031151        1.000000        0.000000    
 k_ppt46               1.607851        1.000000        0.000000    
 k_ppt47               1.055436        1.000000        0.000000    
 k_ppt48               2.515237        1.000000        0.000000    
 k_ppt49              0.8295027        1.000000        0.000000    
 k_ppt50              0.6229716        1.000000        0.000000    
 k_ppt51               1.248963        1.000000        0.000000    
 k_ppt52              0.7299609        1.000000        0.000000    
 k_ppt53               3.181603        1.000000        0.000000    
 k_ppt54               4.353055        1.000000        0.000000    
 k_ppt55               1.364443        1.000000        0.000000    
 k_ppt56              0.6162428        1.000000        0.000000    
 k_ppt57               1.766277        1.000000        0.000000    
 k_ppt58               3.543562        1.000000        0.000000    
 k_ppt59               1.542307        1.000000        0.000000    
 k_ppt60               1.588506        1.000000        0.000000    
 k_ppt61               1.603939        1.000000        0.000000    
 k_ppt62               2.235902        1.000000        0.000000    
 k_ppt63               2.155637        1.000000        0.000000    
 k_ppt64               1.197661        1.000000        0.000000    
 k_ppt65               9.571224        1.000000        0.000000    
 k_ppt66               3.748817        1.000000        0.000000    
 k_ppt67               1.968175        1.000000        0.000000    
 k_ppt68              0.9397792        1.000000        0.000000    
 k_ppt69               2.719123        1.000000        0.000000    
 k_ppt70               6.510906        1.000000        0.000000    
 k_ppt71               8.508109        1.000000        0.000000    
 k_ppt72               1.541331        1.000000        0.000000    
 k_ppt73               4.127621        1.000000        0.000000    
 k_ppt74               2.217614        1.000000        0.000000    
 k_ppt75               1.647430        1.000000        0.000000    
 k_ppt76               4.170875        1.000000        0.000000    
 k_ppt77               9.797690        1.000000        0.000000    
 k_ppt78               7.814149        1.000000        0.000000    
 k_ppt79               4.498343        1.000000        0.000000    
 k_ppt80               3.787145        1.000000        0.000000    
 k_ppt81               2.991746        1.000000        0.000000    
 k_ppt82               4.954954        1.000000        0.000000    
 k_ppt83               1.823507        1.000000        0.000000    
 k_ppt84               8.864795        1.000000        0.000000    
 k_ppt85               5.301159        1.000000        0.000000    
 k_ppt86               5.962646        1.000000        0.000000    
 k_ppt87               7.384307        1.000000        0.000000    
 k_ppt88               11.57732        1.000000        0.000000    
 k_ppt89               1.835418        1.000000        0.000000    
 k_ppt90               1.632055        1.000000        0.000000    
 k_ppt91               1.360512        1.000000        0.000000    
 k_ppt92               3.083462        1.000000        0.000000    
 k_ppt93               3.316636        1.000000        0.000000    
 k_ppt94               6.917633        1.000000        0.000000    
 k_ppt95               9.941844        1.000000        0.000000    
 k_ppt96               10.56815        1.000000        0.000000    
 k_ppt97               1.205119        1.000000        0.000000    
 k_ppt98               1.407782        1.000000        0.000000    
 k_ppt99              0.4467417        1.000000        0.000000    
 k_ppt100              1.527719        1.000000        0.000000    
 k_ppt101              1.263993        1.000000        0.000000    
 k_ppt102              5.815329        1.000000        0.000000    
 k_ppt103              8.819883        1.000000        0.000000    
 k_ppt104              13.90261        1.000000        0.000000    
