 single point
 k_ppt1                2.021537        1.000000        0.000000    
 k_ppt2                6.574813        1.000000        0.000000    
 k_ppt3                29.95090        1.000000        0.000000    
 k_ppt4                4.994712        1.000000        0.000000    
 k_ppt5                2.072782        1.000000        0.000000    
 k_ppt6                8.044356        1.000000        0.000000    
 k_ppt7                7.540874        1.000000        0.000000    
 k_ppt8                6.829410        1.000000        0.000000    
 k_ppt9                4.239794        1.000000        0.000000    
 k_ppt10               5.142753        1.000000        0.000000    
 k_ppt11               5.687321        1.000000        0.000000    
 k_ppt12               7.206992        1.000000        0.000000    
 k_ppt13               4.000774        1.000000        0.000000    
 k_ppt14               4.866418        1.000000        0.000000    
 k_ppt15               4.226431        1.000000        0.000000    
 k_ppt16               1.955917        1.000000        0.000000    
 k_ppt17               1.397633        1.000000        0.000000    
 k_ppt18               2.357645        1.000000        0.000000    
 k_ppt19               2.394762        1.000000        0.000000    
 k_ppt20               7.456587        1.000000        0.000000    
 k_ppt21               5.383292        1.000000        0.000000    
 k_ppt22               9.137106        1.000000        0.000000    
 k_ppt23               2.399896        1.000000        0.000000    
 k_ppt24               1.180129        1.000000        0.000000    
 k_ppt25               3.478940        1.000000        0.000000    
 k_ppt26               4.099355        1.000000        0.000000    
 k_ppt27               5.865351        1.000000        0.000000    
 k_ppt28               5.551648        1.000000        0.000000    
 k_ppt29               3.977225        1.000000        0.000000    
 k_ppt30               2.787796        1.000000        0.000000    
 k_ppt31               2.927094        1.000000        0.000000    
 k_ppt32              0.8113041        1.000000        0.000000    
 k_ppt33               2.530982        1.000000        0.000000    
 k_ppt34               3.434670        1.000000        0.000000    
 k_ppt35               3.785557        1.000000        0.000000    
 k_ppt36               6.263953        1.000000        0.000000    
 k_ppt37               3.685584        1.000000        0.000000    
 k_ppt38               3.051049        1.000000        0.000000    
 k_ppt39               1.306700        1.000000        0.000000    
 k_ppt40               1.454713        1.000000        0.000000    
 k_ppt41              0.6906341        1.000000        0.000000    
 k_ppt42               3.945101        1.000000        0.000000    
 k_ppt43               4.055138        1.000000        0.000000    
 k_ppt44               1.235017        1.000000        0.000000    
 k_ppt45               1.497890        1.000000        0.000000    
 k_ppt46               3.673126        1.000000        0.000000    
 k_ppt47               3.216747        1.000000        0.000000    
 k_ppt48               3.499119        1.000000        0.000000    
 k_ppt49              0.3911928        1.000000        0.000000    
 k_ppt50              0.6303085        1.000000        0.000000    
 k_ppt51               2.802256        1.000000        0.000000    
 k_ppt52               2.036323        1.000000        0.000000    
 k_ppt53              0.6638935        1.000000        0.000000    
 k_ppt54               1.268589        1.000000        0.000000    
 k_ppt55               3.473633        1.000000        0.000000    
 k_ppt56               3.124079        1.000000        0.000000    
 k_ppt57              0.2454965        1.000000        0.000000    
 k_ppt58               1.452350        1.000000        0.000000    
 k_ppt59              0.6352745        1.000000        0.000000    
 k_ppt60              0.5185536        1.000000        0.000000    
 k_ppt61              0.9044623        1.000000        0.000000    
 k_ppt62              0.6733428        1.000000        0.000000    
 k_ppt63              0.7614098        1.000000        0.000000    
 k_ppt64               2.639615        1.000000        0.000000    
 k_ppt65              0.2116085        1.000000        0.000000    
 k_ppt66              0.5833513        1.000000        0.000000    
 k_ppt67              0.3145961        1.000000        0.000000    
 k_ppt68              0.5319255        1.000000        0.000000    
 k_ppt69              0.5979109        1.000000        0.000000    
 k_ppt70               1.218152        1.000000        0.000000    
 k_ppt71              0.9096906        1.000000        0.000000    
 k_ppt72               1.539233        1.000000        0.000000    
 k_ppt73              0.2449307        1.000000        0.000000    
 k_ppt74              0.3123904        1.000000        0.000000    
 k_ppt75              0.4135082        1.000000        0.000000    
 k_ppt76               1.585352        1.000000        0.000000    
 k_ppt77              0.4084836        1.000000        0.000000    
 k_ppt78               1.370383        1.000000        0.000000    
 k_ppt79              0.9716332        1.000000        0.000000    
 k_ppt80               1.219438        1.000000        0.000000    
 k_ppt81              0.8514820        1.000000        0.000000    
 k_ppt82              0.9105224        1.000000        0.000000    
 k_ppt83               3.121387        1.000000        0.000000    
 k_ppt84               2.632215        1.000000        0.000000    
 k_ppt85               1.792986        1.000000        0.000000    
 k_ppt86               1.230156        1.000000        0.000000    
 k_ppt87              0.7966365        1.000000        0.000000    
 k_ppt88               1.138595        1.000000        0.000000    
 k_ppt89               1.171005        1.000000        0.000000    
 k_ppt90               2.272901        1.000000        0.000000    
 k_ppt91               2.496858        1.000000        0.000000    
 k_ppt92               4.483970        1.000000        0.000000    
 k_ppt93               1.348696        1.000000        0.000000    
 k_ppt94               1.320635        1.000000        0.000000    
 k_ppt95              0.7948416        1.000000        0.000000    
 k_ppt96               1.493999        1.000000        0.000000    
 k_ppt97               1.061892        1.000000        0.000000    
 k_ppt98               1.324659        1.000000        0.000000    
 k_ppt99               3.041266        1.000000        0.000000    
 k_ppt100              5.155181        1.000000        0.000000    
 k_ppt101              1.486477        1.000000        0.000000    
 k_ppt102             0.7035639        1.000000        0.000000    
 k_ppt103              1.866122        1.000000        0.000000    
 k_ppt104             0.9805894        1.000000        0.000000    
