 single point
 k_ppt1                2.418266        1.000000        0.000000    
 k_ppt2                2.507384        1.000000        0.000000    
 k_ppt3                1.069042        1.000000        0.000000    
 k_ppt4               0.6970816        1.000000        0.000000    
 k_ppt5                2.461909        1.000000        0.000000    
 k_ppt6                1.583767        1.000000        0.000000    
 k_ppt7                1.451982        1.000000        0.000000    
 k_ppt8               0.6271069        1.000000        0.000000    
 k_ppt9                2.577534        1.000000        0.000000    
 k_ppt10              0.9815251        1.000000        0.000000    
 k_ppt11              0.7737717        1.000000        0.000000    
 k_ppt12              0.5193784        1.000000        0.000000    
 k_ppt13              0.8941144        1.000000        0.000000    
 k_ppt14               1.617475        1.000000        0.000000    
 k_ppt15               1.018475        1.000000        0.000000    
 k_ppt16               1.488798        1.000000        0.000000    
 k_ppt17               3.096427        1.000000        0.000000    
 k_ppt18              0.4292744        1.000000        0.000000    
 k_ppt19              0.2286198        1.000000        0.000000    
 k_ppt20              0.6327972        1.000000        0.000000    
 k_ppt21              0.6053367        1.000000        0.000000    
 k_ppt22               1.181564        1.000000        0.000000    
 k_ppt23              0.3894297        1.000000        0.000000    
 k_ppt24              0.3843033        1.000000        0.000000    
 k_ppt25               1.106694        1.000000        0.000000    
 k_ppt26              0.3978621        1.000000        0.000000    
 k_ppt27              0.3393825        1.000000        0.000000    
 k_ppt28              0.3160579        1.000000        0.000000    
 k_ppt29              0.5146296        1.000000        0.000000    
 k_ppt30              0.1812663        1.000000        0.000000    
 k_ppt31              0.2502390        1.000000        0.000000    
 k_ppt32              0.2121023        1.000000        0.000000    
 k_ppt33              0.4807654        1.000000        0.000000    
 k_ppt34              0.3134877        1.000000        0.000000    
 k_ppt35              0.1779746        1.000000        0.000000    
 k_ppt36              0.2389237        1.000000        0.000000    
 k_ppt37              0.2264494        1.000000        0.000000    
 k_ppt38              0.1283847        1.000000        0.000000    
 k_ppt39              0.1108013        1.000000        0.000000    
 k_ppt40              9.9632801E-02    1.000000        0.000000    
 k_ppt41               1.300195        1.000000        0.000000    
 k_ppt42              0.9649677        1.000000        0.000000    
 k_ppt43              0.2360286        1.000000        0.000000    
 k_ppt44              0.2736558        1.000000        0.000000    
 k_ppt45              0.4249785        1.000000        0.000000    
 k_ppt46              0.1786422        1.000000        0.000000    
 k_ppt47              0.1452351        1.000000        0.000000    
 k_ppt48              0.2833192        1.000000        0.000000    
 k_ppt49               1.174150        1.000000        0.000000    
 k_ppt50               1.396318        1.000000        0.000000    
 k_ppt51              0.1135004        1.000000        0.000000    
 k_ppt52              0.5374510        1.000000        0.000000    
 k_ppt53              0.5937085        1.000000        0.000000    
 k_ppt54              0.3781436        1.000000        0.000000    
 k_ppt55              0.7981859        1.000000        0.000000    
 k_ppt56              0.6988201        1.000000        0.000000    
 k_ppt57               2.311463        1.000000        0.000000    
 k_ppt58              0.9282549        1.000000        0.000000    
 k_ppt59              0.8619967        1.000000        0.000000    
 k_ppt60              0.9895284        1.000000        0.000000    
 k_ppt61              0.2787164        1.000000        0.000000    
 k_ppt62              0.7030342        1.000000        0.000000    
 k_ppt63              0.5873795        1.000000        0.000000    
 k_ppt64              0.2985865        1.000000        0.000000    
 k_ppt65              0.9422202        1.000000        0.000000    
 k_ppt66               2.794592        1.000000        0.000000    
 k_ppt67              0.5627898        1.000000        0.000000    
 k_ppt68              0.3714461        1.000000        0.000000    
 k_ppt69              0.6138797        1.000000        0.000000    
 k_ppt70              0.9202429        1.000000        0.000000    
 k_ppt71              0.6181182        1.000000        0.000000    
 k_ppt72              0.9026717        1.000000        0.000000    
 k_ppt73               2.521364        1.000000        0.000000    
 k_ppt74               1.366859        1.000000        0.000000    
 k_ppt75              0.9431855        1.000000        0.000000    
 k_ppt76              0.3912392        1.000000        0.000000    
 k_ppt77              0.7217867        1.000000        0.000000    
 k_ppt78              0.8102580        1.000000        0.000000    
 k_ppt79               1.017537        1.000000        0.000000    
 k_ppt80              0.6457885        1.000000        0.000000    
 k_ppt81               5.003209        1.000000        0.000000    
 k_ppt82               4.527930        1.000000        0.000000    
 k_ppt83               1.320371        1.000000        0.000000    
 k_ppt84               1.507770        1.000000        0.000000    
 k_ppt85              0.5772028        1.000000        0.000000    
 k_ppt86              0.8277034        1.000000        0.000000    
 k_ppt87              0.5198236        1.000000        0.000000    
 k_ppt88              0.6652916        1.000000        0.000000    
 k_ppt89              0.8361569        1.000000        0.000000    
 k_ppt90               1.662772        1.000000        0.000000    
 k_ppt91               1.864218        1.000000        0.000000    
 k_ppt92               1.139524        1.000000        0.000000    
 k_ppt93              0.3599677        1.000000        0.000000    
 k_ppt94              0.7309919        1.000000        0.000000    
 k_ppt95              0.9699794        1.000000        0.000000    
 k_ppt96              0.8018312        1.000000        0.000000    
 k_ppt97              0.5120010        1.000000        0.000000    
 k_ppt98               1.590863        1.000000        0.000000    
 k_ppt99               1.731077        1.000000        0.000000    
 k_ppt100              1.180016        1.000000        0.000000    
 k_ppt101             0.8488417        1.000000        0.000000    
 k_ppt102              1.178906        1.000000        0.000000    
 k_ppt103             0.5618299        1.000000        0.000000    
 k_ppt104             0.6378725        1.000000        0.000000    
