 single point
 k_ppt1                2.814136        1.000000        0.000000    
 k_ppt2                5.261647        1.000000        0.000000    
 k_ppt3                2.308326        1.000000        0.000000    
 k_ppt4                1.973831        1.000000        0.000000    
 k_ppt5                2.476521        1.000000        0.000000    
 k_ppt6                1.875780        1.000000        0.000000    
 k_ppt7                12.38529        1.000000        0.000000    
 k_ppt8                16.72871        1.000000        0.000000    
 k_ppt9               0.8810321        1.000000        0.000000    
 k_ppt10               1.616089        1.000000        0.000000    
 k_ppt11               1.135869        1.000000        0.000000    
 k_ppt12               1.745559        1.000000        0.000000    
 k_ppt13               1.346307        1.000000        0.000000    
 k_ppt14               2.587896        1.000000        0.000000    
 k_ppt15               6.162501        1.000000        0.000000    
 k_ppt16               9.680396        1.000000        0.000000    
 k_ppt17               1.234377        1.000000        0.000000    
 k_ppt18               1.725565        1.000000        0.000000    
 k_ppt19               2.187065        1.000000        0.000000    
 k_ppt20               5.232319        1.000000        0.000000    
 k_ppt21               1.803317        1.000000        0.000000    
 k_ppt22               2.534676        1.000000        0.000000    
 k_ppt23               1.861235        1.000000        0.000000    
 k_ppt24               2.767345        1.000000        0.000000    
 k_ppt25               2.821075        1.000000        0.000000    
 k_ppt26               3.426280        1.000000        0.000000    
 k_ppt27               4.171250        1.000000        0.000000    
 k_ppt28               2.858069        1.000000        0.000000    
 k_ppt29               2.525013        1.000000        0.000000    
 k_ppt30               1.342658        1.000000        0.000000    
 k_ppt31              0.8822894        1.000000        0.000000    
 k_ppt32               1.325950        1.000000        0.000000    
 k_ppt33               5.993556        1.000000        0.000000    
 k_ppt34               3.413598        1.000000        0.000000    
 k_ppt35               13.70515        1.000000        0.000000    
 k_ppt36               8.542114        1.000000        0.000000    
 k_ppt37               4.313953        1.000000        0.000000    
 k_ppt38               1.487290        1.000000        0.000000    
 k_ppt39              0.6929140        1.000000        0.000000    
 k_ppt40              0.9391603        1.000000        0.000000    
 k_ppt41               7.919441        1.000000        0.000000    
 k_ppt42               5.540191        1.000000        0.000000    
 k_ppt43               15.22898        1.000000        0.000000    
 k_ppt44               15.11269        1.000000        0.000000    
 k_ppt45               6.381464        1.000000        0.000000    
 k_ppt46               1.494140        1.000000        0.000000    
 k_ppt47              0.1897155        1.000000        0.000000    
 k_ppt48              0.3682095        1.000000        0.000000    
 k_ppt49               5.214994        1.000000        0.000000    
 k_ppt50               14.38901        1.000000        0.000000    
 k_ppt51               9.203246        1.000000        0.000000    
 k_ppt52               3.442210        1.000000        0.000000    
 k_ppt53               1.403385        1.000000        0.000000    
 k_ppt54              0.3110305        1.000000        0.000000    
 k_ppt55              0.3492167        1.000000        0.000000    
 k_ppt56              0.1378856        1.000000        0.000000    
 k_ppt57               8.605796        1.000000        0.000000    
 k_ppt58               4.059213        1.000000        0.000000    
 k_ppt59               1.647315        1.000000        0.000000    
 k_ppt60               2.809370        1.000000        0.000000    
 k_ppt61               1.164774        1.000000        0.000000    
 k_ppt62              0.6876589        1.000000        0.000000    
 k_ppt63              0.4731852        1.000000        0.000000    
 k_ppt64              0.4372311        1.000000        0.000000    
 k_ppt65               4.748545        1.000000        0.000000    
 k_ppt66               2.732427        1.000000        0.000000    
 k_ppt67               2.112334        1.000000        0.000000    
 k_ppt68               2.990604        1.000000        0.000000    
 k_ppt69               1.250519        1.000000        0.000000    
 k_ppt70               1.143960        1.000000        0.000000    
 k_ppt71              0.5397112        1.000000        0.000000    
 k_ppt72              0.7739431        1.000000        0.000000    
 k_ppt73               2.411106        1.000000        0.000000    
 k_ppt74               2.505232        1.000000        0.000000    
 k_ppt75               1.759398        1.000000        0.000000    
 k_ppt76               1.861737        1.000000        0.000000    
 k_ppt77              0.9851198        1.000000        0.000000    
 k_ppt78              0.9126041        1.000000        0.000000    
 k_ppt79              0.9968089        1.000000        0.000000    
 k_ppt80               1.323219        1.000000        0.000000    
 k_ppt81               1.242672        1.000000        0.000000    
 k_ppt82               1.307177        1.000000        0.000000    
 k_ppt83               2.647371        1.000000        0.000000    
 k_ppt84               1.796600        1.000000        0.000000    
 k_ppt85              0.7809347        1.000000        0.000000    
 k_ppt86              0.7888359        1.000000        0.000000    
 k_ppt87              0.4747460        1.000000        0.000000    
 k_ppt88              0.8193345        1.000000        0.000000    
 k_ppt89              0.6428223        1.000000        0.000000    
 k_ppt90              0.3550753        1.000000        0.000000    
 k_ppt91               2.006260        1.000000        0.000000    
 k_ppt92              0.7366499        1.000000        0.000000    
 k_ppt93              0.7661702        1.000000        0.000000    
 k_ppt94              0.8524595        1.000000        0.000000    
 k_ppt95               1.535223        1.000000        0.000000    
 k_ppt96               1.207158        1.000000        0.000000    
 k_ppt97              0.4598375        1.000000        0.000000    
 k_ppt98               1.024111        1.000000        0.000000    
 k_ppt99              0.9959837        1.000000        0.000000    
 k_ppt100             0.4066815        1.000000        0.000000    
 k_ppt101             0.6538649        1.000000        0.000000    
 k_ppt102             0.8121881        1.000000        0.000000    
 k_ppt103             0.6459778        1.000000        0.000000    
 k_ppt104             0.5272649        1.000000        0.000000    
