 single point
 k_ppt1               0.2730651        1.000000        0.000000    
 k_ppt2               0.8976798        1.000000        0.000000    
 k_ppt3               0.9212112        1.000000        0.000000    
 k_ppt4               0.8693454        1.000000        0.000000    
 k_ppt5                1.679314        1.000000        0.000000    
 k_ppt6               0.3701783        1.000000        0.000000    
 k_ppt7               0.1534515        1.000000        0.000000    
 k_ppt8               0.3533451        1.000000        0.000000    
 k_ppt9               0.2384402        1.000000        0.000000    
 k_ppt10              0.3471016        1.000000        0.000000    
 k_ppt11              0.2989646        1.000000        0.000000    
 k_ppt12              0.2284695        1.000000        0.000000    
 k_ppt13              0.2582418        1.000000        0.000000    
 k_ppt14              0.2614719        1.000000        0.000000    
 k_ppt15              0.2000016        1.000000        0.000000    
 k_ppt16              0.1648620        1.000000        0.000000    
 k_ppt17              0.8213953        1.000000        0.000000    
 k_ppt18              0.6507926        1.000000        0.000000    
 k_ppt19              0.2319944        1.000000        0.000000    
 k_ppt20              0.1336052        1.000000        0.000000    
 k_ppt21              0.3431031        1.000000        0.000000    
 k_ppt22              0.3053984        1.000000        0.000000    
 k_ppt23              0.1516779        1.000000        0.000000    
 k_ppt24              9.5246418E-02    1.000000        0.000000    
 k_ppt25              0.4440896        1.000000        0.000000    
 k_ppt26              0.2673848        1.000000        0.000000    
 k_ppt27              0.3994452        1.000000        0.000000    
 k_ppt28              0.1757805        1.000000        0.000000    
 k_ppt29              0.1979863        1.000000        0.000000    
 k_ppt30              0.2282927        1.000000        0.000000    
 k_ppt31              0.2746150        1.000000        0.000000    
 k_ppt32              0.4187037        1.000000        0.000000    
 k_ppt33              0.5026274        1.000000        0.000000    
 k_ppt34               1.065447        1.000000        0.000000    
 k_ppt35               1.085760        1.000000        0.000000    
 k_ppt36              0.6614982        1.000000        0.000000    
 k_ppt37              0.2469622        1.000000        0.000000    
 k_ppt38              0.5947108        1.000000        0.000000    
 k_ppt39              0.8448415        1.000000        0.000000    
 k_ppt40              0.5669402        1.000000        0.000000    
 k_ppt41              0.7897813        1.000000        0.000000    
 k_ppt42               1.103627        1.000000        0.000000    
 k_ppt43              0.6008948        1.000000        0.000000    
 k_ppt44              0.3504700        1.000000        0.000000    
 k_ppt45              0.2483846        1.000000        0.000000    
 k_ppt46              0.5952643        1.000000        0.000000    
 k_ppt47              0.9160935        1.000000        0.000000    
 k_ppt48              0.9017150        1.000000        0.000000    
 k_ppt49              0.5110116        1.000000        0.000000    
 k_ppt50              0.4111726        1.000000        0.000000    
 k_ppt51              0.2074542        1.000000        0.000000    
 k_ppt52              0.4441199        1.000000        0.000000    
 k_ppt53              0.3510540        1.000000        0.000000    
 k_ppt54              0.5744323        1.000000        0.000000    
 k_ppt55              0.5784350        1.000000        0.000000    
 k_ppt56               2.127556        1.000000        0.000000    
 k_ppt57               1.686481        1.000000        0.000000    
 k_ppt58               1.514442        1.000000        0.000000    
 k_ppt59              0.8410833        1.000000        0.000000    
 k_ppt60              0.5506164        1.000000        0.000000    
 k_ppt61              0.2521871        1.000000        0.000000    
 k_ppt62              0.5834705        1.000000        0.000000    
 k_ppt63              0.5691617        1.000000        0.000000    
 k_ppt64               3.323911        1.000000        0.000000    
 k_ppt65               1.715068        1.000000        0.000000    
 k_ppt66               1.587435        1.000000        0.000000    
 k_ppt67               1.618421        1.000000        0.000000    
 k_ppt68              0.7468703        1.000000        0.000000    
 k_ppt69              0.5546678        1.000000        0.000000    
 k_ppt70               1.026801        1.000000        0.000000    
 k_ppt71              0.9388446        1.000000        0.000000    
 k_ppt72               2.201817        1.000000        0.000000    
 k_ppt73               1.254716        1.000000        0.000000    
 k_ppt74              0.5202036        1.000000        0.000000    
 k_ppt75              0.5421981        1.000000        0.000000    
 k_ppt76              0.6710265        1.000000        0.000000    
 k_ppt77               1.256577        1.000000        0.000000    
 k_ppt78              0.9888839        1.000000        0.000000    
 k_ppt79              0.5323317        1.000000        0.000000    
 k_ppt80               1.431768        1.000000        0.000000    
 k_ppt81              0.4436838        1.000000        0.000000    
 k_ppt82              0.2936017        1.000000        0.000000    
 k_ppt83              0.6059515        1.000000        0.000000    
 k_ppt84              0.5674708        1.000000        0.000000    
 k_ppt85               1.105233        1.000000        0.000000    
 k_ppt86               1.814515        1.000000        0.000000    
 k_ppt87               1.361564        1.000000        0.000000    
 k_ppt88               1.694798        1.000000        0.000000    
 k_ppt89              0.2825838        1.000000        0.000000    
 k_ppt90              0.2613756        1.000000        0.000000    
 k_ppt91              0.3996091        1.000000        0.000000    
 k_ppt92              0.7273496        1.000000        0.000000    
 k_ppt93               1.433930        1.000000        0.000000    
 k_ppt94               3.511161        1.000000        0.000000    
 k_ppt95               2.174270        1.000000        0.000000    
 k_ppt96               1.027151        1.000000        0.000000    
 k_ppt97              0.3186994        1.000000        0.000000    
 k_ppt98              9.5614265E-02    1.000000        0.000000    
 k_ppt99              0.3438102        1.000000        0.000000    
 k_ppt100              1.036477        1.000000        0.000000    
 k_ppt101              2.017178        1.000000        0.000000    
 k_ppt102              2.725568        1.000000        0.000000    
 k_ppt103              2.925671        1.000000        0.000000    
 k_ppt104              4.416415        1.000000        0.000000    
