 single point
 k_ppt1                1.888811        1.000000        0.000000    
 k_ppt2                4.157662        1.000000        0.000000    
 k_ppt3                4.417203        1.000000        0.000000    
 k_ppt4                3.357469        1.000000        0.000000    
 k_ppt5                2.447592        1.000000        0.000000    
 k_ppt6                1.191072        1.000000        0.000000    
 k_ppt7               0.8697967        1.000000        0.000000    
 k_ppt8               0.7723338        1.000000        0.000000    
 k_ppt9                1.470635        1.000000        0.000000    
 k_ppt10               3.129142        1.000000        0.000000    
 k_ppt11               2.911282        1.000000        0.000000    
 k_ppt12               2.172806        1.000000        0.000000    
 k_ppt13               2.134597        1.000000        0.000000    
 k_ppt14               1.303156        1.000000        0.000000    
 k_ppt15               1.774143        1.000000        0.000000    
 k_ppt16               1.828730        1.000000        0.000000    
 k_ppt17              0.9494628        1.000000        0.000000    
 k_ppt18              0.7784341        1.000000        0.000000    
 k_ppt19              0.6717395        1.000000        0.000000    
 k_ppt20              0.3146878        1.000000        0.000000    
 k_ppt21               1.006580        1.000000        0.000000    
 k_ppt22               3.398919        1.000000        0.000000    
 k_ppt23               1.701140        1.000000        0.000000    
 k_ppt24               3.009333        1.000000        0.000000    
 k_ppt25               2.441862        1.000000        0.000000    
 k_ppt26               1.290322        1.000000        0.000000    
 k_ppt27              0.7643861        1.000000        0.000000    
 k_ppt28              0.5624508        1.000000        0.000000    
 k_ppt29              0.6639292        1.000000        0.000000    
 k_ppt30              0.8696773        1.000000        0.000000    
 k_ppt31               1.711531        1.000000        0.000000    
 k_ppt32              0.8346475        1.000000        0.000000    
 k_ppt33               2.062941        1.000000        0.000000    
 k_ppt34               1.454420        1.000000        0.000000    
 k_ppt35               1.461204        1.000000        0.000000    
 k_ppt36              0.4417803        1.000000        0.000000    
 k_ppt37              0.5034801        1.000000        0.000000    
 k_ppt38              0.4809421        1.000000        0.000000    
 k_ppt39              0.8976070        1.000000        0.000000    
 k_ppt40               1.807513        1.000000        0.000000    
 k_ppt41               3.231744        1.000000        0.000000    
 k_ppt42               3.125737        1.000000        0.000000    
 k_ppt43               1.336902        1.000000        0.000000    
 k_ppt44              0.4860545        1.000000        0.000000    
 k_ppt45              0.4211813        1.000000        0.000000    
 k_ppt46              0.8414282        1.000000        0.000000    
 k_ppt47               1.541845        1.000000        0.000000    
 k_ppt48               1.593178        1.000000        0.000000    
 k_ppt49               1.726042        1.000000        0.000000    
 k_ppt50               1.973180        1.000000        0.000000    
 k_ppt51               1.831899        1.000000        0.000000    
 k_ppt52               1.229167        1.000000        0.000000    
 k_ppt53              0.3869264        1.000000        0.000000    
 k_ppt54              0.7123307        1.000000        0.000000    
 k_ppt55               1.476069        1.000000        0.000000    
 k_ppt56              0.7093264        1.000000        0.000000    
 k_ppt57               2.776551        1.000000        0.000000    
 k_ppt58               2.892962        1.000000        0.000000    
 k_ppt59               1.994413        1.000000        0.000000    
 k_ppt60              0.8462114        1.000000        0.000000    
 k_ppt61              0.2801928        1.000000        0.000000    
 k_ppt62              0.2348331        1.000000        0.000000    
 k_ppt63              0.4199973        1.000000        0.000000    
 k_ppt64              0.2799624        1.000000        0.000000    
 k_ppt65               2.107284        1.000000        0.000000    
 k_ppt66               3.102822        1.000000        0.000000    
 k_ppt67               1.478545        1.000000        0.000000    
 k_ppt68               1.770262        1.000000        0.000000    
 k_ppt69              0.4353516        1.000000        0.000000    
 k_ppt70              0.2274306        1.000000        0.000000    
 k_ppt71              0.3576749        1.000000        0.000000    
 k_ppt72              0.4087356        1.000000        0.000000    
 k_ppt73               4.671268        1.000000        0.000000    
 k_ppt74               2.557351        1.000000        0.000000    
 k_ppt75               1.516313        1.000000        0.000000    
 k_ppt76              0.8874574        1.000000        0.000000    
 k_ppt77               1.488083        1.000000        0.000000    
 k_ppt78              0.4334147        1.000000        0.000000    
 k_ppt79              0.6598002        1.000000        0.000000    
 k_ppt80              0.9352862        1.000000        0.000000    
 k_ppt81               1.231155        1.000000        0.000000    
 k_ppt82               1.267203        1.000000        0.000000    
 k_ppt83               2.626379        1.000000        0.000000    
 k_ppt84               1.095021        1.000000        0.000000    
 k_ppt85               1.272416        1.000000        0.000000    
 k_ppt86              0.9997166        1.000000        0.000000    
 k_ppt87               1.002148        1.000000        0.000000    
 k_ppt88              0.7652571        1.000000        0.000000    
 k_ppt89               1.331253        1.000000        0.000000    
 k_ppt90              0.4262428        1.000000        0.000000    
 k_ppt91              0.7673934        1.000000        0.000000    
 k_ppt92              0.9497158        1.000000        0.000000    
 k_ppt93               1.309311        1.000000        0.000000    
 k_ppt94               1.077809        1.000000        0.000000    
 k_ppt95              0.4525330        1.000000        0.000000    
 k_ppt96               1.004014        1.000000        0.000000    
 k_ppt97              0.3164390        1.000000        0.000000    
 k_ppt98              0.2849030        1.000000        0.000000    
 k_ppt99              0.3220852        1.000000        0.000000    
 k_ppt100             0.6151647        1.000000        0.000000    
 k_ppt101             0.9273820        1.000000        0.000000    
 k_ppt102              1.541969        1.000000        0.000000    
 k_ppt103             0.6264882        1.000000        0.000000    
 k_ppt104              1.530781        1.000000        0.000000    
