 single point
 k_ppt1               0.3954707        1.000000        0.000000    
 k_ppt2                1.631944        1.000000        0.000000    
 k_ppt3               0.7650646        1.000000        0.000000    
 k_ppt4               0.3188147        1.000000        0.000000    
 k_ppt5               0.2767254        1.000000        0.000000    
 k_ppt6               0.2491645        1.000000        0.000000    
 k_ppt7               0.1467580        1.000000        0.000000    
 k_ppt8               0.1232951        1.000000        0.000000    
 k_ppt9               0.6146215        1.000000        0.000000    
 k_ppt10              0.6365167        1.000000        0.000000    
 k_ppt11              0.6203991        1.000000        0.000000    
 k_ppt12              0.6753547        1.000000        0.000000    
 k_ppt13              0.2377990        1.000000        0.000000    
 k_ppt14              0.2792654        1.000000        0.000000    
 k_ppt15              0.1338512        1.000000        0.000000    
 k_ppt16              0.1380658        1.000000        0.000000    
 k_ppt17              0.2421837        1.000000        0.000000    
 k_ppt18               1.305430        1.000000        0.000000    
 k_ppt19              0.6197285        1.000000        0.000000    
 k_ppt20              0.2133673        1.000000        0.000000    
 k_ppt21              0.2973343        1.000000        0.000000    
 k_ppt22              0.1388186        1.000000        0.000000    
 k_ppt23              0.1186948        1.000000        0.000000    
 k_ppt24              0.1314033        1.000000        0.000000    
 k_ppt25              0.5351867        1.000000        0.000000    
 k_ppt26              0.8590340        1.000000        0.000000    
 k_ppt27              0.5419755        1.000000        0.000000    
 k_ppt28              0.1800414        1.000000        0.000000    
 k_ppt29              0.1462589        1.000000        0.000000    
 k_ppt30              0.6336750        1.000000        0.000000    
 k_ppt31              0.3884477        1.000000        0.000000    
 k_ppt32              0.3834794        1.000000        0.000000    
 k_ppt33              0.8625740        1.000000        0.000000    
 k_ppt34              0.5567272        1.000000        0.000000    
 k_ppt35              0.1924421        1.000000        0.000000    
 k_ppt36              0.1003356        1.000000        0.000000    
 k_ppt37              0.1529685        1.000000        0.000000    
 k_ppt38              0.4681366        1.000000        0.000000    
 k_ppt39               1.333890        1.000000        0.000000    
 k_ppt40              0.8806454        1.000000        0.000000    
 k_ppt41              0.6809501        1.000000        0.000000    
 k_ppt42              0.1475762        1.000000        0.000000    
 k_ppt43              0.1801474        1.000000        0.000000    
 k_ppt44              6.1901336E-02    1.000000        0.000000    
 k_ppt45              0.1419213        1.000000        0.000000    
 k_ppt46               1.420264        1.000000        0.000000    
 k_ppt47              0.9465024        1.000000        0.000000    
 k_ppt48              0.9170898        1.000000        0.000000    
 k_ppt49              0.5403175        1.000000        0.000000    
 k_ppt50              0.1654259        1.000000        0.000000    
 k_ppt51              6.1448049E-02    1.000000        0.000000    
 k_ppt52              0.1763867        1.000000        0.000000    
 k_ppt53              0.1620577        1.000000        0.000000    
 k_ppt54              0.8640868        1.000000        0.000000    
 k_ppt55               3.405228        1.000000        0.000000    
 k_ppt56               2.212661        1.000000        0.000000    
 k_ppt57              0.8020055        1.000000        0.000000    
 k_ppt58              0.2455675        1.000000        0.000000    
 k_ppt59              0.1630934        1.000000        0.000000    
 k_ppt60              0.1862598        1.000000        0.000000    
 k_ppt61              0.8819366        1.000000        0.000000    
 k_ppt62               1.840639        1.000000        0.000000    
 k_ppt63               1.274294        1.000000        0.000000    
 k_ppt64               3.058973        1.000000        0.000000    
 k_ppt65               6.221473        1.000000        0.000000    
 k_ppt66              0.6637349        1.000000        0.000000    
 k_ppt67              0.3760855        1.000000        0.000000    
 k_ppt68              0.5575475        1.000000        0.000000    
 k_ppt69               1.025458        1.000000        0.000000    
 k_ppt70               2.333438        1.000000        0.000000    
 k_ppt71               4.749640        1.000000        0.000000    
 k_ppt72               2.567752        1.000000        0.000000    
 k_ppt73              0.5915680        1.000000        0.000000    
 k_ppt74              0.4521680        1.000000        0.000000    
 k_ppt75              0.7549636        1.000000        0.000000    
 k_ppt76               2.052192        1.000000        0.000000    
 k_ppt77               2.351538        1.000000        0.000000    
 k_ppt78               5.013472        1.000000        0.000000    
 k_ppt79               5.152354        1.000000        0.000000    
 k_ppt80               2.862649        1.000000        0.000000    
 k_ppt81              0.3725786        1.000000        0.000000    
 k_ppt82              0.3440114        1.000000        0.000000    
 k_ppt83               1.559835        1.000000        0.000000    
 k_ppt84               5.353893        1.000000        0.000000    
 k_ppt85               1.956069        1.000000        0.000000    
 k_ppt86               8.996674        1.000000        0.000000    
 k_ppt87               8.848488        1.000000        0.000000    
 k_ppt88               2.459509        1.000000        0.000000    
 k_ppt89              0.2737206        1.000000        0.000000    
 k_ppt90              0.7766723        1.000000        0.000000    
 k_ppt91               1.094741        1.000000        0.000000    
 k_ppt92              0.6434946        1.000000        0.000000    
 k_ppt93               4.630533        1.000000        0.000000    
 k_ppt94               4.282877        1.000000        0.000000    
 k_ppt95               11.70720        1.000000        0.000000    
 k_ppt96               5.095568        1.000000        0.000000    
 k_ppt97              0.4853850        1.000000        0.000000    
 k_ppt98              0.3191762        1.000000        0.000000    
 k_ppt99              0.8388936        1.000000        0.000000    
 k_ppt100             0.5926342        1.000000        0.000000    
 k_ppt101             0.9490891        1.000000        0.000000    
 k_ppt102              3.079056        1.000000        0.000000    
 k_ppt103              2.826033        1.000000        0.000000    
 k_ppt104              6.679084        1.000000        0.000000    
