 single point
 k_ppt1                1.423391        1.000000        0.000000    
 k_ppt2                1.479406        1.000000        0.000000    
 k_ppt3               0.2946133        1.000000        0.000000    
 k_ppt4               0.3984355        1.000000        0.000000    
 k_ppt5               0.5390751        1.000000        0.000000    
 k_ppt6                1.176129        1.000000        0.000000    
 k_ppt7                1.241767        1.000000        0.000000    
 k_ppt8               0.6529236        1.000000        0.000000    
 k_ppt9               0.5140332        1.000000        0.000000    
 k_ppt10               1.746505        1.000000        0.000000    
 k_ppt11              0.4010459        1.000000        0.000000    
 k_ppt12              0.2561350        1.000000        0.000000    
 k_ppt13              0.6294655        1.000000        0.000000    
 k_ppt14               1.151832        1.000000        0.000000    
 k_ppt15               1.391026        1.000000        0.000000    
 k_ppt16              0.3584596        1.000000        0.000000    
 k_ppt17              0.3659058        1.000000        0.000000    
 k_ppt18               2.353983        1.000000        0.000000    
 k_ppt19              0.5753864        1.000000        0.000000    
 k_ppt20              0.5111924        1.000000        0.000000    
 k_ppt21               1.978876        1.000000        0.000000    
 k_ppt22               1.521395        1.000000        0.000000    
 k_ppt23               1.424687        1.000000        0.000000    
 k_ppt24               1.617109        1.000000        0.000000    
 k_ppt25              0.3988909        1.000000        0.000000    
 k_ppt26              0.5606295        1.000000        0.000000    
 k_ppt27               1.854052        1.000000        0.000000    
 k_ppt28               1.694626        1.000000        0.000000    
 k_ppt29               1.088047        1.000000        0.000000    
 k_ppt30              0.8324039        1.000000        0.000000    
 k_ppt31              0.9518956        1.000000        0.000000    
 k_ppt32               1.448640        1.000000        0.000000    
 k_ppt33              0.6927825        1.000000        0.000000    
 k_ppt34              0.9060177        1.000000        0.000000    
 k_ppt35               2.256744        1.000000        0.000000    
 k_ppt36               1.588890        1.000000        0.000000    
 k_ppt37               1.047390        1.000000        0.000000    
 k_ppt38              0.8442246        1.000000        0.000000    
 k_ppt39              0.7666311        1.000000        0.000000    
 k_ppt40               1.786771        1.000000        0.000000    
 k_ppt41              0.2881799        1.000000        0.000000    
 k_ppt42              0.5135033        1.000000        0.000000    
 k_ppt43              0.9167777        1.000000        0.000000    
 k_ppt44               1.039550        1.000000        0.000000    
 k_ppt45               1.427467        1.000000        0.000000    
 k_ppt46              0.4285622        1.000000        0.000000    
 k_ppt47               2.028722        1.000000        0.000000    
 k_ppt48               1.163668        1.000000        0.000000    
 k_ppt49              0.4037353        1.000000        0.000000    
 k_ppt50              0.3944492        1.000000        0.000000    
 k_ppt51              0.5346969        1.000000        0.000000    
 k_ppt52               1.220578        1.000000        0.000000    
 k_ppt53              0.3518748        1.000000        0.000000    
 k_ppt54              0.5231471        1.000000        0.000000    
 k_ppt55               1.250931        1.000000        0.000000    
 k_ppt56               1.775244        1.000000        0.000000    
 k_ppt57              0.4551261        1.000000        0.000000    
 k_ppt58              0.3115416        1.000000        0.000000    
 k_ppt59              0.7384459        1.000000        0.000000    
 k_ppt60              0.2673890        1.000000        0.000000    
 k_ppt61              0.7764430        1.000000        0.000000    
 k_ppt62              0.7731018        1.000000        0.000000    
 k_ppt63               1.693532        1.000000        0.000000    
 k_ppt64               1.063140        1.000000        0.000000    
 k_ppt65              0.5869529        1.000000        0.000000    
 k_ppt66              0.6279661        1.000000        0.000000    
 k_ppt67              0.9061496        1.000000        0.000000    
 k_ppt68               1.488833        1.000000        0.000000    
 k_ppt69               1.812678        1.000000        0.000000    
 k_ppt70              0.5382633        1.000000        0.000000    
 k_ppt71              0.3770205        1.000000        0.000000    
 k_ppt72              0.2732277        1.000000        0.000000    
 k_ppt73              0.2563726        1.000000        0.000000    
 k_ppt74              0.6060709        1.000000        0.000000    
 k_ppt75              0.7493875        1.000000        0.000000    
 k_ppt76               1.170441        1.000000        0.000000    
 k_ppt77               1.020206        1.000000        0.000000    
 k_ppt78              0.1860465        1.000000        0.000000    
 k_ppt79              0.1111508        1.000000        0.000000    
 k_ppt80              0.4208665        1.000000        0.000000    
 k_ppt81              0.1849621        1.000000        0.000000    
 k_ppt82               2.355452        1.000000        0.000000    
 k_ppt83               2.361527        1.000000        0.000000    
 k_ppt84              0.8537509        1.000000        0.000000    
 k_ppt85              0.5573313        1.000000        0.000000    
 k_ppt86              0.4514096        1.000000        0.000000    
 k_ppt87              0.1590388        1.000000        0.000000    
 k_ppt88              0.2620635        1.000000        0.000000    
 k_ppt89              0.4971773        1.000000        0.000000    
 k_ppt90               2.462958        1.000000        0.000000    
 k_ppt91               5.259413        1.000000        0.000000    
 k_ppt92               1.631672        1.000000        0.000000    
 k_ppt93              0.5037744        1.000000        0.000000    
 k_ppt94              0.2037904        1.000000        0.000000    
 k_ppt95              0.2459713        1.000000        0.000000    
 k_ppt96              0.3499228        1.000000        0.000000    
 k_ppt97               1.161233        1.000000        0.000000    
 k_ppt98               2.575847        1.000000        0.000000    
 k_ppt99               2.606874        1.000000        0.000000    
 k_ppt100             0.8253495        1.000000        0.000000    
 k_ppt101             0.3290001        1.000000        0.000000    
 k_ppt102             0.6143303        1.000000        0.000000    
 k_ppt103             0.5742457        1.000000        0.000000    
 k_ppt104             0.4446916        1.000000        0.000000    
