 single point
 k_ppt1               0.4256729        1.000000        0.000000    
 k_ppt2               0.5759389        1.000000        0.000000    
 k_ppt3               0.4199810        1.000000        0.000000    
 k_ppt4               0.9503983        1.000000        0.000000    
 k_ppt5               0.4197150        1.000000        0.000000    
 k_ppt6               0.7729477        1.000000        0.000000    
 k_ppt7                1.085249        1.000000        0.000000    
 k_ppt8               0.4316897        1.000000        0.000000    
 k_ppt9               0.7233926        1.000000        0.000000    
 k_ppt10              0.4358901        1.000000        0.000000    
 k_ppt11              0.5009223        1.000000        0.000000    
 k_ppt12              0.5419199        1.000000        0.000000    
 k_ppt13               1.037935        1.000000        0.000000    
 k_ppt14               1.053209        1.000000        0.000000    
 k_ppt15               1.352649        1.000000        0.000000    
 k_ppt16              0.5561307        1.000000        0.000000    
 k_ppt17               1.098352        1.000000        0.000000    
 k_ppt18              0.9335427        1.000000        0.000000    
 k_ppt19              0.7132145        1.000000        0.000000    
 k_ppt20              0.4894010        1.000000        0.000000    
 k_ppt21              0.6898685        1.000000        0.000000    
 k_ppt22              0.6764781        1.000000        0.000000    
 k_ppt23              0.7568810        1.000000        0.000000    
 k_ppt24              0.7594851        1.000000        0.000000    
 k_ppt25               5.470455        1.000000        0.000000    
 k_ppt26               1.760834        1.000000        0.000000    
 k_ppt27              0.7841381        1.000000        0.000000    
 k_ppt28              0.7298505        1.000000        0.000000    
 k_ppt29               1.330902        1.000000        0.000000    
 k_ppt30               1.013101        1.000000        0.000000    
 k_ppt31              0.5635705        1.000000        0.000000    
 k_ppt32               1.720939        1.000000        0.000000    
 k_ppt33               2.635913        1.000000        0.000000    
 k_ppt34               1.404176        1.000000        0.000000    
 k_ppt35               1.212065        1.000000        0.000000    
 k_ppt36               1.543039        1.000000        0.000000    
 k_ppt37               2.011578        1.000000        0.000000    
 k_ppt38              0.8326004        1.000000        0.000000    
 k_ppt39              0.7238571        1.000000        0.000000    
 k_ppt40              0.9951781        1.000000        0.000000    
 k_ppt41               1.059676        1.000000        0.000000    
 k_ppt42               2.169021        1.000000        0.000000    
 k_ppt43               1.626835        1.000000        0.000000    
 k_ppt44              0.8630146        1.000000        0.000000    
 k_ppt45              0.3703903        1.000000        0.000000    
 k_ppt46              0.6855879        1.000000        0.000000    
 k_ppt47               1.919210        1.000000        0.000000    
 k_ppt48              0.9382421        1.000000        0.000000    
 k_ppt49               1.578512        1.000000        0.000000    
 k_ppt50               2.120441        1.000000        0.000000    
 k_ppt51               2.249879        1.000000        0.000000    
 k_ppt52               1.522128        1.000000        0.000000    
 k_ppt53               1.610936        1.000000        0.000000    
 k_ppt54              0.6944466        1.000000        0.000000    
 k_ppt55               1.917812        1.000000        0.000000    
 k_ppt56               1.590873        1.000000        0.000000    
 k_ppt57               1.081957        1.000000        0.000000    
 k_ppt58               1.760703        1.000000        0.000000    
 k_ppt59               1.698969        1.000000        0.000000    
 k_ppt60               1.985297        1.000000        0.000000    
 k_ppt61               2.124959        1.000000        0.000000    
 k_ppt62               1.124504        1.000000        0.000000    
 k_ppt63              0.4837189        1.000000        0.000000    
 k_ppt64              0.4484641        1.000000        0.000000    
 k_ppt65               1.795152        1.000000        0.000000    
 k_ppt66               2.677929        1.000000        0.000000    
 k_ppt67               1.317398        1.000000        0.000000    
 k_ppt68               1.557365        1.000000        0.000000    
 k_ppt69               2.999998        1.000000        0.000000    
 k_ppt70               1.248048        1.000000        0.000000    
 k_ppt71              0.7944870        1.000000        0.000000    
 k_ppt72              0.9503044        1.000000        0.000000    
 k_ppt73              0.8843258        1.000000        0.000000    
 k_ppt74              0.9285764        1.000000        0.000000    
 k_ppt75               1.335896        1.000000        0.000000    
 k_ppt76               2.422230        1.000000        0.000000    
 k_ppt77               2.841130        1.000000        0.000000    
 k_ppt78               3.870519        1.000000        0.000000    
 k_ppt79              0.8147548        1.000000        0.000000    
 k_ppt80               1.010177        1.000000        0.000000    
 k_ppt81              0.7888245        1.000000        0.000000    
 k_ppt82              0.4884794        1.000000        0.000000    
 k_ppt83              0.3437591        1.000000        0.000000    
 k_ppt84               1.712165        1.000000        0.000000    
 k_ppt85               1.386478        1.000000        0.000000    
 k_ppt86              0.8275901        1.000000        0.000000    
 k_ppt87               1.485281        1.000000        0.000000    
 k_ppt88               1.925755        1.000000        0.000000    
 k_ppt89              0.2751681        1.000000        0.000000    
 k_ppt90              0.3976869        1.000000        0.000000    
 k_ppt91              0.4412227        1.000000        0.000000    
 k_ppt92              0.3172595        1.000000        0.000000    
 k_ppt93              0.2976586        1.000000        0.000000    
 k_ppt94              0.1109156        1.000000        0.000000    
 k_ppt95              0.6203862        1.000000        0.000000    
 k_ppt96               2.602452        1.000000        0.000000    
 k_ppt97              0.1492787        1.000000        0.000000    
 k_ppt98              0.1475672        1.000000        0.000000    
 k_ppt99              0.2759806        1.000000        0.000000    
 k_ppt100             0.4799042        1.000000        0.000000    
 k_ppt101             0.1519499        1.000000        0.000000    
 k_ppt102             0.1717744        1.000000        0.000000    
 k_ppt103             0.5756402        1.000000        0.000000    
 k_ppt104              1.497011        1.000000        0.000000    
