 single point
 k_ppt1                2.411024        1.000000        0.000000    
 k_ppt2                1.238100        1.000000        0.000000    
 k_ppt3               0.9037108        1.000000        0.000000    
 k_ppt4                1.352378        1.000000        0.000000    
 k_ppt5               0.6717119        1.000000        0.000000    
 k_ppt6               0.2094152        1.000000        0.000000    
 k_ppt7               0.2706561        1.000000        0.000000    
 k_ppt8               0.3261742        1.000000        0.000000    
 k_ppt9                1.559661        1.000000        0.000000    
 k_ppt10              0.6160802        1.000000        0.000000    
 k_ppt11              0.4230605        1.000000        0.000000    
 k_ppt12              0.6727898        1.000000        0.000000    
 k_ppt13              0.3514257        1.000000        0.000000    
 k_ppt14              0.1699147        1.000000        0.000000    
 k_ppt15              8.8019586E-02    1.000000        0.000000    
 k_ppt16              0.2966839        1.000000        0.000000    
 k_ppt17              0.6106900        1.000000        0.000000    
 k_ppt18              0.4667811        1.000000        0.000000    
 k_ppt19               1.137698        1.000000        0.000000    
 k_ppt20               2.722684        1.000000        0.000000    
 k_ppt21               1.004131        1.000000        0.000000    
 k_ppt22              0.4507855        1.000000        0.000000    
 k_ppt23              0.1364479        1.000000        0.000000    
 k_ppt24              0.2512616        1.000000        0.000000    
 k_ppt25               1.367083        1.000000        0.000000    
 k_ppt26               1.351079        1.000000        0.000000    
 k_ppt27               4.054867        1.000000        0.000000    
 k_ppt28               4.151148        1.000000        0.000000    
 k_ppt29              0.4272147        1.000000        0.000000    
 k_ppt30              0.5162060        1.000000        0.000000    
 k_ppt31              0.1931459        1.000000        0.000000    
 k_ppt32              0.2030735        1.000000        0.000000    
 k_ppt33              0.9488280        1.000000        0.000000    
 k_ppt34               2.028899        1.000000        0.000000    
 k_ppt35               5.263147        1.000000        0.000000    
 k_ppt36               1.406748        1.000000        0.000000    
 k_ppt37              0.4481608        1.000000        0.000000    
 k_ppt38              0.2800468        1.000000        0.000000    
 k_ppt39              0.3345920        1.000000        0.000000    
 k_ppt40              0.8139729        1.000000        0.000000    
 k_ppt41              0.4745827        1.000000        0.000000    
 k_ppt42               1.008702        1.000000        0.000000    
 k_ppt43              0.9026335        1.000000        0.000000    
 k_ppt44              0.8048634        1.000000        0.000000    
 k_ppt45              0.7466713        1.000000        0.000000    
 k_ppt46              0.3454912        1.000000        0.000000    
 k_ppt47              0.2917756        1.000000        0.000000    
 k_ppt48              0.5516461        1.000000        0.000000    
 k_ppt49              0.1986245        1.000000        0.000000    
 k_ppt50              0.1424577        1.000000        0.000000    
 k_ppt51              0.4335528        1.000000        0.000000    
 k_ppt52              0.2892260        1.000000        0.000000    
 k_ppt53              0.5267886        1.000000        0.000000    
 k_ppt54              0.3905091        1.000000        0.000000    
 k_ppt55              0.1059667        1.000000        0.000000    
 k_ppt56              0.3303309        1.000000        0.000000    
 k_ppt57              0.2460592        1.000000        0.000000    
 k_ppt58              0.1722136        1.000000        0.000000    
 k_ppt59              0.1408387        1.000000        0.000000    
 k_ppt60              0.1489932        1.000000        0.000000    
 k_ppt61              0.3197643        1.000000        0.000000    
 k_ppt62              0.1218744        1.000000        0.000000    
 k_ppt63              0.2482252        1.000000        0.000000    
 k_ppt64              0.2060753        1.000000        0.000000    
 k_ppt65              0.5833093        1.000000        0.000000    
 k_ppt66              0.4454850        1.000000        0.000000    
 k_ppt67              0.6917489        1.000000        0.000000    
 k_ppt68              0.7441192        1.000000        0.000000    
 k_ppt69              7.9210221E-02    1.000000        0.000000    
 k_ppt70              7.7574154E-02    1.000000        0.000000    
 k_ppt71              0.3398030        1.000000        0.000000    
 k_ppt72              0.1886051        1.000000        0.000000    
 k_ppt73              0.2722236        1.000000        0.000000    
 k_ppt74              0.9671208        1.000000        0.000000    
 k_ppt75              0.8739190        1.000000        0.000000    
 k_ppt76              0.4511700        1.000000        0.000000    
 k_ppt77              7.8377251E-02    1.000000        0.000000    
 k_ppt78              0.1898562        1.000000        0.000000    
 k_ppt79              0.1827652        1.000000        0.000000    
 k_ppt80              0.1996751        1.000000        0.000000    
 k_ppt81              0.4183521        1.000000        0.000000    
 k_ppt82              0.5093936        1.000000        0.000000    
 k_ppt83              0.5110854        1.000000        0.000000    
 k_ppt84              0.3122194        1.000000        0.000000    
 k_ppt85              0.6676207        1.000000        0.000000    
 k_ppt86              0.2428811        1.000000        0.000000    
 k_ppt87              0.1839360        1.000000        0.000000    
 k_ppt88              0.2334146        1.000000        0.000000    
 k_ppt89              0.1828883        1.000000        0.000000    
 k_ppt90              0.1633889        1.000000        0.000000    
 k_ppt91              0.1967828        1.000000        0.000000    
 k_ppt92              0.2368379        1.000000        0.000000    
 k_ppt93              0.4891765        1.000000        0.000000    
 k_ppt94              0.4347577        1.000000        0.000000    
 k_ppt95              0.6348330        1.000000        0.000000    
 k_ppt96               1.023946        1.000000        0.000000    
 k_ppt97              0.4780083        1.000000        0.000000    
 k_ppt98              0.4076449        1.000000        0.000000    
 k_ppt99              0.2570510        1.000000        0.000000    
 k_ppt100             0.2854104        1.000000        0.000000    
 k_ppt101             0.3451321        1.000000        0.000000    
 k_ppt102             0.5049154        1.000000        0.000000    
 k_ppt103              1.125820        1.000000        0.000000    
 k_ppt104             0.7740024        1.000000        0.000000    
