 single point
 k_ppt1               0.5431167        1.000000        0.000000    
 k_ppt2               0.2937082        1.000000        0.000000    
 k_ppt3               0.2114615        1.000000        0.000000    
 k_ppt4               0.1832301        1.000000        0.000000    
 k_ppt5               0.3593447        1.000000        0.000000    
 k_ppt6               0.5060553        1.000000        0.000000    
 k_ppt7               0.7553492        1.000000        0.000000    
 k_ppt8               0.9557064        1.000000        0.000000    
 k_ppt9                1.040974        1.000000        0.000000    
 k_ppt10              0.3680964        1.000000        0.000000    
 k_ppt11              0.3676925        1.000000        0.000000    
 k_ppt12              0.2175954        1.000000        0.000000    
 k_ppt13              0.1179670        1.000000        0.000000    
 k_ppt14              0.6056798        1.000000        0.000000    
 k_ppt15              0.8114657        1.000000        0.000000    
 k_ppt16              0.7430318        1.000000        0.000000    
 k_ppt17              0.8093535        1.000000        0.000000    
 k_ppt18              0.3546907        1.000000        0.000000    
 k_ppt19              0.7795521        1.000000        0.000000    
 k_ppt20              0.8547759        1.000000        0.000000    
 k_ppt21              0.3992116        1.000000        0.000000    
 k_ppt22              0.8237640        1.000000        0.000000    
 k_ppt23              0.7718777        1.000000        0.000000    
 k_ppt24              0.8767916        1.000000        0.000000    
 k_ppt25              0.7563528        1.000000        0.000000    
 k_ppt26              0.4585526        1.000000        0.000000    
 k_ppt27               1.144969        1.000000        0.000000    
 k_ppt28              0.7708254        1.000000        0.000000    
 k_ppt29               1.324987        1.000000        0.000000    
 k_ppt30              0.8032826        1.000000        0.000000    
 k_ppt31               1.239464        1.000000        0.000000    
 k_ppt32               2.056708        1.000000        0.000000    
 k_ppt33              0.9961851        1.000000        0.000000    
 k_ppt34               1.563655        1.000000        0.000000    
 k_ppt35               2.763658        1.000000        0.000000    
 k_ppt36               1.785608        1.000000        0.000000    
 k_ppt37               3.007503        1.000000        0.000000    
 k_ppt38              0.7394125        1.000000        0.000000    
 k_ppt39               1.227261        1.000000        0.000000    
 k_ppt40               2.143352        1.000000        0.000000    
 k_ppt41               1.093172        1.000000        0.000000    
 k_ppt42               1.172243        1.000000        0.000000    
 k_ppt43               1.718521        1.000000        0.000000    
 k_ppt44               1.285149        1.000000        0.000000    
 k_ppt45               1.541340        1.000000        0.000000    
 k_ppt46              0.3813978        1.000000        0.000000    
 k_ppt47               2.553197        1.000000        0.000000    
 k_ppt48               2.205420        1.000000        0.000000    
 k_ppt49              0.2002304        1.000000        0.000000    
 k_ppt50               1.083122        1.000000        0.000000    
 k_ppt51              0.7186884        1.000000        0.000000    
 k_ppt52              0.9575487        1.000000        0.000000    
 k_ppt53              0.8076036        1.000000        0.000000    
 k_ppt54              0.2574979        1.000000        0.000000    
 k_ppt55              0.2797949        1.000000        0.000000    
 k_ppt56               1.194520        1.000000        0.000000    
 k_ppt57              0.4491744        1.000000        0.000000    
 k_ppt58              0.4287368        1.000000        0.000000    
 k_ppt59              0.7754147        1.000000        0.000000    
 k_ppt60              0.7381208        1.000000        0.000000    
 k_ppt61              0.2545329        1.000000        0.000000    
 k_ppt62              0.4985026        1.000000        0.000000    
 k_ppt63              0.2512286        1.000000        0.000000    
 k_ppt64              0.3665782        1.000000        0.000000    
 k_ppt65               1.141056        1.000000        0.000000    
 k_ppt66               1.178398        1.000000        0.000000    
 k_ppt67               1.390399        1.000000        0.000000    
 k_ppt68              0.3294729        1.000000        0.000000    
 k_ppt69              0.4690982        1.000000        0.000000    
 k_ppt70              0.9227246        1.000000        0.000000    
 k_ppt71              0.4663166        1.000000        0.000000    
 k_ppt72              0.6679456        1.000000        0.000000    
 k_ppt73              0.9369043        1.000000        0.000000    
 k_ppt74              0.5339077        1.000000        0.000000    
 k_ppt75               1.009128        1.000000        0.000000    
 k_ppt76              0.5607264        1.000000        0.000000    
 k_ppt77              0.4403291        1.000000        0.000000    
 k_ppt78              0.5395204        1.000000        0.000000    
 k_ppt79               1.217156        1.000000        0.000000    
 k_ppt80               1.805092        1.000000        0.000000    
 k_ppt81               1.528263        1.000000        0.000000    
 k_ppt82              0.5269345        1.000000        0.000000    
 k_ppt83              0.5345820        1.000000        0.000000    
 k_ppt84              0.3661859        1.000000        0.000000    
 k_ppt85              0.3314705        1.000000        0.000000    
 k_ppt86              0.5157308        1.000000        0.000000    
 k_ppt87              0.7173422        1.000000        0.000000    
 k_ppt88              0.6993633        1.000000        0.000000    
 k_ppt89               1.327470        1.000000        0.000000    
 k_ppt90              0.3864582        1.000000        0.000000    
 k_ppt91              0.4077252        1.000000        0.000000    
 k_ppt92              0.2692594        1.000000        0.000000    
 k_ppt93              0.3915960        1.000000        0.000000    
 k_ppt94              0.3109363        1.000000        0.000000    
 k_ppt95              0.6015178        1.000000        0.000000    
 k_ppt96               1.618167        1.000000        0.000000    
 k_ppt97               1.100385        1.000000        0.000000    
 k_ppt98               1.419538        1.000000        0.000000    
 k_ppt99              0.5070903        1.000000        0.000000    
 k_ppt100             0.1279726        1.000000        0.000000    
 k_ppt101             0.1194924        1.000000        0.000000    
 k_ppt102             0.1910695        1.000000        0.000000    
 k_ppt103             0.9823001        1.000000        0.000000    
 k_ppt104              2.190714        1.000000        0.000000    
