 single point
 k_ppt1               0.5556851        1.000000        0.000000    
 k_ppt2                1.410589        1.000000        0.000000    
 k_ppt3                1.062028        1.000000        0.000000    
 k_ppt4                5.525589        1.000000        0.000000    
 k_ppt5                3.163303        1.000000        0.000000    
 k_ppt6                6.899483        1.000000        0.000000    
 k_ppt7                5.533938        1.000000        0.000000    
 k_ppt8                2.786485        1.000000        0.000000    
 k_ppt9               0.6882815        1.000000        0.000000    
 k_ppt10               2.130674        1.000000        0.000000    
 k_ppt11              0.5335351        1.000000        0.000000    
 k_ppt12              0.5127598        1.000000        0.000000    
 k_ppt13               1.918633        1.000000        0.000000    
 k_ppt14               8.229284        1.000000        0.000000    
 k_ppt15               2.525974        1.000000        0.000000    
 k_ppt16               1.742438        1.000000        0.000000    
 k_ppt17              0.2778753        1.000000        0.000000    
 k_ppt18              0.3864983        1.000000        0.000000    
 k_ppt19              0.5161876        1.000000        0.000000    
 k_ppt20               1.753388        1.000000        0.000000    
 k_ppt21               4.174437        1.000000        0.000000    
 k_ppt22               3.110476        1.000000        0.000000    
 k_ppt23               1.583293        1.000000        0.000000    
 k_ppt24               2.780289        1.000000        0.000000    
 k_ppt25              0.4549718        1.000000        0.000000    
 k_ppt26              0.1329872        1.000000        0.000000    
 k_ppt27              0.6212229        1.000000        0.000000    
 k_ppt28               2.407601        1.000000        0.000000    
 k_ppt29               1.266640        1.000000        0.000000    
 k_ppt30              0.4898694        1.000000        0.000000    
 k_ppt31              0.6921825        1.000000        0.000000    
 k_ppt32               1.235900        1.000000        0.000000    
 k_ppt33              0.5736742        1.000000        0.000000    
 k_ppt34               2.609348        1.000000        0.000000    
 k_ppt35               1.046362        1.000000        0.000000    
 k_ppt36               1.035754        1.000000        0.000000    
 k_ppt37               1.112549        1.000000        0.000000    
 k_ppt38               1.237333        1.000000        0.000000    
 k_ppt39               1.057346        1.000000        0.000000    
 k_ppt40               2.562634        1.000000        0.000000    
 k_ppt41               1.490911        1.000000        0.000000    
 k_ppt42               1.057628        1.000000        0.000000    
 k_ppt43              0.5987057        1.000000        0.000000    
 k_ppt44              0.9451090        1.000000        0.000000    
 k_ppt45              0.4680630        1.000000        0.000000    
 k_ppt46              0.7352968        1.000000        0.000000    
 k_ppt47               1.455937        1.000000        0.000000    
 k_ppt48              0.6369144        1.000000        0.000000    
 k_ppt49               3.948631        1.000000        0.000000    
 k_ppt50              0.9010870        1.000000        0.000000    
 k_ppt51               2.996866        1.000000        0.000000    
 k_ppt52               1.118769        1.000000        0.000000    
 k_ppt53              0.3494102        1.000000        0.000000    
 k_ppt54              0.5355312        1.000000        0.000000    
 k_ppt55              0.8697942        1.000000        0.000000    
 k_ppt56              0.5511716        1.000000        0.000000    
 k_ppt57               3.561190        1.000000        0.000000    
 k_ppt58               3.572972        1.000000        0.000000    
 k_ppt59               1.150589        1.000000        0.000000    
 k_ppt60               1.488319        1.000000        0.000000    
 k_ppt61               1.296588        1.000000        0.000000    
 k_ppt62              0.5740021        1.000000        0.000000    
 k_ppt63              0.3941451        1.000000        0.000000    
 k_ppt64               1.144041        1.000000        0.000000    
 k_ppt65               2.911282        1.000000        0.000000    
 k_ppt66               1.921433        1.000000        0.000000    
 k_ppt67               1.865587        1.000000        0.000000    
 k_ppt68               1.423054        1.000000        0.000000    
 k_ppt69              0.6889543        1.000000        0.000000    
 k_ppt70              0.8077636        1.000000        0.000000    
 k_ppt71               1.180620        1.000000        0.000000    
 k_ppt72               1.500346        1.000000        0.000000    
 k_ppt73               1.480065        1.000000        0.000000    
 k_ppt74              0.4669459        1.000000        0.000000    
 k_ppt75              0.4366917        1.000000        0.000000    
 k_ppt76              0.2694277        1.000000        0.000000    
 k_ppt77              0.1343987        1.000000        0.000000    
 k_ppt78              0.1711436        1.000000        0.000000    
 k_ppt79               1.202598        1.000000        0.000000    
 k_ppt80               2.754262        1.000000        0.000000    
 k_ppt81              0.8037384        1.000000        0.000000    
 k_ppt82              0.3187353        1.000000        0.000000    
 k_ppt83              0.3153250        1.000000        0.000000    
 k_ppt84              0.2928505        1.000000        0.000000    
 k_ppt85              8.6368183E-02    1.000000        0.000000    
 k_ppt86              0.5339228        1.000000        0.000000    
 k_ppt87               1.154870        1.000000        0.000000    
 k_ppt88               2.738532        1.000000        0.000000    
 k_ppt89              0.5309749        1.000000        0.000000    
 k_ppt90              0.2016107        1.000000        0.000000    
 k_ppt91              0.8323212        1.000000        0.000000    
 k_ppt92              0.2317018        1.000000        0.000000    
 k_ppt93              0.4543444        1.000000        0.000000    
 k_ppt94              0.3764014        1.000000        0.000000    
 k_ppt95               1.971846        1.000000        0.000000    
 k_ppt96               1.780563        1.000000        0.000000    
 k_ppt97              0.6863412        1.000000        0.000000    
 k_ppt98              0.3310739        1.000000        0.000000    
 k_ppt99              0.3730900        1.000000        0.000000    
 k_ppt100             0.1312533        1.000000        0.000000    
 k_ppt101             0.3076319        1.000000        0.000000    
 k_ppt102             0.6953755        1.000000        0.000000    
 k_ppt103              1.295277        1.000000        0.000000    
 k_ppt104              1.168934        1.000000        0.000000    
