 single point
 k_ppt1               0.4669294        1.000000        0.000000    
 k_ppt2               7.6726583E-02    1.000000        0.000000    
 k_ppt3               9.3659289E-02    1.000000        0.000000    
 k_ppt4               0.2140420        1.000000        0.000000    
 k_ppt5               0.2924351        1.000000        0.000000    
 k_ppt6               0.3283971        1.000000        0.000000    
 k_ppt7               0.2223816        1.000000        0.000000    
 k_ppt8               0.3917799        1.000000        0.000000    
 k_ppt9               0.3899815        1.000000        0.000000    
 k_ppt10              5.9745156E-02    1.000000        0.000000    
 k_ppt11              6.2498059E-02    1.000000        0.000000    
 k_ppt12              0.2537874        1.000000        0.000000    
 k_ppt13              0.2496211        1.000000        0.000000    
 k_ppt14              0.6839867        1.000000        0.000000    
 k_ppt15              0.9059684        1.000000        0.000000    
 k_ppt16               2.214965        1.000000        0.000000    
 k_ppt17              0.2342824        1.000000        0.000000    
 k_ppt18              0.1466858        1.000000        0.000000    
 k_ppt19              0.5374659        1.000000        0.000000    
 k_ppt20              0.6645939        1.000000        0.000000    
 k_ppt21              0.5950483        1.000000        0.000000    
 k_ppt22              0.8336950        1.000000        0.000000    
 k_ppt23               1.899830        1.000000        0.000000    
 k_ppt24               3.878216        1.000000        0.000000    
 k_ppt25              0.7583088        1.000000        0.000000    
 k_ppt26              0.2700290        1.000000        0.000000    
 k_ppt27              0.7933542        1.000000        0.000000    
 k_ppt28               1.584374        1.000000        0.000000    
 k_ppt29              0.7681949        1.000000        0.000000    
 k_ppt30               2.560279        1.000000        0.000000    
 k_ppt31               1.190102        1.000000        0.000000    
 k_ppt32               1.162683        1.000000        0.000000    
 k_ppt33               1.640496        1.000000        0.000000    
 k_ppt34              0.8235589        1.000000        0.000000    
 k_ppt35               1.224980        1.000000        0.000000    
 k_ppt36              0.7448032        1.000000        0.000000    
 k_ppt37               1.104701        1.000000        0.000000    
 k_ppt38               2.397820        1.000000        0.000000    
 k_ppt39               1.851972        1.000000        0.000000    
 k_ppt40               1.280574        1.000000        0.000000    
 k_ppt41               1.604025        1.000000        0.000000    
 k_ppt42               1.459013        1.000000        0.000000    
 k_ppt43               1.791210        1.000000        0.000000    
 k_ppt44               1.162857        1.000000        0.000000    
 k_ppt45               1.547360        1.000000        0.000000    
 k_ppt46               3.557201        1.000000        0.000000    
 k_ppt47               4.907541        1.000000        0.000000    
 k_ppt48               2.120316        1.000000        0.000000    
 k_ppt49              0.5281190        1.000000        0.000000    
 k_ppt50              0.8082159        1.000000        0.000000    
 k_ppt51               1.328128        1.000000        0.000000    
 k_ppt52               2.887864        1.000000        0.000000    
 k_ppt53               2.102400        1.000000        0.000000    
 k_ppt54               9.002254        1.000000        0.000000    
 k_ppt55               2.819141        1.000000        0.000000    
 k_ppt56               2.033386        1.000000        0.000000    
 k_ppt57              0.3064577        1.000000        0.000000    
 k_ppt58              0.4616553        1.000000        0.000000    
 k_ppt59               1.487894        1.000000        0.000000    
 k_ppt60               1.595751        1.000000        0.000000    
 k_ppt61               2.087541        1.000000        0.000000    
 k_ppt62               2.973050        1.000000        0.000000    
 k_ppt63               3.035498        1.000000        0.000000    
 k_ppt64              0.7267350        1.000000        0.000000    
 k_ppt65              0.6762386        1.000000        0.000000    
 k_ppt66              0.3646114        1.000000        0.000000    
 k_ppt67               1.142019        1.000000        0.000000    
 k_ppt68               1.507871        1.000000        0.000000    
 k_ppt69               2.412444        1.000000        0.000000    
 k_ppt70               1.243052        1.000000        0.000000    
 k_ppt71              0.7793331        1.000000        0.000000    
 k_ppt72              0.2694002        1.000000        0.000000    
 k_ppt73               1.102141        1.000000        0.000000    
 k_ppt74               1.201314        1.000000        0.000000    
 k_ppt75               1.672552        1.000000        0.000000    
 k_ppt76               1.246014        1.000000        0.000000    
 k_ppt77              0.5588267        1.000000        0.000000    
 k_ppt78              0.7270660        1.000000        0.000000    
 k_ppt79               1.222163        1.000000        0.000000    
 k_ppt80              0.6238487        1.000000        0.000000    
 k_ppt81               2.511397        1.000000        0.000000    
 k_ppt82               1.609448        1.000000        0.000000    
 k_ppt83               2.426404        1.000000        0.000000    
 k_ppt84               1.224494        1.000000        0.000000    
 k_ppt85               1.978408        1.000000        0.000000    
 k_ppt86               1.272023        1.000000        0.000000    
 k_ppt87               1.502434        1.000000        0.000000    
 k_ppt88               2.051776        1.000000        0.000000    
 k_ppt89               1.912623        1.000000        0.000000    
 k_ppt90               2.033486        1.000000        0.000000    
 k_ppt91               2.632017        1.000000        0.000000    
 k_ppt92               6.621400        1.000000        0.000000    
 k_ppt93               1.596587        1.000000        0.000000    
 k_ppt94               1.467380        1.000000        0.000000    
 k_ppt95               1.436080        1.000000        0.000000    
 k_ppt96               2.451911        1.000000        0.000000    
 k_ppt97               1.746873        1.000000        0.000000    
 k_ppt98               2.607935        1.000000        0.000000    
 k_ppt99               5.273366        1.000000        0.000000    
 k_ppt100              3.245418        1.000000        0.000000    
 k_ppt101              1.947831        1.000000        0.000000    
 k_ppt102             0.5361489        1.000000        0.000000    
 k_ppt103              2.181256        1.000000        0.000000    
 k_ppt104             0.5898162        1.000000        0.000000    
