 single point
 k_ppt1                1.038174        1.000000        0.000000    
 k_ppt2               0.8483395        1.000000        0.000000    
 k_ppt3               0.8144725        1.000000        0.000000    
 k_ppt4               0.6360598        1.000000        0.000000    
 k_ppt5               9.3857163E-02    1.000000        0.000000    
 k_ppt6               0.1081665        1.000000        0.000000    
 k_ppt7               0.3739327        1.000000        0.000000    
 k_ppt8               0.3113041        1.000000        0.000000    
 k_ppt9               0.3324061        1.000000        0.000000    
 k_ppt10              0.6467970        1.000000        0.000000    
 k_ppt11              0.8083977        1.000000        0.000000    
 k_ppt12              0.9065050        1.000000        0.000000    
 k_ppt13              0.4104524        1.000000        0.000000    
 k_ppt14              0.3959095        1.000000        0.000000    
 k_ppt15              0.2074358        1.000000        0.000000    
 k_ppt16              0.3494536        1.000000        0.000000    
 k_ppt17              8.6117037E-02    1.000000        0.000000    
 k_ppt18              0.6127004        1.000000        0.000000    
 k_ppt19              0.5804332        1.000000        0.000000    
 k_ppt20              0.6366228        1.000000        0.000000    
 k_ppt21              0.7393772        1.000000        0.000000    
 k_ppt22              0.6774999        1.000000        0.000000    
 k_ppt23              0.2701420        1.000000        0.000000    
 k_ppt24              0.2543161        1.000000        0.000000    
 k_ppt25              0.3528444        1.000000        0.000000    
 k_ppt26              0.6807036        1.000000        0.000000    
 k_ppt27               1.397131        1.000000        0.000000    
 k_ppt28              0.8699902        1.000000        0.000000    
 k_ppt29               1.025099        1.000000        0.000000    
 k_ppt30               1.091989        1.000000        0.000000    
 k_ppt31              0.4089391        1.000000        0.000000    
 k_ppt32              0.4963173        1.000000        0.000000    
 k_ppt33              0.4072063        1.000000        0.000000    
 k_ppt34               1.451921        1.000000        0.000000    
 k_ppt35              0.7263740        1.000000        0.000000    
 k_ppt36               1.441335        1.000000        0.000000    
 k_ppt37               2.429754        1.000000        0.000000    
 k_ppt38               1.744885        1.000000        0.000000    
 k_ppt39              0.7580404        1.000000        0.000000    
 k_ppt40              0.4472598        1.000000        0.000000    
 k_ppt41              0.2213690        1.000000        0.000000    
 k_ppt42               1.446265        1.000000        0.000000    
 k_ppt43              0.9310542        1.000000        0.000000    
 k_ppt44               1.174607        1.000000        0.000000    
 k_ppt45              0.7234918        1.000000        0.000000    
 k_ppt46              0.6230373        1.000000        0.000000    
 k_ppt47              0.8214462        1.000000        0.000000    
 k_ppt48               1.231830        1.000000        0.000000    
 k_ppt49              0.3381984        1.000000        0.000000    
 k_ppt50              0.2125943        1.000000        0.000000    
 k_ppt51              0.9342403        1.000000        0.000000    
 k_ppt52               1.478407        1.000000        0.000000    
 k_ppt53              0.8814176        1.000000        0.000000    
 k_ppt54              0.2066231        1.000000        0.000000    
 k_ppt55              0.2878260        1.000000        0.000000    
 k_ppt56              0.7473955        1.000000        0.000000    
 k_ppt57              0.7190254        1.000000        0.000000    
 k_ppt58               1.118902        1.000000        0.000000    
 k_ppt59              0.8388624        1.000000        0.000000    
 k_ppt60              0.7470155        1.000000        0.000000    
 k_ppt61              0.6959225        1.000000        0.000000    
 k_ppt62              0.4557898        1.000000        0.000000    
 k_ppt63              0.4147049        1.000000        0.000000    
 k_ppt64              0.5654452        1.000000        0.000000    
 k_ppt65               1.115029        1.000000        0.000000    
 k_ppt66               2.701819        1.000000        0.000000    
 k_ppt67              0.6306877        1.000000        0.000000    
 k_ppt68              0.1391922        1.000000        0.000000    
 k_ppt69              0.2330334        1.000000        0.000000    
 k_ppt70              0.2829015        1.000000        0.000000    
 k_ppt71              0.3669388        1.000000        0.000000    
 k_ppt72              0.4743582        1.000000        0.000000    
 k_ppt73               1.980728        1.000000        0.000000    
 k_ppt74               2.086748        1.000000        0.000000    
 k_ppt75              0.2679669        1.000000        0.000000    
 k_ppt76              0.3310131        1.000000        0.000000    
 k_ppt77              0.3528247        1.000000        0.000000    
 k_ppt78              0.1713539        1.000000        0.000000    
 k_ppt79              0.2593800        1.000000        0.000000    
 k_ppt80              0.5462054        1.000000        0.000000    
 k_ppt81               1.236710        1.000000        0.000000    
 k_ppt82               1.950008        1.000000        0.000000    
 k_ppt83               1.144491        1.000000        0.000000    
 k_ppt84               1.016408        1.000000        0.000000    
 k_ppt85               1.960325        1.000000        0.000000    
 k_ppt86              0.3816236        1.000000        0.000000    
 k_ppt87               1.627611        1.000000        0.000000    
 k_ppt88              0.7564047        1.000000        0.000000    
 k_ppt89               1.178470        1.000000        0.000000    
 k_ppt90              0.9172604        1.000000        0.000000    
 k_ppt91               1.086703        1.000000        0.000000    
 k_ppt92               1.611369        1.000000        0.000000    
 k_ppt93               1.650266        1.000000        0.000000    
 k_ppt94               1.600072        1.000000        0.000000    
 k_ppt95               3.460759        1.000000        0.000000    
 k_ppt96               3.643017        1.000000        0.000000    
 k_ppt97               2.038818        1.000000        0.000000    
 k_ppt98              0.7075292        1.000000        0.000000    
 k_ppt99              0.9032679        1.000000        0.000000    
 k_ppt100              2.011732        1.000000        0.000000    
 k_ppt101              2.358909        1.000000        0.000000    
 k_ppt102              4.663042        1.000000        0.000000    
 k_ppt103              5.701887        1.000000        0.000000    
 k_ppt104              5.185465        1.000000        0.000000    
