 single point
 k_ppt1               0.3610913        1.000000        0.000000    
 k_ppt2               0.2590858        1.000000        0.000000    
 k_ppt3               0.4101726        1.000000        0.000000    
 k_ppt4               0.1986889        1.000000        0.000000    
 k_ppt5               0.4117289        1.000000        0.000000    
 k_ppt6               0.7458132        1.000000        0.000000    
 k_ppt7                1.222354        1.000000        0.000000    
 k_ppt8                1.059858        1.000000        0.000000    
 k_ppt9               0.3412220        1.000000        0.000000    
 k_ppt10              0.5401615        1.000000        0.000000    
 k_ppt11              0.6001332        1.000000        0.000000    
 k_ppt12              0.4278655        1.000000        0.000000    
 k_ppt13               1.111545        1.000000        0.000000    
 k_ppt14              0.7661134        1.000000        0.000000    
 k_ppt15               1.215054        1.000000        0.000000    
 k_ppt16              0.4562898        1.000000        0.000000    
 k_ppt17              0.5545507        1.000000        0.000000    
 k_ppt18              0.6416105        1.000000        0.000000    
 k_ppt19              0.3733275        1.000000        0.000000    
 k_ppt20              0.4339241        1.000000        0.000000    
 k_ppt21               1.242545        1.000000        0.000000    
 k_ppt22               1.553596        1.000000        0.000000    
 k_ppt23               2.601620        1.000000        0.000000    
 k_ppt24               1.031836        1.000000        0.000000    
 k_ppt25               2.006564        1.000000        0.000000    
 k_ppt26               1.180382        1.000000        0.000000    
 k_ppt27              0.6456270        1.000000        0.000000    
 k_ppt28              0.8143013        1.000000        0.000000    
 k_ppt29               1.125026        1.000000        0.000000    
 k_ppt30               1.084594        1.000000        0.000000    
 k_ppt31               1.048737        1.000000        0.000000    
 k_ppt32              0.5394913        1.000000        0.000000    
 k_ppt33              0.7194210        1.000000        0.000000    
 k_ppt34               1.956596        1.000000        0.000000    
 k_ppt35               2.176676        1.000000        0.000000    
 k_ppt36               1.086764        1.000000        0.000000    
 k_ppt37               1.295346        1.000000        0.000000    
 k_ppt38               2.339462        1.000000        0.000000    
 k_ppt39              0.9280731        1.000000        0.000000    
 k_ppt40              0.4486581        1.000000        0.000000    
 k_ppt41               1.533630        1.000000        0.000000    
 k_ppt42               2.502709        1.000000        0.000000    
 k_ppt43              0.8097928        1.000000        0.000000    
 k_ppt44              0.5407310        1.000000        0.000000    
 k_ppt45              0.7009702        1.000000        0.000000    
 k_ppt46              0.6976599        1.000000        0.000000    
 k_ppt47               1.120563        1.000000        0.000000    
 k_ppt48              0.7790104        1.000000        0.000000    
 k_ppt49               1.371073        1.000000        0.000000    
 k_ppt50               3.037592        1.000000        0.000000    
 k_ppt51               1.043103        1.000000        0.000000    
 k_ppt52              0.6490913        1.000000        0.000000    
 k_ppt53              0.7133397        1.000000        0.000000    
 k_ppt54              0.3132058        1.000000        0.000000    
 k_ppt55              0.4143724        1.000000        0.000000    
 k_ppt56              0.6482392        1.000000        0.000000    
 k_ppt57               1.921383        1.000000        0.000000    
 k_ppt58               1.946739        1.000000        0.000000    
 k_ppt59               2.271346        1.000000        0.000000    
 k_ppt60               1.036831        1.000000        0.000000    
 k_ppt61              0.3075686        1.000000        0.000000    
 k_ppt62              0.6634052        1.000000        0.000000    
 k_ppt63              0.4976432        1.000000        0.000000    
 k_ppt64              0.3368915        1.000000        0.000000    
 k_ppt65              0.3498778        1.000000        0.000000    
 k_ppt66               1.019664        1.000000        0.000000    
 k_ppt67               1.046292        1.000000        0.000000    
 k_ppt68              0.7900366        1.000000        0.000000    
 k_ppt69              0.9715788        1.000000        0.000000    
 k_ppt70               1.395663        1.000000        0.000000    
 k_ppt71              0.8015417        1.000000        0.000000    
 k_ppt72              0.1176126        1.000000        0.000000    
 k_ppt73              0.7281758        1.000000        0.000000    
 k_ppt74              0.7012603        1.000000        0.000000    
 k_ppt75              0.7763773        1.000000        0.000000    
 k_ppt76              0.1868579        1.000000        0.000000    
 k_ppt77              0.2605803        1.000000        0.000000    
 k_ppt78              0.8203609        1.000000        0.000000    
 k_ppt79              0.4648517        1.000000        0.000000    
 k_ppt80              0.2189439        1.000000        0.000000    
 k_ppt81              0.9876412        1.000000        0.000000    
 k_ppt82               1.330611        1.000000        0.000000    
 k_ppt83              0.6737424        1.000000        0.000000    
 k_ppt84              0.5514685        1.000000        0.000000    
 k_ppt85              0.3217477        1.000000        0.000000    
 k_ppt86              0.4385260        1.000000        0.000000    
 k_ppt87              6.9712058E-02    1.000000        0.000000    
 k_ppt88              6.9522218E-02    1.000000        0.000000    
 k_ppt89               1.551927        1.000000        0.000000    
 k_ppt90               2.228234        1.000000        0.000000    
 k_ppt91              0.8056816        1.000000        0.000000    
 k_ppt92              0.3595046        1.000000        0.000000    
 k_ppt93              0.4714180        1.000000        0.000000    
 k_ppt94              0.2196034        1.000000        0.000000    
 k_ppt95              0.1233594        1.000000        0.000000    
 k_ppt96              0.2096743        1.000000        0.000000    
 k_ppt97               2.512129        1.000000        0.000000    
 k_ppt98               1.594749        1.000000        0.000000    
 k_ppt99              0.5696877        1.000000        0.000000    
 k_ppt100             0.5435276        1.000000        0.000000    
 k_ppt101             0.1546090        1.000000        0.000000    
 k_ppt102             0.2107327        1.000000        0.000000    
 k_ppt103             0.5300788        1.000000        0.000000    
 k_ppt104              1.212333        1.000000        0.000000    
