 single point
 k_ppt1               0.2893454        1.000000        0.000000    
 k_ppt2               0.9397820        1.000000        0.000000    
 k_ppt3                1.142325        1.000000        0.000000    
 k_ppt4               0.9111675        1.000000        0.000000    
 k_ppt5               0.5275054        1.000000        0.000000    
 k_ppt6                1.170269        1.000000        0.000000    
 k_ppt7                1.331763        1.000000        0.000000    
 k_ppt8                1.132225        1.000000        0.000000    
 k_ppt9                1.433721        1.000000        0.000000    
 k_ppt10               2.057778        1.000000        0.000000    
 k_ppt11               1.708680        1.000000        0.000000    
 k_ppt12              0.7187354        1.000000        0.000000    
 k_ppt13               1.477046        1.000000        0.000000    
 k_ppt14              0.4093323        1.000000        0.000000    
 k_ppt15              0.8792108        1.000000        0.000000    
 k_ppt16               1.622389        1.000000        0.000000    
 k_ppt17              0.9315916        1.000000        0.000000    
 k_ppt18              0.5439086        1.000000        0.000000    
 k_ppt19               1.414254        1.000000        0.000000    
 k_ppt20              0.4113568        1.000000        0.000000    
 k_ppt21              0.5869012        1.000000        0.000000    
 k_ppt22              0.4915883        1.000000        0.000000    
 k_ppt23              0.3680561        1.000000        0.000000    
 k_ppt24              0.2905073        1.000000        0.000000    
 k_ppt25               2.809472        1.000000        0.000000    
 k_ppt26              0.9798989        1.000000        0.000000    
 k_ppt27              0.5697548        1.000000        0.000000    
 k_ppt28              0.2359117        1.000000        0.000000    
 k_ppt29              0.2862387        1.000000        0.000000    
 k_ppt30              0.3310938        1.000000        0.000000    
 k_ppt31              0.1458028        1.000000        0.000000    
 k_ppt32              0.2617324        1.000000        0.000000    
 k_ppt33               7.197266        1.000000        0.000000    
 k_ppt34              0.9184122        1.000000        0.000000    
 k_ppt35               1.282564        1.000000        0.000000    
 k_ppt36              0.2818845        1.000000        0.000000    
 k_ppt37              0.3284870        1.000000        0.000000    
 k_ppt38              0.2100825        1.000000        0.000000    
 k_ppt39              0.1638236        1.000000        0.000000    
 k_ppt40              0.2616941        1.000000        0.000000    
 k_ppt41               4.764243        1.000000        0.000000    
 k_ppt42               2.049401        1.000000        0.000000    
 k_ppt43              0.7185825        1.000000        0.000000    
 k_ppt44              0.1677908        1.000000        0.000000    
 k_ppt45              0.2122640        1.000000        0.000000    
 k_ppt46              0.2062646        1.000000        0.000000    
 k_ppt47              0.2182969        1.000000        0.000000    
 k_ppt48              0.3154669        1.000000        0.000000    
 k_ppt49               7.319979        1.000000        0.000000    
 k_ppt50               8.912129        1.000000        0.000000    
 k_ppt51               1.895788        1.000000        0.000000    
 k_ppt52              0.3206768        1.000000        0.000000    
 k_ppt53              0.4433952        1.000000        0.000000    
 k_ppt54              0.2152667        1.000000        0.000000    
 k_ppt55              0.1538310        1.000000        0.000000    
 k_ppt56              0.2119376        1.000000        0.000000    
 k_ppt57               4.497366        1.000000        0.000000    
 k_ppt58               6.592051        1.000000        0.000000    
 k_ppt59              0.8315141        1.000000        0.000000    
 k_ppt60              0.7525003        1.000000        0.000000    
 k_ppt61              0.3551512        1.000000        0.000000    
 k_ppt62              0.2526726        1.000000        0.000000    
 k_ppt63              0.3495146        1.000000        0.000000    
 k_ppt64              0.3069744        1.000000        0.000000    
 k_ppt65               6.185736        1.000000        0.000000    
 k_ppt66               2.985838        1.000000        0.000000    
 k_ppt67               1.207232        1.000000        0.000000    
 k_ppt68               1.324961        1.000000        0.000000    
 k_ppt69              0.3265827        1.000000        0.000000    
 k_ppt70              0.1418943        1.000000        0.000000    
 k_ppt71              0.2982799        1.000000        0.000000    
 k_ppt72              0.3193500        1.000000        0.000000    
 k_ppt73               3.431990        1.000000        0.000000    
 k_ppt74               2.006585        1.000000        0.000000    
 k_ppt75              0.4512753        1.000000        0.000000    
 k_ppt76              0.3314188        1.000000        0.000000    
 k_ppt77              0.1337042        1.000000        0.000000    
 k_ppt78              0.1526111        1.000000        0.000000    
 k_ppt79              0.3046691        1.000000        0.000000    
 k_ppt80              0.2136652        1.000000        0.000000    
 k_ppt81               4.180914        1.000000        0.000000    
 k_ppt82              0.9071467        1.000000        0.000000    
 k_ppt83              0.3518185        1.000000        0.000000    
 k_ppt84              0.3809175        1.000000        0.000000    
 k_ppt85              0.1657067        1.000000        0.000000    
 k_ppt86              0.1538365        1.000000        0.000000    
 k_ppt87              0.5452886        1.000000        0.000000    
 k_ppt88              0.3214955        1.000000        0.000000    
 k_ppt89               2.573123        1.000000        0.000000    
 k_ppt90               2.071371        1.000000        0.000000    
 k_ppt91              0.4310920        1.000000        0.000000    
 k_ppt92              0.1368769        1.000000        0.000000    
 k_ppt93              0.3133971        1.000000        0.000000    
 k_ppt94              0.2788826        1.000000        0.000000    
 k_ppt95               1.380329        1.000000        0.000000    
 k_ppt96              0.6769342        1.000000        0.000000    
 k_ppt97               3.111024        1.000000        0.000000    
 k_ppt98               1.450705        1.000000        0.000000    
 k_ppt99              0.7865241        1.000000        0.000000    
 k_ppt100             0.1676536        1.000000        0.000000    
 k_ppt101             0.3530108        1.000000        0.000000    
 k_ppt102             0.4206234        1.000000        0.000000    
 k_ppt103             0.6822853        1.000000        0.000000    
 k_ppt104             0.7555371        1.000000        0.000000    
