 single point
 k_ppt1                1.690992        1.000000        0.000000    
 k_ppt2                3.149745        1.000000        0.000000    
 k_ppt3                1.966543        1.000000        0.000000    
 k_ppt4                2.427892        1.000000        0.000000    
 k_ppt5                1.736621        1.000000        0.000000    
 k_ppt6                4.703626        1.000000        0.000000    
 k_ppt7                3.254808        1.000000        0.000000    
 k_ppt8                4.213469        1.000000        0.000000    
 k_ppt9                1.183936        1.000000        0.000000    
 k_ppt10               1.115987        1.000000        0.000000    
 k_ppt11               2.250290        1.000000        0.000000    
 k_ppt12               1.909318        1.000000        0.000000    
 k_ppt13               2.042111        1.000000        0.000000    
 k_ppt14               2.568256        1.000000        0.000000    
 k_ppt15               2.052010        1.000000        0.000000    
 k_ppt16               3.087030        1.000000        0.000000    
 k_ppt17               2.603574        1.000000        0.000000    
 k_ppt18               1.700138        1.000000        0.000000    
 k_ppt19               1.774512        1.000000        0.000000    
 k_ppt20               1.429845        1.000000        0.000000    
 k_ppt21               4.803114        1.000000        0.000000    
 k_ppt22               1.748040        1.000000        0.000000    
 k_ppt23               2.026230        1.000000        0.000000    
 k_ppt24               1.714846        1.000000        0.000000    
 k_ppt25               1.448734        1.000000        0.000000    
 k_ppt26               2.056516        1.000000        0.000000    
 k_ppt27               2.537055        1.000000        0.000000    
 k_ppt28               2.221879        1.000000        0.000000    
 k_ppt29               3.073464        1.000000        0.000000    
 k_ppt30               1.899975        1.000000        0.000000    
 k_ppt31               2.885488        1.000000        0.000000    
 k_ppt32               1.397383        1.000000        0.000000    
 k_ppt33               1.725819        1.000000        0.000000    
 k_ppt34              0.8190923        1.000000        0.000000    
 k_ppt35               1.149018        1.000000        0.000000    
 k_ppt36               1.022380        1.000000        0.000000    
 k_ppt37               1.396091        1.000000        0.000000    
 k_ppt38               2.711676        1.000000        0.000000    
 k_ppt39               2.657046        1.000000        0.000000    
 k_ppt40               1.152349        1.000000        0.000000    
 k_ppt41              0.3330026        1.000000        0.000000    
 k_ppt42              0.5202984        1.000000        0.000000    
 k_ppt43              0.3946034        1.000000        0.000000    
 k_ppt44              0.7169165        1.000000        0.000000    
 k_ppt45              0.8512848        1.000000        0.000000    
 k_ppt46               1.957603        1.000000        0.000000    
 k_ppt47               1.967013        1.000000        0.000000    
 k_ppt48               2.905013        1.000000        0.000000    
 k_ppt49              0.4458740        1.000000        0.000000    
 k_ppt50               1.315299        1.000000        0.000000    
 k_ppt51              0.7663433        1.000000        0.000000    
 k_ppt52               1.113492        1.000000        0.000000    
 k_ppt53               1.237314        1.000000        0.000000    
 k_ppt54              0.5069297        1.000000        0.000000    
 k_ppt55               1.910589        1.000000        0.000000    
 k_ppt56               1.494319        1.000000        0.000000    
 k_ppt57              0.4499338        1.000000        0.000000    
 k_ppt58               2.123520        1.000000        0.000000    
 k_ppt59               1.540111        1.000000        0.000000    
 k_ppt60               2.061737        1.000000        0.000000    
 k_ppt61               3.014499        1.000000        0.000000    
 k_ppt62              0.9621719        1.000000        0.000000    
 k_ppt63               2.957671        1.000000        0.000000    
 k_ppt64              0.7138177        1.000000        0.000000    
 k_ppt65               1.134188        1.000000        0.000000    
 k_ppt66               1.295693        1.000000        0.000000    
 k_ppt67               1.901479        1.000000        0.000000    
 k_ppt68               1.027533        1.000000        0.000000    
 k_ppt69               2.041984        1.000000        0.000000    
 k_ppt70               1.420973        1.000000        0.000000    
 k_ppt71               2.425045        1.000000        0.000000    
 k_ppt72              0.6883238        1.000000        0.000000    
 k_ppt73               2.579903        1.000000        0.000000    
 k_ppt74               1.832521        1.000000        0.000000    
 k_ppt75              0.6747148        1.000000        0.000000    
 k_ppt76              0.3517230        1.000000        0.000000    
 k_ppt77              0.7005432        1.000000        0.000000    
 k_ppt78              0.6248156        1.000000        0.000000    
 k_ppt79              0.7984250        1.000000        0.000000    
 k_ppt80              0.8191224        1.000000        0.000000    
 k_ppt81               3.751463        1.000000        0.000000    
 k_ppt82               1.435521        1.000000        0.000000    
 k_ppt83              0.4493242        1.000000        0.000000    
 k_ppt84              0.3699685        1.000000        0.000000    
 k_ppt85              0.3497955        1.000000        0.000000    
 k_ppt86              0.5776086        1.000000        0.000000    
 k_ppt87              0.5998405        1.000000        0.000000    
 k_ppt88               1.530422        1.000000        0.000000    
 k_ppt89              0.4859544        1.000000        0.000000    
 k_ppt90              0.2179461        1.000000        0.000000    
 k_ppt91              0.3682917        1.000000        0.000000    
 k_ppt92              9.7901187E-02    1.000000        0.000000    
 k_ppt93              0.1557768        1.000000        0.000000    
 k_ppt94              0.4044156        1.000000        0.000000    
 k_ppt95              0.6713566        1.000000        0.000000    
 k_ppt96              0.6086205        1.000000        0.000000    
 k_ppt97               1.314733        1.000000        0.000000    
 k_ppt98              0.4730712        1.000000        0.000000    
 k_ppt99              0.3518482        1.000000        0.000000    
 k_ppt100             7.7415920E-02    1.000000        0.000000    
 k_ppt101             0.3662552        1.000000        0.000000    
 k_ppt102             0.5265570        1.000000        0.000000    
 k_ppt103              2.536496        1.000000        0.000000    
 k_ppt104              1.009787        1.000000        0.000000    
