 single point
 k_ppt1               0.4278811        1.000000        0.000000    
 k_ppt2                1.107553        1.000000        0.000000    
 k_ppt3               0.8305253        1.000000        0.000000    
 k_ppt4               0.5267689        1.000000        0.000000    
 k_ppt5               0.6321794        1.000000        0.000000    
 k_ppt6                1.363198        1.000000        0.000000    
 k_ppt7                1.355909        1.000000        0.000000    
 k_ppt8                3.822253        1.000000        0.000000    
 k_ppt9               0.2611722        1.000000        0.000000    
 k_ppt10              0.5263294        1.000000        0.000000    
 k_ppt11              0.3011787        1.000000        0.000000    
 k_ppt12              0.2271942        1.000000        0.000000    
 k_ppt13              0.4607848        1.000000        0.000000    
 k_ppt14              0.5505336        1.000000        0.000000    
 k_ppt15               1.677271        1.000000        0.000000    
 k_ppt16               4.104238        1.000000        0.000000    
 k_ppt17              0.2729462        1.000000        0.000000    
 k_ppt18              0.2041014        1.000000        0.000000    
 k_ppt19              0.1004947        1.000000        0.000000    
 k_ppt20              0.5064519        1.000000        0.000000    
 k_ppt21              0.6142862        1.000000        0.000000    
 k_ppt22               1.977906        1.000000        0.000000    
 k_ppt23              0.4017338        1.000000        0.000000    
 k_ppt24               2.989949        1.000000        0.000000    
 k_ppt25              0.2319763        1.000000        0.000000    
 k_ppt26              0.1211448        1.000000        0.000000    
 k_ppt27              0.2752455        1.000000        0.000000    
 k_ppt28              0.4163916        1.000000        0.000000    
 k_ppt29              0.7467080        1.000000        0.000000    
 k_ppt30               1.012816        1.000000        0.000000    
 k_ppt31              0.9507371        1.000000        0.000000    
 k_ppt32              0.9950240        1.000000        0.000000    
 k_ppt33              0.2232052        1.000000        0.000000    
 k_ppt34              9.3026287E-02    1.000000        0.000000    
 k_ppt35              0.2463800        1.000000        0.000000    
 k_ppt36              0.9720930        1.000000        0.000000    
 k_ppt37              0.7186405        1.000000        0.000000    
 k_ppt38              0.9355963        1.000000        0.000000    
 k_ppt39              0.4506702        1.000000        0.000000    
 k_ppt40              0.5539655        1.000000        0.000000    
 k_ppt41              0.8748307        1.000000        0.000000    
 k_ppt42              0.3983246        1.000000        0.000000    
 k_ppt43              0.1671899        1.000000        0.000000    
 k_ppt44              0.8559804        1.000000        0.000000    
 k_ppt45              0.4716706        1.000000        0.000000    
 k_ppt46              0.8310037        1.000000        0.000000    
 k_ppt47              0.8455085        1.000000        0.000000    
 k_ppt48              0.3556531        1.000000        0.000000    
 k_ppt49              0.9142666        1.000000        0.000000    
 k_ppt50              0.2728063        1.000000        0.000000    
 k_ppt51              0.4543561        1.000000        0.000000    
 k_ppt52              0.7798724        1.000000        0.000000    
 k_ppt53               1.127478        1.000000        0.000000    
 k_ppt54               2.016062        1.000000        0.000000    
 k_ppt55              0.4705309        1.000000        0.000000    
 k_ppt56              0.8751440        1.000000        0.000000    
 k_ppt57              0.7419638        1.000000        0.000000    
 k_ppt58              0.4548186        1.000000        0.000000    
 k_ppt59              0.4595047        1.000000        0.000000    
 k_ppt60              0.7623506        1.000000        0.000000    
 k_ppt61              0.9914844        1.000000        0.000000    
 k_ppt62              0.7517170        1.000000        0.000000    
 k_ppt63              0.9102527        1.000000        0.000000    
 k_ppt64              0.9595951        1.000000        0.000000    
 k_ppt65               1.143120        1.000000        0.000000    
 k_ppt66              0.5321761        1.000000        0.000000    
 k_ppt67              0.7405398        1.000000        0.000000    
 k_ppt68              0.5066437        1.000000        0.000000    
 k_ppt69              0.3563797        1.000000        0.000000    
 k_ppt70              0.4443703        1.000000        0.000000    
 k_ppt71              0.2383760        1.000000        0.000000    
 k_ppt72               1.662737        1.000000        0.000000    
 k_ppt73              0.9599689        1.000000        0.000000    
 k_ppt74              0.8263445        1.000000        0.000000    
 k_ppt75              0.5035004        1.000000        0.000000    
 k_ppt76              0.3365400        1.000000        0.000000    
 k_ppt77              0.2222877        1.000000        0.000000    
 k_ppt78              0.2361287        1.000000        0.000000    
 k_ppt79              0.3317537        1.000000        0.000000    
 k_ppt80              0.6945387        1.000000        0.000000    
 k_ppt81              0.3382710        1.000000        0.000000    
 k_ppt82              0.5158165        1.000000        0.000000    
 k_ppt83               1.654833        1.000000        0.000000    
 k_ppt84              0.7153797        1.000000        0.000000    
 k_ppt85               1.096588        1.000000        0.000000    
 k_ppt86              0.6623013        1.000000        0.000000    
 k_ppt87              0.7282664        1.000000        0.000000    
 k_ppt88              0.4343128        1.000000        0.000000    
 k_ppt89              0.8314289        1.000000        0.000000    
 k_ppt90               1.130029        1.000000        0.000000    
 k_ppt91               1.187913        1.000000        0.000000    
 k_ppt92               1.255533        1.000000        0.000000    
 k_ppt93               1.778629        1.000000        0.000000    
 k_ppt94               1.567642        1.000000        0.000000    
 k_ppt95               1.990073        1.000000        0.000000    
 k_ppt96              0.5895740        1.000000        0.000000    
 k_ppt97               1.658420        1.000000        0.000000    
 k_ppt98              0.8159754        1.000000        0.000000    
 k_ppt99               1.128823        1.000000        0.000000    
 k_ppt100             0.8329324        1.000000        0.000000    
 k_ppt101              1.242829        1.000000        0.000000    
 k_ppt102              2.002566        1.000000        0.000000    
 k_ppt103              1.303439        1.000000        0.000000    
 k_ppt104              2.504263        1.000000        0.000000    
