 single point
 k_ppt1               6.8895989E-02    1.000000        0.000000    
 k_ppt2               0.1981905        1.000000        0.000000    
 k_ppt3               0.1560529        1.000000        0.000000    
 k_ppt4               0.5924713        1.000000        0.000000    
 k_ppt5               0.2017007        1.000000        0.000000    
 k_ppt6               0.1676904        1.000000        0.000000    
 k_ppt7               0.3206481        1.000000        0.000000    
 k_ppt8               0.4077036        1.000000        0.000000    
 k_ppt9               0.1139870        1.000000        0.000000    
 k_ppt10              0.1328194        1.000000        0.000000    
 k_ppt11              0.1262103        1.000000        0.000000    
 k_ppt12              0.5167645        1.000000        0.000000    
 k_ppt13              0.2373709        1.000000        0.000000    
 k_ppt14              0.1236365        1.000000        0.000000    
 k_ppt15              0.3496994        1.000000        0.000000    
 k_ppt16              0.5473491        1.000000        0.000000    
 k_ppt17              0.1331678        1.000000        0.000000    
 k_ppt18              0.1691895        1.000000        0.000000    
 k_ppt19              0.2567475        1.000000        0.000000    
 k_ppt20              0.8551217        1.000000        0.000000    
 k_ppt21              0.3425384        1.000000        0.000000    
 k_ppt22              0.2467485        1.000000        0.000000    
 k_ppt23              0.4237638        1.000000        0.000000    
 k_ppt24              0.4622988        1.000000        0.000000    
 k_ppt25              0.3652418        1.000000        0.000000    
 k_ppt26              0.3259044        1.000000        0.000000    
 k_ppt27              0.6763922        1.000000        0.000000    
 k_ppt28              0.9595875        1.000000        0.000000    
 k_ppt29              0.3438925        1.000000        0.000000    
 k_ppt30              0.2780256        1.000000        0.000000    
 k_ppt31              0.4908976        1.000000        0.000000    
 k_ppt32              0.9866696        1.000000        0.000000    
 k_ppt33              0.7987671        1.000000        0.000000    
 k_ppt34              0.8537805        1.000000        0.000000    
 k_ppt35               3.371950        1.000000        0.000000    
 k_ppt36               1.321736        1.000000        0.000000    
 k_ppt37              0.5959507        1.000000        0.000000    
 k_ppt38              0.6725765        1.000000        0.000000    
 k_ppt39              0.7401998        1.000000        0.000000    
 k_ppt40               2.437111        1.000000        0.000000    
 k_ppt41              0.5473160        1.000000        0.000000    
 k_ppt42               1.063940        1.000000        0.000000    
 k_ppt43              0.4215363        1.000000        0.000000    
 k_ppt44              0.3590671        1.000000        0.000000    
 k_ppt45               1.066710        1.000000        0.000000    
 k_ppt46               3.153878        1.000000        0.000000    
 k_ppt47               1.225433        1.000000        0.000000    
 k_ppt48               1.850518        1.000000        0.000000    
 k_ppt49               1.124623        1.000000        0.000000    
 k_ppt50              0.9216560        1.000000        0.000000    
 k_ppt51              0.3280103        1.000000        0.000000    
 k_ppt52              0.7079979        1.000000        0.000000    
 k_ppt53               2.412525        1.000000        0.000000    
 k_ppt54              0.9360373        1.000000        0.000000    
 k_ppt55              0.8888948        1.000000        0.000000    
 k_ppt56               2.250661        1.000000        0.000000    
 k_ppt57              0.6848564        1.000000        0.000000    
 k_ppt58               1.020166        1.000000        0.000000    
 k_ppt59              0.8592256        1.000000        0.000000    
 k_ppt60              0.8489271        1.000000        0.000000    
 k_ppt61              0.9466088        1.000000        0.000000    
 k_ppt62               2.555899        1.000000        0.000000    
 k_ppt63               1.114426        1.000000        0.000000    
 k_ppt64              0.7394477        1.000000        0.000000    
 k_ppt65               1.292645        1.000000        0.000000    
 k_ppt66               1.200075        1.000000        0.000000    
 k_ppt67               1.591675        1.000000        0.000000    
 k_ppt68               1.777189        1.000000        0.000000    
 k_ppt69               1.502677        1.000000        0.000000    
 k_ppt70               2.484112        1.000000        0.000000    
 k_ppt71               1.365619        1.000000        0.000000    
 k_ppt72               2.244835        1.000000        0.000000    
 k_ppt73               1.288454        1.000000        0.000000    
 k_ppt74               1.876869        1.000000        0.000000    
 k_ppt75               2.983495        1.000000        0.000000    
 k_ppt76               2.699053        1.000000        0.000000    
 k_ppt77               1.168370        1.000000        0.000000    
 k_ppt78               1.774008        1.000000        0.000000    
 k_ppt79              0.6906456        1.000000        0.000000    
 k_ppt80               1.975805        1.000000        0.000000    
 k_ppt81              0.9151919        1.000000        0.000000    
 k_ppt82              0.4391129        1.000000        0.000000    
 k_ppt83              0.9909155        1.000000        0.000000    
 k_ppt84               1.236862        1.000000        0.000000    
 k_ppt85              0.5622126        1.000000        0.000000    
 k_ppt86               1.077028        1.000000        0.000000    
 k_ppt87              0.9988826        1.000000        0.000000    
 k_ppt88               2.752551        1.000000        0.000000    
 k_ppt89              0.3935418        1.000000        0.000000    
 k_ppt90              0.2702890        1.000000        0.000000    
 k_ppt91              0.4923822        1.000000        0.000000    
 k_ppt92              0.5980481        1.000000        0.000000    
 k_ppt93               1.252340        1.000000        0.000000    
 k_ppt94               1.703810        1.000000        0.000000    
 k_ppt95               2.088752        1.000000        0.000000    
 k_ppt96               1.654729        1.000000        0.000000    
 k_ppt97              0.2765308        1.000000        0.000000    
 k_ppt98              0.3604528        1.000000        0.000000    
 k_ppt99              0.2121461        1.000000        0.000000    
 k_ppt100             0.4703947        1.000000        0.000000    
 k_ppt101              1.096930        1.000000        0.000000    
 k_ppt102              1.093689        1.000000        0.000000    
 k_ppt103              1.522508        1.000000        0.000000    
 k_ppt104              1.242802        1.000000        0.000000    
