 single point
 k_ppt1               0.3444691        1.000000        0.000000    
 k_ppt2               8.5449164E-02    1.000000        0.000000    
 k_ppt3               0.2720191        1.000000        0.000000    
 k_ppt4               0.1173889        1.000000        0.000000    
 k_ppt5               0.6699551        1.000000        0.000000    
 k_ppt6                1.401688        1.000000        0.000000    
 k_ppt7               0.7308860        1.000000        0.000000    
 k_ppt8                1.066774        1.000000        0.000000    
 k_ppt9               0.2129090        1.000000        0.000000    
 k_ppt10              0.2255389        1.000000        0.000000    
 k_ppt11              0.2124229        1.000000        0.000000    
 k_ppt12              0.1116823        1.000000        0.000000    
 k_ppt13              0.5392250        1.000000        0.000000    
 k_ppt14               2.405356        1.000000        0.000000    
 k_ppt15               2.392787        1.000000        0.000000    
 k_ppt16               1.132979        1.000000        0.000000    
 k_ppt17              0.4550930        1.000000        0.000000    
 k_ppt18              0.2738048        1.000000        0.000000    
 k_ppt19               1.029342        1.000000        0.000000    
 k_ppt20              0.5327361        1.000000        0.000000    
 k_ppt21              0.4970029        1.000000        0.000000    
 k_ppt22               1.067231        1.000000        0.000000    
 k_ppt23               1.961079        1.000000        0.000000    
 k_ppt24              0.6601545        1.000000        0.000000    
 k_ppt25              0.2717157        1.000000        0.000000    
 k_ppt26              0.6390357        1.000000        0.000000    
 k_ppt27              0.8455302        1.000000        0.000000    
 k_ppt28              0.6796881        1.000000        0.000000    
 k_ppt29               2.049001        1.000000        0.000000    
 k_ppt30               1.872397        1.000000        0.000000    
 k_ppt31               2.034523        1.000000        0.000000    
 k_ppt32               2.244591        1.000000        0.000000    
 k_ppt33              0.3960415        1.000000        0.000000    
 k_ppt34              0.4884143        1.000000        0.000000    
 k_ppt35               1.168999        1.000000        0.000000    
 k_ppt36               1.828586        1.000000        0.000000    
 k_ppt37               2.437678        1.000000        0.000000    
 k_ppt38               1.886555        1.000000        0.000000    
 k_ppt39               1.832870        1.000000        0.000000    
 k_ppt40               1.162225        1.000000        0.000000    
 k_ppt41              0.5368945        1.000000        0.000000    
 k_ppt42              0.9323337        1.000000        0.000000    
 k_ppt43               1.093856        1.000000        0.000000    
 k_ppt44               1.124899        1.000000        0.000000    
 k_ppt45               2.075992        1.000000        0.000000    
 k_ppt46               1.223274        1.000000        0.000000    
 k_ppt47               2.249116        1.000000        0.000000    
 k_ppt48               2.919446        1.000000        0.000000    
 k_ppt49               1.808545        1.000000        0.000000    
 k_ppt50               2.442639        1.000000        0.000000    
 k_ppt51               1.765201        1.000000        0.000000    
 k_ppt52               1.380733        1.000000        0.000000    
 k_ppt53               1.208106        1.000000        0.000000    
 k_ppt54               1.302958        1.000000        0.000000    
 k_ppt55               1.090785        1.000000        0.000000    
 k_ppt56               1.508704        1.000000        0.000000    
 k_ppt57               1.429499        1.000000        0.000000    
 k_ppt58               1.233957        1.000000        0.000000    
 k_ppt59              0.9297806        1.000000        0.000000    
 k_ppt60              0.5919503        1.000000        0.000000    
 k_ppt61              0.6852637        1.000000        0.000000    
 k_ppt62               1.057386        1.000000        0.000000    
 k_ppt63               2.236810        1.000000        0.000000    
 k_ppt64               1.140061        1.000000        0.000000    
 k_ppt65               4.582492        1.000000        0.000000    
 k_ppt66               1.265801        1.000000        0.000000    
 k_ppt67              0.8256132        1.000000        0.000000    
 k_ppt68              0.3961115        1.000000        0.000000    
 k_ppt69              0.4873323        1.000000        0.000000    
 k_ppt70               1.441302        1.000000        0.000000    
 k_ppt71              0.8917153        1.000000        0.000000    
 k_ppt72              0.8426089        1.000000        0.000000    
 k_ppt73               4.537794        1.000000        0.000000    
 k_ppt74               2.739201        1.000000        0.000000    
 k_ppt75               1.701699        1.000000        0.000000    
 k_ppt76               1.389215        1.000000        0.000000    
 k_ppt77              0.6309829        1.000000        0.000000    
 k_ppt78              0.8495961        1.000000        0.000000    
 k_ppt79               1.227720        1.000000        0.000000    
 k_ppt80               1.444888        1.000000        0.000000    
 k_ppt81               2.126803        1.000000        0.000000    
 k_ppt82               2.800428        1.000000        0.000000    
 k_ppt83               2.198716        1.000000        0.000000    
 k_ppt84               1.572659        1.000000        0.000000    
 k_ppt85              0.5966053        1.000000        0.000000    
 k_ppt86              0.8582436        1.000000        0.000000    
 k_ppt87              0.9097967        1.000000        0.000000    
 k_ppt88               1.661918        1.000000        0.000000    
 k_ppt89               1.152774        1.000000        0.000000    
 k_ppt90               1.151668        1.000000        0.000000    
 k_ppt91               2.061621        1.000000        0.000000    
 k_ppt92               1.225125        1.000000        0.000000    
 k_ppt93              0.8442688        1.000000        0.000000    
 k_ppt94               1.082168        1.000000        0.000000    
 k_ppt95              0.8469572        1.000000        0.000000    
 k_ppt96               2.177741        1.000000        0.000000    
 k_ppt97              0.4254408        1.000000        0.000000    
 k_ppt98              0.5688764        1.000000        0.000000    
 k_ppt99               1.247964        1.000000        0.000000    
 k_ppt100             0.9795596        1.000000        0.000000    
 k_ppt101              1.064723        1.000000        0.000000    
 k_ppt102              1.552324        1.000000        0.000000    
 k_ppt103              1.683040        1.000000        0.000000    
 k_ppt104              1.081468        1.000000        0.000000    
