 single point
 k_ppt1               0.5357747        1.000000        0.000000    
 k_ppt2                1.488854        1.000000        0.000000    
 k_ppt3               0.4372910        1.000000        0.000000    
 k_ppt4               0.3171464        1.000000        0.000000    
 k_ppt5               0.2412547        1.000000        0.000000    
 k_ppt6               0.3544560        1.000000        0.000000    
 k_ppt7               0.5477694        1.000000        0.000000    
 k_ppt8                1.455175        1.000000        0.000000    
 k_ppt9               0.9480676        1.000000        0.000000    
 k_ppt10              0.3292294        1.000000        0.000000    
 k_ppt11              0.1742587        1.000000        0.000000    
 k_ppt12              0.2458195        1.000000        0.000000    
 k_ppt13              0.1274031        1.000000        0.000000    
 k_ppt14              0.5201759        1.000000        0.000000    
 k_ppt15               2.361967        1.000000        0.000000    
 k_ppt16               1.910474        1.000000        0.000000    
 k_ppt17              0.5224193        1.000000        0.000000    
 k_ppt18              0.4071234        1.000000        0.000000    
 k_ppt19              0.3071883        1.000000        0.000000    
 k_ppt20              0.2579753        1.000000        0.000000    
 k_ppt21              0.4953354        1.000000        0.000000    
 k_ppt22               1.542429        1.000000        0.000000    
 k_ppt23              0.7333480        1.000000        0.000000    
 k_ppt24               2.361101        1.000000        0.000000    
 k_ppt25              0.4113804        1.000000        0.000000    
 k_ppt26              0.5085177        1.000000        0.000000    
 k_ppt27              0.2728805        1.000000        0.000000    
 k_ppt28              0.2194298        1.000000        0.000000    
 k_ppt29              0.5182057        1.000000        0.000000    
 k_ppt30              0.7391249        1.000000        0.000000    
 k_ppt31              0.6629166        1.000000        0.000000    
 k_ppt32               1.627216        1.000000        0.000000    
 k_ppt33              0.3241320        1.000000        0.000000    
 k_ppt34              0.5710185        1.000000        0.000000    
 k_ppt35              0.1398717        1.000000        0.000000    
 k_ppt36              0.2074659        1.000000        0.000000    
 k_ppt37              0.1940342        1.000000        0.000000    
 k_ppt38              0.2703557        1.000000        0.000000    
 k_ppt39              0.1256315        1.000000        0.000000    
 k_ppt40              0.9774591        1.000000        0.000000    
 k_ppt41              0.3138267        1.000000        0.000000    
 k_ppt42              0.5020104        1.000000        0.000000    
 k_ppt43              0.1469886        1.000000        0.000000    
 k_ppt44              0.1495492        1.000000        0.000000    
 k_ppt45              0.2756769        1.000000        0.000000    
 k_ppt46              0.1516490        1.000000        0.000000    
 k_ppt47              0.2819660        1.000000        0.000000    
 k_ppt48              0.2930013        1.000000        0.000000    
 k_ppt49              0.6429326        1.000000        0.000000    
 k_ppt50              0.2971817        1.000000        0.000000    
 k_ppt51              0.2996488        1.000000        0.000000    
 k_ppt52              0.6380036        1.000000        0.000000    
 k_ppt53              0.2587588        1.000000        0.000000    
 k_ppt54              0.8909063        1.000000        0.000000    
 k_ppt55               1.259745        1.000000        0.000000    
 k_ppt56              0.4376590        1.000000        0.000000    
 k_ppt57              0.5493115        1.000000        0.000000    
 k_ppt58               1.503635        1.000000        0.000000    
 k_ppt59              0.9680671        1.000000        0.000000    
 k_ppt60              0.7718549        1.000000        0.000000    
 k_ppt61              0.7362634        1.000000        0.000000    
 k_ppt62              0.9269134        1.000000        0.000000    
 k_ppt63               2.439554        1.000000        0.000000    
 k_ppt64              0.6407324        1.000000        0.000000    
 k_ppt65              0.9059945        1.000000        0.000000    
 k_ppt66               1.350252        1.000000        0.000000    
 k_ppt67               3.151750        1.000000        0.000000    
 k_ppt68               2.188815        1.000000        0.000000    
 k_ppt69               2.588129        1.000000        0.000000    
 k_ppt70               1.784053        1.000000        0.000000    
 k_ppt71               4.456072        1.000000        0.000000    
 k_ppt72               1.518521        1.000000        0.000000    
 k_ppt73               2.297662        1.000000        0.000000    
 k_ppt74               2.706463        1.000000        0.000000    
 k_ppt75               1.939688        1.000000        0.000000    
 k_ppt76               1.635932        1.000000        0.000000    
 k_ppt77               4.333090        1.000000        0.000000    
 k_ppt78               6.652319        1.000000        0.000000    
 k_ppt79               2.279684        1.000000        0.000000    
 k_ppt80               1.240391        1.000000        0.000000    
 k_ppt81               3.487462        1.000000        0.000000    
 k_ppt82              0.9070935        1.000000        0.000000    
 k_ppt83               1.725054        1.000000        0.000000    
 k_ppt84               1.550470        1.000000        0.000000    
 k_ppt85               2.006733        1.000000        0.000000    
 k_ppt86               2.461240        1.000000        0.000000    
 k_ppt87               1.247369        1.000000        0.000000    
 k_ppt88              0.8970816        1.000000        0.000000    
 k_ppt89              0.1990061        1.000000        0.000000    
 k_ppt90              0.2000030        1.000000        0.000000    
 k_ppt91              0.3822374        1.000000        0.000000    
 k_ppt92              0.3914974        1.000000        0.000000    
 k_ppt93               2.461782        1.000000        0.000000    
 k_ppt94               2.498887        1.000000        0.000000    
 k_ppt95               2.176543        1.000000        0.000000    
 k_ppt96              0.8222364        1.000000        0.000000    
 k_ppt97              0.3840648        1.000000        0.000000    
 k_ppt98              0.2076426        1.000000        0.000000    
 k_ppt99              0.4288586        1.000000        0.000000    
 k_ppt100             0.5335746        1.000000        0.000000    
 k_ppt101              1.337413        1.000000        0.000000    
 k_ppt102              1.901040        1.000000        0.000000    
 k_ppt103              1.020807        1.000000        0.000000    
 k_ppt104             0.6832766        1.000000        0.000000    
