 single point
 k_ppt1                1.713991        1.000000        0.000000    
 k_ppt2                1.039133        1.000000        0.000000    
 k_ppt3               0.3899601        1.000000        0.000000    
 k_ppt4               0.6390617        1.000000        0.000000    
 k_ppt5                1.764413        1.000000        0.000000    
 k_ppt6                1.714808        1.000000        0.000000    
 k_ppt7               0.4742305        1.000000        0.000000    
 k_ppt8                1.267656        1.000000        0.000000    
 k_ppt9                4.344133        1.000000        0.000000    
 k_ppt10               1.243844        1.000000        0.000000    
 k_ppt11               2.098783        1.000000        0.000000    
 k_ppt12              0.8990677        1.000000        0.000000    
 k_ppt13               1.465765        1.000000        0.000000    
 k_ppt14              0.7587301        1.000000        0.000000    
 k_ppt15              0.4277483        1.000000        0.000000    
 k_ppt16              0.9965120        1.000000        0.000000    
 k_ppt17               6.355346        1.000000        0.000000    
 k_ppt18               2.647239        1.000000        0.000000    
 k_ppt19               1.913954        1.000000        0.000000    
 k_ppt20               1.444841        1.000000        0.000000    
 k_ppt21               1.522540        1.000000        0.000000    
 k_ppt22              0.2645294        1.000000        0.000000    
 k_ppt23              0.3818401        1.000000        0.000000    
 k_ppt24              0.5075523        1.000000        0.000000    
 k_ppt25               6.545262        1.000000        0.000000    
 k_ppt26               2.166059        1.000000        0.000000    
 k_ppt27               2.781146        1.000000        0.000000    
 k_ppt28               1.699221        1.000000        0.000000    
 k_ppt29               1.046476        1.000000        0.000000    
 k_ppt30              0.3788555        1.000000        0.000000    
 k_ppt31              0.5612011        1.000000        0.000000    
 k_ppt32              0.4470225        1.000000        0.000000    
 k_ppt33               4.217395        1.000000        0.000000    
 k_ppt34               2.563574        1.000000        0.000000    
 k_ppt35               3.935832        1.000000        0.000000    
 k_ppt36               4.028019        1.000000        0.000000    
 k_ppt37               1.486178        1.000000        0.000000    
 k_ppt38              0.2586313        1.000000        0.000000    
 k_ppt39              0.5199670        1.000000        0.000000    
 k_ppt40              0.2010995        1.000000        0.000000    
 k_ppt41               2.586965        1.000000        0.000000    
 k_ppt42               2.006859        1.000000        0.000000    
 k_ppt43               1.620212        1.000000        0.000000    
 k_ppt44               5.232062        1.000000        0.000000    
 k_ppt45               1.053936        1.000000        0.000000    
 k_ppt46              0.4575070        1.000000        0.000000    
 k_ppt47              0.2061283        1.000000        0.000000    
 k_ppt48              7.1083022E-02    1.000000        0.000000    
 k_ppt49               3.076078        1.000000        0.000000    
 k_ppt50               2.371560        1.000000        0.000000    
 k_ppt51               1.062692        1.000000        0.000000    
 k_ppt52              0.7796327        1.000000        0.000000    
 k_ppt53              0.1903333        1.000000        0.000000    
 k_ppt54              0.5545292        1.000000        0.000000    
 k_ppt55              0.1908402        1.000000        0.000000    
 k_ppt56              0.3556188        1.000000        0.000000    
 k_ppt57               4.875933        1.000000        0.000000    
 k_ppt58               2.368075        1.000000        0.000000    
 k_ppt59               1.896008        1.000000        0.000000    
 k_ppt60              0.9071992        1.000000        0.000000    
 k_ppt61               1.025579        1.000000        0.000000    
 k_ppt62              0.7874681        1.000000        0.000000    
 k_ppt63              0.9919080        1.000000        0.000000    
 k_ppt64              0.4374450        1.000000        0.000000    
 k_ppt65               4.971695        1.000000        0.000000    
 k_ppt66               3.503424        1.000000        0.000000    
 k_ppt67               2.293733        1.000000        0.000000    
 k_ppt68              0.9208150        1.000000        0.000000    
 k_ppt69               1.983753        1.000000        0.000000    
 k_ppt70               1.211343        1.000000        0.000000    
 k_ppt71               1.166336        1.000000        0.000000    
 k_ppt72              0.5919395        1.000000        0.000000    
 k_ppt73               4.708245        1.000000        0.000000    
 k_ppt74               5.928808        1.000000        0.000000    
 k_ppt75               4.244750        1.000000        0.000000    
 k_ppt76               2.055057        1.000000        0.000000    
 k_ppt77               3.071069        1.000000        0.000000    
 k_ppt78               1.758637        1.000000        0.000000    
 k_ppt79               2.355018        1.000000        0.000000    
 k_ppt80               1.817656        1.000000        0.000000    
 k_ppt81               11.02785        1.000000        0.000000    
 k_ppt82               1.722586        1.000000        0.000000    
 k_ppt83               4.622394        1.000000        0.000000    
 k_ppt84               2.119764        1.000000        0.000000    
 k_ppt85               2.254097        1.000000        0.000000    
 k_ppt86               5.490910        1.000000        0.000000    
 k_ppt87               7.100228        1.000000        0.000000    
 k_ppt88               5.572875        1.000000        0.000000    
 k_ppt89               3.130831        1.000000        0.000000    
 k_ppt90               3.061943        1.000000        0.000000    
 k_ppt91               3.203107        1.000000        0.000000    
 k_ppt92               4.871637        1.000000        0.000000    
 k_ppt93               3.425026        1.000000        0.000000    
 k_ppt94               3.598845        1.000000        0.000000    
 k_ppt95               13.70454        1.000000        0.000000    
 k_ppt96               4.483736        1.000000        0.000000    
 k_ppt97               1.736572        1.000000        0.000000    
 k_ppt98               1.019747        1.000000        0.000000    
 k_ppt99               1.189295        1.000000        0.000000    
 k_ppt100              3.397202        1.000000        0.000000    
 k_ppt101              8.814854        1.000000        0.000000    
 k_ppt102              7.195904        1.000000        0.000000    
 k_ppt103              9.822451        1.000000        0.000000    
 k_ppt104              4.545131        1.000000        0.000000    
