 single point
 k_ppt1               0.6396787        1.000000        0.000000    
 k_ppt2               0.4263609        1.000000        0.000000    
 k_ppt3               0.2307678        1.000000        0.000000    
 k_ppt4               7.6383308E-02    1.000000        0.000000    
 k_ppt5               0.1960385        1.000000        0.000000    
 k_ppt6               0.3717999        1.000000        0.000000    
 k_ppt7               0.4849024        1.000000        0.000000    
 k_ppt8               0.1956794        1.000000        0.000000    
 k_ppt9               0.9261982        1.000000        0.000000    
 k_ppt10              0.4034715        1.000000        0.000000    
 k_ppt11              0.4062329        1.000000        0.000000    
 k_ppt12              0.1822713        1.000000        0.000000    
 k_ppt13              9.5976364E-02    1.000000        0.000000    
 k_ppt14              0.3388746        1.000000        0.000000    
 k_ppt15              0.5722080        1.000000        0.000000    
 k_ppt16              0.4589710        1.000000        0.000000    
 k_ppt17               1.422434        1.000000        0.000000    
 k_ppt18              0.2779930        1.000000        0.000000    
 k_ppt19              0.1338548        1.000000        0.000000    
 k_ppt20              0.2063807        1.000000        0.000000    
 k_ppt21              0.3640117        1.000000        0.000000    
 k_ppt22              0.3817028        1.000000        0.000000    
 k_ppt23              0.4605568        1.000000        0.000000    
 k_ppt24              0.8933446        1.000000        0.000000    
 k_ppt25               1.173980        1.000000        0.000000    
 k_ppt26              0.3714825        1.000000        0.000000    
 k_ppt27              0.1622042        1.000000        0.000000    
 k_ppt28              0.5322879        1.000000        0.000000    
 k_ppt29              0.3526220        1.000000        0.000000    
 k_ppt30              0.2540063        1.000000        0.000000    
 k_ppt31              0.2804758        1.000000        0.000000    
 k_ppt32              0.2737591        1.000000        0.000000    
 k_ppt33               1.272631        1.000000        0.000000    
 k_ppt34              0.5086248        1.000000        0.000000    
 k_ppt35              0.2267085        1.000000        0.000000    
 k_ppt36              0.2096443        1.000000        0.000000    
 k_ppt37              0.6761764        1.000000        0.000000    
 k_ppt38              0.4080371        1.000000        0.000000    
 k_ppt39              0.1153169        1.000000        0.000000    
 k_ppt40              0.2366739        1.000000        0.000000    
 k_ppt41               1.648034        1.000000        0.000000    
 k_ppt42               1.856259        1.000000        0.000000    
 k_ppt43              0.4016244        1.000000        0.000000    
 k_ppt44               1.489710        1.000000        0.000000    
 k_ppt45              0.7378851        1.000000        0.000000    
 k_ppt46              0.9877823        1.000000        0.000000    
 k_ppt47              0.4503163        1.000000        0.000000    
 k_ppt48              0.3107978        1.000000        0.000000    
 k_ppt49               1.376810        1.000000        0.000000    
 k_ppt50               2.570980        1.000000        0.000000    
 k_ppt51               1.716887        1.000000        0.000000    
 k_ppt52               1.636088        1.000000        0.000000    
 k_ppt53              0.4406307        1.000000        0.000000    
 k_ppt54              0.2414940        1.000000        0.000000    
 k_ppt55              0.2309923        1.000000        0.000000    
 k_ppt56              0.2189571        1.000000        0.000000    
 k_ppt57              0.4105647        1.000000        0.000000    
 k_ppt58              0.7678995        1.000000        0.000000    
 k_ppt59              0.7655058        1.000000        0.000000    
 k_ppt60               1.133352        1.000000        0.000000    
 k_ppt61              0.3174668        1.000000        0.000000    
 k_ppt62              0.1721494        1.000000        0.000000    
 k_ppt63              0.2945093        1.000000        0.000000    
 k_ppt64              0.1758881        1.000000        0.000000    
 k_ppt65              9.1589788E-02    1.000000        0.000000    
 k_ppt66              0.4195390        1.000000        0.000000    
 k_ppt67              0.8265712        1.000000        0.000000    
 k_ppt68              0.3471613        1.000000        0.000000    
 k_ppt69              0.3383172        1.000000        0.000000    
 k_ppt70              0.1858293        1.000000        0.000000    
 k_ppt71              0.2020153        1.000000        0.000000    
 k_ppt72              0.1183397        1.000000        0.000000    
 k_ppt73              0.3433982        1.000000        0.000000    
 k_ppt74              0.1920340        1.000000        0.000000    
 k_ppt75              0.5008139        1.000000        0.000000    
 k_ppt76              0.2101100        1.000000        0.000000    
 k_ppt77              0.4170586        1.000000        0.000000    
 k_ppt78              0.4987141        1.000000        0.000000    
 k_ppt79              0.2623047        1.000000        0.000000    
 k_ppt80              0.5296833        1.000000        0.000000    
 k_ppt81              0.9074013        1.000000        0.000000    
 k_ppt82              0.4426433        1.000000        0.000000    
 k_ppt83              0.3150276        1.000000        0.000000    
 k_ppt84              0.5510546        1.000000        0.000000    
 k_ppt85              0.6410652        1.000000        0.000000    
 k_ppt86               1.110731        1.000000        0.000000    
 k_ppt87              0.5811962        1.000000        0.000000    
 k_ppt88              0.4943424        1.000000        0.000000    
 k_ppt89              0.3530571        1.000000        0.000000    
 k_ppt90              0.1473504        1.000000        0.000000    
 k_ppt91              0.1638553        1.000000        0.000000    
 k_ppt92              0.4278107        1.000000        0.000000    
 k_ppt93               1.286475        1.000000        0.000000    
 k_ppt94               1.091451        1.000000        0.000000    
 k_ppt95              0.8398360        1.000000        0.000000    
 k_ppt96              0.7775123        1.000000        0.000000    
 k_ppt97              0.7120503        1.000000        0.000000    
 k_ppt98              0.1947187        1.000000        0.000000    
 k_ppt99              0.2401187        1.000000        0.000000    
 k_ppt100             0.4878246        1.000000        0.000000    
 k_ppt101             0.8692552        1.000000        0.000000    
 k_ppt102             0.9690766        1.000000        0.000000    
 k_ppt103             0.7120406        1.000000        0.000000    
 k_ppt104              1.014088        1.000000        0.000000    
