  single point
        k_ppt1    0.2031870000000000         1.000000         0.000000    
        k_ppt2    0.4894070000000000         1.000000         0.000000    
        k_ppt3    0.1821690000000000         1.000000         0.000000    
        k_ppt4    0.7641130000000000         1.000000         0.000000    
        k_ppt5    0.9424990000000000         1.000000         0.000000    
        k_ppt6    0.5156700000000000         1.000000         0.000000    
        k_ppt7     1.446920000000000         1.000000         0.000000    
        k_ppt8     2.295100000000000         1.000000         0.000000    
        k_ppt9    0.2177660000000000         1.000000         0.000000    
       k_ppt10    0.3611330000000000         1.000000         0.000000    
       k_ppt11    0.5825360000000002         1.000000         0.000000    
       k_ppt12     1.114680000000000         1.000000         0.000000    
       k_ppt13     1.693780000000000         1.000000         0.000000    
       k_ppt14     2.342720000000000         1.000000         0.000000    
       k_ppt15     2.413470000000000         1.000000         0.000000    
       k_ppt16     1.331350000000000         1.000000         0.000000    
       k_ppt17    0.5878420000000000         1.000000         0.000000    
       k_ppt18    0.2760360000000000         1.000000         0.000000    
       k_ppt19    0.9487890000000000         1.000000         0.000000    
       k_ppt20     1.043860000000000         1.000000         0.000000    
       k_ppt21     1.962380000000000         1.000000         0.000000    
       k_ppt22     2.534860000000000         1.000000         0.000000    
       k_ppt23     4.637490000000000         1.000000         0.000000    
       k_ppt24     1.824680000000000         1.000000         0.000000    
       k_ppt25     1.326380000000000         1.000000         0.000000    
       k_ppt26     1.188800000000000         1.000000         0.000000    
       k_ppt27    0.5373200000000000         1.000000         0.000000    
       k_ppt28    0.5308830000000000         1.000000         0.000000    
       k_ppt29    0.7796660000000000         1.000000         0.000000    
       k_ppt30     4.835240000000000         1.000000         0.000000    
       k_ppt31     2.759610000000000         1.000000         0.000000    
       k_ppt32     3.740080000000000         1.000000         0.000000    
       k_ppt33    0.4068710000000000         1.000000         0.000000    
       k_ppt34    0.7225030000000000         1.000000         0.000000    
       k_ppt35    0.6644320000000000         1.000000         0.000000    
       k_ppt36    0.8754170000000000         1.000000         0.000000    
       k_ppt37    0.9564440000000000         1.000000         0.000000    
       k_ppt38     2.191140000000000         1.000000         0.000000    
       k_ppt39     3.162540000000000         1.000000         0.000000    
       k_ppt40     1.597360000000000         1.000000         0.000000    
       k_ppt41    0.3242210000000000         1.000000         0.000000    
       k_ppt42    0.4569130000000000         1.000000         0.000000    
       k_ppt43     1.121040000000000         1.000000         0.000000    
       k_ppt44     1.648150000000000         1.000000         0.000000    
       k_ppt45     1.936730000000000         1.000000         0.000000    
       k_ppt46     1.549390000000000         1.000000         0.000000    
       k_ppt47    0.7809900000000000         1.000000         0.000000    
       k_ppt48     1.137440000000000         1.000000         0.000000    
       k_ppt49    0.1373990000000000         1.000000         0.000000    
       k_ppt50    0.3200140000000000         1.000000         0.000000    
       k_ppt51     1.303720000000000         1.000000         0.000000    
       k_ppt52     1.122270000000000         1.000000         0.000000    
       k_ppt53     2.110390000000000         1.000000         0.000000    
       k_ppt54     2.451430000000000         1.000000         0.000000    
       k_ppt55     2.152800000000000         1.000000         0.000000    
       k_ppt56     1.011600000000000         1.000000         0.000000    
       k_ppt57    0.4604760000000000         1.000000         0.000000    
       k_ppt58    0.4263440000000000         1.000000         0.000000    
       k_ppt59     2.239440000000000         1.000000         0.000000    
       k_ppt60     4.525020000000000         1.000000         0.000000    
       k_ppt61     5.122200000000000         1.000000         0.000000    
       k_ppt62     1.906040000000000         1.000000         0.000000    
       k_ppt63     1.835800000000000         1.000000         0.000000    
       k_ppt64     1.409260000000000         1.000000         0.000000    
       k_ppt65    0.7145760000000000         1.000000         0.000000    
       k_ppt66    0.6645320000000000         1.000000         0.000000    
       k_ppt67     1.918520000000000         1.000000         0.000000    
       k_ppt68     4.175120000000000         1.000000         0.000000    
       k_ppt69     5.146550000000000         1.000000         0.000000    
       k_ppt70     2.168930000000000         1.000000         0.000000    
       k_ppt71     2.950920000000000         1.000000         0.000000    
       k_ppt72     2.893630000000000         1.000000         0.000000    
       k_ppt73     1.594130000000000         1.000000         0.000000    
       k_ppt74     1.036690000000000         1.000000         0.000000    
       k_ppt75     1.182100000000000         1.000000         0.000000    
       k_ppt76     3.310080000000000         1.000000         0.000000    
       k_ppt77     1.874370000000000         1.000000         0.000000    
       k_ppt78     3.885820000000000         1.000000         0.000000    
       k_ppt79     1.853490000000000         1.000000         0.000000    
       k_ppt80     1.347940000000000         1.000000         0.000000    
       k_ppt81     1.047050000000000         1.000000         0.000000    
       k_ppt82    0.6318510000000002         1.000000         0.000000    
       k_ppt83     1.359480000000000         1.000000         0.000000    
       k_ppt84    0.9976690000000000         1.000000         0.000000    
       k_ppt85    0.3835940000000000         1.000000         0.000000    
       k_ppt86    0.6941650000000000         1.000000         0.000000    
       k_ppt87     1.776510000000000         1.000000         0.000000    
       k_ppt88     1.268880000000000         1.000000         0.000000    
       k_ppt89    0.5469570000000000         1.000000         0.000000    
       k_ppt90    0.9114940000000000         1.000000         0.000000    
       k_ppt91    0.9100350000000000         1.000000         0.000000    
       k_ppt92    0.5174080000000000         1.000000         0.000000    
       k_ppt93    0.1940490000000000         1.000000         0.000000    
       k_ppt94    0.3123490000000000         1.000000         0.000000    
       k_ppt95    0.5582650000000000         1.000000         0.000000    
       k_ppt96     2.760500000000000         1.000000         0.000000    
       k_ppt97    0.3656460000000001         1.000000         0.000000    
       k_ppt98     1.016630000000000         1.000000         0.000000    
       k_ppt99    0.3259450000000000         1.000000         0.000000    
      k_ppt100    0.7045450000000000         1.000000         0.000000    
      k_ppt101    0.2276440000000000         1.000000         0.000000    
      k_ppt102    0.8022900000000000         1.000000         0.000000    
      k_ppt103    0.6203830000000000         1.000000         0.000000    
      k_ppt104     1.107910000000000         1.000000         0.000000    
