 point             x              y          zone  nugget  sill           a         hanis     bearing
 PP001            1319.291       8763.846      23  0.0     1.0           1038.138   1.8       45
 PP002            2061.070       8712.688      23  0.0     1.0           1074.070   1.8       45
 PP003            1677.391       9147.524      23  0.0     1.0           1029.662   1.8       45
 PP004            1677.391       8226.696      23  0.0     1.0           1030.953   1.8       45
 PP005            1319.291       3136.562      23  0.0     1.0            739.347   1.8       45
 PP006             603.092       3724.869      23  0.0     1.0            813.631   1.8       45
 PP007             603.092       3059.826      23  0.0     1.0            745.611   1.8       45
 PP008            1268.134       3750.447      23  0.0     1.0            834.072   1.8       45
 PP009            1779.706       3750.447      23  0.0     1.0            720.647   1.8       45
 PP010            2316.855       3520.240      23  0.0     1.0            800.690   1.8       45
 PP011            2572.641       3929.497      23  0.0     1.0            666.163   1.8       45
 PP012            2035.491       4185.283      23  0.0     1.0            593.593   1.8       45
 PP013            3825.991       4313.176      23  0.0     1.0            707.857   1.8       45
 PP014            3595.784       4082.969      23  0.0     1.0            712.725   1.8       45
 PP015            4158.512       4082.969      23  0.0     1.0            738.314   1.8       45
 PP016            3928.305       3776.026      23  0.0     1.0            754.976   1.8       45
 PP017            3928.305       3110.983      23  0.0     1.0            784.832   1.8       45
 PP018            4772.397       3008.669      23  0.0     1.0            740.787   1.8       45
 PP019            4158.512       3366.769      23  0.0     1.0            779.132   1.8       45
 PP020            4337.562       2676.148      23  0.0     1.0            738.688   1.8       45
 PP021            5974.590       9019.631      23  0.0     1.0            853.082   1.8       45
 PP022            5590.911       9607.938      23  0.0     1.0           1130.117   1.8       45
 PP023            6383.847       8456.903      23  0.0     1.0            902.087   1.8       45
 PP024            6562.897       8994.053      23  0.0     1.0            906.343   1.8       45
 PP025            6204.797       7843.017      23  0.0     1.0            932.922   1.8       45
 PP026            6716.368       7919.753      23  0.0     1.0            827.902   1.8       45
 PP027            5846.697       8354.589      23  0.0     1.0            925.702   1.8       45
 PP028            8711.496       8789.424      23  0.0     1.0            978.354   1.8       45
 PP029            8327.818       8188.328      23  0.0     1.0           1071.781   1.8       45
 PP030            7163.993       7344.235      23  0.0     1.0            893.363   1.8       45
 PP031            7586.039       7408.182      23  0.0     1.0            968.800   1.8       45
 PP032            8020.875       7139.607      23  0.0     1.0            989.874   1.8       45
 PP033            7624.407       6691.982      23  0.0     1.0           1064.342   1.8       45
 PP034            8148.768       6743.139      23  0.0     1.0            938.371   1.8       45
 PP035            8481.289       7472.128      23  0.0     1.0            928.482   1.8       45
 PP036            7074.468       6628.036      23  0.0     1.0            923.642   1.8       45
 PP037            7586.039       6244.357      23  0.0     1.0            986.394   1.8       45
 PP038            8289.450       6078.096      23  0.0     1.0            798.677   1.8       45
 PP039            7790.668       7868.596      23  0.0     1.0           1008.392   1.8       45
 PP040            8903.335       7958.121      23  0.0     1.0            838.182   1.8       45
 PP041            8864.967       9812.567      23  0.0     1.0           1282.002   1.8       45
 PP042            9261.435       9467.256      23  0.0     1.0           1383.764   1.8       45
 PP043            8353.396       9480.045      23  0.0     1.0            860.903   1.8       45
 PP044            9146.332       8840.581      23  0.0     1.0           1143.607   1.8       45
 PP045            7681.959       5489.790      23  0.0     1.0            622.214   1.8       45
 PP046            7234.334       4140.520      23  0.0     1.0            691.882   1.8       45
 PP047            8206.319       4984.613      23  0.0     1.0            681.123   1.8       45
 PP048            8462.105       5470.606      23  0.0     1.0            561.053   1.8       45
 PP049            7963.323       5585.709      23  0.0     1.0            558.160   1.8       45
 PP050            7726.721       5125.295      23  0.0     1.0            602.696   1.8       45
 PP051            7061.679       5208.425      23  0.0     1.0            637.221   1.8       45
 PP052            7061.679       4824.747      23  0.0     1.0            638.289   1.8       45
 PP053            6588.475       1710.557      23  0.0     1.0            840.045   1.8       45
 PP054            7074.468       1697.768      23  0.0     1.0            851.882   1.8       45
 PP055            6850.656       1972.737      23  0.0     1.0            838.687   1.8       45
 PP056            6844.261       1429.193      23  0.0     1.0            814.181   1.8       45
 PP057            2457.537       2893.565      23  0.0     1.0            858.094   1.8       45
 PP058            2802.848       2778.462      23  0.0     1.0            861.085   1.8       45
 PP059            2917.952       3417.926      23  0.0     1.0            775.536   1.8       45
 PP060            2035.491       2241.312      23  0.0     1.0            811.265   1.8       45
 PP061            2559.852       2484.308      23  0.0     1.0            773.142   1.8       45
 PP062            3154.553       2260.496      23  0.0     1.0            848.779   1.8       45
 PP063            3458.299       1883.212      23  0.0     1.0            859.878   1.8       45
 PP064            4238.445       1653.005      23  0.0     1.0            871.585   1.8       45
 PP065            4251.234       1256.537      23  0.0     1.0            887.373   1.8       45
 PP066            4558.177       1358.852      23  0.0     1.0            932.358   1.8       45
 PP067            3381.563       1435.587      23  0.0     1.0            869.795   1.8       45
 PP068            2217.738       1525.112      23  0.0     1.0            854.118   1.8       45
 PP069            1552.696       1665.794      23  0.0     1.0            789.873   1.8       45
 PP070             913.232       1218.170      23  0.0     1.0            859.974   1.8       45
 PP071            1539.907       1103.066      23  0.0     1.0            852.798   1.8       45
 PP072            1028.335       1729.741      23  0.0     1.0            747.827   1.8       45
 PP073            2831.624       1013.541      23  0.0     1.0            786.974   1.8       45
 PP074            2869.992        489.180      23  0.0     1.0            795.693   1.8       45
 PP075            2946.727       1896.001      23  0.0     1.0            803.181   1.8       45
 PP076            2946.727       1678.584      23  0.0     1.0            798.539   1.8       45
 PP077             388.871        335.709      23  0.0     1.0           1241.819   1.8       45
 PP078            1284.121        284.552      23  0.0     1.0           1109.566   1.8       45
 PP079            2383.999        335.709      23  0.0     1.0            921.180   1.8       45
 PP080            4097.763        386.866      23  0.0     1.0            955.142   1.8       45
 PP081            5172.062        310.131      23  0.0     1.0           1006.458   1.8       45
 PP082            6911.405        514.759      23  0.0     1.0            912.885   1.8       45
 PP083            8215.911       3763.237      23  0.0     1.0            916.608   1.8       45
 PP084            7960.126       2535.466      23  0.0     1.0            861.312   1.8       45
 PP085            7550.869       1384.430      23  0.0     1.0            976.282   1.8       45
 PP086            5683.634       2126.209      23  0.0     1.0            832.016   1.8       45
 PP087            5939.419       3302.822      23  0.0     1.0            794.658   1.8       45
 PP088            7218.347       3021.458      23  0.0     1.0            821.547   1.8       45
 PP089            9290.211       8392.956      23  0.0     1.0           1103.435   1.8       45
 PP090            9290.211       7600.021      23  0.0     1.0            901.202   1.8       45
 PP091            9060.004       6500.143      23  0.0     1.0           1035.478   1.8       45
 PP092            8753.061       5809.522      23  0.0     1.0            750.172   1.8       45
 PP093             286.557       9723.042      23  0.0     1.0           1573.660   1.8       45
 PP094            2639.785       9671.885      23  0.0     1.0           1418.949   1.8       45
 PP095            4276.813       9646.306      23  0.0     1.0           1427.277   1.8       45
 PP096            7064.876       9825.356      23  0.0     1.0           1053.119   1.8       45
 PP097            7781.076       8827.792      23  0.0     1.0            938.694   1.8       45
 PP098            7064.876       8444.114      23  0.0     1.0            855.171   1.8       45
 PP099            7013.719       5962.993      23  0.0     1.0            814.606   1.8       45
 PP100            7320.662       5758.364      23  0.0     1.0            766.236   1.8       45
 PP101            6502.148       7088.450      23  0.0     1.0            808.081   1.8       45
 PP102            2946.727       4249.229      23  0.0     1.0            626.064   1.8       45
 PP103            3560.613       3047.037      23  0.0     1.0            814.063   1.8       45
 PP104            3381.563       3507.451      23  0.0     1.0            702.256   1.8       45
 PP105            1463.171       2381.994      23  0.0     1.0            851.753   1.8       45
 PP106            4021.027       2356.416      23  0.0     1.0            785.517   1.8       45
 PP107            4660.491       4198.072      23  0.0     1.0            671.745   1.8       45
 PP108            5530.162       4479.436      23  0.0     1.0            675.764   1.8       45
 PP109            6655.619       4786.379      23  0.0     1.0            621.089   1.8       45
 PP110            1284.121       5937.414      23  0.0     1.0            755.281   1.8       45
 PP111            2281.685       5681.629      23  0.0     1.0            704.647   1.8       45
 PP112            3151.356       5400.265      23  0.0     1.0            612.863   1.8       45
 PP113            3995.449       5349.107      23  0.0     1.0            508.537   1.8       45
 PP114            4941.855       5272.372      23  0.0     1.0            618.981   1.8       45
 PP115            6016.155       5246.793      23  0.0     1.0            664.367   1.8       45
 PP116            5146.484       4505.015      23  0.0     1.0            689.055   1.8       45
 PP117            5376.691       4888.693      23  0.0     1.0            681.883   1.8       45
 PP118            5913.841       4505.015      23  0.0     1.0            645.145   1.8       45
 PP119            6118.469       4888.693      23  0.0     1.0            590.694   1.8       45
 PP120            6425.412       4991.008      23  0.0     1.0            645.658   1.8       45
 PP121            2869.992       4607.329      23  0.0     1.0            658.140   1.8       45
 PP122            1667.799       4351.543      23  0.0     1.0            723.131   1.8       45
 PP123             977.178       4249.229      23  0.0     1.0            866.783   1.8       45
 PP124             798.128       6116.464      23  0.0     1.0            764.873   1.8       45
 PP125            5542.952       5899.047      23  0.0     1.0            802.875   1.8       45
 PP126            5542.952       5361.897      23  0.0     1.0            654.241   1.8       45
 PP127            5696.423       3891.129      23  0.0     1.0            679.209   1.8       45
 PP128            6297.519       4351.543      23  0.0     1.0            614.001   1.8       45
 PP129            4174.498       5029.375      23  0.0     1.0            563.644   1.8       45
 PP130            4404.706       5630.472      23  0.0     1.0            500.491   1.8       45
 PP131            5184.852       5477.000      23  0.0     1.0            645.651   1.8       45
 PP132            5056.959       4927.061      23  0.0     1.0            690.911   1.8       45
 PP133            4698.859       4466.647      23  0.0     1.0            649.957   1.8       45
 PP134            3688.506       4543.383      23  0.0     1.0            669.756   1.8       45
 PP135            7819.444       4786.379      23  0.0     1.0            616.527   1.8       45
 PP136            8510.065       4671.276      23  0.0     1.0            737.360   1.8       45
 PP137            8650.747       5170.057      23  0.0     1.0            701.887   1.8       45
 PP138            8676.326       4274.808      23  0.0     1.0            898.663   1.8       45
 PP139            6514.937       5349.107      23  0.0     1.0            682.468   1.8       45
 PP140            3790.820       5643.261      23  0.0     1.0            526.989   1.8       45
 PP141            4136.131       6135.648      23  0.0     1.0            541.113   1.8       45
 PP142            4948.250       6359.461      23  0.0     1.0            908.074   1.8       45
 PP143             337.714       8974.869      23  0.0     1.0           1255.459   1.8       45
 PP144             286.557       8002.883      23  0.0     1.0           1230.212   1.8       45
 PP145             286.557       6903.005      23  0.0     1.0           1103.614   1.8       45
 PP146             260.978       6058.913      23  0.0     1.0           1077.558   1.8       45
 PP147             235.400       4575.356      23  0.0     1.0           1113.720   1.8       45
 PP148             286.557       5317.134      23  0.0     1.0           1099.638   1.8       45
 PP149             286.557       3603.371      23  0.0     1.0            958.857   1.8       45
 PP150             286.557       2068.657      23  0.0     1.0            983.032   1.8       45
 PP151             286.557       1198.986      23  0.0     1.0           1084.924   1.8       45
 PP152            1130.650       5214.820      23  0.0     1.0            785.209   1.8       45
 PP153            1770.114       5163.663      23  0.0     1.0            739.059   1.8       45
 PP154            2665.363       4984.613      23  0.0     1.0            707.930   1.8       45
 PP155            3893.134       4805.563      23  0.0     1.0            624.074   1.8       45
 PP156            1258.542       7465.733      23  0.0     1.0           1050.739   1.8       45
 PP157            1718.956       6596.062      23  0.0     1.0            959.626   1.8       45
 PP158            3023.463       8054.040      23  0.0     1.0            974.955   1.8       45
 PP159            2511.892       7235.526      23  0.0     1.0            937.973   1.8       45
 PP160            3944.291       8744.662      23  0.0     1.0           1084.694   1.8       45
 PP161            5274.377       7414.576      23  0.0     1.0            900.424   1.8       45
 PP162            6220.784       6621.641      23  0.0     1.0            804.167   1.8       45
 PP163            4097.763       7593.626      23  0.0     1.0            925.377   1.8       45
 PP164            4558.177       6749.534      23  0.0     1.0            801.189   1.8       45
 PP165            6144.048       5956.598      23  0.0     1.0            766.005   1.8       45
 PP166            2869.992       5841.495      23  0.0     1.0            664.979   1.8       45
 PP167            3279.249       5854.284      23  0.0     1.0            599.826   1.8       45
 PP168            3573.402       5854.284      23  0.0     1.0            567.390   1.8       45
 PP169            3893.134       5854.284      23  0.0     1.0            544.589   1.8       45
 PP170            4302.391       5879.863      23  0.0     1.0            517.318   1.8       45
 PP171            3381.563       5624.077      23  0.0     1.0            553.156   1.8       45
 PP172            3547.824       5457.816      23  0.0     1.0            537.367   1.8       45
 PP173            4187.288       5662.445      23  0.0     1.0            489.737   1.8       45
 PP174            4583.755       5419.448      23  0.0     1.0            549.463   1.8       45
 PP175            4583.755       5048.559      23  0.0     1.0            602.244   1.8       45
 PP176            4174.498       5202.031      23  0.0     1.0            532.754   1.8       45
 PP177            3176.935       5048.559      23  0.0     1.0            668.932   1.8       45
 PP178            3739.663       5099.716      23  0.0     1.0            627.801   1.8       45
 PP179            2933.938       6110.070      23  0.0     1.0            657.348   1.8       45
 PP180            3240.881       6135.648      23  0.0     1.0            607.342   1.8       45
 PP181            3611.770       6148.437      23  0.0     1.0            601.841   1.8       45
 PP182            3969.870       6148.437      23  0.0     1.0            570.038   1.8       45
 PP183            4647.702       5649.656      23  0.0     1.0            559.171   1.8       45
 PP184            4558.177       5918.230      23  0.0     1.0            597.162   1.8       45
 PP185            4404.706       6199.595      23  0.0     1.0            623.848   1.8       45
 PP186            4404.706       6378.645      23  0.0     1.0            628.432   1.8       45
 PP187            4123.341       6404.223      23  0.0     1.0            607.701   1.8       45
 PP188            3854.766       6455.380      23  0.0     1.0            638.352   1.8       45
 PP189            3535.034       6404.223      23  0.0     1.0            639.106   1.8       45
 PP190            3304.827       6429.802      23  0.0     1.0            628.626   1.8       45
 PP191            2946.727       6442.591      23  0.0     1.0            679.740   1.8       45
 PP192            3087.410       6634.430      23  0.0     1.0            694.098   1.8       45
 PP193            3394.352       7069.266      23  0.0     1.0            910.039   1.8       45
 PP194            3483.877       6711.166      23  0.0     1.0            723.705   1.8       45
 PP195            3905.924       6851.848      23  0.0     1.0            818.791   1.8       45
 PP196            4327.970       6749.534      23  0.0     1.0            758.376   1.8       45
 PP197            4941.855       5943.809      23  0.0     1.0            751.669   1.8       45
 PP198            2690.942       6225.173      23  0.0     1.0            688.856   1.8       45
 PP199            2396.788       5982.177      23  0.0     1.0            703.868   1.8       45
 PP200            2652.574       5675.234      23  0.0     1.0            689.837   1.8       45
 PP201            2626.995       5432.238      23  0.0     1.0            723.254   1.8       45
 PP202            4993.012       5675.234      23  0.0     1.0            648.168   1.8       45
 PP203            6412.623       2618.596      23  0.0     1.0            962.184   1.8       45
 PP204            5875.473       1109.461      23  0.0     1.0            842.996   1.8       45
 PP205            6821.880       3437.110      23  0.0     1.0            909.289   1.8       45
 PP206            4724.438       8373.772      23  0.0     1.0           1142.201   1.8       45
 PP207            1757.324       2925.539      23  0.0     1.0            838.979   1.8       45
 PP208            1092.282       2746.489      23  0.0     1.0            706.717   1.8       45
 PP209            1936.374       3309.217      23  0.0     1.0            763.062   1.8       45
 PP210             715.229       9766.393      23  0.0     1.0           1290.782   1.8       45
 PP211             698.621       9317.987      23  0.0     1.0           1044.603   1.8       45
 PP212            1612.041       9633.532      23  0.0     1.0           1158.287   1.8       45
 PP213            1147.027       9583.709      23  0.0     1.0           1064.965   1.8       45
 PP214            1147.027       9068.872      23  0.0     1.0            997.910   1.8       45
 PP215             947.736       8670.289      23  0.0     1.0           1052.404   1.8       45
 PP216             432.899       8437.782      23  0.0     1.0           1208.191   1.8       45
 PP217            1296.496       8022.591      23  0.0     1.0           1071.088   1.8       45
 PP218             765.052       7839.907      23  0.0     1.0           1072.628   1.8       45
 PP219             366.468       7125.778      23  0.0     1.0           1049.380   1.8       45
 PP220             200.392       7590.792      23  0.0     1.0           1204.989   1.8       45
 PP221             715.229       7325.070      23  0.0     1.0            966.776   1.8       45
 PP222             814.875       6777.018      23  0.0     1.0            942.407   1.8       45
 PP223            1163.635       6561.118      23  0.0     1.0            901.025   1.8       45
 PP224            1445.965       7125.778      23  0.0     1.0           1023.311   1.8       45
 PP225             549.152       6561.118      23  0.0     1.0            937.725   1.8       45
 PP226            1844.548       7291.854      23  0.0     1.0            999.541   1.8       45
 PP227            2093.663       8055.806      23  0.0     1.0            927.628   1.8       45
 PP228            2375.993       7922.945      23  0.0     1.0            898.320   1.8       45
 PP229            2542.069       8819.757      23  0.0     1.0           1100.042   1.8       45
 PP230            3123.337       8587.250      23  0.0     1.0           1104.718   1.8       45
 PP231            3272.805       9019.049      23  0.0     1.0           1172.819   1.8       45
 PP232            2425.816       9317.987      23  0.0     1.0           1175.356   1.8       45
 PP233            1927.586       9650.139      23  0.0     1.0           1232.723   1.8       45
 PP234            3472.097       9600.316      23  0.0     1.0           1475.877   1.8       45
 PP235            3920.503       9151.910      23  0.0     1.0           1176.436   1.8       45
 PP236            4833.924       9401.025      23  0.0     1.0           1196.268   1.8       45
 PP237            5083.038       9666.747      23  0.0     1.0           1278.013   1.8       45
 PP238            5564.660       9301.379      23  0.0     1.0            983.804   1.8       45
 PP239            4601.417       9052.264      23  0.0     1.0           1129.249   1.8       45
 PP240            5249.115       8686.896      23  0.0     1.0           1092.979   1.8       45
 PP241            5780.559       8221.882      23  0.0     1.0            951.679   1.8       45
 PP242            5215.899       7756.868      23  0.0     1.0           1026.044   1.8       45
 PP243            4352.302       7939.552      23  0.0     1.0            945.204   1.8       45
 PP244            4153.010       8437.782      23  0.0     1.0           1003.978   1.8       45
 PP245            3671.389       7856.514      23  0.0     1.0            936.420   1.8       45
 PP246            2890.830       7258.639      23  0.0     1.0            927.990   1.8       45
 PP247            3372.451       7740.261      23  0.0     1.0            981.238   1.8       45
 PP248            3937.111       7341.677      23  0.0     1.0            947.678   1.8       45
 PP249            4618.024       7158.993      23  0.0     1.0            893.908   1.8       45
 PP250            5132.861       7524.361      23  0.0     1.0            964.751   1.8       45
 PP251            4667.847       7308.462      23  0.0     1.0            885.076   1.8       45
 PP252            5531.445       6610.941      23  0.0     1.0            848.653   1.8       45
 PP253            5548.052       6710.587      23  0.0     1.0            831.916   1.8       45
 PP254            5730.736       7408.108      23  0.0     1.0            933.810   1.8       45
 PP255            6096.104       7142.386      23  0.0     1.0            857.455   1.8       45
 PP256            5880.205       6943.094      23  0.0     1.0            823.119   1.8       45
 PP257            5166.076       6959.702      23  0.0     1.0            885.420   1.8       45
 PP258            5747.344       6527.903      23  0.0     1.0            816.452   1.8       45
 PP259            6046.281       6129.320      23  0.0     1.0            797.101   1.8       45
 PP260            6029.674       5747.344      23  0.0     1.0            727.429   1.8       45
 PP261            6511.295       5597.875      23  0.0     1.0            691.234   1.8       45
 PP262            6660.764       5747.344      23  0.0     1.0            690.688   1.8       45
 PP263            6909.879       5564.660      23  0.0     1.0            613.896   1.8       45
 PP264            7042.740       5431.799      23  0.0     1.0            634.177   1.8       45
 PP265            7707.045       5581.267      23  0.0     1.0            630.113   1.8       45
 PP266            7989.375       5763.951      23  0.0     1.0            638.408   1.8       45
 PP267            8321.528       5747.344      23  0.0     1.0            591.735   1.8       45
 PP268            8670.289       5564.660      23  0.0     1.0            655.407   1.8       45
 PP269            8936.011       5979.851      23  0.0     1.0            931.245   1.8       45
 PP270            8470.997       6295.396      23  0.0     1.0            858.770   1.8       45
 PP271            8703.504       6644.156      23  0.0     1.0            870.080   1.8       45
 PP272            8869.580       7158.993      23  0.0     1.0            778.673   1.8       45
 PP273            8720.112       7225.424      23  0.0     1.0            790.418   1.8       45
 PP274            8454.389       6976.309      23  0.0     1.0            846.813   1.8       45
 PP275            9234.948       7026.132      23  0.0     1.0            977.793   1.8       45
 PP276            9168.518       7408.108      23  0.0     1.0            824.671   1.8       45
 PP277            9002.441       7806.691      23  0.0     1.0            799.391   1.8       45
 PP278            9168.518       7956.160      23  0.0     1.0            912.271   1.8       45
 PP279            8537.427       8437.782      23  0.0     1.0           1005.381   1.8       45
 PP280            8155.452       8936.011      23  0.0     1.0            911.073   1.8       45
 PP281            8803.150       9234.948      23  0.0     1.0            979.259   1.8       45
 PP282            8172.059       9301.379      23  0.0     1.0            784.278   1.8       45
 PP283            7839.907       9284.771      23  0.0     1.0            748.255   1.8       45
 PP284            7590.792       9567.101      23  0.0     1.0            806.892   1.8       45
 PP285            7142.386       9052.264      23  0.0     1.0            872.995   1.8       45
 PP286            6594.334       9533.886      23  0.0     1.0            947.555   1.8       45
 PP287            5996.458       9600.316      23  0.0     1.0           1054.721   1.8       45
 PP288            6743.802       9650.139      23  0.0     1.0            962.209   1.8       45
 PP289            7208.816       9450.848      23  0.0     1.0            817.407   1.8       45
 PP290            7491.146       9417.632      23  0.0     1.0            788.013   1.8       45
 PP291            7906.337       9749.785      23  0.0     1.0            911.620   1.8       45
 PP292            8188.667       9733.178      23  0.0     1.0            935.085   1.8       45
 PP293            6328.611       9168.518      23  0.0     1.0            892.703   1.8       45
 PP294            6046.281       8653.681      23  0.0     1.0            835.519   1.8       45
 PP295            5747.344       8703.504      23  0.0     1.0            880.834   1.8       45
 PP296            7175.601       8819.757      23  0.0     1.0            892.142   1.8       45
 PP297            7507.754       8487.605      23  0.0     1.0            936.098   1.8       45
 PP298            7258.639       7673.830      23  0.0     1.0            816.464   1.8       45
 PP299            6810.233       8138.844      23  0.0     1.0            854.991   1.8       45
 PP300            7109.170       8105.629      23  0.0     1.0            823.738   1.8       45
 PP301            7474.538       7922.945      23  0.0     1.0            873.180   1.8       45
 PP302            6411.649       7557.577      23  0.0     1.0            874.234   1.8       45
 PP303            6727.195       7408.108      23  0.0     1.0            821.107   1.8       45
 PP304            6876.663       7092.563      23  0.0     1.0            840.964   1.8       45
 PP305            6428.257       6245.573      23  0.0     1.0            811.164   1.8       45
 PP306            6826.840       6494.688      23  0.0     1.0            880.154   1.8       45
 PP307            6627.549       6677.372      23  0.0     1.0            833.375   1.8       45
 PP308            2757.969       6777.018      23  0.0     1.0            840.824   1.8       45
 PP309            2292.955       6544.511      23  0.0     1.0            868.764   1.8       45
 PP310            2010.625       6710.587      23  0.0     1.0            941.298   1.8       45
 PP311            2259.739       6145.927      23  0.0     1.0            797.930   1.8       45
 PP312            1612.041       6295.396      23  0.0     1.0            927.217   1.8       45
 PP313             914.520       6029.674      23  0.0     1.0            747.152   1.8       45
 PP314             200.392       5730.736      23  0.0     1.0           1131.665   1.8       45
 PP315             831.482       5597.875      23  0.0     1.0            787.774   1.8       45
 PP316            1429.357       5415.191      23  0.0     1.0            757.877   1.8       45
 PP317            1827.941       5381.976      23  0.0     1.0            787.221   1.8       45
 PP318            2326.170       5298.938      23  0.0     1.0            724.900   1.8       45
 PP319            2176.701       5000.000      23  0.0     1.0            796.022   1.8       45
 PP320            2708.146       4767.493      23  0.0     1.0            690.522   1.8       45
 PP321            3040.298       4966.785      23  0.0     1.0            681.489   1.8       45
 PP322            3389.059       4833.924      23  0.0     1.0            696.014   1.8       45
 PP323            3804.250       4800.708      23  0.0     1.0            624.926   1.8       45
 PP324            4302.479       4717.670      23  0.0     1.0            658.319   1.8       45
 PP325            4717.670       4800.708      23  0.0     1.0            654.874   1.8       45
 PP326            1994.017       4568.201      23  0.0     1.0            708.918   1.8       45
 PP327            1379.534       4983.392      23  0.0     1.0            772.231   1.8       45
 PP328            1578.826       4750.885      23  0.0     1.0            762.193   1.8       45
 PP329            1578.826       4651.240      23  0.0     1.0            782.444   1.8       45
 PP330             947.736       5066.431      23  0.0     1.0            848.643   1.8       45
 PP331             598.975       5000.000      23  0.0     1.0            947.263   1.8       45
 PP332             748.444       4534.986      23  0.0     1.0            887.579   1.8       45
 PP333             549.152       4202.833      23  0.0     1.0            855.643   1.8       45
 PP334             399.684       4020.149      23  0.0     1.0            895.068   1.8       45
 PP335            1014.166       4003.542      23  0.0     1.0            842.515   1.8       45
 PP336            1578.826       3920.503      23  0.0     1.0            753.887   1.8       45
 PP337            2027.232       4169.618      23  0.0     1.0            594.094   1.8       45
 PP338            2060.448       3870.680      23  0.0     1.0            653.765   1.8       45
 PP339            2459.031       4153.010      23  0.0     1.0            621.370   1.8       45
 PP340            2741.361       4285.871      23  0.0     1.0            603.257   1.8       45
 PP341            2824.399       3920.503      23  0.0     1.0            627.028   1.8       45
 PP342            3289.413       4153.010      23  0.0     1.0            681.689   1.8       45
 PP343            3339.236       3687.996      23  0.0     1.0            666.387   1.8       45
 PP344            3040.298       3953.719      23  0.0     1.0            619.280   1.8       45
 PP345            3007.083       3671.389      23  0.0     1.0            672.623   1.8       45
 PP346            3306.021       3189.767      23  0.0     1.0            771.642   1.8       45
 PP347            3073.514       2841.007      23  0.0     1.0            840.832   1.8       45
 PP348            2326.170       3372.451      23  0.0     1.0            834.317   1.8       45
 PP349            1794.725       3040.298      23  0.0     1.0            824.271   1.8       45
 PP350            1479.180       3422.274      23  0.0     1.0            769.624   1.8       45
 PP351             682.013       3339.236      23  0.0     1.0            797.448   1.8       45
 PP352            1047.382       3139.944      23  0.0     1.0            744.310   1.8       45
 PP353            1063.989       2890.830      23  0.0     1.0            710.955   1.8       45
 PP354             266.822       3173.160      23  0.0     1.0            960.494   1.8       45
 PP355             349.861       2841.007      23  0.0     1.0            914.757   1.8       45
 PP356             980.951       2608.500      23  0.0     1.0            690.757   1.8       45
 PP357             632.191       2475.639      23  0.0     1.0            735.525   1.8       45
 PP358             615.583       2193.309      23  0.0     1.0            725.663   1.8       45
 PP359             848.090       1944.194      23  0.0     1.0            699.054   1.8       45
 PP360             383.076       1728.295      23  0.0     1.0            921.918   1.8       45
 PP361             798.267       1313.104      23  0.0     1.0            883.856   1.8       45
 PP362             665.406        615.583      23  0.0     1.0            934.710   1.8       45
 PP363             -15.507        831.482      23  0.0     1.0           1396.535   1.8       45
 PP364             881.305        682.013      23  0.0     1.0            891.660   1.8       45
 PP365             715.229        167.177      23  0.0     1.0           1239.166   1.8       45
 PP366            1761.510        582.368      23  0.0     1.0            881.787   1.8       45
 PP367            2176.701        366.468      23  0.0     1.0            954.635   1.8       45
 PP368            2359.385       1047.382      23  0.0     1.0            830.506   1.8       45
 PP369            1661.864       1512.395      23  0.0     1.0            819.224   1.8       45
 PP370            2475.639       1994.017      23  0.0     1.0            750.196   1.8       45
 PP371            2492.246       2209.916      23  0.0     1.0            755.969   1.8       45
 PP372            2176.701       2542.069      23  0.0     1.0            820.013   1.8       45
 PP373            3422.274       2425.816      23  0.0     1.0            866.391   1.8       45
 PP374            3671.389       2525.462      23  0.0     1.0            833.589   1.8       45
 PP375            4269.264       2940.653      23  0.0     1.0            740.696   1.8       45
 PP376            4601.417       3704.604      23  0.0     1.0            700.845   1.8       45
 PP377            5365.368       4119.795      23  0.0     1.0            712.994   1.8       45
 PP378            4800.708       3887.288      23  0.0     1.0            739.776   1.8       45
 PP379            5315.545       3571.743      23  0.0     1.0            790.470   1.8       45
 PP380            4734.278       3173.160      23  0.0     1.0            748.436   1.8       45
 PP381            5631.090       3106.729      23  0.0     1.0            860.359   1.8       45
 PP382            4900.354       3422.274      23  0.0     1.0            750.266   1.8       45
 PP383            5116.253       3472.097      23  0.0     1.0            794.251   1.8       45
 PP384            5398.583       2874.222      23  0.0     1.0            829.500   1.8       45
 PP385            4568.201       2442.423      23  0.0     1.0            732.741   1.8       45
 PP386            5249.115       2641.715      23  0.0     1.0            765.209   1.8       45
 PP387            4900.354       2724.753      23  0.0     1.0            730.740   1.8       45
 PP388            4701.062       2077.055      23  0.0     1.0            823.928   1.8       45
 PP389            4219.441       2027.232      23  0.0     1.0            844.476   1.8       45
 PP390            3787.642       1445.965      23  0.0     1.0            861.500   1.8       45
 PP391            3903.896        864.697      23  0.0     1.0            866.465   1.8       45
 PP392            3920.503       1977.409      23  0.0     1.0            861.503   1.8       45
 PP393            4153.010       2691.538      23  0.0     1.0            752.905   1.8       45
 PP394            3737.819       3538.528      23  0.0     1.0            748.206   1.8       45
 PP395            5000.000       2508.854      23  0.0     1.0            727.966   1.8       45
 PP396            4385.517       3588.351      23  0.0     1.0            732.853   1.8       45
 PP397            4402.125       3970.326      23  0.0     1.0            677.066   1.8       45
 PP398            3721.212        980.951      23  0.0     1.0            856.442   1.8       45
 PP399            3272.805        980.951      23  0.0     1.0            820.747   1.8       45
 PP400            2841.007       1445.965      23  0.0     1.0            786.611   1.8       45
 PP401            2591.892       1329.711      23  0.0     1.0            802.462   1.8       45
 PP402            2243.132       1927.586      23  0.0     1.0            782.522   1.8       45
 PP403            1794.725       1894.371      23  0.0     1.0            802.608   1.8       45
 PP404             914.520       2126.878      23  0.0     1.0            657.975   1.8       45
 PP405            1047.382       2176.701      23  0.0     1.0            665.127   1.8       45
 PP406            1412.750       1994.017      23  0.0     1.0            756.609   1.8       45
 PP407            3073.514        515.937      23  0.0     1.0            795.096   1.8       45
 PP408            2093.663        665.406      23  0.0     1.0            836.065   1.8       45
 PP409            2093.663        864.697      23  0.0     1.0            825.268   1.8       45
 PP410            2874.222        715.229      23  0.0     1.0            773.008   1.8       45
 PP411            3754.427        682.013      23  0.0     1.0            871.967   1.8       45
 PP412            3721.212        -65.330      23  0.0     1.0           1212.621   1.8       45
 PP413            3322.628        333.253      23  0.0     1.0            847.468   1.8       45
 PP414            3222.982        183.784      23  0.0     1.0            959.793   1.8       45
 PP415            4368.910        216.999      23  0.0     1.0           1085.224   1.8       45
 PP416            4534.986        582.368      23  0.0     1.0            914.674   1.8       45
 PP417            4734.278        914.520      23  0.0     1.0            921.491   1.8       45
 PP418            4916.962        449.506      23  0.0     1.0            937.142   1.8       45
 PP419            5697.521        283.430      23  0.0     1.0           1068.461   1.8       45
 PP420            5448.406        748.444      23  0.0     1.0            807.920   1.8       45
 PP421            5166.076        980.951      23  0.0     1.0            870.643   1.8       45
 PP422            5481.622        798.267      23  0.0     1.0            809.354   1.8       45
 PP423            5481.622       1346.319      23  0.0     1.0            821.533   1.8       45
 PP424            4867.139       1628.649      23  0.0     1.0            890.997   1.8       45
 PP425            5415.191       2010.625      23  0.0     1.0            766.421   1.8       45
 PP426            5680.913       1595.434      23  0.0     1.0            807.324   1.8       45
 PP427            5763.951       1628.649      23  0.0     1.0            802.529   1.8       45
 PP428            5249.115       1811.333      23  0.0     1.0            784.720   1.8       45
 PP429            4983.392       2110.271      23  0.0     1.0            769.773   1.8       45
 PP430            5548.052       2459.031      23  0.0     1.0            844.051   1.8       45
 PP431            6145.927       2874.222      23  0.0     1.0            933.618   1.8       45
 PP432            6179.142       3322.628      23  0.0     1.0            840.843   1.8       45
 PP433            6610.941       3953.719      23  0.0     1.0            677.510   1.8       45
 PP434            6777.018       4368.910      23  0.0     1.0            609.117   1.8       45
 PP435            6444.865       4219.441      23  0.0     1.0            614.041   1.8       45
 PP436            6312.004       3787.642      23  0.0     1.0            715.924   1.8       45
 PP437            6212.358       3687.996      23  0.0     1.0            715.054   1.8       45
 PP438            7075.955       3870.680      23  0.0     1.0            764.073   1.8       45
 PP439            7225.424       4319.087      23  0.0     1.0            664.091   1.8       45
 PP440            7624.007       4119.795      23  0.0     1.0            787.104   1.8       45
 PP441            8039.198       4036.757      23  0.0     1.0            889.556   1.8       45
 PP442            8836.365       3937.111      23  0.0     1.0           1150.268   1.8       45
 PP443            8554.035       3555.135      23  0.0     1.0           1129.295   1.8       45
 PP444            8155.452       3206.375      23  0.0     1.0            915.079   1.8       45
 PP445            7889.729       2741.361      23  0.0     1.0            828.031   1.8       45
 PP446            8072.414       2558.677      23  0.0     1.0            929.134   1.8       45
 PP447            7673.830       1811.333      23  0.0     1.0            999.449   1.8       45
 PP448            7242.031       2425.816      23  0.0     1.0            866.764   1.8       45
 PP449            7956.160       3189.767      23  0.0     1.0            837.075   1.8       45
 PP450            7491.146       3604.958      23  0.0     1.0            849.106   1.8       45
 PP451            7474.538       3339.236      23  0.0     1.0            811.714   1.8       45
 PP452            7540.969       3156.552      23  0.0     1.0            807.033   1.8       45
 PP453            7026.132       3123.337      23  0.0     1.0            875.906   1.8       45
 PP454            6743.802       2591.892      23  0.0     1.0            886.943   1.8       45
 PP455            7208.816       2459.031      23  0.0     1.0            870.940   1.8       45
 PP456            6295.396       2309.562      23  0.0     1.0            883.880   1.8       45
 PP457            6228.965       1695.080      23  0.0     1.0            837.340   1.8       45
 PP458            6461.472       1279.888      23  0.0     1.0            867.673   1.8       45
 PP459            5963.243        499.329      23  0.0     1.0            962.528   1.8       45
 PP460            6361.827        449.506      23  0.0     1.0            985.398   1.8       45
 PP461            6262.181        964.343      23  0.0     1.0            917.263   1.8       45
 PP462            6627.549        831.482      23  0.0     1.0            855.318   1.8       45
 PP463            7059.347        914.520      23  0.0     1.0            857.941   1.8       45
 PP464            7225.424       1246.673      23  0.0     1.0            867.720   1.8       45
 PP465            7358.285        682.013      23  0.0     1.0            900.328   1.8       45
 PP466            7391.500        300.038      23  0.0     1.0           1111.516   1.8       45
 PP467            7756.868        316.645      23  0.0     1.0           1374.358   1.8       45
 PP468            7756.868       1014.166      23  0.0     1.0           1121.820   1.8       45
 PP469            7424.716       2143.486      23  0.0     1.0            881.115   1.8       45
 PP470            8039.198       2160.093      23  0.0     1.0           1084.308   1.8       45
 PP471            6295.396       2060.448      23  0.0     1.0            866.006   1.8       45
 PP472            6793.625        200.392      23  0.0     1.0           1121.953   1.8       45
 PP473            1379.534        731.836      23  0.0     1.0            895.050   1.8       45
 PP474            1379.534       1263.281      23  0.0     1.0            819.163   1.8       45
 PP475            2186.469       4223.414      23  0.0     1.0            609.445   1.8       45
 PP476            2542.934       4554.418      23  0.0     1.0            680.443   1.8       45
 PP477            3421.367       4452.571      23  0.0     1.0            697.853   1.8       45
 PP478            4401.647       4337.993      23  0.0     1.0            676.692   1.8       45
 PP479            4668.996       4605.342      23  0.0     1.0            643.482   1.8       45
 PP480            5280.080       4299.800      23  0.0     1.0            743.270   1.8       45
 PP481            5687.469       3917.873      23  0.0     1.0            674.518   1.8       45
 PP482            5789.317       3739.640      23  0.0     1.0            693.115   1.8       45
 PP483            6655.018       4401.647      23  0.0     1.0            601.170   1.8       45
 PP484            6082.127       4783.575      23  0.0     1.0            585.152   1.8       45
 PP485            5700.200       5089.116      23  0.0     1.0            634.827   1.8       45
 PP486            5916.626       5496.506      23  0.0     1.0            716.647   1.8       45
 PP487            5471.044       5725.662      23  0.0     1.0            737.408   1.8       45
 PP488            5381.927       5241.887      23  0.0     1.0            644.471   1.8       45
 PP489            4758.113       5369.196      23  0.0     1.0            586.876   1.8       45
 PP490            4057.913       5662.007      23  0.0     1.0            494.368   1.8       45
 PP491            3561.407       5432.851      23  0.0     1.0            548.251   1.8       45
 PP492            4287.069       5241.887      23  0.0     1.0            516.020   1.8       45
 PP493            4134.298       5458.313      23  0.0     1.0            476.380   1.8       45
 PP494            3204.941       5432.851      23  0.0     1.0            599.541   1.8       45
 PP495            2084.621       5623.815      23  0.0     1.0            751.489   1.8       45
 PP496            1231.650       5763.855      23  0.0     1.0            728.971   1.8       45
 PP497            1078.879       5891.164      23  0.0     1.0            722.486   1.8       45
 PP498            7100.600       4185.222      23  0.0     1.0            655.315   1.8       45
 PP499            6145.782       4834.498      23  0.0     1.0            584.666   1.8       45
 PP500            6820.520       5432.851      23  0.0     1.0            594.618   1.8       45
 PP501            6909.637       4961.807      23  0.0     1.0            613.980   1.8       45
 PP502            6731.404       4719.920      23  0.0     1.0            625.518   1.8       45
 PP503            7329.757       4936.345      23  0.0     1.0            649.381   1.8       45
 PP504            7571.644       5254.618      23  0.0     1.0            630.736   1.8       45
 PP505            7991.764       5267.349      23  0.0     1.0            591.271   1.8       45
 PP506            7673.491       4809.036      23  0.0     1.0            637.639   1.8       45
 PP507            8284.575       4694.458      23  0.0     1.0            683.981   1.8       45
 PP508            8742.888       5114.578      23  0.0     1.0            781.516   1.8       45
 PP509            8322.768       5369.196      23  0.0     1.0            552.267   1.8       45
 PP510            8271.844       5534.698      23  0.0     1.0            551.863   1.8       45
 PP511            8551.924       4439.840      23  0.0     1.0            794.541   1.8       45
 PP512            8080.881       4427.109      23  0.0     1.0            704.700   1.8       45
 PP513            7355.219       4618.073      23  0.0     1.0            675.535   1.8       45
 PP514            7864.455       4579.880      23  0.0     1.0            681.797   1.8       45
 PP515            6285.822       4197.953      23  0.0     1.0            615.599   1.8       45
 PP516            5878.433       4261.607      23  0.0     1.0            674.074   1.8       45
 PP517            5674.738       4809.036      23  0.0     1.0            646.991   1.8       45
 PP518            1855.602       7858.544      23  0.0     1.0            941.350   1.8       45
 PP519            2332.026       7591.747      23  0.0     1.0            902.100   1.8       45
 PP520            2732.222       7572.690      23  0.0     1.0            916.774   1.8       45
 PP521            2655.994       8373.082      23  0.0     1.0           1020.594   1.8       45
 PP522            3570.728       8163.455      23  0.0     1.0            978.206   1.8       45
 PP523            4294.892       8049.114      23  0.0     1.0            945.869   1.8       45
